0 0
1 0
2 0
3 0
4 0
5 0
6 0
7 0
8 0
9 0
10 8.301301178403886e-05
11 0.0001335127934052327
12 0
13 0.00014214439113924282
14 3.351234387238833e-05
15 0
16 2.933254413139963e-06
17 4.0817045174113e-05
18 0.00014472934617304478
19 0
20 0.0001986454800567694
21 0.00016011889448253047
22 0
23 0.0005290074889288121
24 0
25 0
26 0
27 3.1305624199839954e-05
28 0
29 6.404498882861542e-05
30 0
31 1.132704889705849e-05
32 7.450636191397297e-05
33 0
34 3.3380402253868624e-05
35 3.515507642237736e-05
36 0
37 0
38 0.0001563153232430059
39 0
40 0
41 0
42 4.268501970516869e-05
43 5.025071628805833e-07
44 2.68575633438628e-05
45 1.8298286023288313e-05
46 3.3153773525973484e-05
47 0
48 0.00011705644028447981
49 0
50 0.00010690785393951963
51 5.231402344796354e-05
52 0
53 1.0836568666183766e-05
54 3.1329756266296194e-05
55 2.9338657720368033e-05
56 0
57 1.955190520530614e-05
58 1.6197950508667347e-06
59 0.0001381982018725525
60 0
61 0
62 0
63 0
64 4.829881147394577e-05
65 0.0007029525055041175
66 0
67 0
68 9.224348320180376e-05
69 0
70 5.462765841401929e-05
71 0.00014424861310791126
72 0
73 0.00011089677589937175
74 0
75 8.213932119816025e-05
76 0.00018120428713341852
77 0
78 0.0004362506693890156
79 0
80 4.808283276880321e-05
81 8.646910978515887e-05
82 0.0003391601914179976
83 0
84 3.552335823264752e-05
85 4.5644132412703264e-05
86 6.209087212716291e-06
87 0
88 0.00013268377421360444
89 0
90 1.5171515375667077e-05
91 0
92 7.576397640152166e-05
93 0
94 0
95 1.3341406965516889e-05
96 4.312705415432383e-05
97 0
98 2.5044468183188506e-05
99 0.0007325685592051157
100 0
