0 0
1 0
2 0
3 0
4 0
5 0
6 0
7 0
8 0
9 0
10 0.00034832502187631675
11 0
12 0.00047372097719389217
13 0
14 0.0030281420702655826
15 0
16 0
17 0.0004858975309656177
18 0
19 0.00020959524540542507
20 0
21 0.00034456196167931274
22 0.0013156381823570262
23 0.0008422316746279357
24 0
25 0
26 0
27 0.0017389460994369221
28 0.0001296043198280028
29 0
30 0
31 0.0005007665000607009
32 0
33 6.496615001849726e-05
34 0.00017791158278956942
35 0
36 0.0008316209556720189
37 0
38 0.00014896402562525335
39 0
40 0.00026443084527560945
41 0
42 0.00023772960070989058
43 0
44 6.573298075407408e-05
45 0.00010366345136947341
46 0
47 7.101829412603511e-05
48 0.00038544135207441155
49 0
50 0.0005172507412446459
51 0.1788630651915859
52 0
53 0
54 0
55 0
56 0
57 0
58 0
59 0
60 0
61 0.00013803503294562702
62 0.00048372266947971365
63 3.6168339217712564e-05
64 0
65 1.3241950482356657e-05
66 0.0019549571208806737
67 0
68 0.00033893865024559044
69 0.00022030156657437683
70 0
71 0.0011586190502803628
72 0
73 0.00023667672396732176
74 5.8031481861231526e-05
75 0.0002793082362109178
76 0
77 0
78 0
79 0.00043989234515839915
80 0
81 0
82 0.0005474714078614884
83 0
84 0
85 0.00021774954456077467
86 0.005126737138528625
87 0
88 0.0006700883484339615
89 0.000854693800233508
90 0
91 0
92 3.992583210887801e-05
93 0
94 2.4261058681362968e-05
95 0.0012200125981354226
96 0
97 0
98 3.1533577478093378e-06
99 0.0008951005938822032
100 0
