0 0
1 0
2 0
3 0
4 0
5 0
6 0
7 0
8 0
9 0
10 0.00020953152464731062
11 0
12 0.002182578084161446
13 0
14 0.0008064488890494603
15 0
16 9.856165799559946e-05
17 0.000563799837570822
18 0
19 0
20 0.0022084868990910334
21 0
22 0.000884829129075615
23 0.001027763563879791
24 0.00235316913853989
25 0
26 0
27 0.00023721313908142694
28 0.0004923893564922066
29 0.0005901650353973276
30 0
31 0.00011683373516480078
32 0
33 2.1442596138121495e-05
34 0.001037587648530236
35 0.00023947575029037438
36 0.00012105129208939136
37 0
38 0
39 0.000300331957147848
40 0.00012631489778669458
41 0
42 4.226584621691565e-05
43 0.0002726213907193742
44 7.060273117254212e-07
45 0
46 0.001175902539782614
47 0
48 0
49 0.0004381623828663139
50 0.00035821362813537316
51 0.0757373585406057
52 0.014729221832649686
53 0
54 0
55 0
56 0
57 0
58 6.483011911195824e-06
59 7.41213289034981e-06
60 0.00016555174575771936
61 0.0003009425361992779
62 0.00030588946645482284
63 0
64 0.0005643602954223947
65 0.002106692814360489
66 0
67 0
68 0.0001494653674508628
69 0.00025237305866565585
70 0.0005793568261366344
71 0.001231922697588983
72 0
73 0.0017723576815202868
74 0
75 0.00020229058195875282
76 0.0006940056183446508
77 0
78 0.0009414470930638741
79 0
80 0
81 4.887324814184524e-06
82 0.00025978100382550995
83 0
84 7.590675443824857e-05
85 0.0014406057310183407
86 0.0018551790895127152
87 0
88 0.002677614927163674
89 0
90 0
91 0
92 4.1866336832119266e-05
93 0.0001430069205238249
94 0.0005513024188070759
95 0.0005736367223848626
96 0
97 0
98 0
99 0.0006388275082255257
100 0
