0 0
1 0
2 0
3 0
4 0
5 0
6 0
7 0
8 0
9 0
10 0.00016519749033461206
11 0.0003799177628566186
12 0.004203713824649236
13 0
14 0.0012867560995311056
15 0
16 0.00010817545034103038
17 0.001533663730941437
18 0
19 0.0013512966390434311
20 0
21 0.000720915179327819
22 0.0022261928955844557
23 0
24 0
25 0
26 0.00024597602430653787
27 0
28 3.473494454719894e-05
29 0.0002999927600252361
30 0.0003298002957285995
31 0
32 0.0010134135110806408
33 2.112583745361718e-05
34 0
35 0
36 0.002270064351509671
37 0
38 0
39 0.0009362391085966371
40 0
41 0.0008460084589443362
42 0.0023546697053233867
43 0
44 0.00012399345290670105
45 0.0012950537722117295
46 0
47 0.00104968313432241
48 0
49 0
50 1.4984542318075e-06
51 0.20869264569495527
52 0
53 0
54 0.017384321390800372
55 0
56 0
57 0
58 0
59 0.0028092289993435493
60 0
61 0.0057299918219829715
62 0
63 0
64 0
65 0
66 0.00242278447983435
67 0.0026399027708862155
68 0
69 0
70 0.0009934779602407406
71 0.004508007247356782
72 0
73 0.0011352774039697922
74 0.0023419694021139525
75 0
76 0.003659420991604101
77 0.0801772059431558
78 0
79 0.002857329943651288
80 0.017728876287829154
81 0
82 0.002510870515246011
83 0.002135814648869472
84 0.0026771629278576903
85 0
86 0.004195643013103378
87 0.013786676703077538
88 0
89 0.05025422026887261
90 0
91 0.041979494759495806
92 0
93 0
94 0
95 0.019349885531648403
96 0
97 0
98 0.006738161140796395
99 0
100 0.01707182537200236
