0 0
1 0
2 0
3 0
4 0
5 0
6 0
7 0
8 0
9 0
10 0.00015910354000414628
11 0
12 3.988425641399118e-05
13 0
14 0.000107152875400085
15 0
16 0.00011328807619970238
17 2.1182055733981464e-05
18 0
19 0
20 5.415132889419194e-05
21 0.0003869872652412232
22 0
23 1.3999325777391824e-05
24 0.00020200869318809378
25 0
26 0
27 0
28 6.661052924128441e-05
29 0.0008544727951068642
30 0
31 0
32 0.0001673055142489277
33 0
34 0.0001454551569107787
35 0.00017877784151087983
36 0
37 2.625639574982408e-06
38 1.4599228874478953e-05
39 0.00011130479324972242
40 0.0011238502515260596
41 0
42 0
43 9.082158976769783e-06
44 6.767507669036554e-05
45 0.00017357388746952473
46 0
47 0
48 0.00013222438834437078
49 2.020566069027563e-05
50 0.00016689139558656585
51 0
52 1.7850880657865886e-05
53 0.00015120899976717173
54 0
55 0.0001297724216581253
56 0
57 5.428179579936021e-06
58 0.00029189365700543757
59 0
60 0.00010953965698357049
61 0
62 9.403296913568227e-05
63 0.00018560080759699726
64 0
65 0
66 0.0003007494708436864
67 0
68 0.0006983177893826742
69 0
70 0
71 0.0002814850406678282
72 0
73 0
74 0.00012995180971620002
75 6.113341906022196e-05
76 0.0010179834157507672
77 0
78 1.6187880970353064e-05
79 8.010063078434104e-05
80 0
81 5.770722968534425e-05
82 0.0002156360508548394
83 0
84 8.206472520422281e-07
85 5.0307667509019716e-05
86 0.0004075450891576349
87 0
88 8.310972710001696e-05
89 0
90 0
91 5.400607847216854e-05
92 3.078615876106472e-05
93 0
94 6.135756797231995e-05
95 0
96 3.637561547431556e-05
97 0
98 0.00029089876599996956
99 0
100 3.07554623253381e-05
