0.8231515004736673
0.8283240471608326
0.8475412267233716
0.9634633279093876
1.0031209298018073
10.038286960754695
10.280472333747346
10.614340221808815
10.695095163590706
11.0427748772254
11.389693244434426
11.423029801736805
11.724442962458346
11.756064393250895
11.990865062449751
12.274645822091689
12.27914819237721
12.394332781847053
12.54208663488293
12.647535146071322
12.716617072025754
12.731048006299327
12.803924500950494
12.99259469997375
13.035105375457642
13.118306032424123
13.216010830094184
13.305269000587236
13.388094011775163
13.42247051343966
13.451639425879687
13.54015092384099
13.607544876284308
13.71859551147514
13.822903721903254
13.87851398099028
13.938175300290458
13.996381221987109
14.029242132471529
14.045276936738421
14.11224498215653
14.155743830909966
14.167682768399047
14.273866335577173
14.284784482355331
14.298295050578998
14.356570460491433
14.443268824046935
14.487522634271919
14.577382009392373
14.57975544707189
14.645911336249425
14.712785367243987
14.727925591222682
14.746912094758017
14.766456344948496
14.824231256381553
14.865169398158566
14.893086489737579
14.909598006502026
14.96656961053276
14.991768196939042
15.027373667688389
15.051899175542554
15.104632477934
15.113657790687181
15.146986420752853
15.194520625485925
15.213529173613924
15.255647326169608
15.324868661206958
15.363608511212462
15.444242644337542
15.457868984886302
15.480384203975754
15.503833328051247
15.542319831222708
15.597396368952612
15.628551857906231
15.664937030331396
15.683842379467666
15.750797293548409
15.779349564887172
15.813806637619265
15.856556809629767
15.867337919886841
15.917956354520381
15.922872502101278
15.944055989092917
15.971621460133452
16.025728831230072
16.045103255213277
16.084576579496236
16.144516858946012
16.173800214150223
16.19569811380261
16.246877735605658
16.308760611922935
16.374398161861688
16.419239632351097
16.465677514839776
16.490403054342217
16.558216915603975
16.569616355017097
16.61268438423203
16.635346269858612
16.671830566847344
16.687674572230566
16.71936351142664
16.76091325501257
16.829144883508143
16.845985808205004
16.903039977084436
16.977106481600874
17.002520700230253
17.060613705259843
17.100618721114365
17.114712104123537
17.132615530577766
17.174642065319354
17.219776211204397
17.229858831507993
17.258228562499816
17.29634806685725
17.34277885024776
17.35891460916995
17.416390081585508
17.4592076170937
17.48086203863775
17.500834691775676
17.529364746570504
17.606738355461786
17.614515704554766
17.639412777545488
17.673716478612352
17.69988141796791
17.743768346608817
17.81448495966215
17.817617596042645
17.890858298897463
17.919103497204166
17.932206018451332
17.984622649338228
18.01321644100608
18.0378094856112
18.083342346733655
18.11053674165003
18.14874789073306
18.175253640301168
18.187102219376495
18.23520692831817
18.27950005524641
18.324194404841336
18.37260443849644
18.38886055530546
18.403322540546
18.449732663484745
18.4865918630468
18.53874386562102
18.553087729089302
18.603648431738865
18.626232482953192
18.652223879503005
18.69401760916558
18.707271141316557
18.751998130674863
18.758904241908766
18.78179477237947
18.83698892362077
18.870103392254297
18.913145311414812
18.956511464955074
18.994278765284594
19.025534090689753
19.050697665514168
19.06448537650567
19.083342641493527
19.118957702000266
19.150103175182153
19.165079251734767
19.202193724358295
19.24772816240322
19.261575407379947
19.30250540577672
19.329297310730922
19.336028146188166
19.407394671386992
19.41529191021934
19.42295538765636
19.460048681308454
19.49483166639848
19.534098686356
19.60118387507983
19.60920935317423
19.66504941058467
19.682299996722538
19.692824629755282
19.706930119547945
19.73297848823536
19.79304212039163
19.812162872336238
19.842670732811094
19.88116243118036
19.895134274129457
19.954584566589364
19.990413261495313
20.013496179718473
20.04168655309801
20.077539678511894
20.083505930104963
20.165995658432813
20.19399938795389
20.202312321256485
20.23133192081643
20.260781792804693
20.33144455129659
20.351130508695814
20.3838507240988
20.433556712829525
20.48819206431052
20.551147022215183
20.55347169840589
20.579624093014168
20.633816027303986
20.643180618643733
20.670373785456036
20.71586529018301
20.722954937467918
20.792567215961718
20.829289176238486
20.831903945516274
20.8574069237333
20.893777750169438
20.915796541853286
20.963878616965527
20.977265859952112
21.00216652507655
21.045551139704248
21.091282942691034
21.115871995803285
21.154384231898092
21.21524393478952
21.238821371004367
21.272650207961174
21.294610863668694
21.3320008477118
21.381702328650718
21.399244852490128
21.42385770964104
21.459851080147853
21.485672173504053
21.525281659925774
21.54932546076903
21.603877397089448
21.641647023400346
21.69370878662969
21.75791466251067
21.770968721602834
21.792912284358614
21.840200929125903
21.889901576424755
21.898227556155838
21.910580790532975
21.964577526526675
22.016283577751185
22.043474994601517
22.07242869513206
22.130598768858558
22.15209617146323
22.185163016580148
22.222498900229628
22.24148990472511
22.254747667716995
22.281835745475227
22.332387664496753
22.36439320284592
22.390915086449038
22.433783532148638
22.450879924824655
22.496335642215566
22.529663292527253
22.589241769397493
22.61330077663567
22.67368624263663
22.710393495581435
22.73021847508134
22.792300084508227
22.82974694477496
22.863157987759674
22.889524937309787
22.921123691700565
22.961932979687653
23.02987360128521
23.033528461046707
23.052942118001763
23.095732821030637
23.118688525376562
23.183465830803225
23.256559541278087
23.300120244847353
23.316721207084733
23.35284681042944
23.388820487147992
23.420403040038238
23.457374848499136
23.482461376580712
23.506712253651646
23.546886714494782
23.56077923605521
23.59050131366465
23.616816972142836
23.67395838215994
23.7096562571613
23.7614742390495
23.786782168097
23.81768056076861
23.829181453978048
23.863093826626244
23.889795159731996
23.914946865084627
23.99780696527298
24.008767391191995
24.010325742319793
24.119192339219882
24.128821313299316
24.146323353361534
24.188919527231395
24.214825981545154
24.240204829530402
24.30273060257312
24.323477636826638
24.36022087090406
24.412718092728767
24.445860692168452
24.472526725794392
24.496074173963965
24.531228637348033
24.554044691632242
24.613209296357862
24.655767857104177
24.701112406151605
24.753436916855204
24.780096230988445
24.816594530312592
24.879912122066553
24.93840789098908
24.973282457847017
25.015751301995007
25.051328155174513
25.06757776020465
25.102673723675352
25.183174982247056
25.216857097790342
25.232823004849642
25.244293840291242
25.292000768503605
25.33299678453168
25.37479501434989
25.401109108867868
25.44688482946911
25.513910519134082
25.553031595900602
25.585634729342438
25.60719230974907
25.66153528350612
25.68923715543078
25.739424764957985
25.789769168299504
25.807318484084536
25.823493780358298
25.868209421616715
25.881446781807792
25.96002850009495
25.965393888437504
26.028717895327915
26.084373883537094
26.136710055272427
26.15836714667641
26.20821309196407
26.228143085687876
26.23786461513782
26.26074766131772
26.317908446356014
26.36340236222042
26.412132473019458
26.440131255445568
26.497764169419625
26.52891979467374
26.6128565734593
26.69484751799852
26.739292413304717
26.775323559684175
26.802391678426122
26.83153872001977
26.874398258768164
26.91263008862383
26.95579652735577
27.0246377864623
27.025776457834656
27.073483227229833
27.109946319480663
27.154818304862275
27.239264507129437
27.2752736068657
27.3318422648047
27.37966692731327
27.40419570748826
27.48490399154773
27.548986705635585
27.55601486671905
27.59352266099436
27.630590122775597
27.696215094326753
27.752549987132337
27.818676024836822
27.860256767697848
27.907012085147432
27.965039087500887
28.012841563634353
28.0945673218774
28.126282538507606
28.17920673387504
28.227465605044934
28.24338823306003
28.29845353416527
28.37601011187723
28.423962344267107
28.47271822507138
28.492958369162515
28.506945155910984
28.55418761221505
28.58970466923983
28.67039742019259
28.767138616639983
28.809002157473365
28.833685609573344
28.92298532979716
29.07215559999327
29.139175644979012
29.179490573230687
29.204723537799484
29.265656349371234
29.28670185655398
29.326245938457358
29.392575047969643
29.438158437670264
29.48870229200615
29.541123375553205
29.617274141236408
29.688595362446897
29.743430551226
29.789439100417248
29.82938891017137
29.905924445127994
29.972313730771365
30.018746120257926
30.078032664282365
30.12643970102026
30.159489455558116
30.229632601193707
30.340957126428815
30.448932686623227
30.537739023001627
30.598197125081644
30.613628013941423
30.68828958309876
30.69803643507799
30.865707342637943
30.960036973992185
30.97185416486071
31.016534692612012
31.176618176792292
31.198292674828583
31.20483691798843
31.287412908742446
31.368733097822115
31.42832886873496
31.51108592324451
31.573955229376324
31.670813409849462
31.835064356372463
31.951285548493825
32.01225118964665
32.10436544014317
32.225424413474514
32.297029440762
32.34866564581347
32.46783163918537
32.56387640845729
32.85925018503782
33.22503401545231
33.28591204610612
33.415379404393704
33.577247601730605
33.82663589931184
33.90041404411077
34.75915539958952
34.85049400501949
35.599914444652725
