0.0
0.0
0.0
0.0
0.0
7.411554381853952
8.355588732991531
9.356095326142048
9.893361259431982
9.929250495961975
10.093181877037956
10.466504005221903
10.565056317011315
10.759719675864568
10.944973813640043
11.07219315453307
11.158273971581142
11.295452231089351
11.441839290237763
11.523065457590578
11.555797858445583
11.840664184588352
11.950288454149522
12.001247177523707
12.037484586387425
12.128887223827917
12.221007902712632
12.314600615977001
12.373942526210895
12.381421373479471
12.429003672360256
12.511943082082217
12.519782426152265
12.563957977742678
12.68019232495556
12.761019830411692
12.830773247539357
12.874684099123748
12.905835582363855
12.941023851536333
12.997089896735293
13.013900737182167
13.05766193047798
13.094376730063505
13.124137078927225
13.169272676572954
13.213440556376304
13.230921027401683
13.369943758293974
13.42508339807995
13.434420298900873
13.456812775400543
13.551250801866164
13.649986463629608
13.653418197889724
13.658290282855056
13.669693987492463
13.795477837244873
13.836918440444814
13.862522257452145
13.928253515090214
13.995220383497546
13.999599425320485
14.07411037844515
14.079002256969527
14.137016739869399
14.160739399926232
14.204795341505566
14.221065663335391
14.388487907846113
14.444602150017143
14.454938235526171
14.5222444684158
14.547716670626894
14.563851705040413
14.572900243528844
14.620069554402143
14.680056715711162
14.741703860954098
14.756249320451998
14.800513869147919
14.835843853052353
14.887434127489767
14.904955523657515
15.007637866217522
15.008129765808714
15.024751204369368
15.027132898268809
15.054826113576404
15.141167783352305
15.185937037427923
15.20842053821993
15.227075516648066
15.265669172446934
15.326625790254697
15.403796849376352
15.460022252181036
15.476206717764446
15.489091915840675
15.496225386383504
15.505784740929235
15.564857071570202
15.62665818869593
15.650491717133349
15.66410227125815
15.685157817779618
15.68924415717793
15.826981637732306
15.936719915450494
15.958108145665982
15.960466259968769
16.026229768236927
16.070497806475096
16.099663400061058
16.132624908883987
16.14359699394797
16.19629557915423
16.19740127560362
16.20896781366475
16.221817090516225
16.237089363981376
16.262965489055002
16.264848513786475
16.33143123002868
16.40658244027044
16.419787376353586
16.435358684294574
16.43811815242251
16.446453757439002
16.48943995983666
16.58679593670856
16.60072345454129
16.643612852934357
16.696574226265316
16.740111831695604
16.757286611178532
16.839023468263203
16.861511330818843
16.86786974999609
16.924902739156455
16.969520659448424
16.97968959089793
16.989614933818785
17.0469672861881
17.09817918116851
17.165367808778985
17.19549293816469
17.212043495154596
17.238433311118815
17.34469680207977
17.354084893783426
17.362148191983234
17.38624152429198
17.432463622269918
17.44755960930245
17.51769190476841
17.525417632829615
17.559425325353935
17.58829610719157
17.624468761576612
17.68273716962437
17.686005663549505
17.694063742462657
17.695194092474754
17.70385872533427
17.846207864037815
17.846659261074464
17.85726838904822
17.933910346924048
17.980791748770052
17.986128783918993
18.040659899601494
18.057640186598203
18.125297671025354
18.190507539691097
18.2320530135536
18.24590049066495
18.278142249389656
18.280097972078398
18.303499209271575
18.406273503187695
18.415468847582463
18.497589059957882
18.525494975348142
18.611636420450903
18.619680937652497
18.621834759178316
18.639081729804452
18.699544030291722
18.705507237128792
18.724298683543115
18.780538967961697
18.797328595544194
18.80898695419445
18.82850249800574
18.862457145777366
18.919617139831697
18.95181449406513
18.97699502876571
18.98027485504408
19.068251886257254
19.08230204394019
19.088236436321132
19.220526159219656
19.250800811380977
19.27215759239177
19.295654239393055
19.393248474912735
19.398081104111554
19.400213489281008
19.40954488905681
19.507440824357474
19.512926379006977
19.574755687658726
19.626651133218544
19.6298557396292
19.630345527366842
19.634906223364148
19.637073072916152
19.66207600186632
19.7010001184718
19.73366850970007
19.76854583977727
19.78179185020339
19.875801891859712
19.961818859397624
19.97365679629022
19.97795474861633
20.030026349567333
20.056672909210775
20.06254627268375
20.112237873526478
20.15527589364202
20.157624148992404
20.19104904695701
20.22041011897691
20.225109301663522
20.241357975254797
20.302218162946744
20.329212926897483
20.365772957169263
20.393338296032567
20.457091873915612
20.460788165025505
20.519313763594457
20.572126036136652
20.582031531030836
20.612013525891278
20.663221100466377
20.716704832273436
20.76980578670969
20.826329652401196
20.871121298819812
20.89165504491332
20.89537980932495
20.90077908015721
20.908531064579122
20.939522609545335
20.97999340921517
21.03583648150717
21.04023412163713
21.046347064172487
21.050260985446226
21.060551670043164
21.08674775236443
21.12157316216753
21.180876831057574
21.197254761499224
21.20230302120492
21.23373929125555
21.26634368461242
21.356448381486782
21.358765861866353
21.368465490531644
21.464923042253695
21.504934559383837
21.55614159904342
21.571762083782986
21.613961814198664
21.621409848144417
21.632933393012063
21.663542788499054
21.683423039959496
21.76648621754223
21.820249017814096
21.827469428818535
21.8662490689198
21.87671634401991
21.906568992196455
21.987497104443957
22.05864199860377
22.11658263609566
22.119112266182164
22.12026997211544
22.153133680998653
22.16692116314574
22.19801398296998
22.235677568042203
22.31827023145515
22.354753560518287
22.38470630257071
22.400100744919534
22.46419458064352
22.50065182829242
22.5298891370298
22.548827780929546
22.613719261138797
22.629568641110478
22.671912439974616
22.67878102509884
22.78678665496173
22.80232720814032
22.85838302053735
22.90599141307997
22.909605089778303
22.96436024480059
22.973799383222588
23.08273794446015
23.139320667102258
23.193857394843583
23.23075007200906
23.24586554087766
23.245937463632483
23.3018334235448
23.378926591297713
23.39321357320162
23.41316643159919
23.449271186490986
23.463510822639083
23.46565648527329
23.50718372914504
23.516643465590427
23.582003171458496
23.595076756768847
23.60050459921496
23.6109608541998
23.70369560954688
23.786812751532317
23.880324922337618
23.885758942272364
23.908489374738444
23.919147241616088
23.92601119080481
24.01959108931792
24.05311408287725
24.059262501381234
24.063980201734303
24.119152182887937
24.18939645395732
24.2195833072624
24.279072819562604
24.36130841301262
24.381867419257482
24.437703528491408
24.446947069903366
24.487257590615638
24.53900617567644
24.548251140824707
24.631386032734515
24.640523572003698
24.64984599690421
24.66651369059746
24.732886795408405
24.750776138198532
24.751193654744785
24.764036338702567
24.80045852114462
24.816727201821084
24.989054141924694
25.00086197777972
25.047700144361002
25.065333305355864
25.06944475273348
25.070534733676116
25.14479122613546
25.162872221681827
25.16527475044067
25.229678776399364
25.248114182293488
25.340049837825514
25.39826819907409
25.42785544063924
25.44779109955939
25.54630053697103
25.58856194233668
25.61989406203813
25.635540140763748
25.678082787418752
25.725310740659435
25.7445052847911
25.761334174660693
25.871028038071664
26.04174267566261
26.042641660806122
26.05610270688839
26.05878475212368
26.08296294253175
26.09462468510622
26.10066794572303
26.258416874755728
26.28889412751044
26.321840773771335
26.415535948431124
26.428293360423844
26.45649528404762
26.484347925471884
26.56663841451026
26.575844913536315
26.593016205254173
26.643871484445814
26.6942578857784
26.71769448819751
26.73585596124322
26.845232419191735
26.87527508276627
26.93973205588112
26.955512760349553
26.97967939249946
27.002736868196415
27.01678209924229
27.069604708181867
27.210992833740885
27.299293037591397
27.348082260290376
27.350122315368075
27.35099890425008
27.379769859350866
27.527916599897225
27.542616136084785
27.543409424699107
27.56333183575246
27.67830093352205
27.73598054158778
27.789609165398954
27.812142253000154
27.82657949008127
27.925610830867843
28.040210108850037
28.123500992613543
28.134346620643328
28.13558825709834
28.18115540740326
28.262571281628627
28.266327369718304
28.31410337628461
28.467120701427834
28.478456444476123
28.614082706174585
28.620260830904527
28.627049835743588
28.787058878636927
28.82303137884468
28.838240397415774
28.905125516862004
28.927230300777456
28.94747014638302
29.01574540124603
29.1070109793704
29.193172592047624
29.227206665342823
29.360049327648778
29.377852824781332
29.532161779851705
29.534806985925236
29.551841736024773
29.637019543474434
29.852973019823622
29.882064961254905
29.908166843792593
30.128515679908773
30.167798480878567
30.219359870637813
30.23918479343241
30.35606257646819
30.502757616754298
30.54809281699158
30.651417589352825
30.725906814470367
30.73927554110421
30.808925384639803
31.056513983081455
31.069187441538862
31.14863480508013
31.24547932827237
31.289206880514836
31.472567187621443
31.487241746568145
31.560906670079692
31.899389106491846
31.926528664804337
32.08516724525009
32.36685409932256
32.43051410911281
32.758525938615406
33.502716960118576
33.68718474540186
33.82005982175626
34.61131205529947
35.493753089884734
