0.0
0.0
0.0
0.0
0.0
10.364599175852296
10.694229345705596
10.701173460650606
10.714090027003838
11.014925193526693
11.036386964789864
11.11492982463316
11.146441238107133
11.44385288826532
11.495398032389815
11.500772424987218
11.704795721482437
11.746502773647395
11.802453614079328
11.823500745755176
11.930984712008826
12.035721366386207
12.061965773489469
12.169817730580798
12.18178562750353
12.260355439348974
12.332065838164846
12.48799771243581
12.5681104448591
12.579952611256656
12.62942974275977
12.643928576833558
12.729726133655573
12.797845073266167
12.827751730525582
12.872845881478025
12.881255280840133
13.033555028738117
13.082116406589886
13.103564020101414
13.126566377006853
13.156630905052824
13.185276114961345
13.276168827727494
13.297271506871608
13.328488292744185
13.349093368198869
13.526454676005764
13.568161971115154
13.568782373628732
13.615106350616143
13.623004051016279
13.635287235057806
13.6594766735101
13.665036133229368
13.764729433266492
13.788339033417786
13.838036553007653
13.949764654599
13.952710475299003
13.961453473975396
13.983962208525913
14.068478354680826
14.082653440379499
14.128437832197406
14.178333810578362
14.196071328495462
14.227852572870646
14.323916736706051
14.385298143132395
14.515951818605618
14.523981991655043
14.556835466518189
14.611651532804583
14.711616212379903
14.734992137773343
14.774236299113507
14.776425401541113
14.807283983109464
14.822445119963179
14.924675505001174
14.9435650137469
14.95556736156796
14.957762749583276
15.013834467484878
15.01466237958346
15.049913969642784
15.059916641712178
15.1263179463132
15.144623233889124
15.155092506087609
15.192763952116703
15.235954898033572
15.275206140084808
15.311274167880303
15.338955336244027
15.407591562743269
15.43524598327153
15.436000208011565
15.448076194128273
15.489113881520087
15.559055473169483
15.563939310817393
15.578077154686028
15.611274271026732
15.668794771271426
15.7661879507492
15.768814237558544
15.776192174852367
15.852984250352096
15.88645350593465
15.892255273255449
15.940112885369611
15.948378265389387
16.004205067358235
16.01847547903482
16.054548961947663
16.134201124355762
16.137300502251843
16.156021673859254
16.230322347261023
16.23589836852524
16.29832377556936
16.33682598430865
16.343120089196663
16.39459531164364
16.45381842986038
16.471577880958765
16.48184757613626
16.583446087932362
16.58492980637967
16.68033280541215
16.684816890987513
16.689211065023645
16.72856129084897
16.758992660432902
16.776004085961233
16.78558706743037
16.793020052750126
16.805215888364238
16.815428155070446
16.915456184502894
16.92029439399947
16.925632232123302
16.9314133324437
16.961263261025344
17.01070906092111
17.042724196874055
17.110642197598704
17.215448979093825
17.230912708087484
17.256851703704
17.28903439212811
17.29597619104089
17.346301642097462
17.354959270673852
17.42976477587712
17.438441543553925
17.49336884984825
17.5274003547307
17.528413596438938
17.54486462219565
17.572253311731544
17.61141392609301
17.701528838093235
17.705619905494675
17.722795260831024
17.765562156851104
17.798854936395863
17.825616635181596
17.861581358588005
17.871002352878236
17.91736317407336
18.060156466682688
18.078240727871233
18.0784263070058
18.10354379295711
18.13014307633793
18.19846998774056
18.241724847229424
18.243997989877492
18.29151684163509
18.361574562678108
18.364532037478263
18.3699426221517
18.39769478974262
18.405259030871722
18.463667405939592
18.478316881529263
18.48397050034626
18.566267706247626
18.603643428036747
18.65728048285983
18.6606291948455
18.661516081435146
18.69039032133995
18.723612791802598
18.750693675791897
18.8143254006342
18.89544257265899
18.902147378065948
18.99859419396475
19.023253159460264
19.03452282228052
19.041207810813532
19.050528738982283
19.071399270346582
19.079894916549893
19.17870939874489
19.18097628937146
19.197099805070867
19.22277391709603
19.261121349205837
19.263438970400195
19.28956626765915
19.298825686989314
19.342580233575376
19.3610220042213
19.375399634248037
19.48573531710985
19.515161174612214
19.56870108595285
19.582315623070503
19.597969471433682
19.62943152370619
19.740600711328
19.748962796356544
19.756264066369408
19.766348137923426
19.838724246323917
19.899948278565045
19.920233955274796
19.960083612064313
20.055951294124423
20.09287321072472
20.141686572148007
20.157169526342674
20.20300266086505
20.215776954642763
20.21983239720191
20.23163445339897
20.25295750573408
20.291891480843862
20.29538235875306
20.33086984752315
20.39718822870843
20.427080215982773
20.435709286021744
20.46972149773492
20.522425660529304
20.534868097483983
20.535468466043987
20.537121888160456
20.595094388636696
20.605198833364486
20.64723395585645
20.6630196300407
20.66651681771789
20.712513991361632
20.738269502623787
20.853329210619087
20.960554428891978
21.02384810552452
21.039503645212363
21.063433512018484
21.067946674743503
21.10833703170268
21.13287552389784
21.147651763813645
21.19256340395895
21.22578796308434
21.269863906714424
21.292470269842802
21.298009497322028
21.304389884427355
21.307519229051376
21.344673033794002
21.378407342709945
21.46543843775598
21.497297824678256
21.522154406252124
21.554132860226698
21.566521635064976
21.641572178181452
21.66130094432697
21.69302388893967
21.711515245823062
21.751083835907366
21.753436626980765
21.78116479077724
21.81014412908624
21.812751654629313
21.845227721331426
21.996075212444737
22.005354693551535
22.043321325162793
22.082563207917836
22.092647813829533
22.17290465832781
22.18953680195541
22.198230065919493
22.23256836498248
22.26092413605243
22.271371379540856
22.27265152428492
22.2737651102243
22.304953819115354
22.397992197570886
22.468054111201724
22.511127826358564
22.529192554864412
22.55097867925529
22.602418700468803
22.610028913050947
22.618501282644225
22.635369738305084
22.72769901131369
22.74498428355451
22.7756456610223
22.85763725938804
22.875475938600278
22.891697453727495
22.91366362351408
22.916244974699655
22.959769824092476
23.061374545288384
23.095042623091853
23.145255600704928
23.153080349287432
23.20122188680103
23.250391248430976
23.267211739159034
23.27722661848279
23.31829399562077
23.337084315605182
23.380797571253467
23.457907580707698
23.504966469512482
23.50507048963103
23.516648149331882
23.61242396700672
23.63019332664753
23.643886195962455
23.64864181048967
23.708993096530115
23.72663260378409
23.757332345302107
23.876164790341186
23.892280628243984
23.984903056744994
24.036056908161743
24.04847155378001
24.053303708768
24.057724581848813
24.085931097733845
24.164895833679097
24.20186860673336
24.20418735753333
24.208894049541016
24.242839781099853
24.306027101229986
24.30995875405801
24.38062798326724
24.402321143193724
24.41643720884177
24.450031730615727
24.521162572978387
24.61046688641597
24.657688213199435
24.682597171324645
24.777358022036065
24.786633819188257
24.8862106463192
24.886307657740215
24.96702079533652
25.004166748345362
25.020397261033064
25.046938264299623
25.083278150984867
25.124981779749593
25.12978264168437
25.173642637499835
25.217441378075208
25.223348632947705
25.281233289253628
25.36909836002976
25.372820356216195
25.37578936547624
25.38562279660811
25.449538197751558
25.531914380264475
25.645853235918832
25.68910708408155
25.791009244047004
25.798801363236706
25.80719667658795
25.816160649107612
25.82395770172028
25.866027816343173
25.975484888306816
26.04455282846203
26.059459936421632
26.076507516929716
26.07734466425311
26.112508313629935
26.150280601584825
26.189357165674934
26.291830261002847
26.301558750743045
26.37200460777371
26.386109333669587
26.46973104728169
26.54302328576187
26.60792785418832
26.640397194536742
26.694144015102207
26.723436315434625
26.749987468790195
26.7682458733323
26.820855094647218
26.82883076540327
26.874743217742108
26.976689622436584
27.008022669720244
27.017142111099584
27.058971444666213
27.101752643660394
27.113978182849564
27.16926609703531
27.22906186134729
27.293619093037105
27.345933650062612
27.400469073420357
27.459631629400647
27.536140118224385
27.555385346522197
27.59002159099516
27.6833143231182
27.686003105778926
27.722942327722635
27.745309905014715
27.74663403323587
27.80725077803568
27.867184685743783
28.026375419326822
28.219859050473378
28.227839064912818
28.241757632505813
28.32504677867934
28.36433003687686
28.417601564011587
28.46567503242825
28.503830656032477
28.561161068019754
28.572174347408325
28.582220846159778
28.72116732224445
28.860093079260505
28.916712026379695
28.93485601117642
28.994388116475143
29.001424511414857
29.014403982031716
29.14543944233533
29.201090704995163
29.237314978104234
29.42887814308384
29.430481967762113
29.755131897695897
29.759700889675308
29.841985292478622
29.87244522801073
29.90778450053066
30.009407065916978
30.05155423324758
30.112406838572458
30.40752758116819
30.439146464233804
30.613370830466405
30.636183559245715
30.663904024247273
30.681655468990098
30.81287866277465
30.848088712475533
30.96154549411292
31.26453470728084
31.328018428201588
31.376656173218098
31.43603226235718
31.781902659621487
31.85523278808923
31.970323098920158
31.979889853883954
31.996919854198257
32.05907810611328
32.59383231340788
32.66564669763385
33.09866054104979
33.5791548186196
