0.0
0.0
0.0
0.0
0.0
9.384627899476587
9.418612175211083
10.330553840132298
10.536345420265611
10.887763292251892
10.980162027586642
11.317941834302706
11.37757787203428
11.463381228733066
11.539284923018007
11.595520751044118
11.6258697688044
11.633868918336894
11.677858682849498
11.884872435194557
11.965535306508212
12.065536708115323
12.164095129014916
12.170538910352205
12.327188831068025
12.352812806935356
12.43543964168255
12.472033342710821
12.489578135491303
12.4958309908549
12.623551081957528
12.850880811591097
12.854322848088781
12.924672349773477
12.964957544445905
13.006972674918515
13.089179185057752
13.12861152131202
13.181015251989358
13.188903900048244
13.191155671498345
13.226902677953525
13.286304259659085
13.333884023136223
13.389292796493187
13.400295533077681
13.464492366069967
13.501258242953336
13.547573184781324
13.618302444260296
13.763548129297984
13.81638873254197
13.829897577357764
13.847958850025563
13.882634148471809
13.918360388194039
13.983890649258413
14.009441945848817
14.036407460452631
14.083851395362412
14.108463569566087
14.16791063835582
14.20800459910217
14.263279563893741
14.286106479909515
14.47566882958112
14.538990677544932
14.57044472207519
14.604943107674009
14.608525668221938
14.671944566835911
14.694527624222047
14.749008967459401
14.760617075622633
14.806193251531717
14.822701273918945
14.95385901029958
14.953994148728855
14.95431256308837
14.977760827057839
15.082480444504434
15.104102145687436
15.116316367076697
15.11910213233946
15.135388989038841
15.186834077386932
15.296652531552118
15.344717980413957
15.41991349230661
15.450207985014943
15.475614331601667
15.483570664387184
15.498780478158135
15.542038069706217
15.556499238651
15.616766803075933
15.660058634036632
15.661642904048817
15.663605530469964
15.718684096935453
15.769105597814004
15.78878645137361
15.78920366658435
15.795281252286038
15.897497769972313
15.92137100806055
15.92445301454053
16.00408167600893
16.028132615470852
16.05009671729504
16.13414341789178
16.149120820283276
16.18834313831558
16.300546718470944
16.317582589951012
16.322528804868334
16.340372939805967
16.36796141024731
16.39642592232676
16.443389354764776
16.450150206179938
16.46946884083143
16.48002295260342
16.668478969833956
16.671143016587152
16.688858566718334
16.69299250644112
16.723520939493973
16.776901850861215
16.80246159671431
16.872284161645087
16.954845214474233
17.00567723901326
17.01388256259591
17.02200095022798
17.028317812358402
17.037741107777777
17.137653781085962
17.146570475633297
17.147120885219966
17.236611122956628
17.291760491266285
17.29532133139771
17.34381298280704
17.34822484093957
17.401798579383517
17.410403398265295
17.42496412939644
17.43970987585121
17.45279879593901
17.53374823329161
17.578799333652253
17.58075174653977
17.61684781611695
17.72762665859288
17.790456933087288
17.79404762773944
17.79513406162959
17.855341626981886
17.886363627250283
17.90844327558693
17.97100260920223
17.984542936098194
18.03015113478768
18.074908519058546
18.110943569471704
18.131351905691716
18.149293112416657
18.16567204849269
18.166294425850104
18.193230128175397
18.201369635103426
18.202062876023973
18.26585748555157
18.30938057729979
18.406893602767965
18.439632946202725
18.447568103444286
18.47690904441363
18.492480607018454
18.50995986321623
18.514590227905714
18.534235718997984
18.60155155694662
18.628457394911784
18.679001417129783
18.751867699374767
18.80106527750845
18.82491503258262
18.82524715690326
18.860563922070785
18.890520015682625
18.90699371895175
18.9400813559372
18.98162425482748
18.99072598091659
19.00857385542669
19.021030273207984
19.097289639425014
19.098069361897938
19.105673009611873
19.18272559817335
19.196796751245138
19.224730711919598
19.225606862686835
19.23426201921711
19.26328755016535
19.35261371056741
19.380311108833524
19.405725906010847
19.42645259974258
19.4396530825028
19.55826555851172
19.564400257672546
19.588445221527124
19.675628900051873
19.72931542533754
19.776535876675972
19.785440552475436
19.806416102335657
19.81420158113313
19.814314487169405
19.883293096855986
19.901542955043784
20.00651403142871
20.023358502433645
20.038646589878528
20.048070916891167
20.1530376587172
20.175256213500372
20.19182823999903
20.209675387828597
20.23814830224042
20.30223288582861
20.327481809849658
20.395584517607414
20.399366311826
20.406433879174276
20.424914733215733
20.498308517925157
20.542525726188344
20.546888525921236
20.594845218829175
20.61052001579105
20.61189932944993
20.621045289506956
20.67433134178539
20.67783560381089
20.687906939453903
20.69096507857632
20.71861448350513
20.796403416587136
20.801181116514933
20.878140936471322
20.92459885796715
20.93807722808684
20.991602682394536
21.043085451144353
21.09849953383629
21.109861302374576
21.123087006106513
21.160087761120806
21.169918660674256
21.172290629083083
21.181326682284592
21.27934529681501
21.28203987371636
21.37920686439431
21.389701916061064
21.43380917310657
21.48525802215373
21.51891363728131
21.622192895460255
21.66244565645277
21.686088315176768
21.7052499252584
21.732830054617637
21.794538046864247
21.79938266164899
21.90262156045525
21.92168157249346
21.959977089467166
21.97454706743563
21.991417065809323
22.02520504831167
22.032017304763453
22.07279503527685
22.136115272078598
22.212902547697635
22.24925938886262
22.30838999225241
22.33153815420696
22.346954277496057
22.393823919835107
22.403309432626507
22.431501762182425
22.43914058889604
22.485900705573368
22.502485506817035
22.505802105518992
22.608253518190576
22.644868893696685
22.683886602578557
22.69329353813837
22.79022053819092
22.7939526069392
22.836308180858587
22.86842968323792
22.897073847458454
22.96380205964276
23.00761780017201
23.018861312533463
23.02782793833679
23.05016243103552
23.08430456353542
23.10685451960623
23.158615821391194
23.18888068703981
23.22991022147107
23.249062925635794
23.337711689542125
23.350829656135485
23.37925373973406
23.401577933883758
23.482911235940676
23.521544327769046
23.55758426874397
23.610862073587956
23.620051728894
23.67698023146801
23.707991213613617
23.72505661265036
23.735584431285105
23.779480879494578
23.78014042150771
23.880603735657907
23.896889426017932
23.90564334385516
23.979234106086462
23.98381387600488
24.00808986641049
24.035106349490693
24.09270254575018
24.10056010892115
24.129185369599604
24.170022752677397
24.235284904738833
24.29322021548392
24.320120989936164
24.33891160491331
24.351331345534657
24.425440714343672
24.511538991615573
24.518245934884824
24.525722638075976
24.610216931504276
24.62857398533537
24.662733299562316
24.69483035515526
24.71726502383495
24.762222121910497
24.8292996863387
24.92025411020241
24.986380683286576
25.017419642153282
25.04588899037959
25.10460818847185
25.149332746787444
25.209121635775553
25.22151742400167
25.295533941092717
25.321223246482937
25.330602186629758
25.33834778968866
25.374376973671247
25.447918790978438
25.509737509787307
25.530107384409764
25.544690134328402
25.578242067637085
25.635832483944956
25.636728638819402
25.668305114883147
25.740106652493214
25.802110727361608
25.893353390186643
25.941882730724988
25.951099492354114
26.04514374835998
26.099277324979905
26.13180335804694
26.143758203488648
26.189837486401142
26.19122979049416
26.269030067445193
26.297633743470534
26.395157061433732
26.401130254616398
26.41233856887713
26.48800129186134
26.488844357189937
26.55176017896669
26.576782027361507
26.63234210966651
26.635241650472985
26.68104657045432
26.717294968454006
26.84174275870632
26.85110041302826
26.863017498084943
26.863215830868004
26.99505455017424
27.003921190901902
27.018912405921938
27.034609806467103
27.043873701657308
27.064710089269155
27.169413867652857
27.42823259376749
27.476734783068483
27.524195988261813
27.540380793212616
27.56690316823241
27.59454566143672
27.61929686512961
27.623874543100428
27.702004010727084
27.702882382204713
27.735833651897615
27.861766037234702
27.913616740251754
27.95078699831413
27.962737518902017
28.124005888830343
28.133575861149854
28.239195340411882
28.244820475376088
28.28564502756813
28.293799710816113
28.41228042633946
28.426552710885012
28.43409458616374
28.623544664389726
28.63384977137644
28.7634976975687
28.78203622396942
28.892820312279504
28.899654815984363
29.049681489783
29.05976332819716
29.133272176038222
29.159257254127386
29.262231586845786
29.35749488432148
29.4292162067264
29.476704069930534
29.6588839744395
29.682338701137542
29.7042217434734
29.865652718248384
29.930134996310514
29.943462298010914
30.026022384086655
30.073619632182464
30.0817088354246
30.24397376423668
30.38667887609898
30.462509764444132
30.55204265757788
30.570184141785717
30.67820911888826
30.786244866873936
30.922437086666335
30.97101892424466
31.078458208928886
31.16830619974533
31.179726655941725
31.24110180102226
31.260649556449852
31.390450896862433
31.41165894724058
31.45842007868399
31.559887771211947
31.741076903364828
31.856119991903793
32.11589701833372
32.19350357693742
32.476931421608285
32.575823081146375
32.626826876586485
32.673040703264604
33.010078755391696
33.23455286101496
33.27900477348189
33.513167651985825
33.9683851285602
34.01624660302909
34.21469319072347
35.52356414927678
