0.0
0.0
0.0
0.0
0.0
9.216825238953108
9.627088811665566
9.794924220445512
9.986629178588416
10.497827770266595
10.548778998806323
10.701282978273152
10.802880942738925
10.852595648490432
10.958918620594718
11.195459442702917
11.224204552810404
11.447389869004034
11.531195706436627
11.550143284941944
11.630219391122838
11.7043496681823
11.732252694629695
11.848748307006206
11.885783541291042
11.890543428495311
12.154549126348611
12.238517343926203
12.262986471053164
12.293968035434647
12.296274977213468
12.322730553621042
12.344018460592777
12.405522825586377
12.446642887542149
12.450613364371486
12.521445883826456
12.538380209503046
12.616157417798766
12.651397061962543
12.66892364647291
12.695048721696814
12.7190477551482
12.791559689613248
12.809021646621188
12.817741430095937
12.833844418365166
12.870025244923982
12.886105579652689
12.918756950402317
12.97694603025386
13.168609113672275
13.170700396468975
13.258841348443033
13.295774269627971
13.451346537894414
13.484392945984476
13.518386024601535
13.619148640863541
13.635756518639148
13.63645003125842
13.637298779437005
13.737488050425714
13.803467392839059
13.833450146058471
13.83923833785795
13.869321199106398
13.93563519575078
13.999800793466205
14.001126747028067
14.008312846781601
14.110658152799969
14.129875160633132
14.142737023094433
14.292420453180958
14.355336566686908
14.380335934543337
14.427599647888348
14.460925644923847
14.498352996787244
14.520651919102544
14.556925358801225
14.593970279503397
14.596140928890115
14.635335169703852
14.718586229794656
14.752624964703097
14.777068658143314
14.900971479997288
14.937536011439391
14.941578830807297
14.95074222852602
14.995616797060364
15.000792299530563
15.074734112729333
15.135350503711056
15.143879534080876
15.176791681630139
15.187143348120406
15.202181129565732
15.226323332101463
15.251474179462972
15.294066835797569
15.392741269329823
15.408206562865358
15.412595771693532
15.445527964197296
15.481709935407265
15.611277969848995
15.64501462378831
15.670192395994086
15.759207774733618
15.783413765931487
15.817806552740631
15.846711544121804
15.958841276170597
15.970953082610903
15.974045827230054
15.985845027656575
16.066429247753202
16.114035325133308
16.15929906815446
16.172594008475148
16.20623881098789
16.233383123993757
16.260777974350198
16.26721505516925
16.30338817567973
16.359878333948874
16.376053810119327
16.382373599008194
16.431122945775847
16.493729573970196
16.515089381676404
16.57667260867802
16.583407275135045
16.587542461040155
16.616375472757905
16.654131054240395
16.684685789045815
16.71129973334246
16.82381087666831
16.921315684149434
16.94795370024079
16.987014062561308
16.998364272442718
17.02303606587623
17.036652799819112
17.046873158182446
17.05335286207792
17.0884798795122
17.095301962016446
17.201024775912387
17.208875176746226
17.296928264692788
17.341860084453163
17.40039909466152
17.415154921445772
17.427524376997077
17.430039967253983
17.44692170104824
17.46167166005784
17.49442054319019
17.54088718744941
17.56962817681263
17.60357374973584
17.610200099916234
17.71098166134946
17.721001035429
17.72493932055918
17.78446880197203
17.805235845938146
17.903889608045702
17.94860500287876
17.949371725612448
17.958531730054055
17.98031759600209
17.99337054642788
18.03046121487562
18.08226144497202
18.172520516417883
18.19067222788225
18.215695765439765
18.26847943198294
18.30568952702355
18.3187248292674
18.33540771647601
18.470229651465356
18.500793188542843
18.516129119156165
18.543615840045888
18.560012974495045
18.567586726561867
18.618523162045147
18.63757555723205
18.649681885105192
18.65118802300554
18.66362936472857
18.723537269817943
18.737105726801428
18.742930653974934
18.848899214290164
18.879666702487064
18.904880627574492
18.934651986436283
18.938378968567893
18.97062645096971
18.979827732635922
19.022213579856963
19.037282947115738
19.061464419138307
19.154160374309605
19.173226394429143
19.18032154545919
19.20063713856112
19.232902702774467
19.327699323161585
19.355734852941804
19.360950798076665
19.364001741099145
19.408497889955726
19.47172992607326
19.475760674073758
19.476235459612074
19.516142649246326
19.5763749717932
19.600278452227517
19.66181575662836
19.727155045827253
19.790833466815755
19.80827128558208
19.86110899545067
19.97996075402244
20.015781590513495
20.0203539796421
20.023524440730608
20.069564553510084
20.116524410981626
20.15883490670147
20.180981169573844
20.188745387403802
20.19273691270058
20.22673740078144
20.240974030913854
20.243583325237047
20.25074330251654
20.31715649892234
20.33694036296939
20.388169205803933
20.406321223457972
20.421060459425355
20.486716935707232
20.52611503424399
20.57287548475831
20.57566804794277
20.631068168192037
20.746018705828345
20.7803469514151
20.784633712436865
20.794443939602903
20.805770411790427
20.808834709427686
20.814369695903807
20.915900944915986
20.92136313388092
20.927335599244802
20.965946655591353
21.009545927932788
21.017609672619628
21.023966250881877
21.126105118801753
21.184535748399725
21.250827823052507
21.325974364162395
21.403235208288663
21.422113030453552
21.429793754553085
21.439125800170398
21.448434479964604
21.528095081298865
21.567635294279455
21.618308179778886
21.635482215826073
21.738463499299176
21.747486301850884
21.79269909123071
21.82887983998473
21.85519759564922
21.862831344328406
21.87353053787496
21.934642456680887
21.959243330053706
21.960518831479995
22.07383758474339
22.083127788575904
22.14234995391809
22.177975267484754
22.18325436380092
22.27433410587177
22.27838435572111
22.28219754268076
22.287587724535697
22.315883145137906
22.41216673775979
22.432547861873108
22.450979478675197
22.46254018307633
22.481382355949226
22.483945215746584
22.67737606185134
22.707587553981096
22.716634380695325
22.740172514492457
22.74340700831717
22.77591667569357
22.830692086384445
22.833659610179343
22.91296811260347
22.992566827302184
23.020488980159264
23.041698611625435
23.054528467582294
23.055694523554426
23.09837860872746
23.111725299792983
23.215532953625296
23.23472202162931
23.266460409151208
23.271212112543825
23.38656102230733
23.38753358328047
23.39754636895319
23.44011639830702
23.47116662554895
23.471202188635647
23.558712869441724
23.597250547971107
23.621403401316215
23.62651751120059
23.636220249035638
23.690737042984175
23.704835313538304
23.735146259253
23.739879257777503
23.758745533743422
23.781537017808013
23.816521474689115
23.941182676911357
23.986714107258873
24.00285179751461
24.047694854640778
24.15558796170413
24.245791032768818
24.254243464902967
24.26390477196206
24.283847805811543
24.372144000846948
24.4028530973967
24.43883471306097
24.447021429846146
24.482204218009812
24.50610267218656
24.527963097619843
24.53593956294148
24.545329767346676
24.577473622202778
24.58192441601948
24.69896095438187
24.75731665881954
24.786593897060268
24.867552823766278
24.89131365703841
24.892560139453753
24.90408361636932
24.909669682867033
25.077495352693553
25.14511374112141
25.168687593298706
25.178820051487136
25.200295034785167
25.26860473025259
25.35389920007302
25.369928877319516
25.419495180895495
25.430611340177737
25.474032392446727
25.547722719867856
25.578378952888023
25.735416773192398
25.75088628211021
25.79743589821938
25.861418674288938
25.893149841753566
25.979615238440605
26.009245620211157
26.046839266429096
26.059566137131466
26.067916578391284
26.125880605978033
26.175372832892453
26.245261058172037
26.370202692856523
26.387416850267524
26.412330577609442
26.44950277424058
26.48809489147572
26.511988114549162
26.520396067120988
26.578346728878913
26.606303568315248
26.616756413595013
26.704263978224134
26.759521134157637
26.760182775711435
26.7941270129175
26.825111750720804
26.8624066243799
27.036493238663823
27.048754584820347
27.1645422134598
27.19693117659704
27.211258223874548
27.24626255535319
27.289431858714213
27.32056922907168
27.405067281083
27.414387251774784
27.49478663497305
27.511132434937398
27.568898830821162
27.709439265082057
27.71509708302443
27.721111707594446
27.77213251112294
27.779765783918215
27.801101119106015
27.930651005885622
27.982714458392437
28.147744385379617
28.164001073147233
28.182084854849116
28.43948020493584
28.462958575304228
28.535696368718583
28.592023211958193
28.661746643345197
28.706158513240453
28.739758168145038
28.750126561212813
28.819031625206975
28.83825907292517
28.845568221165866
28.924503585420524
29.011206094641057
29.215137827884547
29.316625366564146
29.349461151640114
29.36261158491964
29.379774487562454
29.385698261326514
29.45664728865481
29.59705005813704
29.624356478600642
29.64752742107804
29.813465289671466
29.838208747168494
30.183818036025723
30.194944962739836
30.243119889017727
30.26542240569282
30.294989856557436
30.475012821182368
30.475037879389692
30.87483335368259
30.874857722107947
30.909560145066617
30.931619493727954
31.093696726491874
31.099440307436847
31.191007630151564
31.253050551335786
31.29941701603599
31.404935814355817
31.445251217950922
31.658831865849344
31.670470117958715
31.806523773634723
31.932774790996618
32.187211430174756
32.34006072979915
32.95405292357684
32.96102706947683
33.27900073635567
33.3740579957023
33.398418757786104
33.724975314112044
33.77291158687434
34.17211367431118
36.340962647448485
