0.0
0.0
0.0
0.0
0.0
9.460556490588532
9.922605800303439
9.988563040708938
10.07903532879886
10.265238447933417
10.398356445579735
10.559092103532025
10.652230488655416
10.661213975799571
10.762512388378763
10.79828033574048
10.87619738094461
10.978926932996826
11.242797100959892
11.327610947082059
11.383056431412466
11.42198020042874
11.435706000479682
11.542899982795136
11.572270196862112
11.638183726773594
11.739310424405863
11.770931524339769
11.864695548542082
11.981242565210605
12.06857929888644
12.107959379579007
12.250161490932708
12.262261645132392
12.318498222512812
12.38008311651124
12.385326788701002
12.435274648731149
12.43713477140744
12.544418727757781
12.59399986957335
12.59490339091685
12.689844125214204
12.714277716406215
12.768272303958298
12.88869824111029
12.916765600508635
12.930907050721965
13.061827593935435
13.132325865270138
13.157492891830978
13.165587354217132
13.199986958271245
13.28950215498753
13.299391969281022
13.439261709915437
13.505252523070027
13.511513328335194
13.614099433811834
13.646694375798589
13.661853537457354
13.68253118769291
13.738043420677588
13.741286297377908
13.802384678668146
13.892681626682698
13.961544456455552
13.964837200230848
14.00490019627975
14.028131017272397
14.069339653509918
14.23659825760193
14.258924377129581
14.294726754564596
14.301656812171464
14.34864326046182
14.371573730524357
14.423318980855608
14.474837751274707
14.564272290194145
14.600527943933955
14.63137987703428
14.703011370062493
14.711757287459028
14.766081264281697
14.831085274026474
14.839688491270289
14.889149997076933
14.903948654555853
14.946939900224965
15.035812182476786
15.037908049799539
15.066635348938267
15.079097398666786
15.121550059198205
15.200006356624906
15.219802509456192
15.30605650220558
15.359399800984352
15.378411738604582
15.384943610620578
15.409475009125213
15.497533396212155
15.562910999591022
15.570374507504177
15.609168451863152
15.64231048810617
15.652764227452073
15.66034125380933
15.753238777370019
15.793192868839373
15.822225741667394
15.839976473365558
15.866954777394277
15.86791658015134
15.8846325631715
15.92361912530319
15.970264795010795
16.038653973639885
16.040059310476874
16.074334215185523
16.096084420259405
16.194638757242764
16.21215377455561
16.23441919613223
16.36985031020759
16.372692936755126
16.37910468248212
16.39050514429086
16.416926940848512
16.444960462140205
16.50845184770352
16.54810219774017
16.567553146211495
16.603851511780412
16.67492262645829
16.687312666938787
16.768221191591664
16.774438710740558
16.79053983470956
16.830498734335553
16.876109728022463
16.876148948243788
16.950280026617605
16.95035171266831
16.97514762270407
16.981100965500552
16.99532911909895
17.107106555387624
17.130270343994578
17.147833592371725
17.19302420368285
17.25165136036022
17.273555730879718
17.328582333434316
17.3321169002058
17.39095452611354
17.40637350466108
17.448449218557013
17.58915238171285
17.600061855860037
17.60148160582301
17.61986172168242
17.647677733573286
17.649840343726673
17.71489787254608
17.720603973873068
17.730989210699875
17.74559825738947
17.86532988639564
17.889016726117344
17.918056090833044
17.97264619011956
18.017839369613167
18.026344779384345
18.07379423235417
18.083117048864466
18.092937658997027
18.135186510729863
18.14398841182725
18.14425222641675
18.163079516428887
18.22852528660295
18.235202383935306
18.264171291860983
18.41928001552721
18.454674022282852
18.48835586928733
18.57575903279869
18.593767796596186
18.60609395550569
18.607368904053587
18.640304473530943
18.747590833801336
18.752612281695722
18.781315808343972
18.78470457707509
18.805253930874724
18.877253139476505
18.892514828696832
18.93890366428756
18.949823500650385
18.978074295588854
18.98899532231896
19.01115030635653
19.069080867704486
19.082694072301575
19.11062455545068
19.185192916041256
19.21388259487019
19.235002791532388
19.252693712291016
19.319610972580126
19.332416775823894
19.368070994088093
19.48609271525879
19.492479540976298
19.494014768621454
19.539569007557663
19.61947480246921
19.653583233996176
19.665439844118673
19.67399652090708
19.709876560898767
19.714966957764577
19.723334678932137
19.79968033842812
19.81163145388658
19.839046276670768
19.881367979918814
19.891303765958305
19.940106184011437
19.974298442429202
19.977958165391254
20.01187107362204
20.05463434092023
20.095720766775443
20.120651962123937
20.27258513474617
20.28042039899871
20.312840729990018
20.32818602136898
20.357053003488524
20.376503186603934
20.479330116430155
20.507795940819435
20.540904855991133
20.557393470959596
20.578028122814107
20.67649103002471
20.681768361124597
20.727044216266393
20.797542642196138
20.80580375759524
20.80963491028768
20.84064406496082
20.847160906219212
20.871629796553655
20.95396319243314
20.962658581301085
20.963842714845406
20.972407119501177
21.003815110497293
21.01178979944985
21.046225489477607
21.069727539854885
21.076729773661956
21.152314673674237
21.198183821451664
21.285073873232363
21.29442160922835
21.329044741956473
21.342061495839253
21.344478670683813
21.39032502758495
21.438558508452683
21.52155678554629
21.52796640818261
21.53510198881137
21.563239227529497
21.60435314425781
21.619411554155178
21.645036704971073
21.65186427112451
21.736723917142648
21.746408363021207
21.778257985767
21.802088676439062
21.834143001218298
21.924713922700676
21.941077899293564
21.97803080764368
22.001754286619917
22.11339393702674
22.119646669263332
22.15620825266097
22.185206983621754
22.190444940688703
22.25000936996862
22.254946332105185
22.33656298176396
22.38800118510962
22.428282228277933
22.482115849601872
22.493556029680008
22.514326093110792
22.538614543778856
22.56432009964675
22.577221087145936
22.656716878507936
22.669107773498464
22.712823135251842
22.797976285451202
22.803290910797973
22.869027474220808
22.896717997937763
22.928642851147078
22.92904688920229
22.949420005368324
22.967476738851694
22.97085056997102
23.109726704723915
23.12896194555442
23.13892923885745
23.186354109341387
23.22699192808288
23.271502695578445
23.274927899668295
23.295127970352613
23.30547122396674
23.32715019795849
23.41956080318189
23.442210899600976
23.496552792225945
23.607157022894974
23.608939318055228
23.62775481858737
23.648306916241
23.67072609510609
23.698400543452195
23.714321182556876
23.732619904965954
23.764448223674094
23.82773699275343
23.88110485281978
24.01181077245517
24.014593159892193
24.017908153745445
24.154744653650372
24.206076953593683
24.210162117359673
24.23232162582594
24.241440689901548
24.37401986411462
24.374036099420266
24.377995614791026
24.46416748045408
24.48217091532892
24.56490085556996
24.586064778590973
24.65857422021423
24.696896771063784
24.724629494198098
24.86059187357289
24.874982665321486
24.94100333580837
24.94432452790999
24.965379934253985
24.969463229495133
25.014397372700763
25.033481520819162
25.041856559234116
25.06878344662142
25.238945719663224
25.272586910252503
25.27473514385707
25.27717696149888
25.2957114131632
25.301471381546815
25.387235078500616
25.441421598887523
25.44723245687992
25.468577800419734
25.513167895750183
25.523512463493873
25.545912069947715
25.666393188696887
25.67528268003618
25.714528478385237
25.832722221046076
25.851176402295742
25.91763180285543
25.921749314552375
25.92829708081236
26.00076041695829
26.0324915027866
26.05159563236747
26.10128188574035
26.23108311445843
26.267352571013042
26.276985486852578
26.35222158092398
26.358043970529188
26.39023862709306
26.395618175086124
26.513035834100556
26.520185905254902
26.520594515779155
26.542632344003064
26.561790931529977
26.699386798636237
26.79653788849278
26.859137018853257
27.0296217794603
27.112128913899998
27.127482605513517
27.12804949778309
27.13514983306056
27.177103195972776
27.236494252350813
27.24949803541282
27.309105529193086
27.331398525930794
27.357930408326986
27.474275512673234
27.538331035166355
27.569249111225705
27.56938337534272
27.615422915327862
27.633224629911105
27.639711696838745
27.641743228940225
27.659744170352987
27.721214646700556
27.76529292377797
27.8575572227504
27.89409606448273
27.907872400906992
27.963084303558368
28.066943437138395
28.137110966385322
28.166496371817086
28.22527908505135
28.355291499665075
28.407695724329763
28.423713932047548
28.666570706934586
28.75198432615016
28.768259450443704
28.771426595711883
28.783040874045607
28.82654746915576
28.860110501347606
28.907152109046663
28.951080457998987
29.005673681048016
29.048273663734832
29.166235162866975
29.332019743974406
29.37686716361963
29.40834895085452
29.50727206752346
29.553865816707393
29.664050395449234
29.727265437350987
29.77869134695597
30.031493697315586
30.06071504072871
30.106130994426753
30.307097379512616
30.31330512557535
30.35886415220787
30.380005529114815
30.546320911822257
30.64451121316337
30.64945452878855
30.707962470201384
30.787541645106263
30.921898414983644
31.102920349120225
31.118545296634263
31.23535436739121
31.33062836297292
31.37013454846433
31.396364645459414
31.613127727076503
31.803298201798388
31.927452276630234
32.028918093960094
32.179373725713354
32.29236767646865
32.32406239278976
32.93255195932238
33.1089885254673
33.47417127863372
33.8566483034175
33.91644823011368
35.33834616035083
36.89883610286821
