0.0
0.0
0.0
0.0
0.0
9.073603769127288
9.811176768281788
9.943405304072646
9.995093509989834
10.29767740271504
10.328910227274053
11.264843399681173
11.279852346486173
11.291950702415608
11.29235116007471
11.362087737556116
11.366065960409317
11.373646427411531
11.569973581292661
11.684024625404687
11.722277893278939
11.90588834203827
11.942245071389017
11.959955348477648
12.039723872007665
12.107346687940998
12.206354374211541
12.298993142975132
12.351281996053808
12.36240899699276
12.477874571952281
12.520269319193078
12.59577273375518
12.662802318446728
12.68988016513053
12.759819298292442
12.802826992498414
12.804867072988085
12.829373253267091
12.939602981582809
12.941961718034396
12.947880458706516
12.970738858613307
13.142485231972694
13.182798399126611
13.214625472322325
13.2472357861327
13.247878779198665
13.276364979701027
13.310236789554548
13.405907188334721
13.42492157875814
13.48425898503313
13.490544774057799
13.509303134232141
13.545199809074271
13.556254210054043
13.61035406365465
13.634784079597749
13.682134103207048
13.715042920601498
13.715989565387163
13.836247508379246
13.84640952692842
13.847163616627348
13.970921465870806
13.99618289719619
14.07106910063463
14.075070341597772
14.116758585585483
14.119910861735567
14.130135076625336
14.210890689267968
14.243318698681072
14.249999916423114
14.269014266871448
14.351234847071241
14.376532960027255
14.396730437968323
14.399636368859998
14.475581656324167
14.524310629596483
14.590465134516762
14.64386530995211
14.644743652349806
14.736438619027437
14.757206622408095
14.826256384022285
14.888833680294217
14.9246180328048
14.92591064397001
14.95254732258359
14.998690359363529
15.015743298937107
15.07126670315205
15.134808537498118
15.190988236906426
15.222529771771626
15.239969108480079
15.306041820057976
15.312827790054198
15.343355242717204
15.415217919693688
15.467374015364186
15.48636289282495
15.554153582400144
15.596408996929433
15.6107879532067
15.611025482338366
15.647697449039105
15.665855095830777
15.745465269602184
15.791498997301337
15.820558139064488
15.835608819867993
15.870447680689338
15.96571490455316
16.014218954117666
16.04570590283712
16.05865461924481
16.098823388974264
16.13055004972133
16.239385678277312
16.244593509713038
16.265523942946068
16.26991253435677
16.284628934057938
16.37442203132473
16.38198996453966
16.394952444663478
16.434267612958045
16.47647878649834
16.48631020280354
16.500551715593566
16.516370183151786
16.516580771113457
16.56785146398951
16.618200251963962
16.646732587357246
16.667753641054922
16.817850178985502
16.833314416707392
16.879835692099284
16.9078069173943
16.927356168647467
16.969232845916277
17.027027726763098
17.045439607425475
17.052739596755895
17.05575188704409
17.089094561290043
17.107890795536544
17.126140310900727
17.15179919683423
17.161526910736978
17.2505699428063
17.266868565414143
17.35207953897913
17.38737229956842
17.438424699764838
17.49759183621075
17.506620289737057
17.539302938560652
17.556900886327238
17.585611635745536
17.615495864327286
17.616067495093358
17.742554456164388
17.785634575643105
17.813883646780617
17.878609231713067
17.916693273212697
17.938515327063634
18.010069840919684
18.027213583019158
18.042412927481916
18.06568867172208
18.116717605205654
18.117884964340735
18.131338453175548
18.147873051261488
18.215527005822317
18.24537925881022
18.285276517636987
18.28848276526872
18.313982982828414
18.335247167036353
18.37753301062006
18.39849910116618
18.417142180639537
18.458594379097384
18.516850862196232
18.528699092083254
18.544266689059302
18.65606520596947
18.723643991029252
18.76689242994098
18.799239615943865
18.814315423143366
18.832608837756183
18.83777088751405
18.838741343673643
18.845258662795047
19.006169444911823
19.01263108678588
19.029230834290498
19.051470747938843
19.13852863379115
19.151617767972095
19.152890798824533
19.213270281233697
19.225077341116037
19.26175388099579
19.265408021644664
19.351780973727614
19.35372022007664
19.418231519020107
19.43171339120152
19.456953567583863
19.480460719624247
19.48416816301981
19.603028665225846
19.649572686281285
19.660270618842517
19.689330366329745
19.696007102074805
19.7326946748624
19.740895516488777
19.802598319029308
19.808544806103217
19.821108145711538
19.865043442498184
19.877332742980627
19.894313797227205
19.939990801646733
19.96748886398558
20.034427326778438
20.039214797322483
20.078019793526778
20.106386249945274
20.202626815060807
20.2814621143362
20.326742732661142
20.351379409351768
20.36187053880293
20.368508743593953
20.420884825573125
20.43657448137724
20.4430860546334
20.453795576303246
20.550359251332818
20.578999473535546
20.647070534119898
20.666794381097617
20.67561383482527
20.687749734598718
20.762340778105216
20.81924346621972
20.886295673740992
20.94438967613441
20.96182224491966
20.98823583788448
21.03258568298627
21.074087885653256
21.08559157812465
21.086866519374816
21.102354508335626
21.13179565182111
21.166461566977482
21.18214799765842
21.256045291838362
21.307617244711345
21.34165074717566
21.34696117393653
21.41851002342464
21.459883153921606
21.491393081938185
21.513945324232118
21.573945108859114
21.65660799102649
21.684238176987314
21.690655527787086
21.724807800635958
21.77289124913254
21.786913712668323
21.850056037301357
21.87158124652946
21.88404921566813
21.94263588932959
21.97471195009442
21.9798668586452
21.981550148562388
22.009943704897
22.02140030951067
22.021912349344543
22.171166363719564
22.18548859348545
22.25280509470046
22.29375222908668
22.309503949565674
22.321484049169467
22.338248751697964
22.399728894903124
22.432350426237612
22.50367552060073
22.51931258132716
22.58110145501818
22.588838862854534
22.593055327987095
22.6112672991223
22.662645718815075
22.665128362146746
22.680664300059632
22.685169004757363
22.87211706082193
22.895324034254084
22.933333781394374
22.9538800947495
22.976930493220006
23.057822388587617
23.127614898589353
23.17536634559435
23.183361701634006
23.18852546048051
23.208514139421393
23.260348411035675
23.26072795086745
23.295969063708164
23.350758668517024
23.365555220113386
23.39842174996609
23.425130470866073
23.523272908430553
23.547190236871906
23.55897098195192
23.687458060633077
23.736560568642147
23.74338810411894
23.766660035771352
23.771805772804548
23.776147634947407
23.817945229262875
23.918250981836728
23.960997650659525
23.973310396002454
24.00214335004977
24.08274492827826
24.094714071141496
24.13651754381093
24.184294873132693
24.26670579403379
24.3248092598703
24.34717660064529
24.399625809233314
24.408950572613563
24.485484375426605
24.531174097424326
24.597850898382294
24.617070852837028
24.621951687140864
24.64460188236368
24.69422979472919
24.698368090741965
24.76241277620942
24.79876835088632
24.82917461039897
24.84465956971237
24.869847993135707
24.9465862724227
24.964209910466924
25.017583565601175
25.039317744423926
25.06144768856366
25.112636084348324
25.137463285905106
25.189914273584005
25.25606556262821
25.314012314886625
25.34655156901336
25.36452239030578
25.41585884034823
25.417060425665184
25.453462424741694
25.471261951841566
25.486128174822245
25.6113591777037
25.63159240074507
25.684791232623347
25.689039868294884
25.770515298704137
25.91803988202373
25.929873305816802
25.99884776259469
26.01418176049274
26.054661260769603
26.069182222062537
26.072684935409733
26.158768800074657
26.25943635957288
26.284312104671542
26.329971352483255
26.347835348890985
26.37727636134297
26.412505261699433
26.42952584944065
26.48083897835856
26.59059334036582
26.631827915224697
26.649660549712184
26.708590424968826
26.748032471479764
26.83303792048621
26.84778571171035
26.857324178047485
26.944634860857906
26.968954957101793
27.03465618361253
27.060332165637835
27.18794797731814
27.266480469497186
27.29632116966719
27.322418469788442
27.336110015746804
27.38540751595489
27.425265215254484
27.52629591435699
27.558069833995507
27.61607044907994
27.661432681753848
27.716131857666046
27.719026525476526
27.753747815934723
27.849186763271053
27.902030223143772
27.985516838663138
28.038861250659753
28.128647843556443
28.173344064694945
28.18066565295965
28.189802150170063
28.248949672065393
28.29839586889206
28.35882092073672
28.36208738589743
28.41701358967213
28.49450843024598
28.57613908159707
28.58869977067245
28.61691847425702
28.712441908339322
28.80787966291286
28.904212345274853
28.988063314854926
29.028446798887046
29.029787622590536
29.069803829813843
29.125557712403126
29.20074280210637
29.22519517059647
29.35517217165326
29.355210885257726
29.357962534071383
29.38349911004006
29.46667355566837
29.775383213564805
29.795308522313352
29.82022757100211
29.91929274535002
30.23274955920456
30.275387230846338
30.34888543980361
30.37519263020246
30.479604081412
30.52259188405733
30.563649111744738
30.594483669838436
30.768547953490064
30.78144747660687
30.799812032629674
30.986004753535163
31.04402261678159
31.234245992232346
31.323075016360274
31.45732324389728
31.550978900484125
31.626771615326163
31.956487488182603
32.08463171339182
32.08980471194617
32.09649366086384
32.1931882772392
32.96693704986316
32.96757069138561
33.30623216679313
33.99091333629014
34.042762386262794
35.07437727135413
35.63093230244919
35.99097546607355
