0.0
0.0
0.0
0.0
0.0
8.796201999642902
9.250678413784577
9.534501631992294
9.840610795959886
10.008882629275732
10.29794846835161
10.30945025917234
10.45013518982554
10.539714177789888
10.701382135420555
10.82500429449495
10.851976928929131
11.023869945206732
11.120505325502467
11.170948134101542
11.388037976480263
11.57500579603376
11.590930567073798
11.601417460403672
11.70085369364811
11.764606932023083
11.797097779993013
12.047141053989607
12.074269805214367
12.075674572231387
12.175891260649314
12.280749676615578
12.304317064116475
12.41395488739132
12.433892685787049
12.539960158811029
12.588824706891574
12.607280507507634
12.625859157269337
12.686371755951235
12.692121549933203
12.781021827056925
12.82803627023756
12.876695747707238
12.900128490865441
12.959292813409785
12.992218207506001
13.030082201049563
13.053503092945832
13.126660165908035
13.153737174469319
13.15870201029275
13.184218723316146
13.372197990329159
13.401725319198171
13.433628677427661
13.444732272183597
13.471913555830591
13.558215548773479
13.630111868697147
13.675001070303647
13.805391265046646
13.813642387331107
13.861740631537625
13.869126279141387
13.925165299165899
13.984807653881786
14.002949285936156
14.028355587748319
14.070523878575512
14.12603217028238
14.144394148227605
14.15877172407417
14.24327772226567
14.271540200505715
14.289986723316055
14.302812747355071
14.36311982147352
14.417137176170145
14.432535330481034
14.477031311003838
14.526135085661016
14.543675904944843
14.60758892713385
14.614685709552193
14.673754258207033
14.72213816933278
14.725181368930803
14.747104340427708
14.776357916203592
14.843626039384842
14.922435111223423
14.951357251321081
14.953096353390896
15.033724892258153
15.04850442350854
15.088717556699725
15.150625051742376
15.15397247181167
15.211084226910224
15.240835097206974
15.262582695109776
15.271477520122586
15.441879838445601
15.454579047878926
15.485412128899345
15.506422109190643
15.568333398568617
15.594697937868858
15.63629138006048
15.679725943098061
15.690727477594391
15.738116793882687
15.747236031915955
15.830296763067027
15.880330685286463
15.894501382075115
15.93006915752326
15.93144065717926
15.944136558627081
16.020069261533674
16.021542905857505
16.07236309022876
16.110763670789943
16.150715228014622
16.157230857765104
16.28230358142674
16.298247420121477
16.327812323606597
16.340566645106016
16.43403601052409
16.45777052140692
16.459247330555762
16.460265387678696
16.48413337675505
16.516285254824954
16.6258559090437
16.652440464186906
16.656636918161734
16.715408424595203
16.732821020796507
16.740158878850792
16.75108653420708
16.818878448765915
16.830950393397945
16.83980269346824
16.904180571454823
16.972182300010804
17.000258911780442
17.054673842810182
17.061029981923156
17.14836027715037
17.21599952617571
17.244766795321365
17.262286407372816
17.26240298677884
17.29978946819964
17.33317744087731
17.337988239971416
17.366826107677493
17.386263603773095
17.4545380098872
17.45758037298205
17.500826585411595
17.508438105081375
17.57410721115307
17.58247043349128
17.603825848667938
17.678972010614906
17.6974354070045
17.72878912024358
17.744319332222933
17.764219927666584
17.77740953273447
17.77951470816646
17.80493657747756
17.812160897745475
17.84110912066223
17.844074081797128
17.9790354725628
17.979852136621357
17.981520252733596
18.057416346997606
18.077286597427356
18.16224678905511
18.212396125853513
18.22216088970606
18.247259273566893
18.36545099650771
18.366138749123376
18.40055686228655
18.428152984785754
18.443701542622392
18.448029205653704
18.492339940682708
18.49800837535779
18.585524571892208
18.684363703349096
18.68681180844461
18.696866229088236
18.711721785626
18.713062285968505
18.817063135709553
18.839926833047784
18.856143506216384
18.861508137462394
18.870209608732825
18.942497149674573
18.96374901157077
18.994419069292224
19.03350776192974
19.06189632720172
19.09058705533457
19.174065825586897
19.23445091699202
19.241146247870514
19.26402930018447
19.293833719944793
19.30679360494488
19.330392578038744
19.382373131011008
19.395686930555325
19.478088315697523
19.484490262239902
19.499378015343012
19.503326438824228
19.55002535853831
19.57440163780221
19.64412726084247
19.656397492507075
19.66879775016272
19.67641003669905
19.75940126606208
19.88162044037715
19.907697835742532
20.01211351814697
20.03546421408828
20.060540950447688
20.066699542732703
20.066965700298912
20.091875916918088
20.140546174842978
20.15169816919578
20.181083039335938
20.181885531747746
20.18200945416251
20.20344958612183
20.25020220710446
20.38185744416797
20.425617826536413
20.428153349565925
20.432831655460056
20.47714525680609
20.505634295245123
20.5265412240552
20.528231543500716
20.530321731609824
20.536038463387456
20.590288081341043
20.610645011802152
20.677255908016726
20.67982973265072
20.683643989682416
20.754446150019458
20.782740839329254
20.791897372785172
20.809774862579367
20.84065773609385
20.847007954010135
20.9622052274845
20.966024591625665
20.96821022404346
21.042462963028996
21.10984775140841
21.11701548182946
21.25830755099429
21.30467118160226
21.312480653838143
21.313526360079624
21.36281386497472
21.369601856583675
21.45808667395809
21.523951449504523
21.524107817236484
21.542456037753485
21.55800013369061
21.564750236768344
21.63263529739814
21.649614494841927
21.673196498883364
21.69804043343321
21.788190752740295
21.816728859363003
21.86448042830398
21.877613688565354
22.01689020341453
22.050886144464933
22.070113445296208
22.089668493423193
22.095637878101297
22.116000149146334
22.20821079793301
22.249718537286306
22.251890493750402
22.291646884372632
22.313121521319147
22.329672254321494
22.34500318885879
22.375498303459214
22.492160654525126
22.514505728437996
22.550472812261198
22.56528396985869
22.687581175449868
22.71896190354032
22.734648646141164
22.75716119284412
22.767965987663466
22.874374157322162
22.894393918287165
22.909962277077174
22.912699775093454
22.91527587087153
22.915284420805428
22.997595259332616
23.006164235192415
23.019104991289883
23.039748048892534
23.04419150928736
23.069063223509772
23.126970089639318
23.15797981109119
23.206346609935075
23.24918264831999
23.333668433349406
23.356961563010596
23.428551030066128
23.44194016669445
23.45149474793532
23.496077913935526
23.688629791794654
23.709472486484646
23.727182934565594
23.73309918184504
23.761603277503347
23.769292520919173
23.77952018838182
23.795222967388895
23.82880011776372
23.91791469233788
23.972941108164175
23.973022295341966
24.032736332424125
24.096350765678302
24.118325696663163
24.23927664195955
24.251550087237508
24.306836615508075
24.350975453239943
24.382448850340722
24.383213718237588
24.500034758924325
24.517324398144083
24.536498805994334
24.556365381606575
24.586285595917033
24.653727945367784
24.701953842645807
24.715847806554336
24.73428019139207
24.79088204372786
24.791828930106455
24.841861663725826
24.862162604267926
24.909770609676936
24.97638249355954
25.027955275024254
25.04046498052627
25.088781297424603
25.102458386992552
25.23542397872979
25.246245747497188
25.247505960647455
25.2766445759095
25.294295925739675
25.327867852878715
25.335710510532056
25.36631041568617
25.369848185094128
25.391266184410156
25.46022482337275
25.502196448228016
25.585328162697817
25.588747072609063
25.598746868829558
25.651164750497074
25.78609013351178
25.807186153275403
25.812278751467744
25.84280223431201
25.92614405806246
25.93082214653557
26.005628991872626
26.027917928161887
26.05698437801422
26.08925814086562
26.110472751208555
26.11405330018877
26.165246129420897
26.168934424663334
26.230760229631095
26.232567862968867
26.276737750151828
26.362810701481983
26.41323697569486
26.617326367194334
26.641570320469622
26.654866619609862
26.658771493628368
26.80857121636215
26.821180472284635
26.82271089041305
26.83858668441667
26.893589318740442
26.951159181027375
27.02563754599228
27.09329058250449
27.137070783718006
27.148207507656515
27.2105232864925
27.292026082031168
27.343207249399445
27.49984698274487
27.533697726720433
27.54402258096895
27.54862951761583
27.593716254105356
27.704464182773226
27.706898299449012
27.802716637270443
27.84714056750032
27.898603393581325
27.919371550936425
27.944612849248397
28.013607799550133
28.033541455807423
28.050070818795426
28.18249470609118
28.288988332947465
28.326783625893267
28.36282590462429
28.381187618834097
28.555738520420277
28.563019681726562
28.575960872881964
28.651256053452407
28.68379815961914
28.869050929555176
28.899909167367486
28.900934790786255
29.027505238904716
29.09636905766777
29.106421394914687
29.133960187685968
29.249821598189325
29.253656122121352
29.44979511609359
29.457093640104098
29.498563442926187
29.560751843838425
29.624044036096603
29.75648640992219
29.78502803442626
29.80600547351634
29.991493001928262
30.019988216612145
30.238469428282887
30.246622817805182
30.3019093555984
30.407613294089963
30.4675176705805
30.56961473390586
30.841878362749018
30.87497203522797
30.91254580343473
30.988261058989583
31.042666874108797
31.082234763609904
31.316382618075373
31.553925205287165
31.649879629407344
31.831939428043327
32.04780598396462
32.27315607213456
32.326575070172034
32.689598514610765
32.816051638135846
32.951199432597214
34.18668096554652
