0.0
0.0
0.0
0.0
0.0
8.767053620268841
8.982171517891484
9.911711945330733
9.989506444664883
10.096136964330336
10.40923291106476
10.430943525257666
10.642231259779008
11.206141295472081
11.229210137625142
11.259316486591992
11.404563683831965
11.47811975720869
11.505695199613402
11.528507119608761
11.669102518021614
11.701170467746781
11.869788876798369
11.874522356735289
12.143463274700293
12.20412375795456
12.227967733128816
12.249300876740726
12.255375517863147
12.259514470032427
12.311818878204702
12.3587272978276
12.475475485935315
12.517691363872016
12.559596946784527
12.626784838896624
12.727316090955258
12.814316309752396
12.820344740992073
12.826504793323238
12.851607233769291
12.861345014522
12.877565043084733
12.977731197028955
12.978375337612395
13.048126317232136
13.160628728377615
13.222569115298207
13.29939892297482
13.37402716621078
13.396758190504878
13.481860425897835
13.523671542662335
13.557990370214421
13.59347781487834
13.599592908719886
13.672193554143911
13.77482386262727
13.809518110398717
13.84757454840999
13.881925912398478
13.918844623143224
13.950009370787757
13.960736051753988
14.087505507518935
14.092673545105475
14.141115427491654
14.151796160638973
14.203457075295095
14.250041598258045
14.28594549573086
14.319964380580744
14.385633384389562
14.414837350499097
14.440886331128103
14.449691341602351
14.500587388939719
14.51201207814508
14.561936950164272
14.577608323882027
14.627240539078423
14.670173325609195
14.686846933671557
14.82224909609513
14.884076761377893
14.884961049000813
14.941790959507522
14.946185609288838
14.955677734171308
15.004954813040024
15.017382361079452
15.032857619469537
15.043760531732728
15.077342596917275
15.079253415564873
15.177153517641962
15.220434096510113
15.243832840853143
15.319287182913776
15.324563067677312
15.377850543528037
15.404959612593697
15.450803742272337
15.454729886677912
15.592656683669897
15.609526492685436
15.622073678289093
15.691014769908227
15.699891485550252
15.731470604618732
15.736606881111992
15.739677748620489
15.770861039918035
15.823391215778795
15.83552440108459
15.865315671779927
15.925189863169617
15.977913440459808
15.980996892248328
16.036609254981073
16.12857014446557
16.13282736744236
16.159273076930543
16.24873335741431
16.264868707515458
16.300380973285936
16.30937029116043
16.31169368587093
16.313177820168722
16.406751343545448
16.41237417869118
16.4159292758717
16.43064608523497
16.469391304052543
16.4889879326446
16.4995224347996
16.504353500217768
16.545163416629894
16.66731650481119
16.70673989852839
16.721191733707133
16.7484279877807
16.81874439245304
16.83926606901553
16.877444624845637
16.95862118024268
16.98161272504618
16.989198570219063
16.989668041132308
17.034571499414024
17.04908825088663
17.17519525241872
17.217504738931364
17.255482867132024
17.26067937545082
17.270053650753663
17.34923942161146
17.36345670083394
17.419585691969164
17.424176512401196
17.485457299226216
17.498379016278108
17.538051363536603
17.551328224266687
17.571676819262134
17.60540276016872
17.64429374000245
17.660323486320422
17.68225066085209
17.784058919200916
17.801583243546123
17.80365204857401
17.837820637900435
17.855721237533334
17.960847761557364
17.975410574890844
17.9825598045776
18.054455558986746
18.05756277751215
18.141125742806338
18.16376747972467
18.176142414029993
18.19058538049095
18.192667713065845
18.19795060685428
18.273234466842176
18.29637768767151
18.35170440288953
18.374472356152335
18.427472954933833
18.431995456903977
18.480560402704576
18.50327290130022
18.595591837843244
18.609381325729345
18.658395765785816
18.659970472728407
18.697471958199042
18.76272901322353
18.778897622308126
18.80253070522566
18.829559054352178
18.831465278135074
18.852405067176363
18.952037889316568
18.952460290548267
18.960289166265806
19.03518745007442
19.058228992644707
19.068697340176968
19.08564371435318
19.121684634255953
19.13427541123659
19.141156864106904
19.221505614592324
19.26364695244542
19.29894955274715
19.320317577238487
19.32780956641375
19.347346163807774
19.396077799787527
19.510321468426252
19.51458364935459
19.545583010250276
19.561926478867306
19.60281456036238
19.61437222943661
19.69175770657587
19.711624165204952
19.71875827131084
19.727563057578745
19.732180231302937
19.763632080109378
19.837645457346376
19.868734330308552
19.97909961815441
20.001467104532583
20.031991564765043
20.039283792900655
20.045710634941575
20.09880770470616
20.153179440607087
20.184263182561814
20.215637239066815
20.258982281665514
20.288142118521133
20.3784889855643
20.388167109567018
20.446276104385717
20.472378917879432
20.52081088552546
20.529023496696222
20.5314434141888
20.549180459648934
20.583576751871366
20.5937777803068
20.680809378437356
20.728989189477247
20.768739732220457
20.783328597766005
20.809445505380587
20.85103008554691
20.870162955562193
20.879743804752003
20.93511168338842
20.943290971166626
20.964485082774797
20.999694506693196
21.03619311248501
21.07659256818308
21.104806632052767
21.12820770728828
21.16172301746769
21.193375515318817
21.199300924100385
21.211570961449823
21.315051246219912
21.38521145676871
21.438960727552775
21.556548656136705
21.580172741557952
21.587886118483667
21.634704741254208
21.648122896058794
21.654425324933527
21.665350476358757
21.68972232898169
21.794294277617613
21.82395202444663
21.87126344891916
21.874228442483442
21.889388403938035
21.9614244699963
21.979539963815295
22.02634058890436
22.05021388930811
22.086323256991456
22.147642619132558
22.155566812330825
22.225184370882317
22.254039414984536
22.26140324648082
22.339680107810498
22.345161162398547
22.353502788123862
22.3898555976153
22.398037285407316
22.416231516293532
22.419568737616423
22.446958393257404
22.467771435878543
22.485741669406654
22.608858346047267
22.61370013970412
22.659842105617557
22.66803485217787
22.68331613400515
22.755211019791894
22.87571316907876
22.89327659207638
22.90151062216671
23.01493289740466
23.041561018232624
23.04914973800671
23.108730577153906
23.12016542138582
23.129460024123578
23.149579108323376
23.15607398739231
23.17683861382974
23.232726474100595
23.263368469133727
23.297181445082963
23.299856617487436
23.43056789315785
23.437667342410233
23.43848411668274
23.505569778650734
23.528761397115684
23.530352773911154
23.64422268547985
23.650535205042367
23.66493900079594
23.723247310892017
23.748909214043547
23.76177910010932
23.873458780733667
23.88605655437089
23.968053983718686
23.985380027764634
24.055892130652733
24.061846999060332
24.096954992607458
24.119661533285
24.14537405573041
24.182140186913507
24.18690479422885
24.216973083870652
24.279340435497573
24.462219822701126
24.472607368570326
24.50348991093813
24.537688506814362
24.556540519214064
24.60312638609935
24.624471377831807
24.634556596432812
24.667533926848822
24.697726675732252
24.77524200798176
24.82368797102297
24.824666630202085
24.845244367339475
24.84621705686709
24.851491433721662
24.887029715881084
24.9578275908872
24.958676783588896
25.00128690500329
25.014220568969105
25.180011770052637
25.184605009553177
25.204274508419285
25.296386246515265
25.306635534925213
25.40234873457871
25.47802956917503
25.481115554480713
25.556877402673617
25.559670779224856
25.618655019433913
25.654704442156156
25.77770916909271
25.8103266898854
25.819897062801253
25.86229920244357
25.89213365339241
25.921174801248576
25.969475244178057
25.970765558019878
25.984874943407167
26.061937718225753
26.082112005182566
26.247786785353615
26.281943430472012
26.289652551516184
26.291674099810226
26.313742067622247
26.342279602340973
26.352844724713304
26.571094045076777
26.594543178444027
26.597312487350713
26.675305954282134
26.731359251755432
26.80887368668511
26.812054643304478
26.822777534594074
26.87041944113359
26.87589801180944
27.055565968457085
27.071433071952434
27.073801111127633
27.11439705293954
27.180752205747535
27.190598028212932
27.205736691915394
27.218053275462143
27.219353674685422
27.359392973190833
27.371373530598493
27.483500724619358
27.517026881413138
27.633492505691787
27.6364775633285
27.680688453748097
27.76696518974946
27.867753285640205
27.88275015595522
27.960056858290816
27.962503121329433
28.013300300367412
28.06942401991437
28.16515381183092
28.316635453863668
28.4684177585758
28.4998678155553
28.503324998408758
28.528371396825403
28.58316912158416
28.664641664977427
28.813362612865333
28.90868619890472
29.047597177455383
29.06767349847639
29.18233434125593
29.185670405254648
29.354461121629054
29.3705844581946
29.558537655397014
29.617005463146178
29.703201883298263
29.719298904457375
29.75313382985126
29.836547998737
29.842599093764086
29.908513853211357
29.992776035107543
30.10142115955618
30.233580474973156
30.279655693701393
30.315352734915546
30.348394707780113
30.39925224619415
30.54275149344061
30.557365566398666
30.598484782704073
30.94494117405461
30.961918607243614
31.147963638520643
31.23549459148659
31.2705968436777
31.283122801207277
31.35809163107308
31.402999259937317
31.66019158457634
31.72775661686223
32.09598927972372
32.119081618464875
32.16505541729008
32.432031759812645
32.61646738060988
32.69084143469422
32.85143069713464
32.91521376836101
33.654658973762785
33.812801176814396
34.37852390640427
34.8203132464993
