0.7759163622546927
0.8718768198973309
0.8882610847777264
0.958790594682381
1.0249067498437596
9.488044626883207
9.819197370329936
10.727065982013771
10.791826805484602
10.891266696064898
10.977442007526216
11.326218628439085
11.367708496680512
11.450852470284335
11.523991542510654
11.580180102076033
11.610380695699298
11.632990520075257
11.735510662022444
11.9214051363412
12.000641412195051
12.064115153793995
12.070645408489145
12.149438157678759
12.194817729957299
12.361347405883832
12.406658775785582
12.459273286733476
12.56399273944163
12.633896638109595
12.6563079693325
12.700984348742496
12.772997714502008
12.828331396976168
12.891596039016274
12.988638661094939
13.029569542325726
13.082929679129405
13.15031406248555
13.199798862819739
13.208573523934495
13.239656566642239
13.289324579893847
13.461880530301094
13.482487668862671
13.54162488814138
13.604101344919014
13.62728848964937
13.644562628817642
13.727877951878357
13.753979413335095
13.813300343368505
13.840001716032116
13.891877699650017
13.923016955665906
13.993124165060369
14.02713610651152
14.068692872136113
14.120830628908172
14.231190528404653
14.257370297760412
14.315104810171382
14.359610376340507
14.416809632231821
14.438987620554187
14.475237987334507
14.504928174317515
14.517263078115468
14.60776861702492
14.684117677235475
14.69984341330793
14.722097674919677
14.78562889380345
14.791024344684208
14.818071608349936
14.863572148814743
14.915017457073391
14.989470335516312
15.030391224802838
15.053447755923827
15.103567984172575
15.160477859067006
15.195004276528595
15.205809737776034
15.246722071916672
15.303306307006046
15.335120068243763
15.363687398783155
15.385195301885995
15.428940217424085
15.46427658921248
15.479029151621521
15.531971207542364
15.586494762761232
15.589773114592715
15.628354560643398
15.641233666090358
15.6742487588018
15.695317645685893
15.776978658428048
15.81254140168177
15.82962072901332
15.867111376797604
15.939607836135902
15.963709142401095
16.010317102297297
16.050775707568445
16.116029502042576
16.13676981043749
16.157436009252663
16.223700564442257
16.23727467181586
16.289294178049396
16.336716670803813
16.355829470176282
16.401755457525454
16.44117821316539
16.48626142828887
16.555107690233623
16.628379768429834
16.63719674818355
16.68296572365946
16.701793734362415
16.73386061876879
16.77278085270779
16.810214352790975
16.830197073435006
16.879959841332102
16.885785624395393
16.943269624765087
16.985807324133216
17.021934944045483
17.047207516665832
17.083520877162208
17.104969403462544
17.130696418744147
17.181194859144224
17.1954194355474
17.26654332576642
17.279026730240297
17.326146215803725
17.369533729316537
17.39711984758422
17.42985893275606
17.45713553635203
17.50674261614978
17.513427210170125
17.534268459357957
17.58092687428053
17.61812487400683
17.646847731004087
17.651427487057557
17.719390674051265
17.733321572318573
17.786584389422227
17.81223074527598
17.862287391556816
17.925714182138663
17.940593945842323
17.97236895555668
18.004627425923708
18.063380665803738
18.10022419785893
18.14779454490693
18.175603259241292
18.18756290294233
18.205347670431735
18.25984586540068
18.27011717897452
18.29137659524466
18.30190674253537
18.338965082673198
18.37773660444763
18.43380852807749
18.450303701529613
18.467615707908227
18.488248920791865
18.521699952503866
18.55504406035311
18.58534021823507
18.645445113437166
18.68087941344879
18.71376797752209
18.75994540268416
18.778751648594664
18.784988481358205
18.800332805159815
18.867769294845885
18.917702591593997
18.926621582350382
18.968665771437273
18.98905862069706
18.999932212689615
19.03275829983961
19.040661312096077
19.070522005598193
19.1431832195333
19.1732270092907
19.17557400872546
19.208832952063585
19.24010763102708
19.28459161482952
19.308694999751314
19.34451246987754
19.35759491018471
19.394905104090405
19.424846245720495
19.45050739202763
19.47473366480559
19.536653124288488
19.564099869979554
19.633442788431097
19.68410323450705
19.740393360381532
19.764656759308497
19.819723517885627
19.85165437496639
19.864834578065036
19.91284664104748
19.93376828543666
19.97152591036233
19.999707980572968
20.023784476360404
20.12229710306981
20.12578370209373
20.188220992927494
20.200135636542825
20.226285564660618
20.265207895630297
20.272097696239804
20.30117875051869
20.351012985594576
20.3949825823967
20.429838966961825
20.44226346701267
20.46646394966219
20.484144338353932
20.541028321803296
20.552355999882014
20.5941095093891
20.602363414848735
20.65218519736174
20.68401585796279
20.76862822118062
20.79606324282396
20.826705519120377
20.87184903299634
20.910879365925506
20.947847573424063
20.97949357375045
21.022002734342728
21.03925945353155
21.093760607418584
21.114917562165882
21.160186375214927
21.200347519106796
21.2426449055163
21.266411160139853
21.277135513328712
21.33794908696792
21.35512109108936
21.38756847630948
21.45621106741302
21.51680840750693
21.572979936873022
21.6397377121316
21.67295150651184
21.71357334390388
21.742847974394902
21.773179439530168
21.776365461253132
21.870210084743277
21.88223474919558
21.90772939891687
21.94638164323832
21.996388152560446
22.038936465531233
22.0670150183108
22.08644775293033
22.1116892610958
22.17714343346831
22.194014318021416
22.244703413749868
22.277495274333003
22.28575734353492
22.337259501207924
22.36886201991496
22.390073613221194
22.429815911612618
22.457389743105622
22.487470114492623
22.52846569603113
22.5440284618846
22.593013757853495
22.648633682764505
22.660204521874128
22.68756416386688
22.75495744526982
22.768280263905922
22.787071026104876
22.848759273820892
22.854264644540578
22.895038641823696
22.93458880276322
23.00508800069224
23.038673635268715
23.09714445859172
23.130022378071374
23.164024022007634
23.18811471101693
23.21046995735406
23.258205970482493
23.261102087711222
23.29382706036527
23.350577653753064
23.378626084977945
23.381468047758414
23.409374442904177
23.460638004566295
23.475879787078917
23.493837851070527
23.52611218134505
23.568744081229962
23.593569223548407
23.62193354089076
23.66851522744416
23.695848805145737
23.72825820383016
23.75002929092457
23.79503227712439
23.854644404154435
23.892190719230555
23.941197485347086
24.002547352218997
24.096798537194665
24.14410869731339
24.181413540568304
24.209700377376393
24.23083384245978
24.297812079960593
24.313275002167043
24.353325717199443
24.389140434771043
24.415705247311877
24.45672613869237
24.464852765279222
24.48674850760021
24.547230505018856
24.58257185571787
24.647873522532258
24.656704029833016
24.694760515420402
24.739288486607958
24.769859341232305
24.806386375892522
24.891166397427554
24.93543001601618
24.954918208071472
24.982681559342268
25.001510721756812
25.034082388324205
25.039002279884677
25.09237461563951
25.174742232082515
25.217254601256844
25.233494842964088
25.26606797934803
25.27547504712585
25.314882479303073
25.41531798516013
25.45673495368382
25.46421684414855
25.50595059256831
25.5510552382738
25.570392755579455
25.670667175639412
25.680441987396016
25.758463823249393
25.785433916213673
25.808283533731743
25.91342045457697
25.93263894043913
25.97100996340837
26.02872402942739
26.05991456827892
26.10654603934887
26.125534481632293
26.2008069224562
26.23878903302791
26.251376480318047
26.31802238657388
26.339450187529494
26.395522279228253
26.45374199560552
26.504171128623536
26.602939893274478
26.615472676167567
26.637094835411812
26.721857860212097
26.79812227056648
26.858827784948147
26.862811532616412
26.92032610542155
26.957231903507015
26.995157034475277
27.047498216001145
27.104210102896342
27.15083443201984
27.17139319447994
27.20396462791097
27.27260029390172
27.303503088649755
27.32287554347147
27.379204414823484
27.428617170947906
27.502301670649068
27.517180015440967
27.599293709912438
27.611712701533634
27.644618405404504
27.68064278442769
27.781278620493044
27.818266882077197
27.863608834835446
27.943472318833926
28.027534812864054
28.051712220597654
28.094683931153376
28.144324106176125
28.1858230156487
28.256438064651036
28.30531429730488
28.406014757460234
28.462437074630316
28.5054224420873
28.529295776238072
28.540268884771077
28.60067894095851
28.618257844003846
28.659645074949815
28.738912033102558
28.843554082825726
28.856106361426523
28.96113262461486
29.019341037666717
29.033913551794456
29.0990376071054
29.117562095463352
29.16719142433728
29.312634767933712
29.401251423289917
29.449807446057747
29.491367252032553
29.54564967490775
29.620832057835408
29.644398136135067
29.72314431124347
29.766165458886785
29.829831158081756
29.94408054113561
29.963275420297265
30.00860096642893
30.086149379902654
30.16855176663989
30.215501884421744
30.30072525375162
30.421113551080563
30.503688665785173
30.52636912320009
30.741412734932346
30.808199247955596
30.917292726785043
31.012035128808233
31.09515463897629
31.095721250942656
31.166116158123614
31.28831975789078
31.30133407550452
31.444684358009063
31.624431515997358
31.740539637630146
31.85742257395081
32.006004006714534
32.04197379559108
32.089917062662074
32.27419452253859
32.32210421477247
32.46026019074231
32.6693291989482
32.75017013778112
32.88651273026543
33.02821816125927
33.377028937125296
33.84575050454983
34.02778231928939
34.045939158576125
34.18279880562961
34.65238059228742
35.333902686688454
