0.0
0.0
0.0
0.0
0.0
9.529904450387006
9.67336460659056
9.96562586409713
10.308119500579748
10.338568136378328
10.393618539884946
10.52497701603691
10.599336263913388
10.702241803527642
10.801333281200792
10.95059062677213
11.166438874211508
11.24199958968717
11.31106361151162
11.371727781049005
11.391786202321299
11.509429148444392
11.53199062312465
11.543317826942939
11.735729773190359
11.741037870830663
11.751383253060732
11.805019811574084
11.869035023286855
11.913684461019562
12.015323672811578
12.095195189994921
12.116178559832651
12.221655547361376
12.253492847603322
12.39762501613917
12.4670265714117
12.509076686626509
12.531966894871424
12.56297602217779
12.63444887339991
12.642553521195914
12.66827984951812
12.669006032369095
12.82668073570013
12.904296180555201
12.909351374054935
12.960245058796863
13.046666335191466
13.049300007359536
13.05543929151202
13.137352320464535
13.14203834992072
13.1912349893113
13.267488758987596
13.292984030359237
13.307426026373385
13.405279800660647
13.438737724788588
13.507654247246856
13.611331165716688
13.640238684289612
13.667071015963002
13.75189839835785
13.79498003655903
13.810095058353378
13.813551125204617
13.814240403876777
13.916787809340374
14.01556741534561
14.027235796997658
14.049357210468948
14.102718698834465
14.124531358073257
14.139720888958644
14.157674505174228
14.19794625064504
14.295341636555913
14.303887272570567
14.31524655981594
14.358442001336794
14.404083824923914
14.434039727568907
14.463204468358686
14.484020166139825
14.543805154504147
14.545466719303416
14.644545864741513
14.700894792912873
14.706811886917807
14.757876206561892
14.779708756554543
14.842194458544533
14.87241621005442
14.911257205555971
14.948263490590193
14.993773311483833
15.031703402241748
15.058295712778017
15.075779594700156
15.084736351884724
15.139997115998689
15.176545013064993
15.256643617073514
15.277822975516028
15.289547536370577
15.337816584912781
15.351360463567536
15.482463250532085
15.549671379379976
15.582153120798257
15.58628411066136
15.618831809655363
15.695983042827972
15.717703371473181
15.737419802997277
15.762498501920485
15.79278764905305
15.83811119214836
15.858369306342777
15.910178284781392
15.936378923195923
15.95130512605541
15.960587384312838
15.969193509354653
16.0802744530516
16.107611280086697
16.11865807466813
16.143566796332678
16.1747373337101
16.22759828070862
16.244178176819744
16.249868953844015
16.274486400996143
16.34216243977744
16.385370963772598
16.441309651131636
16.4833559588226
16.52128113823687
16.596586991078503
16.59822418455841
16.657104960571164
16.657222991236203
16.670649404373673
16.715591954081503
16.721640089092148
16.762015978185232
16.789912049536834
16.791107382073626
16.841826043657033
16.89497760836068
16.90941202804827
16.928569654435393
16.928887564136765
16.951378996468517
17.02070611649254
17.036113424850928
17.044045520988146
17.21931604294147
17.295415550157106
17.301527112038528
17.329892814538614
17.334743441690005
17.393093288562554
17.450838410231828
17.455916077698706
17.491788705185584
17.502633803294742
17.509261495282885
17.56736870360758
17.603656227325896
17.616482854814986
17.61932335808935
17.647492163987675
17.654981051195936
17.661641282426338
17.71634935815141
17.766407359486916
17.782771432099914
17.798561514240603
17.994200355420475
18.003563759944093
18.035927316501443
18.037892973881323
18.073811339221535
18.085515997555284
18.11803547696461
18.13675964359024
18.166213035898032
18.211123681695423
18.23977171227177
18.307799511890256
18.348283757067797
18.368999650543763
18.462397671856657
18.462898716014394
18.475061120828187
18.532470357071023
18.54407981500435
18.569517184025695
18.58941733585478
18.62077716096327
18.62915988479698
18.688793490094916
18.746894317483218
18.789367820039406
18.84960702774705
18.907451996502225
18.907727436250116
18.922596195032476
18.928466888760607
18.971956723793003
18.985911894809483
19.003990003438876
19.04530570401766
19.07133215183304
19.07610795857913
19.127477803721398
19.214378591193167
19.242343534853745
19.26284416256721
19.269567042591323
19.28485145635761
19.29536022628566
19.43327189963587
19.44894689149366
19.45191525011746
19.498631437935884
19.50018457251759
19.533523875807425
19.63479893266328
19.65622560397597
19.659896466901007
19.684458535570364
19.685333872294073
19.749105015654592
19.75193529881109
19.87686620580772
19.89027594295333
19.93476581105081
19.951138233006827
19.969956989780307
20.044022439647435
20.08559500617281
20.143746437905204
20.151187145877167
20.173205950490484
20.188941457279856
20.219158772610097
20.263440338100178
20.289173072007305
20.30594018763273
20.341023362437898
20.37163820693996
20.446416716351372
20.462029934479478
20.46961027760211
20.503685881346616
20.530983373507347
20.600031439023084
20.642273538514914
20.66473246600696
20.671432181765436
20.718400233559464
20.723476037650922
20.77522757970073
20.785891016707
20.83642586932034
20.910601119897283
20.92664648230021
20.946510063256405
20.96107305507661
20.980939550207985
20.988821570526632
21.030056099596383
21.10501553619548
21.117115293862486
21.122120583515187
21.145294768733784
21.149481250758946
21.166879399817162
21.215845414733927
21.299686869636634
21.35299807141111
21.365990452117973
21.404173574426473
21.417302843259257
21.424025156135215
21.432290130638975
21.436365531755904
21.54882967462545
21.575040397684763
21.59201822622877
21.70700091995751
21.79808496788336
21.81277078244397
21.847511971005957
21.861095181792148
21.86611875756154
21.915978893039746
21.939584266320132
21.960998146545997
21.995526484774437
21.997712190353205
22.039051132993375
22.079478530557
22.12164227670084
22.124607905665144
22.143350815302433
22.14835310136665
22.25210678936587
22.26265866597782
22.330272126790142
22.41430719263555
22.4227108818071
22.476662455658335
22.48290798930451
22.53852771915078
22.57092548012246
22.577284674211914
22.629992560310626
22.6861561190991
22.72339877822143
22.744457788614294
22.783515746580864
22.78594030548279
22.819464901562323
22.842977246933344
22.88382411192085
22.903591426840478
22.908627837530375
23.024109106821303
23.02779736451971
23.09909371076625
23.208891505049763
23.211233111404926
23.25428331493445
23.254805416721823
23.30125220991061
23.347462316720506
23.371093672810446
23.373978086330634
23.416892932081506
23.42089969251991
23.481928251143774
23.536916287147765
23.56278917350317
23.610635407313733
23.70494483167707
23.75649729727779
23.76711347875163
23.776615057712846
23.792644156136006
23.821974746582043
23.882347456359863
23.934493242198524
23.95056166518395
23.95927760635075
23.986132638058237
24.02467269413835
24.08549856696158
24.09735702567231
24.139165436934217
24.217442178662388
24.290458799591864
24.294853586370294
24.32673771303071
24.3567963839074
24.372356157753906
24.376834884721273
24.391066395780435
24.41190233860196
24.431036863794585
24.49909008719745
24.539198376717906
24.66608581824763
24.673005412201192
24.740306812758327
24.78595608919645
24.79080650949472
24.79647072797927
24.859489407566805
24.859687295200548
24.86554427687404
24.932494806650666
24.937097786065905
25.01816796978984
25.08242095182847
25.156618423332034
25.207686178299625
25.218480473791413
25.231957010242304
25.32962581269507
25.378239802765545
25.438526255550613
25.45613278257726
25.47439154405912
25.487174604491837
25.56947428043021
25.61499120623427
25.633970670303167
25.639080221814307
25.708368398320466
25.779170895285468
25.80459519488904
25.82558234680777
25.86396174755148
25.88097104875086
25.9344275855578
25.985995745102066
26.063610602867165
26.070459013348323
26.084889031574505
26.117292113476047
26.13578530607403
26.204776871895767
26.27238699743097
26.390937673673566
26.407213464899854
26.52398211264663
26.615393530429603
26.64272851005839
26.660768759894733
26.674651118852832
26.688350689646256
26.690868532155356
26.775211481119843
26.90069804004278
27.02273346538275
27.024893837875442
27.07499604290108
27.09190131006893
27.117236828745842
27.16618691377828
27.168734051971395
27.197498964380642
27.275980610649064
27.28614548772159
27.362566488839537
27.421303305799
27.554820715840403
27.617411567000627
27.68126702816704
27.705255190807616
27.727424979157746
27.754890545279466
27.766958088424833
27.788193968972855
27.86838275904564
27.90369283588356
27.925940907757415
27.949437962850727
28.09206598648659
28.117527797180692
28.19653298726206
28.32384249826203
28.326391369949235
28.41125611678322
28.41408083624899
28.60045258569867
28.615810884390626
28.625758554239898
28.75033026769122
28.850507757503433
28.856224816701157
28.89664884084049
29.051360484711967
29.08093047048185
29.149600010716423
29.15909795135744
29.167003943489608
29.241761987709985
29.333381010473232
29.457919917749344
29.518740284604778
29.644509720203878
29.71369991333721
29.728265350275198
29.85710926267779
29.92528982348126
30.014378803249855
30.093451280293756
30.238293428673792
30.306507535174262
30.317907880001673
30.416385885398213
30.575871099817107
30.584027080840457
30.67986158227339
30.921388573264885
30.956403767169046
31.107844652684843
31.45850832859701
31.461574228781103
31.815267645195586
32.12668564764432
33.23380173775723
33.28115449137447
34.37481899496434
