0.7624291118557653
0.7819548821007525
0.8611839643365151
0.9212253598140749
1.1042477069347079
9.096431879316293
9.299311484041631
9.411429633896978
9.714561711824235
10.049951541304607
10.446792925073542
10.82610924110566
11.071643707573822
11.185448016821837
11.515624719545144
11.789450281930066
11.967490716040787
12.038400265917131
12.046605443988687
12.122536965840544
12.211840461651454
12.25840654866363
12.39745670637941
12.454362596441753
12.509355577151448
12.566059120756947
12.593301307721182
12.68995653901558
12.757553093786369
12.783372288583022
12.794052521786671
12.852120855562552
12.880100940912666
12.902878499731235
12.999228863657505
13.069697869268069
13.138146508990646
13.191918791920434
13.212926794188018
13.291349743934287
13.29857164445691
13.333596153247983
13.373878456465212
13.439683947539091
13.463238800527114
13.53861608586728
13.637408526355207
13.662292391361513
13.743460770777025
13.852438156840632
13.878012087589596
13.898900938767488
13.926100298832646
14.023158999739412
14.054211116822314
14.090018622873467
14.223701059003533
14.24809690163565
14.263735189530507
14.284195006683646
14.345958440716533
14.440712039268213
14.452084557608336
14.498934948897222
14.574003981332943
14.636993871434012
14.65236374182853
14.700593600956756
14.748050588758513
14.762193860810232
14.798022175550091
14.804344811615003
14.835936297987692
14.909267529270133
14.951762126261835
14.969406494637225
15.007795400652942
15.074557586830483
15.106979534851922
15.120765777020251
15.166044243457375
15.200860516623866
15.231480035205212
15.243979417949483
15.278658473461077
15.354071427135398
15.374869804601486
15.439570223053696
15.476270406829398
15.50881773178474
15.55413454709209
15.594076563339597
15.607569248357569
15.63252862936063
15.693741400659562
15.754364347845005
15.787831423181052
15.825405445877253
15.856618633249978
15.888964181509959
15.913066198927384
15.958968964070777
15.971762757665351
16.0206378303824
16.101644216020397
16.11522586387975
16.17466946002802
16.195166243773752
16.234696817801648
16.278892009746105
16.306839078538296
16.349837615029433
16.40092587580239
16.421279967932442
16.436138384993072
16.47353613103348
16.51333792078094
16.534085288326505
16.562687075961694
16.60965324445254
16.623912159114823
16.673287048632872
16.714347039257955
16.771176039139995
16.7852785521529
16.80962077239216
16.86939241560984
16.90131705286294
16.90939764218943
16.936202612971115
16.971221779297537
17.02544370110296
17.077387954560685
17.08865409415808
17.119309343946686
17.136236207233775
17.17406674927307
17.230711572346276
17.252593355529203
17.304603284039338
17.349658182223948
17.392053107956748
17.408152897994956
17.474328063666782
17.486203552691904
17.542595419253775
17.558900193397797
17.58190793288833
17.635288655662183
17.68370457328836
17.7188905817016
17.736069081461434
17.78572808924506
17.84606930407035
17.889879787543695
17.929520955988238
17.934243935059335
17.990329578850368
17.99848997430864
18.03167210898427
18.060032784453096
18.100900332441178
18.1388006169696
18.170464750582514
18.184664277568874
18.243129898593097
18.263741911473776
18.29665403295949
18.331451173335356
18.372951733305634
18.389899731901235
18.416576319110543
18.435463083492067
18.497946797446453
18.53424488311864
18.5664196723647
18.618634996528886
18.646623961282856
18.666220166680954
18.72703034782481
18.76089275437524
18.77604258131978
18.788345361511023
18.83281843735531
18.865270891303485
18.876362587044856
18.949812455167397
19.01336087204403
19.02581913235745
19.068684099122223
19.112122832061004
19.140750015383134
19.177912933061254
19.20962807354841
19.287320993888954
19.3109716335915
19.324914385893155
19.3456108907609
19.388898740391618
19.438402945085674
19.469006709937897
19.52006721143643
19.549522189649906
19.5666382882063
19.58642985079963
19.605570174271605
19.62392447489584
19.674240273987415
19.700929523930082
19.72579561969274
19.754420571383495
19.814032048574465
19.864669819373198
19.91923777182643
19.95099177695637
19.977382310030578
20.002144815199426
20.076640233645783
20.11932120168216
20.147274010960952
20.16142014704346
20.22956048337804
20.253424628270118
20.30102787955477
20.315871120158086
20.383921269226786
20.41650717919483
20.42092544437546
20.459463750041344
20.514475472206264
20.58588546695723
20.59699685021809
20.627464901771898
20.685581239859058
20.691901157475506
20.72351664025729
20.754160428893496
20.7968731185347
20.80142462582752
20.84337224126296
20.876043315447347
20.90141616290164
20.92542540844395
20.953109492742986
20.98182331672027
20.998449096384537
21.040706220342546
21.086941388897795
21.093236036472174
21.119675237438276
21.191045282089647
21.218286270179462
21.249494225446803
21.262941256402524
21.30941895444265
21.363096992239477
21.37452846534886
21.438423985479762
21.468599514982483
21.497195939195077
21.508421881739938
21.54695710353875
21.59382051170049
21.60819348486698
21.625784105317067
21.713409594909262
21.748860162375298
21.783508427459164
21.79428591985522
21.81997400537741
21.84411401846082
21.893548504109244
21.915767032230885
21.943882908794404
21.970999874298204
22.02071418705053
22.039525384369522
22.05160640063799
22.06742629034208
22.108616369859284
22.121968187983054
22.217361488018188
22.248321739216237
22.292588304545387
22.311369125752076
22.364098437428517
22.3716001238189
22.44609191613222
22.489928123622065
22.51257965406189
22.545167573849685
22.57621790136401
22.614416529546048
22.64204977611692
22.68463917487465
22.692015935785665
22.728564260021656
22.786003942957155
22.82066168094693
22.834651047960968
22.898516980387136
22.91780097504229
22.948237526397666
22.9883592880179
23.03255853067588
23.05303347963743
23.15508366221857
23.169530690837576
23.228687604500045
23.240547756866466
23.311617018867974
23.333902782373315
23.351380026257345
23.367295949962255
23.38984765265417
23.506946939574398
23.537335961242686
23.571134760157292
23.594943745386292
23.610154233654434
23.659219678701053
23.684143735232983
23.695202017030468
23.731988237792645
23.761822089568113
23.80682049589954
23.853064866659707
23.88140702254413
23.943402423698153
23.972072828146093
24.01425805469631
24.03243823743419
24.071631582611804
24.11330190290654
24.163742055407692
24.17642158846023
24.266022158024086
24.286635393443913
24.31756192310591
24.387300437344123
24.398565260268228
24.424638498503
24.471821653465
24.492260541702617
24.517146077935926
24.56207924527732
24.587129253875172
24.618489272174262
24.674883653211886
24.71313877589331
24.72853418977238
24.787050655676357
24.80765613407409
24.83668446998054
24.863891715690894
24.90099166242932
24.931200518713176
24.946168955145676
25.00926105996998
25.021592686844713
25.116291722493532
25.173878713437542
25.194742992155657
25.230168813759164
25.269248281409453
25.30411904770309
25.328998501761657
25.365657481824623
25.419294040779437
25.465137922553584
25.481576162441517
25.50011825677369
25.54496415405178
25.582419734219467
25.627077266723653
25.64928051326807
25.70463305082054
25.72162626403621
25.806445194232968
25.831579210674427
25.87532842629801
25.903990709928593
25.975292701412314
26.02330881352478
26.03596085671295
26.08574370883905
26.130161717211948
26.192186645907643
26.209271347077287
26.27608851851892
26.28909317328289
26.350442909250027
26.38777316404412
26.4758278014868
26.525973133656056
26.557641757033547
26.610728899741968
26.63664695805158
26.64838226230992
26.68713056330021
26.712264397418576
26.74015551373296
26.77509416081958
26.8287070292469
26.846053087830995
26.90900313199398
26.937474588270796
26.972845821573138
27.010684074798217
27.047432809610555
27.126870946442963
27.170013833580047
27.21751356002414
27.270737320718844
27.2847868018199
27.324930285692492
27.35895009653729
27.421348840847223
27.504786235171757
27.515045432700965
27.5244249962297
27.615122353081162
27.652694855286782
27.712980055659564
27.736783951790024
27.798527656311787
27.875988484773544
27.99793657350114
28.03831064374342
28.075561361073504
28.128030125052554
28.18316631034632
28.209196508887178
28.281895097890747
28.338012943465696
28.39993090414881
28.434135817019435
28.533388915521865
28.570302430513582
28.58330047026581
28.641352674181526
28.65534760479723
28.851268457530505
28.86696512597875
28.960906819305993
28.9852688266039
29.01539143144506
29.05313761747594
29.119775351291487
29.20621840640002
29.218971778408395
29.30952140596006
29.34879375597655
29.47081250298699
29.489186876979133
29.576169004262255
29.644172463457085
29.694535191711257
29.727959176136515
29.82573083372253
29.911639598877183
29.983902253296698
30.010715749708872
30.09578644475059
30.15335839813329
30.20062006970071
30.311594856699625
30.391726916292438
30.506952544776713
30.544006411505556
30.67515798232267
30.8328295134477
30.849752113095015
30.87425684540517
30.955582156132053
30.988407745570264
31.050642143543552
31.17308984872892
31.208702554674097
31.365726109099615
31.41406923774628
31.423997262345484
31.50462313624155
31.663682300471574
31.884117377075732
32.00148118854378
32.10013994386506
32.27130273464338
32.4271452518096
32.56626645430228
32.69860476002067
32.96246173831593
32.996701896324836
33.107608524262986
33.46869784520499
33.65724790085349
33.81735724878748
35.39761916456991
36.31467871523306
