0.7671358522203149
0.8610411407123227
0.905635662673095
1.0051527220134129
1.1356276110134076
9.893977279703261
9.97123401267949
10.652636433194884
10.789477614008467
11.275603843662905
11.320584062602169
11.404625544143899
11.73240786844679
11.770332895596281
11.899838529186852
12.090059242490431
12.224280345625203
12.254145889599204
12.379745392372637
12.439510155508376
12.462911811413177
12.620747697746726
12.713719574737764
12.765386426081548
12.811935024948024
12.823294824252653
12.86241802358817
12.980092018170597
13.061546629198661
13.114828322363547
13.217913363717374
13.235743454949414
13.284057006675217
13.33125121863347
13.394826810103956
13.423840252012411
13.538717664745999
13.545733578772879
13.596872735977309
13.629534310983974
13.693212228290712
13.732262947377306
13.770668230574953
13.832703776941196
13.880766033424603
13.949483232712442
13.95388490454219
14.009149468330092
14.054247487625267
14.098854522974896
14.15239609240338
14.196479987481583
14.237176931984587
14.245743052125563
14.322841201659859
14.398691098889065
14.468207718497696
14.56408583820635
14.574434176677673
14.613515483268293
14.670798990206233
14.690545490523256
14.701578369817193
14.726810833512939
14.758353618078552
14.779037771517244
14.832434116408749
14.863161205306003
14.94675932367261
14.980146581958087
15.028027949100267
15.066694301174755
15.082886960195772
15.135220158997564
15.161808646253755
15.182742555068897
15.225175898568438
15.250368987552964
15.271126097672425
15.322669067576902
15.348784587863967
15.39266222400132
15.418869682769623
15.436435383131347
15.481975676703094
15.522204735803314
15.553053645825374
15.573731696181426
15.654056676879454
15.694322593781031
15.72768212372198
15.749579485874406
15.78217463258876
15.794921689517604
15.809047691885006
15.915751559575662
15.942395542682608
15.979206838875772
16.041064372855466
16.060557173541508
16.087519560299175
16.126931158327118
16.16232583035007
16.17995372410954
16.205763734620913
16.244808363489824
16.311622349219643
16.314812770166142
16.328078325076913
16.40710618078233
16.41493635193589
16.445815651541263
16.462324286393365
16.486739237154776
16.557372011007363
16.593978046287674
16.617624661713556
16.65716889674741
16.71524424936854
16.758316663942914
16.78263479418566
16.823972819242186
16.848507220950683
16.86639575470161
16.909858302274106
16.973423389298222
16.99793030376618
17.033585959769468
17.046604557181467
17.07639547095351
17.127304770299222
17.148339343994202
17.20845239446373
17.246412014933494
17.272699395691035
17.290850549662554
17.292983059385
17.339132657628916
17.3608846563834
17.40222036151081
17.44660113061843
17.505050763319982
17.538852969799912
17.61841641644648
17.6355048090451
17.65717959547736
17.708720649067175
17.73563728633256
17.7714176319806
17.777864769821
17.841631548443754
17.870625008431396
17.902702442719974
17.92027812259684
17.944321325239187
17.965098566584118
18.028154145137528
18.068931133997342
18.121402180054467
18.13945107301801
18.189418787476992
18.230827481970586
18.267922319197872
18.361183755253002
18.371600929573383
18.42295218500166
18.463590318512725
18.48901688480833
18.545086567912808
18.616753255370522
18.653992573800274
18.69563180240784
18.72084779901792
18.766443098031168
18.78267064591464
18.799286988162812
18.838910400174502
18.855030071901528
18.885508780347383
18.92612304710749
18.98380462603045
18.99508009831431
19.015756279431727
19.051026490259233
19.087530234920234
19.1151825386334
19.152729841525172
19.196042719230206
19.232936026510203
19.264835286275247
19.292051159428084
19.328711300242375
19.34191604281434
19.368858202097453
19.44076805188897
19.451800126661578
19.46015063630345
19.516618979700983
19.529402577548336
19.550378995081704
19.58058647280638
19.6027173302512
19.617059299147595
19.64049128239808
19.67733827772318
19.719658411220863
19.77233195416803
19.782565204246925
19.812690354919113
19.822888156819673
19.843339133336887
19.915408314817178
19.94184482370359
19.97806696365228
20.033455802578597
20.056936700640783
20.093920515953467
20.10368925424476
20.14663901256508
20.17294043721699
20.222803415025513
20.235840982464737
20.252159236566253
20.295359017795306
20.343611240601454
20.378806369395125
20.44459231017697
20.464065847869875
20.4980988531478
20.544626122042693
20.58790796810972
20.60565358957836
20.626450577848125
20.646048166893113
20.71177032909701
20.75632754663654
20.776346183538195
20.833393752461053
20.83775135369041
20.868228646949902
20.88400040953021
20.933784422989703
20.946920290751038
20.979881069854596
21.029577590540313
21.05494110425551
21.099797266050103
21.125474969633153
21.183162562623842
21.21429108769907
21.246637090159176
21.288560498404912
21.308503206977726
21.33970855297353
21.38126139394974
21.41017304838201
21.440266313927737
21.46777695377609
21.478399773086057
21.521702803257295
21.57675123221776
21.60110850932483
21.64622785481404
21.72247804551267
21.754204292160757
21.79528736961778
21.829692617210448
21.86304561035536
21.879881732521486
21.886955249428183
21.939742249301403
21.97991152351023
22.023071731195852
22.038996033473417
22.091415160923805
22.10444066177196
22.15031976722187
22.190918149838765
22.201147049637854
22.22135817179284
22.25011238964878
22.265317341335663
22.358615847575614
22.368841103254027
22.44440393048176
22.475465159934362
22.51340495374379
22.533168286340228
22.552730514274508
22.594127124037016
22.634497276102827
22.6557489780506
22.684770514495174
22.758421926544894
22.78794633373685
22.798918311400733
22.83345372279605
22.90653996127894
22.950988591138145
22.97298360372773
23.02595434552191
23.047868007330447
23.09766024248455
23.14619303216087
23.162108990806054
23.18656706076424
23.199746535457223
23.26866430674702
23.29265441574577
23.3127324930577
23.35718798426846
23.407069990917527
23.437272713088134
23.459831101904573
23.51447337891703
23.552730294903135
23.572606820234334
23.59195989830883
23.62505924734485
23.684038239561104
23.718342394717073
23.72860004491563
23.783819326145267
23.84570381179247
23.88371114387662
23.944020471460398
23.978611416405997
24.027437146398043
24.035752080600517
24.10982693105095
24.185996205488518
24.21635425330009
24.271440082528418
24.296850376608553
24.318280156284665
24.398818760615427
24.441420657153536
24.46590455825817
24.485358425375342
24.510653264357824
24.54298684468959
24.576553751455666
24.627901637231204
24.68063413670828
24.688027502734705
24.75579643820925
24.77658289995078
24.821414965012888
24.87582776158539
24.914853791804486
24.940628626571574
24.98769782758506
25.010228506167753
25.058483687252586
25.07332286482638
25.085726047046688
25.216950986828646
25.233527768681725
25.277198517614742
25.319858357910046
25.36191935377107
25.396501577310588
25.424215170343683
25.47985799275468
25.5035445580124
25.567138550106257
25.63313608927888
25.66509106635993
25.717566037161685
25.77018516531502
25.824296118045808
25.862705296621694
25.88327218391447
25.895241786291972
25.936704578755528
25.987018785843183
26.026053711099724
26.041057473110687
26.084671989510255
26.163753713337254
26.182243848762255
26.206463972132852
26.242891734213867
26.303894739634423
26.37657718447933
26.410215773014702
26.42304152097214
26.44052751940792
26.491266142681184
26.582758369466035
26.591335318498135
26.674304098540137
26.68562889035378
26.711913785216687
26.739831465529733
26.79167576202171
26.82131238472147
26.8891668412954
26.949389260750003
26.990657715222515
27.012411018584025
27.062241833983492
27.080191030392054
27.176046292353405
27.20053410615839
27.209121216285215
27.264553504653552
27.30854314676784
27.35795959593843
27.37506287640594
27.40879448755273
27.46116759838225
27.56554737328897
27.582432353932422
27.60950992131336
27.666774480248023
27.703838405311863
27.7352131163856
27.759858531141592
27.805151262795317
27.864220599635175
27.947257095652446
27.99749847439643
28.022048287650478
28.082395323163418
28.122024226382063
28.15838773605117
28.217541380367972
28.23726780963062
28.25607374596313
28.331942293507904
28.37220913235285
28.468385301733928
28.533229975551894
28.586121296295232
28.678546691662564
28.721955197923016
28.747707819222374
28.836288004779355
28.918115400397742
29.015938578810957
29.033428432119276
29.10096979393696
29.134447005629337
29.17612121324758
29.258838740936795
29.284162241108287
29.338441330747443
29.41095991419224
29.488394822532584
29.49994443266128
29.563530411584246
29.592201618920903
29.659325275253245
29.67524893812654
29.788907721923724
29.922613179277434
29.99217341279783
30.060697289757837
30.105375928533604
30.167595039565025
30.219357605751004
30.288856433827547
30.35366533626499
30.52456947657109
30.571307245672898
30.61174419194331
30.639429316905446
30.689016241483497
30.808543629107998
30.83023226740601
30.893343227664438
31.044455682868247
31.09723917587783
31.16283919298624
31.204888716730157
31.40791207897965
31.44991934480457
31.520237652568625
31.60633567724391
31.668944945363503
31.921632322207877
32.16383540154727
32.20523586058062
32.53443961657539
32.54557291182095
32.660660611470874
32.8640798323607
32.98829084773707
33.06852814742034
33.20699695866915
33.61114054394817
33.8170777125611
33.89440733068484
34.16900862868315
34.21418916014329
34.47776647382624
34.66716753826972
35.40919834266331
