0.0
0.0
0.0
0.0
0.0
9.317621738377388
10.186301803041594
10.221591003879995
10.38462443359182
10.397957563767996
10.497778933587098
10.514816390765379
10.68914111551977
10.808556936912808
10.843878967906363
10.86527312184239
11.124909242229814
11.14074419998296
11.207999717591674
11.268688116830477
11.278000194038542
11.279598934148286
11.324016981524414
11.41636277136699
11.505183620618036
11.525760544920406
11.6201255491054
11.726653823517667
11.803201068429019
11.890461505431778
11.895653956287509
12.080499487052649
12.097727630806464
12.152200793850763
12.204240169264056
12.258897800381963
12.393214698215887
12.406835565998268
12.409669931343739
12.42908496196918
12.469689193085467
12.482149522336757
12.501576507744517
12.511027985920144
12.591776068394514
12.638198126200553
12.679478128603
12.696073097754523
12.789749184255614
12.817759123356693
12.831775137512725
12.852314322684192
12.909681444233417
12.960883476701854
13.011506797400463
13.019985710170213
13.05601797035235
13.067728112788227
13.106193207699656
13.143742204673517
13.16260554542576
13.345263421245127
13.41369828378798
13.428514358359136
13.46420747326698
13.481380416170557
13.487001500028224
13.575971311261876
13.587238030738478
13.619827170951956
13.693462962509603
13.72953030948018
13.736409459717839
13.761931651570011
13.84527899479328
13.896851905955513
13.904715403982397
14.020516608359095
14.054490137679453
14.101144880310535
14.128255302194002
14.147740453658471
14.161458281621334
14.208968580998848
14.216862299795281
14.242750925274969
14.25875653885974
14.329834502402276
14.362784025610537
14.366241366158444
14.40312258983084
14.501409791745129
14.54709101377739
14.556072860018727
14.575215007506975
14.637893630967568
14.64487154095445
14.70952975406105
14.741582030367551
14.844071139876153
14.9169013122808
14.931986722483138
14.980185594381288
14.981430790454288
15.019117135577366
15.021079065872762
15.02578324933363
15.042065179597001
15.161153445760082
15.167306610763193
15.214397496712355
15.252683066122836
15.325689309799717
15.355810684045588
15.367444656966502
15.386130449302188
15.453342127961207
15.550883062957846
15.583570042941018
15.593595300338633
15.609245175496032
15.658122687249447
15.702421895908083
15.750481084124528
15.753395827420386
15.763917359926179
15.794029751414564
15.810546479932336
15.881139398568846
15.8989507134049
15.899308411656703
15.931117838075165
15.94346663428909
15.9848493309573
16.015587339916937
16.104930095648317
16.149468678213083
16.172795146962613
16.272588159628786
16.27842181425843
16.305682598193364
16.370983615643063
16.42893143651428
16.463298676502962
16.467321876038234
16.515935821197388
16.519755592268265
16.59302639998824
16.59817103542255
16.619661387759116
16.651876951492824
16.67158328635182
16.734716325264763
16.77814499133326
16.84134140927794
16.846943572899203
16.875214816587572
16.885340521249375
16.968366219614662
16.98039411414665
16.991779776231922
17.01784408036291
17.022789861861355
17.15520315680108
17.22515065273576
17.245221663660285
17.292320279926592
17.309193963800965
17.318676093253
17.319992364973672
17.32301656320585
17.34484570770649
17.427269586064508
17.428307182102994
17.47258035503163
17.474979192332952
17.56197669299223
17.584486303431138
17.593770273949843
17.6038451330175
17.644331629695547
17.65056487024269
17.748495214877547
17.7585414491661
17.786702169564606
17.872592988860852
17.925208110021337
17.993958166045115
18.02142838195707
18.058449109365387
18.129312024395304
18.134265510906186
18.17092854882956
18.190589778861792
18.215338491742994
18.276739692555363
18.278238723602264
18.286337759629706
18.313719226967205
18.318686214347085
18.332751626910042
18.348362413248065
18.351785062160687
18.37249512417278
18.43412442345711
18.454580091936247
18.519815505356362
18.520806420009542
18.52354535473459
18.600311712425274
18.622302460431122
18.657890264825053
18.674287676512872
18.7079233363278
18.7771746139354
18.828681961050375
18.853333712045025
18.88563655459001
18.906800144794115
18.955210802654594
19.025478339299813
19.056274387167992
19.066529384185767
19.072827069252977
19.079152328324152
19.149896080145755
19.18353003269143
19.197604071720342
19.349096305367144
19.357340145111383
19.391631756657578
19.395272872011585
19.41548756800289
19.422534486927955
19.474340505183022
19.579522069779514
19.58189779937442
19.606567001458036
19.639714828128017
19.667108815194503
19.67641184726084
19.679519669270157
19.71340711060147
19.787135494524996
19.795651112877376
19.833868287395894
19.842108061497395
19.857661759471775
19.944680943479835
19.975111065091024
20.043632030153532
20.08404863830123
20.104230952156282
20.13800118311992
20.185545171354992
20.21190039263245
20.26892778326648
20.285622480477667
20.29944171983574
20.311284683796835
20.32404928715495
20.343285048530465
20.37804986684745
20.404243106763815
20.42460374126771
20.474567853245343
20.49693815899991
20.5439455114769
20.58267309122259
20.61152624973731
20.684771240946972
20.712465870928224
20.712638762900696
20.73837970557732
20.767614177839516
20.87188329219137
20.92684061278383
20.941699062814333
20.969360254312836
21.033517265283614
21.093243872123303
21.10106724510185
21.124934751434136
21.167115984189113
21.234314718482768
21.254099908010133
21.311409627989686
21.335046756637613
21.371005645591296
21.431365205394364
21.435582856659025
21.452265294790138
21.503236798376097
21.535756602270983
21.548993026923295
21.560041576166938
21.564359219713253
21.566038052183735
21.584282365440792
21.72059822151035
21.81484515999816
21.832632212192035
21.841098021510675
21.8736050805192
21.903317312589415
21.930641228031035
21.939524951235803
21.955238162503292
22.045415516806234
22.096606131571054
22.14667431338474
22.15060268802754
22.22136001299349
22.268994677965743
22.28270850024065
22.30152760096695
22.359749629006288
22.392448354897116
22.40201607651252
22.444474419386175
22.445468008860594
22.451269801969705
22.51648029492753
22.5694777955623
22.635202995498805
22.638445185183784
22.647679229517728
22.732775667693183
22.74056104585575
22.745703906303383
22.813708466560538
22.831290726795203
22.837733078062485
22.843440082746383
23.01458527092601
23.02146524585702
23.060266288131388
23.064399862004795
23.083097996464286
23.10772549973425
23.15782667428423
23.172318294890008
23.22831115603804
23.23952835793279
23.341548240249555
23.397760995327605
23.42789927909768
23.435738320827515
23.495238110436087
23.55420691321913
23.560481960121713
23.563063917995283
23.676712726002044
23.699685257093694
23.75622978040368
23.83267586224486
23.834011762078816
23.84391752366537
23.849651531174324
23.88244790605444
23.957038782476822
24.103729233651663
24.118866275459858
24.199158197197182
24.23216960248401
24.25413793786166
24.31928313453458
24.340180392403113
24.373057121393224
24.383386629283663
24.418859223595252
24.46667225943148
24.47347360817747
24.478781819657986
24.538628787172136
24.6424046927208
24.69152193873314
24.712479252633834
24.725316710997834
24.794689822230303
24.807079601092227
24.86299001071587
25.00246612947981
25.003838986230317
25.049609895633203
25.051179863522197
25.131872353782576
25.20234979535492
25.210294606433465
25.2229733819548
25.2701797067843
25.29506799020708
25.301755730634216
25.31057055659023
25.411786246571403
25.43036309650238
25.588301703410558
25.62884667959613
25.643787018521856
25.808473651036476
25.81250332933586
25.845449509370926
25.849295338448268
25.86654511077848
25.96385176447559
25.970227728328513
25.991852205685284
26.01718909737142
26.199616525969496
26.202057892816025
26.215519015762403
26.248205278576076
26.292760264147027
26.29289062277091
26.346680970412752
26.395589412344364
26.527502003939805
26.569392357436964
26.574507731491295
26.640174422904867
26.65925914848784
26.676995034593748
26.712790695116688
26.803249463704795
26.819801902366724
26.823861780593823
26.953267273730486
27.02516059430319
27.129276311551312
27.155331286451155
27.217066809768696
27.232359840923156
27.25961545604514
27.2874537989529
27.340213240849366
27.390999006417882
27.46031164049955
27.529744563243643
27.554460872220858
27.643212135330888
27.70897365248127
27.796969157298307
27.837486845688073
27.840022336446324
27.959364545530452
27.981895757709797
28.044952155933384
28.08922832960632
28.116808885214574
28.22505649554184
28.245675062877417
28.254745106743368
28.281178252987846
28.38822842491809
28.391832059343333
28.493199045780678
28.56793452973912
28.59965412104501
28.81734673709721
28.823362682184808
28.94602590997519
29.031306964506435
29.066828902736052
29.08046323495158
29.18677440826212
29.22604689276625
29.377611206755606
29.529987869440404
29.55855885504892
29.570256027634414
29.58286620895376
29.61954249081026
29.755949403187707
29.87964402163691
29.95789348285973
29.994585570301876
29.997667890254256
30.1224893203405
30.14074415797922
30.310271210245713
30.41055809666712
30.558576326420265
30.708699408687323
31.024353451796564
31.18561259592214
31.298079108778822
31.640154903663756
31.66011688982507
31.687307213515155
32.28209999886644
32.50743161205207
32.75663700501888
32.81166474193746
32.841092788066796
33.0940659581009
33.2762836390372
34.043877990560006
34.061340794591146
34.42078217117343
