0.8084599463898359
0.842660403717175
0.9033122132394238
0.9697857539511591
1.1094940265613789
11.052497026251473
11.38386812888807
11.545930907376865
11.638455802913162
11.754207394521508
11.82628955839523
12.07344246776292
12.22788259393843
12.309602214122625
12.383935644141753
12.445668042237862
12.477469026125217
12.490710436034036
12.529483053863125
12.698964831678204
12.746431173372644
12.83536603545515
12.850291353433514
12.943914105364135
12.95792507796921
13.039263486841723
13.088716168323435
13.142307645592313
13.253522315811743
13.296370276463565
13.337354668867109
13.38913267361089
13.423077231410435
13.457805239078011
13.479146893084016
13.515883836920814
13.533460533840744
13.648624371657974
13.67615950287082
13.778488724224367
13.843745934892569
13.888411727714736
13.92327695084056
13.954028635945923
13.978745186084163
14.015168041080567
14.071124558938786
14.141489162415038
14.180025880684939
14.219604519321754
14.227040312658955
14.256783063040983
14.290964461224165
14.328456589714845
14.388576701720416
14.424921131350096
14.428473240483822
14.488342430764904
14.500538872100632
14.572997563769015
14.605141560012063
14.661282042297811
14.735500503847975
14.749466601764098
14.826373152194394
14.876513719214259
14.887365847732902
14.917351933454787
14.963278930366732
14.990724223360422
15.03310973399437
15.070238050020738
15.119971241435627
15.178369585461736
15.219714871520168
15.270419058118671
15.291828250444729
15.336888729320076
15.375944655785016
15.396362254807777
15.440503198291347
15.478654724394978
15.525757625670128
15.53437599995978
15.590681994717228
15.637067505720045
15.656131045462443
15.686448513381174
15.73540957790761
15.766308322123265
15.797030206671273
15.839226182777908
15.867950973708666
15.926817450404416
15.946363879665046
16.00403714374154
16.07045976549657
16.08868900410573
16.154007464802575
16.183701103888566
16.215919780406892
16.279742104320377
16.29338955895029
16.308630670063373
16.355095560091605
16.409544159282355
16.437390378213223
16.46074620311858
16.467166446384855
16.544066645898948
16.54866474602168
16.578247068315612
16.598042290342782
16.644820705439695
16.654852552637696
16.707506081158197
16.70988966078139
16.76856273648003
16.79755964768551
16.81713603511021
16.86836754516315
16.891365912369675
16.91223193033132
16.966664337116395
16.988797220652007
16.993365460111395
17.046551913930696
17.08998813035791
17.165433014677628
17.182836255294557
17.223083931591727
17.250640111248195
17.296758306179505
17.32798503587731
17.344551356837467
17.37207817606293
17.44692640176133
17.473868657623814
17.514565090175285
17.5795290017958
17.605839575873183
17.627461911255896
17.672786928658816
17.701860037723943
17.72884220886727
17.75358062955158
17.773212338616208
17.817238024717604
17.875673354466873
17.901572441186488
17.92600362278232
18.006354964651162
18.023672311390662
18.088599972380155
18.117577398285565
18.14089810714915
18.17411336499937
18.20783785003353
18.218396302232108
18.26659435251043
18.289242876566423
18.385800879841998
18.394926319208192
18.452930503603064
18.49616440615591
18.56319745415518
18.577812489889435
18.64717227072507
18.660285093031963
18.694631054362063
18.73323268497981
18.754630033786825
18.781218322274736
18.840526363312403
18.844443871042053
18.890452068171445
18.927911707751978
18.97501875017857
19.027034449920123
19.09979807187971
19.125694434967684
19.152098109261463
19.179714774188653
19.22807981272854
19.24171143728998
19.28481550686349
19.321014065405294
19.362168554255987
19.41026035408031
19.439436686746287
19.463132316134992
19.484145261304796
19.5317786222406
19.556934837724388
19.596615599239488
19.633580415035667
19.652737073859942
19.674809848140683
19.708837818786687
19.734749439465006
19.752116772995567
19.77362299205533
19.804403494201168
19.843049096597994
19.87814862995779
19.903391793996615
19.938362300016944
19.97736735305875
20.032757796856878
20.045350460456632
20.07060011675935
20.090142976999143
20.172155386416545
20.202979171856974
20.233307295144826
20.256473457429124
20.27466938334097
20.30513008255849
20.347457283311147
20.360342919786714
20.390072855759044
20.449388894597014
20.48086224333024
20.504686683260076
20.5085010640873
20.557452654155615
20.5930755117442
20.600819153349693
20.637073075060886
20.677677089367467
20.731026590133876
20.770298276159135
20.785868258818837
20.810131021893675
20.89542627739495
20.91681896207249
20.948842225613213
21.014292738288127
21.044131339939486
21.079837679372886
21.110167579902583
21.158446621535088
21.18685946712208
21.218627329533877
21.25336823770745
21.259712091747208
21.291368842054332
21.334709376564263
21.37877445899924
21.41475799069694
21.422726800903185
21.49776595331654
21.505136224745126
21.573874006885767
21.60708262191635
21.616466550466484
21.6323902267957
21.65026729534355
21.72113277227252
21.765903845492332
21.76701353701674
21.833123351641852
21.848052813257492
21.88815693973013
21.9209112571335
21.950361547501213
21.996783333128977
22.08568758729817
22.111922342140236
22.142755022534264
22.15478922151211
22.180057428545354
22.259580295807748
22.28004202849741
22.30144872974089
22.31279640607988
22.385921826364836
22.40951589152305
22.43245267326808
22.46177564655888
22.490072056008387
22.55440654125829
22.569461835631653
22.576580288082347
22.644371579069528
22.656590574063152
22.680761982995694
22.68911525342916
22.724602546295625
22.78571536534301
22.837649958319812
22.855561750934083
22.901382849257
22.919403708825175
22.961991180574838
23.001928053370413
23.057731487168397
23.070477475563475
23.098564054180116
23.13803241341159
23.172609287469758
23.211803270261317
23.216776665007256
23.30778166835913
23.3404435520995
23.36253967036591
23.396710802035283
23.448040627479113
23.474348056860777
23.491916377020402
23.51042279550759
23.52605599470935
23.557261022910215
23.652275947036287
23.690260229184492
23.734334582005374
23.77022006250407
23.79893831359342
23.822567829259878
23.838438050009785
23.883824035290253
23.92405815540624
23.933524541855927
23.979259151951858
24.022628180208283
24.076723000042968
24.13212043558438
24.148207877080278
24.20895509230194
24.241872497396294
24.288808514792176
24.329591082099384
24.36070350182069
24.41050868684997
24.480672620734573
24.498988572394907
24.526856751441937
24.537078156848732
24.55821496572454
24.63295183289622
24.681604380408757
24.703646849654703
24.80365625454908
24.850765053381803
24.892084874612028
24.947235749711155
25.012321209132494
25.034706065378742
25.055843593317128
25.073049860363977
25.123322139145188
25.129656802443314
25.173773841160546
25.21810906152834
25.23388071723665
25.247035827358264
25.30659907195984
25.32612870057083
25.3938797428878
25.423341945800583
25.475794774189485
25.50767204029701
25.563099316125047
25.6107442724053
25.62378836287019
25.6971009368062
25.74696096572463
25.78705431457666
25.794146719311694
25.88620120621755
25.915604062536207
25.968894452821964
26.02848989358535
26.073300904820393
26.095229750524044
26.135924426273984
26.18097472522698
26.263651967384806
26.30778857353517
26.318989049215162
26.367260351121455
26.384955259980277
26.41595839137446
26.473779173446324
26.502512436941554
26.540621021190017
26.583031016869384
26.607584414434452
26.627217808873787
26.65645522862887
26.747472583876608
26.796656860950684
26.823555125399224
26.909390276831644
26.927529822368896
26.94736255927016
26.975883230472
27.002809567841073
27.04268220612389
27.10556027854363
27.12373059008827
27.169874795270598
27.218167354612692
27.31079626850813
27.36526749326058
27.411132042446457
27.449617388477332
27.4956546457529
27.524811923239696
27.566083918054574
27.57638543934284
27.610432035904203
27.64741927794797
27.697869860315933
27.702722715567397
27.770951864589268
27.794468941248077
27.84481034322413
27.90016781021928
27.933457681399087
27.970703671247662
28.010823463380106
28.102127373339496
28.150286157931838
28.219293203004025
28.27422711313559
28.34543523064494
28.405353922846928
28.41710132409826
28.490823123036364
28.551908626884536
28.603795566423038
28.632882997126448
28.648770514198013
28.692530994207807
28.731981788367086
28.757768057463736
28.78850981450151
28.811862332579846
28.897181490304956
28.974173285322124
29.052587553437732
29.121259931176365
29.22504245972343
29.300168429065895
29.38328755552139
29.454342576866395
29.542737235995173
29.557416484821935
29.693969847890607
29.700409136656944
29.741052463485236
29.76383065938673
29.805908087851574
29.905768527233295
29.950032805991395
30.031938310263577
30.078104375238926
30.11959598113631
30.238758085435133
30.295460695858193
30.40804261509499
30.413757092561838
30.48510528693167
30.531804581002124
30.542368210188233
30.618361348797517
30.698248067041803
30.73292123014003
30.79835186929367
30.817616730652446
30.888245759102524
30.973209941814336
31.01103666564059
31.085581044280378
31.235702139297597
31.270448935653775
31.392856637809274
31.510181676739833
31.516868366430455
31.74822546563029
31.775562041774535
31.832512941485835
31.84125595779927
31.993733345214626
32.27302578793321
32.33993124923573
32.48201168939607
32.553465760716655
32.91325696660081
33.107949704845254
33.15877707265438
33.22968734012533
33.5892130312288
33.81781528951627
34.23666452701215
34.63779526342189
34.76483377008777
35.07275640820638
