0.659322705748796
0.7002680051948309
0.7792123221464943
0.886398247818189
0.957129547496761
9.736375809861642
10.270277053480457
10.83620159486021
10.93503267227996
11.03331465673809
11.253695233048024
11.330647238274375
11.396294314433714
11.543050876256173
11.669558285552835
12.01805721497714
12.224964339344151
12.25546649574268
12.310006511937413
12.394001067569402
12.408229615714776
12.458084855136226
12.511846715061088
12.572309568496843
12.609195500204478
12.635212052410022
12.704460771051213
12.771051624889457
12.832523313413432
12.995330797341174
13.03589578470401
13.101349661786562
13.148394941359404
13.257067881863303
13.302008462147414
13.401156915095028
13.419909014145855
13.443323870686662
13.512333177088715
13.561363767036987
13.58639770547066
13.64167100239478
13.698126409276849
13.71148607533704
13.744647658457309
13.781014922381603
13.796784949630043
13.915257840507218
13.944114997655873
14.048744483811483
14.097494486725997
14.145758646506955
14.194428774462601
14.21836342584943
14.272467572806484
14.312353630182523
14.343443459014338
14.380392779460612
14.463482134708244
14.478833023996595
14.484099997776957
14.539900155236168
14.552652015134074
14.582199681941548
14.627929952314538
14.683103653005222
14.70653785676063
14.734150633096613
14.802764922036594
14.84284689303273
14.849367694784059
14.893095709269184
14.958584477649241
15.011281003938695
15.034957277931081
15.09524305777557
15.152948421273367
15.177053328094964
15.214576031476595
15.245334024920686
15.339968532597544
15.381712864814766
15.41059360919425
15.447792620413942
15.517252579110174
15.566325586361152
15.606333052018064
15.617717601868314
15.659855291003268
15.690867423113671
15.720485488329325
15.786146830427324
15.7893124350214
15.853449274638292
15.882247180384402
15.933391799795109
15.99423924166439
16.06864186637076
16.097652104341208
16.12857746997048
16.14741728870546
16.221546010367994
16.26171846069759
16.309380956264732
16.34668346828096
16.385681192487304
16.4171439449602
16.44048858883795
16.457086946730364
16.507740280760558
16.55340597122046
16.572068023543586
16.588675578728566
16.654765048632797
16.666172689115022
16.73716086553045
16.752990876314147
16.778318497757894
16.851762705428662
16.85919048365491
16.91037689371725
16.93722643173947
16.97881376178636
17.001192452162762
17.016198314122015
17.044804772303454
17.05918410852347
17.105184462611664
17.14267011161987
17.170300716661203
17.211162982648947
17.25415588628633
17.295607181174777
17.325420730136468
17.370244608792067
17.419168169350716
17.464620832720126
17.57607520987726
17.58755274889436
17.6763013669871
17.699216930436318
17.730555233386053
17.75082051643573
17.790091876600666
17.848804070261775
17.87303238596658
17.90152508685994
17.9258074350993
17.940356336413064
17.96265130243627
17.976313782173705
18.025708294891476
18.041119303106395
18.06542445372061
18.081301605064873
18.11935458089392
18.187900875207458
18.208007068822806
18.23953234884172
18.29982779823905
18.321224481415786
18.369510135649797
18.38490892527199
18.461841937516954
18.46512723332696
18.495346084104693
18.52665648663126
18.595690424510508
18.632393779469858
18.67122848680379
18.72368100357336
18.734755145995887
18.775971629450048
18.785257603223435
18.84097989360596
18.860272435059596
18.884380634565513
18.979453548531254
18.988381252386393
19.02440268238635
19.040357284200695
19.05858534904405
19.123751559569104
19.127041879078057
19.138708378258965
19.16288020602966
19.225556940117677
19.234871412415767
19.2867112566846
19.316401745630575
19.389957841443746
19.41672121524503
19.441199518676864
19.469601566403256
19.509438752656436
19.556138106231874
19.6132400073796
19.621173666697135
19.672455616702116
19.70012371361925
19.727027795970095
19.79484136446664
19.840000526752608
19.88200121810815
19.90639856848597
19.93919393369309
19.977178203381595
20.00977858562548
20.03338010526539
20.06720127655637
20.124018336086017
20.129311475899264
20.192166370644607
20.210925619555557
20.237566831290515
20.259397537104075
20.293685837068754
20.35072078155398
20.369462384561945
20.395002168568393
20.448805750521448
20.49641750962485
20.50670605573295
20.541119119541136
20.563890980778446
20.62331684958958
20.634106078540732
20.675247938400037
20.67852696204731
20.729432507072286
20.766177068112874
20.79780026664213
20.811771263531625
20.82370526257072
20.833794462978627
20.896700863647126
20.91454353724468
20.98969729073957
21.02348951045975
21.062541032005836
21.102682907178075
21.122517267014107
21.136855799088927
21.216580860636668
21.26497558881045
21.317532445324872
21.323900671055313
21.35173160052789
21.426794276762948
21.43379271917011
21.456257453140005
21.499969108680546
21.53221230743502
21.54182942629496
21.600061370394197
21.618607712167698
21.651324747953833
21.672426993143354
21.71281490662142
21.741783175453975
21.78752175635842
21.81093496895504
21.85170711494965
21.879311634426788
21.89414726489743
21.914307391643373
21.96617197447886
22.033110306620582
22.059850005479298
22.08281287610175
22.117904539305908
22.14868538876101
22.175339500867945
22.202945934190637
22.243622550564794
22.26466768704352
22.31195407015604
22.37297862820094
22.41809195219888
22.440137668353476
22.492956508149668
22.50461951845833
22.54535457151279
22.574280593018397
22.62662141516012
22.66875018997823
22.697871485254684
22.704349586621415
22.747058573306894
22.761975275171793
22.823028624208526
22.83823812887063
22.880344770766257
22.883338051742786
22.921835375444395
22.991292278051674
23.033285723845083
23.055504213059045
23.05797692489946
23.107200489262066
23.149998342917158
23.18335494027488
23.201852549734785
23.254462057450198
23.297743070946872
23.31772227101501
23.34390370681368
23.372215333331233
23.390856893343965
23.487880542724156
23.53857682410492
23.58124382284215
23.611128566058984
23.618812672956903
23.658564943972152
23.70330175724006
23.760625861175587
23.779435625749027
23.81056804916383
23.831812570348056
23.8957324108663
23.924289883824382
23.94383574701968
24.00650141659478
24.02008109719079
24.045572399832963
24.115006552458134
24.173689525960906
24.184229534284093
24.24442457647193
24.273861073277796
24.299353187335054
24.335798121852818
24.369938099678965
24.397922893465115
24.43015913844152
24.46745892376141
24.51704786319582
24.55563092663138
24.562828537889185
24.62221366875277
24.66148086856113
24.68729560732427
24.75519833259423
24.797842378354833
24.831823480052122
24.869567213472575
24.903577269191995
24.94590487613806
24.995138901098137
25.035041654353666
25.05732938063646
25.084706958520826
25.134955734317018
25.196715447237416
25.254590342484498
25.311014478344728
25.40022889299466
25.42220717825282
25.454332315296078
25.48121038362766
25.55154543241412
25.582462643545053
25.59534652075881
25.655332226144846
25.681732742361785
25.753590396398643
25.762751787798017
25.785706055957125
25.835598756292956
25.861281859386594
25.873513369539616
25.90372105817191
25.94166574531561
25.981021249220515
26.024127046222763
26.07042108172094
26.10996885221465
26.172363874436428
26.216195069136617
26.304526525595506
26.327782174055287
26.399615086960253
26.459886913712534
26.465720911911724
26.47212504822497
26.524614777646423
26.62166068061659
26.655463756729443
26.690752805374803
26.72262297605185
26.761262582308348
26.799666049414707
26.848070665787347
26.872750044849123
26.888579735806786
26.949825666827895
26.98951530530131
27.07394633637926
27.129585373816703
27.17216545515373
27.242782278486274
27.254734178159705
27.341412875851475
27.387616001716385
27.41682442051733
27.43889576325801
27.54919862243876
27.586778893252372
27.64463047220116
27.714539750042913
27.85198159543175
27.882890289874627
27.931214488201647
27.9484129879301
28.018439349752473
28.04219087249273
28.137083319672374
28.18017925180531
28.220913017775565
28.243966441690336
28.29327753921994
28.398740448098845
28.44368232715713
28.461140736556
28.532740901788884
28.559976814075362
28.580596324794083
28.609950013070186
28.66090675929169
28.68664451531774
28.799821138491264
28.848299390257168
28.875288859901953
28.929837378665876
29.04838288591671
29.097693724529677
29.139918377410858
29.173889767934973
29.227713970016932
29.28982671181817
29.340914790081868
29.358803392547795
29.56879190313314
29.617381135014604
29.673477300451598
29.677442674748978
29.751825009463428
29.7831967300738
29.830760629064812
29.904669973118235
29.942558565248838
30.07223502763134
30.113830055604637
30.17077774506848
30.27555487189436
30.297428350814258
30.3750608703719
30.513473002074686
30.541908831483283
30.613289586301192
30.655392495262458
30.80883455929677
30.852524715265293
30.908684344981218
31.03236393518004
31.04467723013643
31.153202466716067
31.265175225584308
31.292616449217494
31.339861782096744
31.42211890738002
31.52194607304712
31.61508269245949
31.6674332515268
31.76155377494841
31.996164369661813
32.14963122551162
32.2322906902699
32.27313301203815
32.428103699158356
32.502704910125416
32.53930810578638
32.58850396594886
32.64497723907179
32.7093453948005
32.82468931465996
32.874028740603116
32.977530072582795
33.114878205030834
33.26519554136097
33.441131383159785
33.46049065632605
33.68783488675085
33.8126498206298
33.88503838830616
34.08274882646983
34.316305271171764
34.83721926297218
