0.6216369446618922
0.6579913457990216
0.7418387375985233
0.8550461395987751
0.8822618545623894
9.799232815797676
10.573206568327171
10.654444618155141
10.881337578620583
11.282948507346637
11.355162075097164
11.69583010299903
11.751733341377008
11.758462865303684
11.820803936934702
11.960309890743382
12.072954741707152
12.207353443281407
12.234302023439051
12.260219011248294
12.310864106169035
12.411595014379762
12.483552540438563
12.550782244160494
12.6258781900392
12.653027192454138
12.755537592902087
12.802028024212579
12.91115836069636
13.02704679007125
13.059662093781307
13.166923009095264
13.269852120078859
13.357021978519853
13.389202695914472
13.394294647153027
13.401414142832726
13.444011456954419
13.480092390670446
13.542879976843812
13.561758774562556
13.619616470484841
13.64431150368985
13.699566591043167
13.742974009902449
13.765736106042166
13.80161974910558
14.017405911890583
14.056136461504796
14.104441377313396
14.126650907954918
14.180912033913849
14.205984658577735
14.260298462538668
14.273353477137789
14.322327213308036
14.341675197681155
14.365375972231304
14.410758826687424
14.428155262862141
14.443762379298294
14.542620132597596
14.628350977192152
14.65409183427944
14.755270247063184
14.803254547723851
14.831765960179583
14.842874076679987
14.877102845456564
14.917803111731551
14.967325473676429
14.996441034716552
15.033577924523504
15.05312560440437
15.10714040123834
15.14966453343416
15.158900634204135
15.187500108078439
15.217881121922563
15.241329333439584
15.278655387993396
15.365946050692894
15.411568443072396
15.479259340535314
15.488995625207242
15.52903172451755
15.586997021527752
15.606649448750781
15.620439001564433
15.707699459756522
15.758615653949043
15.774264534398894
15.806816293544355
15.818681898729329
15.856315704794953
15.873549773835835
15.94364631105493
15.97259951076487
16.02537074811547
16.072230830376387
16.101863187685904
16.1472888612473
16.181007572084955
16.23244580751473
16.25356486956783
16.2647127258568
16.36702190165611
16.379620123574348
16.41204769902869
16.45369814639531
16.487459552252968
16.513493334289862
16.570061445237474
16.58524194165833
16.641443190805543
16.661470697358283
16.722209565377547
16.753728550824377
16.757440474120195
16.79176561662064
16.831172692372775
16.904675323691887
16.90837909545962
16.944397586064362
16.971189077162645
16.99973559210285
17.034947195494986
17.059075923886873
17.12905741821009
17.143761396660384
17.174899913665545
17.20031005042746
17.288727348449516
17.30706104853537
17.365554092313012
17.40592722601517
17.45504330681304
17.506624946357984
17.552742851064206
17.592136084170704
17.596283765679207
17.656501879676508
17.698120427879875
17.707185326949386
17.750776553864988
17.787599955379626
17.82044345426616
17.8486063489222
17.88201436810696
17.92404615896312
17.930580668226682
17.961493478603142
18.012411534362112
18.045422836448925
18.082706211686773
18.120375747653732
18.131974458303137
18.1629908171867
18.21123553012021
18.24201625220211
18.265939488265555
18.29353816625046
18.31751515568093
18.34801165899156
18.364953677045648
18.412639166774902
18.424446555764757
18.447097168615247
18.519024685464625
18.559336561212305
18.59853538815606
18.649260897546245
18.69500767523935
18.719896576361382
18.753490564962014
18.779533503093756
18.84410878490798
18.86093692025519
18.889393658613322
18.928354122346096
18.997382417794725
19.026376139364906
19.037172429924922
19.073494702756587
19.130195922422352
19.144072139537823
19.19658344182325
19.21344535132739
19.233280656092152
19.292510855363258
19.360318927091516
19.39735540211317
19.43073927513992
19.45853593811505
19.520663830034195
19.546980703237022
19.617437684121136
19.63291324896197
19.684865961607066
19.695756814916745
19.757785204943747
19.769036321384817
19.800936012575004
19.85309030045752
19.861767637614093
19.897721462511484
19.933850933864125
19.962196331334727
19.982210094502356
20.02203102617584
20.02569269880278
20.054764818606223
20.11850055169442
20.13381249026114
20.159641794724582
20.19495953453203
20.26041396305982
20.30245308494564
20.32105988857185
20.43050441967858
20.45036066477992
20.493082246514117
20.49732413344973
20.540698877461573
20.54870089891495
20.620617602226563
20.66350826121979
20.696793954429292
20.733489881573753
20.764572592228244
20.79477487950748
20.828806539839274
20.846741064028024
20.868287488996085
20.89422489371308
20.937190431555294
20.994205634340048
21.02045352537419
21.044668710640185
21.051084137969667
21.108181851214304
21.147786565012094
21.186993550433286
21.218520612418157
21.243080036349177
21.246923867878664
21.29798762215046
21.30542571545415
21.326976559451484
21.39057659064278
21.421079111359536
21.432714005851704
21.511627849252665
21.555844009314313
21.597412890874867
21.627977609605882
21.66902918796505
21.683301018978714
21.71653863477629
21.761016769991613
21.784001991780553
21.840298215029605
21.897370838215284
21.92085247213882
21.961106674844206
21.978587309981688
22.006972498088462
22.034134045466857
22.068605788109448
22.096628166245285
22.112282347126563
22.172373065007232
22.191030299919692
22.22475383267629
22.26983744814669
22.333595883817814
22.340098601633866
22.372997430999074
22.44088836394997
22.452133702805313
22.47880776640207
22.510153421573097
22.573190068274215
22.59029083211948
22.59230057005467
22.648254087058284
22.673200027205507
22.718160818210904
22.75365416017559
22.798529990486504
22.824066794868177
22.853025176785856
22.893676284059183
22.90166601482742
22.95683911378566
22.979422079048902
22.98804631177017
23.06162279278186
23.079355961635823
23.122671888356983
23.132818098799216
23.17225744265831
23.20070842736022
23.25384098004048
23.300931480213617
23.31710894203755
23.36648900505453
23.399328419291937
23.407016371755613
23.521019176420296
23.534699661176177
23.553796545595453
23.613304438126356
23.639102000999642
23.662821406750044
23.70184166050564
23.722070076175342
23.763140656333714
23.777001758386454
23.798915956263652
23.85387620012187
23.87354178096308
23.936262371361988
23.97937412985638
24.009151331647917
24.056475114914736
24.117615927932135
24.18293805039216
24.206847650826834
24.23477707519405
24.25697530385868
24.273159069630246
24.326410336133595
24.361123474850167
24.396497298264418
24.431729133974084
24.451266744459147
24.49001320019079
24.5053328694127
24.522561878668075
24.57094482058732
24.625204821353048
24.64063981140588
24.689038207145785
24.74275695448017
24.782679334073325
24.808548728538703
24.836184875479685
24.869777770694366
24.9212982833672
24.986020228137797
25.051231631602143
25.076939289221016
25.091391066298986
25.10074871747736
25.16052114098509
25.21014695711014
25.238979794474563
25.26959248486767
25.33818327071129
25.35102885207081
25.406856927830102
25.457186267917084
25.480884303908837
25.521359903281823
25.543780893414763
25.575257071054867
25.627628898534418
25.641646988393543
25.717510791048277
25.819127879318238
25.862099724038792
25.92742606373699
25.97585840920187
26.04578358066043
26.09808319165582
26.134741907695208
26.15482292930545
26.177578001287092
26.24918671258163
26.28398539114008
26.337718343099795
26.36435817584611
26.38679216216424
26.408193977611933
26.469080500256073
26.511036504638763
26.54459246898906
26.569345166611054
26.625977698697238
26.65613619657144
26.693534040337518
26.74094660231807
26.75284503154546
26.8008424780027
26.874773392155365
26.900513389417902
26.95671117832107
27.0055166315566
27.05692446290855
27.104103926391726
27.16247385466154
27.20132018099896
27.244341884990995
27.289614094088236
27.325550922796733
27.38313109279654
27.42246652832258
27.461530406097214
27.509528474616033
27.57684755273158
27.62068958788072
27.633041682584462
27.6675890160513
27.700317269980975
27.757426803854962
27.87860471710146
27.916289667623893
27.968402811498077
27.997177139692624
28.062836325951967
28.10626581630484
28.129247021072565
28.183382081434132
28.256392759880974
28.32555273592578
28.350185271993258
28.371416967588456
28.423876619140795
28.449411107313882
28.515091022069214
28.555839627872746
28.616902895119736
28.69538242023911
28.698558478156507
28.755565295319496
28.830863496179386
28.886051748649898
28.97346823538653
29.008521867650007
29.041441246688755
29.13069381792373
29.218437459785623
29.32552961544026
29.357264065205495
29.36973041530455
29.476173560404618
29.525410166981864
29.58395607622785
29.655734619016062
29.671861267132503
29.76570446624907
29.77593917174074
29.863005877451215
29.880979800144466
29.959562976283337
30.004320172189882
30.11247245264344
30.206198325700115
30.24745856800411
30.33911645891028
30.38227796684323
30.465136012090944
30.563683904169693
30.56992929845594
30.668791517527758
30.702816823875594
30.821913009022662
30.89731616099784
31.034781280652528
31.105447186831455
31.17753273977582
31.221526026191164
31.430114445261207
31.46071787877148
31.57136385559101
31.61111215358095
31.795777411981508
31.902338934678987
31.966532336306443
31.995569151767498
32.117733041513794
32.119500315031175
32.195518852271185
32.61568442550603
32.7359267760329
32.78160640815661
32.93304321045532
33.36685137662615
33.427385263516
33.71124542060099
33.77903162303241
33.86204880905574
33.972164532980315
34.031236380353974
34.06390551272597
35.36964722623268
35.47394521287943
37.06649607677459
