0.7672194091869475
0.8399860481147022
0.8861002165112392
0.9829638081076945
1.1597526961845537
7.555554582940165
10.147790199402138
10.793506045163948
11.050784212986576
11.101612307492601
11.53297742305882
11.56630070638608
11.584500003108433
11.639091259202639
11.739461053642879
12.161693154279527
12.245582729079993
12.354650352782652
12.40025807860312
12.522715784726305
12.550410111373372
12.645023511636099
12.749027553924089
12.884358573904395
12.977657922695245
13.010145003298787
13.057812319678348
13.080648649216718
13.125382914586819
13.21811307735854
13.354989987079215
13.389007124539052
13.405222243930917
13.45102476464251
13.535107244653174
13.573273938696618
13.65678198175862
13.72220724842148
13.822800199529043
13.89710280448497
13.945993990952251
13.955350293990683
13.970049839187993
14.03161387622882
14.08590697646289
14.125579152491076
14.130983818908451
14.207572406639608
14.238148585121667
14.272360278554002
14.319438053401303
14.367978295997883
14.412280938230465
14.441541239456434
14.468075578459397
14.577343155104979
14.607615398935614
14.618305012446783
14.713179176245664
14.810131918829875
14.845881306182724
14.871614996082382
14.914020582245502
14.931404979187343
14.995053706828774
15.020584947877412
15.085414527769997
15.098875969347965
15.178765181271874
15.221125297133364
15.236687769815106
15.262968102551893
15.282776666684141
15.305053440655227
15.355768560430157
15.360823966740929
15.42283119570802
15.438730935247587
15.538566692341208
15.551179636140201
15.580538606355107
15.607961506632208
15.643691652230018
15.657299484488371
15.720810204939792
15.749634314338723
15.782275202287945
15.81192715916493
15.84645126840735
15.878740721079858
15.938878312561865
15.949159519287404
16.015980595287235
16.039103865803835
16.105347629274288
16.116041878140916
16.173540387228446
16.208756949309628
16.237043068978284
16.35437724090211
16.38858661483311
16.421840097317506
16.48098206035728
16.51694901701902
16.531420781575434
16.580052486747558
16.61060688009253
16.688960601297268
16.719628979879886
16.743955005520224
16.797249341543505
16.822608722443945
16.913284884970324
16.92292605127398
16.959030050961776
16.977128265436658
17.001206927588303
17.03323362889981
17.047688494195345
17.112656750288828
17.13766070570032
17.178856713286212
17.191738243226702
17.25054997992128
17.281298747389805
17.295885870002223
17.377441315533694
17.3845802242317
17.42827919813426
17.465759500331227
17.503970957316415
17.564297422268968
17.572232409164837
17.667823895082844
17.72248122155744
17.743146520283087
17.75597286601117
17.826252868698905
17.829735944063657
17.874014268394955
17.917824433673978
17.939764688189648
17.96300628310994
17.979526908151396
18.041857417273654
18.0468892731262
18.092909390397907
18.13306567997796
18.179201382416117
18.208223822451988
18.23538804263153
18.250211889706705
18.277323815291837
18.297101240011767
18.339744955549282
18.379544872477783
18.39305229915276
18.41021499057353
18.448064403034326
18.473419284316456
18.508381991767337
18.53686128382625
18.553994445791364
18.63688999045362
18.659898220250884
18.68405529959003
18.720989280402957
18.742471440860825
18.794934110543494
18.815361939629508
18.89312859188447
18.911258086619082
18.93012736225407
18.961608872367986
18.990562192806248
19.068021406423092
19.08835947202557
19.13902268987157
19.159275371224425
19.163115001942984
19.250292522820445
19.276043499791804
19.302515443600853
19.32529287917185
19.36063290744011
19.369834277234112
19.40751630416514
19.418619066114033
19.473205065322066
19.474738283245866
19.517679331020528
19.542911721683573
19.57567445501106
19.622666789200938
19.6788304866984
19.691603147669944
19.7364384982412
19.747804840484893
19.762853743760115
19.792852548877885
19.83948666778917
19.87127940923778
19.909525205613253
19.97599617097807
19.99804641280514
20.06447674268988
20.08110447640512
20.11668385774841
20.187473613874417
20.196538293176744
20.264458929681123
20.327513870127188
20.35483173025201
20.373245763133244
20.409866903459278
20.45888225783463
20.485181393821204
20.515151268947214
20.532379736299244
20.558430541432124
20.572049558673132
20.60441341772089
20.648172436360063
20.66247564693172
20.680777177400476
20.761039341050367
20.80294849291007
20.816957257922375
20.89942974075703
20.9447199096593
20.98660659830545
21.030572534862404
21.05611523714908
21.104539069817523
21.12309703753788
21.17185100378491
21.187719675201482
21.21067054060113
21.25387786902061
21.270729819797808
21.298245565358634
21.307403709361164
21.365930893213296
21.37905873646969
21.402076555247127
21.433419570523846
21.455373599734088
21.515394632579472
21.566566657868307
21.594210696235518
21.639912965836377
21.658983412584135
21.70215749752226
21.714771663602576
21.766146972846016
21.780750146465802
21.79485698007768
21.861056742139798
21.90524196388278
21.966454370333857
21.994304493440083
22.006177201307008
22.03691319691438
22.059765813457826
22.1623675095293
22.180661155344865
22.241424291547695
22.254722382941868
22.298002166144002
22.31508044312907
22.34536507133204
22.37296263498863
22.421431222725317
22.473222039840344
22.50578674793958
22.536820512039444
22.548928642790894
22.584945611574376
22.677013856625297
22.687711547049116
22.69668059666945
22.743325093565332
22.806536696744324
22.822204359629144
22.840239249980808
22.857934779945165
22.864687979363666
22.906286748558802
22.95888959777677
23.00332444547969
23.057073624597155
23.084241803936926
23.10833803786994
23.13492780301716
23.168022709057148
23.20284087630919
23.23012222305218
23.252066244393802
23.301728064922393
23.30873923827942
23.340438619353733
23.36828110540251
23.425399709468532
23.450078976822233
23.46118472229476
23.50414673021837
23.54155617380091
23.579529636563556
23.59084046709503
23.600291323232717
23.64250158936194
23.67943137350378
23.76416515983761
23.773386393577205
23.82432213948993
23.886284761286372
23.914979952025845
23.93285241387206
23.95459926232607
23.97332236951864
24.01312036593316
24.067718264195793
24.125237234156618
24.154699998317167
24.19695034090018
24.212514592726954
24.257476308324623
24.2926493025636
24.318551820314603
24.36926313688043
24.418300895062877
24.42950347434082
24.46702403642832
24.570982224148736
24.584477006637545
24.649751601289648
24.678256100040308
24.706365263367783
24.738848640053117
24.772269402050693
24.80118486079424
24.825860911339944
24.881410326203227
24.912163914556018
24.98166784019535
24.9961312398966
25.013085598331088
25.029298761060968
25.09296328411562
25.1293446878458
25.17325922316879
25.23476600626006
25.28572686385989
25.300219114345904
25.33343523108713
25.39216944398665
25.438121686479825
25.481765851692913
25.50588176646041
25.56019006154113
25.57496702086586
25.6328579416775
25.652798783812603
25.716599477079313
25.727803479221674
25.75910430995524
25.80548158378588
25.829137701016712
25.86913256130008
25.894451875630697
25.9550368092247
25.973823175296168
26.035032102815137
26.038880488772172
26.15368024795579
26.18024570968225
26.221117059095068
26.242826421818474
26.26087964878699
26.321198447559567
26.42549316339553
26.46459891672175
26.496709132469775
26.550760345574023
26.600725165231747
26.621250043530992
26.664854728813143
26.72022354198884
26.724908786884956
26.78934290928178
26.814242628560585
26.82448428595895
26.875696792510173
26.94173228224467
27.01126042262616
27.045674648254604
27.070727937134794
27.111355147600918
27.14759356092434
27.214676721246523
27.248707502869276
27.29533457139003
27.303373333019533
27.381731254668797
27.404511915186617
27.430556112646997
27.480411317324425
27.59227722107245
27.604109279575045
27.62679959714927
27.68733429968166
27.729695312761738
27.80348136361288
27.832268965220987
27.88444098826238
27.897665145271205
27.985004285558198
28.00067785305356
28.05677447622618
28.10929473767715
28.15139105219728
28.213675955891187
28.257840896367423
28.314910009775197
28.33008329789071
28.380980615408586
28.39347396850697
28.487838999557507
28.52965983180729
28.570148235729572
28.62133985987468
28.69268730252808
28.735034385708914
28.75371876243015
28.819352595276776
28.912980931735913
28.940592260363424
28.98666654412713
28.993718044776603
29.111897743042388
29.136989802344846
29.17138613521304
29.262007224095598
29.365756177906967
29.4196490336701
29.45858901751618
29.510789122457094
29.569841078777102
29.633099429473514
29.655888945865758
29.759530125663495
29.766979597132384
29.83525375317669
29.914831097049742
29.956246864685493
30.073510181455507
30.102242240031536
30.158751241017992
30.190204932690726
30.301464811935315
30.31299647636151
30.463092560227583
30.491143827988534
30.59930827915429
30.63716297467497
30.67806252988872
30.7031376838027
30.754253756416652
30.856115254144367
30.93135479161175
30.996751010179572
31.057251793548296
31.10104101495257
31.243995463478143
31.267254911218988
31.287580421209668
31.452552005088894
31.499542958543028
31.629954169831205
31.717535600370983
31.853995508221594
32.119661902444484
32.141288771361225
32.21420460667347
32.31055403471227
32.36546446722832
32.52415985281295
32.78606074184616
32.88985913150717
33.20179503105426
33.25183330855677
33.43532871791009
33.6333244368502
33.74867374783115
33.94048256428901
33.98236385187099
34.49363839919149
34.66908675658673
35.5436081207985
