0.0
0.0
0.0
0.0
0.0
8.872242929317096
9.465788684590553
10.085193859892076
10.2447162679983
10.768805827435353
10.930004418934532
10.946338082279969
11.065868726608482
11.067495980475199
11.067570568136974
11.146939011393808
11.348330755901266
11.491023381803258
11.591685807793231
11.660701006917655
11.713440934005341
11.722263793499948
11.855284068176704
11.932566763080509
12.033427858764535
12.039852185657091
12.065422477901754
12.292378444024843
12.30963929727597
12.394346005154059
12.48702718820941
12.637738863417415
12.640365554386799
12.667061652294178
12.80365269064212
12.828138260775244
12.865213174729766
12.9439567739082
13.014541816043943
13.01489816192785
13.028015754201782
13.190537156743755
13.234732487280352
13.287996519210784
13.300622004622126
13.35416708682561
13.406718357325778
13.43944709012255
13.496145760200843
13.639822076648361
13.662447901576229
13.671642887674121
13.702593831353262
13.729948401158167
13.770803630310796
13.779049227881133
13.855757501374423
13.862284799532206
13.88145133844573
13.937081196891503
14.009070044433145
14.04348474330026
14.147673234143772
14.163007590538589
14.275537513897872
14.285483435910573
14.314847493815133
14.33279260695955
14.345717627709842
14.450654787165952
14.485332609495174
14.544022985529725
14.601498812070504
14.609446495185544
14.623626417131028
14.68740639147007
14.74075168314357
14.839778904227106
14.886822253879005
14.891977837840457
15.018897883513764
15.03639398756168
15.049184720283908
15.054934350327978
15.111638794629943
15.1129169846617
15.121620901669319
15.12652272677224
15.161653661238383
15.27647832121648
15.282401163199395
15.291537565147214
15.34889119113723
15.411895367448203
15.491260229843713
15.573654502442933
15.58104445464584
15.610522551078441
15.672619237201234
15.693577202238194
15.74492923829748
15.756044183317284
15.813343137312138
15.827772591352682
15.861662678966466
15.93670559783894
15.963296284721586
15.979456140501833
16.071226131022154
16.07146595044567
16.146279589659976
16.1988867455017
16.19972073020253
16.21871298378644
16.265457814966094
16.27050416730831
16.32139438382694
16.338484543621767
16.359850028638284
16.391014507055342
16.483324453617623
16.495181892489192
16.529594613732755
16.62471103414747
16.643100550468418
16.666825852459468
16.679537051786756
16.737340529468508
16.756612834683125
16.799592905161816
16.875835744110617
16.929902796222
16.95722749674739
17.00803711643406
17.029603743803428
17.059579401185115
17.06267073585462
17.130499806059557
17.131000886883434
17.222985293289184
17.281012577510182
17.288489578384326
17.294173385513904
17.32304228699889
17.336704509854087
17.426788234637716
17.43989462436892
17.497181339257835
17.507594421941658
17.525634266452833
17.597402495891476
17.60027820208411
17.627246209158
17.662660161361735
17.666065371427262
17.675612508688953
17.6945697932857
17.740931114629692
17.75665736609453
17.78456898308726
17.824923719727494
17.861745364060532
17.87820666909636
17.87838492567437
18.002130360278997
18.01756330387961
18.050692631721237
18.057087082261912
18.11295027937152
18.20394583690109
18.210133788859444
18.253392769912946
18.25768880088977
18.3031303047484
18.425824963955186
18.435693516937853
18.451720204582465
18.465199049789213
18.5008467190649
18.51998617075601
18.578881726765058
18.62216874947316
18.641926531157054
18.697049089787043
18.701510058315623
18.76624614625631
18.789796484355776
18.79925310385975
18.801462401993458
18.88788797150808
18.899066784336586
18.948750668353412
18.952675584462266
18.971246164529024
18.98175662249167
18.996172754566366
19.031125032505592
19.04693654694741
19.140698437816372
19.15103009082021
19.210006825730424
19.30075011051071
19.30466767360893
19.311011613686215
19.350370677618987
19.37354653982159
19.373853972184296
19.473221618349864
19.48830490606824
19.52018829973061
19.5257803561923
19.529480166576786
19.5881479996193
19.687339128939936
19.690932646104176
19.692530635868398
19.695479672629855
19.696096313226672
19.74073567549503
19.796758868560364
19.812669157428605
19.837310735040102
19.864652901997367
19.89327680802269
19.89563897689059
19.918420793187778
19.960246727250194
19.97722407922677
20.083812262365925
20.105433953327328
20.17524814380191
20.220679578314588
20.275101213588552
20.30332322129501
20.347362031738225
20.354075819881952
20.42952575482392
20.48212534966198
20.505482223492542
20.50778254584978
20.550908829378727
20.56694985661486
20.623074025362413
20.639988205559163
20.694760633553134
20.701341047132882
20.701804310277428
20.726086028892784
20.85245135467837
20.864101476652696
20.93215367724
20.95168946236159
20.988137297367746
21.019532286744937
21.070791087026375
21.125448631474043
21.160146827366983
21.185871727153703
21.24167204841823
21.27421776054949
21.296794166491665
21.357774582788366
21.396417840579232
21.405941551542504
21.427880835828102
21.454491017873583
21.530662250933904
21.574467564710165
21.639540059136582
21.667700406333218
21.694794962366643
21.735145095044132
21.749036446925018
21.76234911274139
21.808715150072505
21.82585178361243
21.88711150198931
21.89613335405304
21.902220642344485
21.949961905205424
22.009066557145243
22.027035373156476
22.02746242678945
22.0276782581374
22.11245731555345
22.143546408650856
22.228310361104974
22.257625928199836
22.27175969852359
22.31148359988683
22.330904597556092
22.3364080634968
22.395009224314887
22.471534824810142
22.53232128652432
22.553977826454318
22.557289115676348
22.568116061547425
22.61048291875304
22.672296127609794
22.699934814753576
22.724788074137706
22.812016761557807
22.829979556344504
22.831807239974793
22.85261237610809
22.90027397055205
22.91512690017126
22.916419969422595
22.95003510156535
22.961635031186624
23.090130856122244
23.108958266154975
23.126367463857406
23.135586349018187
23.1534188075483
23.19418898685294
23.299784145655757
23.3160227710644
23.362894217861907
23.403519802573687
23.415250006882182
23.503453769013408
23.53279550637152
23.54719495590291
23.558621625616336
23.595315884663826
23.633637960249693
23.64128821665955
23.68614802715773
23.731577204013952
23.769606738999734
23.802620627176008
23.807208807643143
23.826403065590807
23.896195974124513
23.919657210297828
24.008476449263668
24.02353468669037
24.05406223309139
24.109089100204486
24.216707364262557
24.230094897608247
24.231665545494764
24.264120052253396
24.29046135807518
24.406130673267143
24.424320498457924
24.554281858482618
24.597840550538177
24.61173126777408
24.616879937390117
24.63938049618384
24.650013015788332
24.684656781044445
24.685188800563697
24.73147539150614
24.748776024813584
24.845549215971424
24.93146768541451
24.968389013348315
25.01766571573241
25.026218311751567
25.062264409295416
25.0908297992822
25.09678549344824
25.10019268010831
25.109187011587785
25.12066699036277
25.146352131757943
25.245725979106357
25.248860583880692
25.336156569629328
25.368754822566387
25.39588079725555
25.49149409085958
25.538265097202025
25.579472114251345
25.648881326471642
25.691216331634443
25.71338563656853
25.894607870473372
25.898548397273107
25.925472112064085
25.971107294144428
25.976432929132375
26.021137704193887
26.092998498101952
26.181230417325036
26.205730314481304
26.253319587941842
26.32453583650958
26.33565143864476
26.35332842861776
26.37830939892702
26.385431789236296
26.409287676074094
26.53891283826262
26.626547525615607
26.628755427820728
26.629267509042577
26.637165828678068
26.64920890188107
26.708268677645876
26.858302777771762
26.859591351075366
26.902956280642268
27.019174143026575
27.041473444526222
27.045725685500216
27.167519058915744
27.17241621404755
27.208001050342165
27.27922098445937
27.3239927959832
27.379756211348475
27.429806541639625
27.48493201080643
27.487305965193045
27.51886857846892
27.56287774831598
27.63781105402033
27.65373271150888
27.714525032624927
27.749090935854387
27.870854961934988
27.922423582497288
27.937915591709277
28.01571998833939
28.077294857102668
28.208006884785313
28.228598738745113
28.23693765526808
28.37173597054245
28.372581389053238
28.381930702495783
28.411849916673386
28.442604643606035
28.478132523526096
28.48315643877092
28.483784546207964
28.62387822967129
28.791604190096063
28.869963287375306
28.871195503929147
28.893061311319016
28.966577660578913
29.000617919221998
29.05212620994846
29.147676815480178
29.14847360020809
29.21290664785069
29.39012276721223
29.53356601790556
29.595010877569717
29.70659057544506
29.708154834544768
29.73728110162602
29.776406419740827
29.87221063711512
30.00424832778487
30.02378693999665
30.141202955346298
30.20586381827928
30.281142327159188
30.2976438356519
30.360714155145157
30.413970455530773
30.45743797342087
30.5859797419594
30.60317708222752
30.676946990871738
30.733578071284146
30.843416033023495
30.870770202041765
30.898836668177303
30.9430182109722
31.09644925699544
31.256776305942704
31.344709763734734
31.402541687266687
31.543974796729653
31.80561465540182
31.83248546027936
31.868100091526184
32.01712571682127
32.03188778716846
32.21197616291384
32.3130411337065
32.68359565490875
32.97001437124668
33.273396319407105
33.48717751151879
33.50768371377904
33.85751745511325
34.22897446273669
34.458435830008916
34.702218140830816
35.884242810585775
