0.8159180643745986
0.8693396249556081
0.9023520632946217
0.9671668782529887
1.0793979162968426
9.793358616224028
10.487146098123437
10.778501331368883
10.935789423035347
11.221093485389789
11.337258369613004
11.45868089011732
11.50275304496055
11.526752228863483
11.88825881969479
11.991298681322851
12.071230802059999
12.244827406568861
12.296913542242121
12.301926021282576
12.447251517173926
12.558851027790746
12.573462288335074
12.603777541113491
12.659974297312967
12.691983503648773
12.840913712430915
12.88563015347392
13.081587336026095
13.090874668375049
13.179306071131698
13.239855914341806
13.282920711989133
13.322364199492284
13.336552908843446
13.359574906877286
13.414342297390315
13.440240111305565
13.520020710979082
13.63783891229183
13.659835669550857
13.71881806610011
13.779470904665175
13.888727177653529
13.952773605386378
13.965961632789629
14.027057159022888
14.047629607638939
14.111384038374375
14.177536926390859
14.220900021326957
14.28466964971936
14.309249801706875
14.377035606496046
14.42877928700979
14.453483798658636
14.496267440597755
14.524812889429827
14.568741775631544
14.613779033412857
14.680559457887961
14.717640424825609
14.762455958558535
14.785772786205058
14.804230912051946
14.876521484923146
14.919263611675543
14.939384878206319
14.985679119842757
15.038809234354082
15.111533975019757
15.128406860195698
15.16333364171967
15.194695648066153
15.215696406320488
15.293257619856552
15.32395935173424
15.355452694929545
15.359660721762523
15.415588014697972
15.457348572644415
15.513680617007935
15.533150498938843
15.58092167663376
15.649207806152365
15.690736747762605
15.729472750969931
15.76968904300318
15.831004615178012
15.846037187223564
15.859643832978302
15.950314411389673
15.962526059984757
15.971046659422747
16.018450278587164
16.04875325398175
16.088936391063765
16.104953263718983
16.135923305171055
16.17185950777135
16.186603007904775
16.25284426368429
16.27621441033407
16.312446540435985
16.321496321872413
16.404042210333824
16.426694277936388
16.453134098493198
16.4994846372365
16.513751601030744
16.53426298173662
16.55026545197969
16.620703562927403
16.656980151170266
16.767217706744617
16.80321006739667
16.858285264137677
16.894521056392765
16.927498787359
16.959022345897644
16.974492869844585
17.046901750097742
17.096898422372817
17.1136502797624
17.16701853698303
17.2113800450631
17.257445151159768
17.280795853642186
17.30772735992685
17.358272844678574
17.399177262166734
17.426352734728095
17.448113016637024
17.489859237407817
17.504907144635368
17.52605636832564
17.561609055490514
17.578391074718304
17.60411407224032
17.726293959717
17.731510678546805
17.768061031553998
17.819535121439582
17.831658693700316
17.85809545747919
17.888240697801702
17.8986585097678
17.945580572392576
17.976495225231247
18.004649308712306
18.02217400142283
18.03332994842232
18.081456259448036
18.143374121641447
18.15827739189633
18.24159319719637
18.268957599995094
18.30103421909439
18.32301653405724
18.37506807823786
18.40900802365686
18.453709978829803
18.54078634803355
18.57888655733118
18.586895450174936
18.616147691684898
18.621402327937925
18.68029423911378
18.70713528950249
18.75454054957121
18.803269522890687
18.851708327332798
18.897765486107836
18.970728758986976
18.981913033301673
19.009460538277732
19.058989137013587
19.11219951264212
19.119115631006824
19.130615469276187
19.185992172834503
19.208749213709158
19.26576067713658
19.298739823010077
19.32998656248701
19.389268433862796
19.41396890506725
19.45226456781991
19.484152284551502
19.507523149929913
19.575462042542
19.617650255948742
19.638769871264838
19.65119794482583
19.69859795881662
19.739852343109494
19.751927018572285
19.77059964404549
19.792459876611748
19.83695330484542
19.844324930930934
19.913801691580964
19.96375898452888
19.97277212116458
20.062279003287248
20.072212112645257
20.07568077273851
20.11365103105182
20.133327707564277
20.177163018727796
20.21900910686345
20.251791514756196
20.28368182819805
20.337563241960048
20.367445924502274
20.397648905025047
20.455646357957743
20.47651793554843
20.526540593348525
20.539632303550242
20.57803995577165
20.669347665924974
20.676428970817394
20.698054125844816
20.7328174334345
20.760693774880526
20.78439612804969
20.800380930160916
20.85109412040545
20.88562451405279
20.900181341847066
20.926353640637902
20.97516837719438
21.001045160930627
21.018318890726995
21.05243069568065
21.096812401715184
21.130833607202405
21.17359958371383
21.200428270659987
21.232351611212238
21.254835272974358
21.266170666932553
21.33456867751109
21.390595847267146
21.45745567940886
21.47692074242609
21.484164304565084
21.495271875166612
21.53238198700738
21.58468399312998
21.620042168282165
21.631866695724753
21.653363542268377
21.69692245874149
21.708891645309233
21.725052257989702
21.755297031860326
21.80145439448937
21.835709334538915
21.85235655562388
21.880596198415397
21.91728618798876
21.97139751187511
21.99171785964645
22.000817759220464
22.04399716643126
22.067578213374837
22.097413985632276
22.140871260967312
22.17685718299752
22.187947965380562
22.226874573996756
22.24833250050902
22.299479576776395
22.34003761407061
22.434684131229503
22.439698510507625
22.45452012959181
22.48272334958971
22.572992694498772
22.57675638964746
22.6307587612071
22.6491377963771
22.688514148039058
22.723143414483
22.743211197805568
22.788095634047618
22.848524668731745
22.878532714802102
22.913802675494995
22.938106584349157
22.96269329465597
22.982960408788106
23.00463496970737
23.03050313606782
23.054818318433288
23.11982398090036
23.157106295365644
23.17308740917246
23.19549073073455
23.255800389259054
23.30949289257078
23.332889101598834
23.34756711284825
23.382595817767157
23.43652359151511
23.44742081350481
23.47729482831903
23.55362511771811
23.575865189948637
23.607824962488564
23.677248761088098
23.72638669348374
23.73400298724801
23.767908325322875
23.806637200568385
23.851026960578263
23.871086105367695
23.906091625657833
23.958212348423704
23.97297463883933
24.04744044657191
24.063408544308167
24.06863258946333
24.122438542059534
24.189167243399822
24.217090747234668
24.287168184700853
24.33642427593405
24.377372629818268
24.38960278223897
24.40745333034412
24.473852692968855
24.510487406332658
24.529939594341432
24.585522408105195
24.63160163129565
24.663887046524454
24.687438449777638
24.727378089260725
24.76686139569065
24.830957996687562
24.850437745063754
24.920627612741782
24.936312013618608
24.993866846241914
25.012163806776538
25.034878190810797
25.086910331823127
25.130748578795462
25.15960178671609
25.1870848581664
25.218429308434803
25.240961298302025
25.28352277398578
25.333265845536634
25.360701813702367
25.40215799912914
25.447225471574594
25.475569808321396
25.498890010297544
25.537360499245526
25.64645577689576
25.660868034330715
25.674306694625248
25.70805708888481
25.72884190440214
25.7803903736844
25.85430168034834
25.880596350024128
25.93588712882737
25.97132702696798
25.995403492953617
26.020228203779656
26.05465885663051
26.07491226457662
26.163154195876935
26.186665302975722
26.19405980355526
26.229693667200387
26.24928068584852
26.330435967877765
26.360059383991178
26.405814992626425
26.46159398379047
26.474194062613865
26.520237167863268
26.58089356930463
26.624326850920177
26.641129529756743
26.670853073130093
26.724730713425018
26.776329707395917
26.82454530875249
26.86089290126191
26.903397850721706
26.938048105197712
26.986439986879954
27.04989730467265
27.119967747649305
27.141520318175267
27.175140925164413
27.207743317515607
27.24335566478961
27.356944387174337
27.370000084297512
27.445925169220082
27.49864572358037
27.52774432810169
27.60124831514406
27.66447800275208
27.69967405596217
27.75514886111195
27.810128256889605
27.84661438473584
27.89414745139584
27.902463595777096
27.95179389310693
27.99447175964176
28.093497965078647
28.11702179659493
28.167479630515462
28.189899348008694
28.24800887509267
28.330061992519955
28.337198841062502
28.417032714114928
28.46856140620225
28.557462595683386
28.62438670355374
28.661262702672392
28.69004857442421
28.7397345442608
28.78452302403568
28.832360469939385
28.849934749065046
28.90511458576875
29.05177609745701
29.14167009615219
29.20846142889164
29.22605924384433
29.327598422377505
29.343204317468654
29.374372824866892
29.394509013717308
29.427982577821048
29.521476635451474
29.55056429586628
29.685623319493565
29.75453742850378
29.79349930918601
29.873684142181965
29.93672448073865
29.9867819721676
30.00616810989094
30.06262897462653
30.12401563920135
30.259584046916686
30.326481205252612
30.45552829647928
30.50613119691877
30.545017851662642
30.65424983246557
30.72694684513322
30.770311812245716
30.844338799179695
30.896747417831698
30.9284871478449
30.964066604953402
31.0974685921053
31.149076146349262
31.242599747855564
31.448928676018593
31.472451968100835
31.52948091957466
31.603963743856344
31.733798042168353
31.78589462190211
31.909180601692178
32.054791408332484
32.07751279741232
32.16307474856261
32.27399042517725
32.35027547247236
32.56143184020239
32.72626179419574
32.75200180716311
32.829226739591476
33.00756812318801
33.11233105193621
33.1443829164264
33.294785210001834
33.75662035503134
34.10218513831245
34.11153507206973
34.35534245312049
34.59485548586329
36.08728872254919
