0.7230242768089759
0.7888736630392922
0.9027614712803202
0.9587965791029525
1.098554491114545
9.356966638729121
10.892472824541114
11.049121164766852
11.052723671723237
11.318003860565367
11.705202599251207
11.901227478532661
11.95178338347664
12.196184863947964
12.205165990847998
12.378192141649933
12.41144594477668
12.430582696141418
12.563468937796614
12.608772757341663
12.637667862783236
12.70837933137246
12.795668459817302
12.95656073277709
13.014593707935038
13.106763455870697
13.152596351382396
13.171423546861979
13.197805072068423
13.269123817696379
13.314150747773764
13.346933259549584
13.450578204954002
13.478558571049426
13.598966312542585
13.673706953328423
13.744264949881858
13.753699028646366
13.768999477073454
13.937049346189863
14.037743232306669
14.108308203386683
14.136794976647886
14.14465569708655
14.160397681995278
14.215095616943811
14.279692177159408
14.333184745087552
14.364673492222414
14.426784133467342
14.471995078539143
14.503746639975278
14.560889380935585
14.594647890518335
14.611093421316934
14.658993073137346
14.71355906293337
14.747403133958576
14.776307425459722
14.808380158088315
14.88187176802542
14.978567142886
14.982220119823852
15.001231333315067
15.063041608604975
15.11093578071079
15.141096751545518
15.165975563767164
15.225378493696772
15.259375376506979
15.305267867983247
15.334847438066719
15.411845102294778
15.422769090190913
15.485563742168292
15.516471829372833
15.537157774303987
15.567539121000049
15.612582434263897
15.636457835217547
15.649139626253428
15.76171876474424
15.805767076140333
15.842991585068894
15.894262806125298
15.911843968479229
15.962642810126619
15.97144266662837
16.030117049427982
16.053807980331325
16.090807621537905
16.1102478116732
16.136301463441438
16.1940905082305
16.19848247651968
16.238367481326026
16.261933260344396
16.27424501343701
16.374463040936647
16.405022166677234
16.423819149071683
16.447646485014797
16.481928310414304
16.49875390665917
16.539829347502288
16.574222548284457
16.614389168305543
16.634473674220587
16.653232040330817
16.695051743721464
16.76004509347538
16.79807536824665
16.836159465190345
16.867154757959877
16.935620205377898
16.9603870238287
16.98846856244603
17.024070055413883
17.05559546226341
17.090250646320154
17.120211063788492
17.156868095657114
17.171175488392443
17.207587993483585
17.214514112283037
17.242994893723193
17.281559592324005
17.338691768943143
17.37705273505822
17.43495882241682
17.462734714559126
17.48502736167035
17.507662666144064
17.53655184305851
17.589764095392407
17.605165023745197
17.662558380233538
17.702107942263044
17.74739150182788
17.763280993181073
17.8078443732775
17.83409515633013
17.90243954371469
17.913612118719573
17.944386608252604
17.981400261514338
18.01164107994194
18.03615514109423
18.058913704827813
18.076628315134283
18.14104116724448
18.1524344327168
18.20114004818931
18.219265489414802
18.24210700933465
18.30408501352933
18.310605400050008
18.36041692521326
18.38292911386417
18.423489873179843
18.47267917428692
18.50976717832448
18.542717621746533
18.573955784412917
18.61531642856955
18.6399173190359
18.679369328448498
18.70115462012495
18.74561355769404
18.77807626577672
18.805192124079248
18.812028100926884
18.835044184877837
18.87507655424953
18.89845166115324
18.928782526352013
18.98178127104116
19.012130302217255
19.061586128290994
19.071252554438693
19.091835336652085
19.163649297671626
19.18794357982083
19.220833595348044
19.23762343199495
19.277828629607026
19.291019843276086
19.353058263017587
19.411659871138422
19.44601925070809
19.483086371909383
19.50203890077601
19.5266115864388
19.566327342119372
19.59518459148319
19.628299497996135
19.656384871515286
19.724883485174207
19.77876796709277
19.819428917313555
19.846298293701274
19.89772459464387
19.911759850500772
19.987885352650842
20.00022840184266
20.016655008686342
20.033618313251306
20.078946426896884
20.104697121307385
20.12485754622679
20.135862906494268
20.207779822534043
20.220844695216847
20.275176215789784
20.32174012276532
20.328682312000527
20.391663892381928
20.428622807211713
20.46282979627581
20.484618739137417
20.525376173700707
20.551145129127477
20.618027416656982
20.623494062632034
20.64283901242437
20.684135692080428
20.77934096518733
20.811150430718264
20.831757412389916
20.87302304504132
20.897998333889305
20.940098697426
20.956316176224558
20.974867791900305
21.009261028700646
21.02847355616085
21.064326316896633
21.09230725038559
21.133476091014874
21.167850842980602
21.24485788518439
21.258108188939165
21.277065779587375
21.330425599649466
21.361979089006756
21.397260631775577
21.47110916447866
21.498517202839487
21.5149721419273
21.559033816965936
21.591915107671735
21.604644506362742
21.622554694471898
21.641515645647193
21.686334010402884
21.71074556276434
21.741809276271155
21.797423381128507
21.804772743585804
21.890971761094306
21.956139848685
21.9704767007299
22.001583495939297
22.028032569137668
22.05546074672913
22.10520601112013
22.13656005361324
22.18529894587685
22.225504847305103
22.264887265685317
22.308015159692985
22.347010964025795
22.373079018458622
22.408120588475807
22.41968125788248
22.43171487078522
22.455230130467715
22.461428299047505
22.514914077118775
22.5642978960396
22.57730371338052
22.644013552519553
22.65117202724844
22.692089023874384
22.705361874319042
22.760245698457968
22.793687274517325
22.806181777921342
22.905296232611995
22.92856814598567
22.950646989189266
22.998743564839902
23.02222108532599
23.036905923330945
23.07848819066306
23.116295320176476
23.137678283792205
23.15932020569563
23.192511464749558
23.256058094547683
23.283277571054636
23.326158312845042
23.382153020026973
23.395129434564407
23.41037790872081
23.446457614420932
23.52741529285364
23.571194510934898
23.61221052700763
23.642950553995924
23.67876392232442
23.7234426055807
23.783983731826563
23.85247823471599
23.89345076446001
23.905793373619424
23.943797096908824
23.992386284689953
24.037850724367512
24.079742953030106
24.088857632661945
24.13082779400184
24.157046852652673
24.194248819716307
24.23550607000025
24.306031949308096
24.323371931987786
24.405749132792565
24.409210534709455
24.435794284772342
24.480358410027392
24.496513311167508
24.506799853894716
24.58300357093266
24.58535085251718
24.65691085506046
24.69667080033574
24.709354089347432
24.786640258712822
24.842801003363554
24.848672646941225
24.9002475431743
24.936222678603823
24.96910008112239
25.00043956933242
25.03722633403767
25.113279687336334
25.15555599494418
25.17045582757583
25.2291292761519
25.259619698643533
25.278842423403457
25.313173750215547
25.32905473510227
25.433829808052522
25.43895458656409
25.517724636676295
25.5715087333945
25.617266947954455
25.64316613832058
25.6560525839318
25.714139408194658
25.756317863173805
25.77764342146537
25.800250044665475
25.841488109832103
25.88326998518835
25.933801813705358
25.953102232686607
25.993440600417674
26.003753168484543
26.072967853053814
26.09104819179554
26.127742347549407
26.14846365085632
26.197752301590462
26.229687400304584
26.298695122030963
26.348478162040518
26.397516547267735
26.42370732284058
26.445036859268146
26.49459727679363
26.507402306598788
26.534668599170477
26.57368796286575
26.590751462637535
26.63840538029292
26.70893484214283
26.7382555728924
26.79761391634378
26.81162456187678
26.846293645049283
26.932641309256606
26.982626009501757
27.049086905669824
27.098867739078727
27.120355392650456
27.135811692147477
27.206788116960862
27.24464630943723
27.265971294991278
27.378420196361088
27.418156496465357
27.459321577588312
27.483587028945802
27.506782342236242
27.552976287488743
27.614153827096136
27.632677642575715
27.677996994476352
27.706349815763993
27.765434913321652
27.79321983786935
27.868364629713433
27.937900578176933
27.960660810206523
28.04978079732368
28.081904665417266
28.14739285519232
28.204255258013788
28.23067497270628
28.296810835664864
28.363073921763434
28.47897702016258
28.514539651141725
28.54314014558476
28.606111115408808
28.660652862892196
28.695668812846595
28.798150505491733
28.833975574941707
28.898396023657426
28.945382156353844
28.977691225136844
29.038972563549596
29.049096292659026
29.117925129762657
29.259960259244426
29.29460786202504
29.39916128601571
29.420431613693722
29.444448994752037
29.46071968148538
29.498992620123534
29.53064806574849
29.59991044150405
29.674988703346873
29.73046105300866
29.794991864531372
29.89110647464416
30.072681610242654
30.098063497330966
30.235651211470564
30.29097263423882
30.358842726069078
30.447663142136008
30.542420545621376
30.585999566192857
30.658842781589215
30.732951820875506
30.87043562419483
30.96740332711416
30.996365926064033
31.10557304095338
31.171757315333497
31.183830916600048
31.209309113141693
31.28909864632242
31.363491066337918
31.395557246484245
31.42846945162297
31.524494881855954
31.598534742940092
31.722246549680264
31.85515704605665
31.967548050254152
32.04163550505173
32.18779046514743
32.20037424399344
32.33500187433248
32.44851262040039
32.468950710624085
32.56697488252332
32.68332947979239
32.902586851287005
33.05484935085234
33.08348089833489
33.24378615737562
33.34500085838418
33.43824329196021
33.50671040463552
33.63631113371003
33.80305309370833
35.19611313524299
36.03734372072428
36.20518752601631
36.48332657930676
37.08785520467243
