0.7200642230047893
0.8514114131392659
0.8647307438869702
0.906469054211847
0.9691160366982307
8.427845804096695
9.114628975313266
9.432013543613719
9.630327858990714
9.777046709233147
9.95251683546304
10.096412837943282
10.362265489013216
10.609648457241207
10.870422097503534
11.005068667095422
11.061275856408738
11.259177190316496
11.366268754342329
11.459739631475662
11.548225617102919
11.580141925096852
11.651900678409222
11.875319435448443
11.95012968958511
12.001703134786814
12.025036712822603
12.122824688953758
12.186755958635322
12.22963498828964
12.322713129578172
12.423121678652699
12.470332345105977
12.523222313335824
12.598277155173358
12.627781435107337
12.692846744317107
12.740534663797572
12.750459436602345
12.81419501112861
12.88122460073626
12.978156421609334
13.028335651816871
13.087688619500968
13.12640784586422
13.17599120741828
13.292707429376016
13.31647436883522
13.396845585153722
13.48142798233015
13.566843950015139
13.59043722467929
13.637539261487433
13.690955484583098
13.725624872164216
13.810915279073274
13.828198232331717
13.891663645466881
13.92172102398324
13.94686277123827
13.965897505399573
14.03289358387818
14.077551960985748
14.082716602599389
14.133623146842735
14.159806332585925
14.17118565816332
14.22230916246262
14.29355367792647
14.345822501628913
14.390405152625007
14.43587469694332
14.477056694625269
14.527387442663754
14.548205749795375
14.594706577245647
14.627527799665454
14.658301260948017
14.72844020598633
14.761335602814869
14.812053328290595
14.845308341034462
14.857287344472516
14.885875183357003
14.927754531078087
14.980295406965714
15.031368743597385
15.057540282499502
15.10164589342708
15.148442055910053
15.229381531577925
15.26782003541347
15.276158676374887
15.296191697023696
15.359736526236375
15.364969656019921
15.430413858051494
15.471839255726618
15.490588243289169
15.523445487921267
15.560020526440306
15.640453547926736
15.667054647916304
15.698813718526274
15.74437912718617
15.753455812775275
15.811829254976047
15.837914770743676
15.928087518067223
15.983376359032523
16.00170963526253
16.01030650156599
16.073881718619823
16.110282644742508
16.130805269939295
16.18445992892346
16.222801445655485
16.24960647063528
16.273872500767865
16.337817721207063
16.405698441048095
16.413822439341676
16.418697185066826
16.472085838767857
16.492351905880014
16.512721115496724
16.625039889532083
16.644033782498706
16.656456156112835
16.715017502291968
16.74008678953609
16.765384938760008
16.799483092442124
16.81882242477683
16.885327058258262
16.940284089117476
16.95802279729533
17.028473645810195
17.065377242871065
17.080374412978024
17.103843114459664
17.14301879451088
17.1566263262813
17.186864105437014
17.22518133484103
17.253609754786602
17.304873458349842
17.347952603426787
17.401384923471632
17.424736013115034
17.451175629391546
17.473586655960606
17.519646578798227
17.565389554901884
17.6215275610437
17.70191306236012
17.737624615563288
17.802767378541187
17.80524133473504
17.851708119995266
17.888963865496308
17.91524936495969
17.949058917831785
17.975629612602074
17.994490692260225
18.02693320909482
18.073087517040015
18.11010822688267
18.142455340165224
18.21150980873881
18.277595469876683
18.329564586744322
18.35987071172593
18.401578058814575
18.44261958233584
18.492175314719443
18.493011501750203
18.550324557396447
18.587246991578112
18.628397268572794
18.658725780542206
18.695234197808855
18.751734647663753
18.782884003276763
18.827120557400093
18.880580704196678
18.903085557903143
18.930363131749388
18.96869579771081
19.00912601391286
19.039780026148552
19.103029882228107
19.14382015510475
19.15828188722905
19.191244055262388
19.21307673459352
19.24148421608731
19.244553144521706
19.307879354035727
19.319670881154895
19.336084068340316
19.3745791969217
19.38799563096664
19.453811125895292
19.501626082224927
19.513186932306326
19.539886414426626
19.56490585082859
19.62510721116737
19.642388341977174
19.6680816208293
19.69662625523764
19.728565842888724
19.758779173724726
19.797336345073685
19.837562217220402
19.859819268458875
19.89078496273156
19.943348786224018
19.991182226322646
20.0296587775579
20.066950983461734
20.0863412544836
20.115867193880344
20.146916351789756
20.168391762762354
20.223046897275733
20.237465103415836
20.27437577790993
20.30510157434046
20.380318903641825
20.401064874094914
20.411876606453717
20.447317237854815
20.502165220847385
20.552870122254717
20.55772590827599
20.57836987067912
20.63941572557262
20.66340640907602
20.6853962640365
20.706111480934226
20.77571741212066
20.808853255998187
20.8252212003416
20.878140034684456
20.91114637738266
20.943304770849398
20.964048075397464
21.039517955753258
21.050078669151553
21.0955593362407
21.11409633577416
21.13242348499707
21.16384055000718
21.21504880911754
21.26397931155661
21.2798728829173
21.335881246210963
21.362248078379178
21.369753077681498
21.435256419177435
21.441573851701012
21.49543950070944
21.506516869998553
21.54578872222885
21.57322943241664
21.627948770736744
21.635537509264125
21.689814015021206
21.73601259213011
21.739262327985934
21.786436375278782
21.811598208934758
21.83824269226936
21.8945490436761
21.957473470226827
21.971566869370367
22.00177189614063
22.043051156083813
22.075782466091557
22.112703607351087
22.142966538045616
22.175640626062602
22.209834931099266
22.24171511981663
22.2928823819952
22.310074079893283
22.353676617976713
22.392682208017806
22.457613451860563
22.476818251436743
22.489296997606985
22.570019212828026
22.59278501518362
22.612117597405938
22.661407778275862
22.709532351613003
22.72121587571224
22.774723635606577
22.840314861102836
22.88017525215726
22.888833167918204
22.935865519411557
22.977350707261287
23.033022981553753
23.060946044998897
23.096782303161525
23.132938467436972
23.18472393175263
23.21166783706991
23.269026961215097
23.280804918056
23.322763442352354
23.36993622001348
23.39901271693188
23.43560888613606
23.47557434259482
23.50107443264135
23.52022227749508
23.606115048422595
23.654758409415603
23.664183240094186
23.70570264765482
23.74886419336274
23.78896469861383
23.832416928999333
23.836880018624136
23.91220668658799
23.947997773382937
23.97610516628227
23.985571555657355
24.030786790327294
24.07492262535456
24.112022602319584
24.16068436513415
24.19358480895456
24.260076154755883
24.29633342453854
24.33569068451744
24.36937379138879
24.395592265490205
24.45038328575386
24.498188405696794
24.52864798763582
24.572231696133453
24.617988563152
24.6765591694058
24.71152214764487
24.783806493178677
24.82268626995892
24.864714215282255
24.90697325576385
24.95160226410544
25.018840717500368
25.046876630756614
25.12848823638613
25.138491349005413
25.176250717136977
25.19919442400515
25.251424693772858
25.273129847622446
25.344703125001356
25.36940536630407
25.44758863717186
25.478707055707613
25.49546660359624
25.507911642986365
25.582695230467845
25.665819635417517
25.695470690560914
25.72193000488485
25.76227950568516
25.774901776069893
25.8385874435886
25.886651288544357
25.912012326924266
25.9294540791153
26.001869412422398
26.046960062445145
26.074024545295792
26.106352591825683
26.17463556608408
26.23242884113537
26.251373146356453
26.27551429125171
26.305838942447494
26.318474502333935
26.38338698602206
26.421457965249502
26.513842925407356
26.545185801171076
26.60833983798632
26.645230686179012
26.66980879389258
26.69802463887811
26.76721898825844
26.776000968667155
26.792132308909864
26.883819028191233
26.925852986862125
26.965760871076487
27.007920276174595
27.083524173619452
27.121147964590786
27.131896368041645
27.14760093698875
27.215784322609608
27.301821807161293
27.349316127493598
27.381119470131782
27.48096064061152
27.514106671579746
27.528870176789486
27.579828914955698
27.604582152968927
27.622441041760016
27.664235199010463
27.70735383968581
27.774350217392836
27.825125313354384
27.962764989468614
27.983367979545942
28.008369451022773
28.039112833192362
28.111105829151555
28.18352184664479
28.205876995497157
28.32211918474339
28.375416459874852
28.46210740295668
28.52055490987191
28.55907248724715
28.614344509440212
28.672783240266504
28.71786426054475
28.75671073780111
28.830061546101874
28.869338824691805
28.900243879103847
28.961642236111576
28.98898804803212
29.097268417249097
29.184162398354225
29.228812419998302
29.239840953760112
29.332910931378606
29.39964005712208
29.494151953359573
29.505833133097514
29.557643220895933
29.745777110191884
29.822369525421724
29.875483597327506
29.923329439019916
29.953690342666285
30.001210112277835
30.039138001447988
30.135379452957
30.18213309224317
30.290899680964895
30.369118868863357
30.41031396911485
30.45093149326694
30.559381742508513
30.82305872649372
30.94864939410907
31.08204691899035
31.101400840958316
31.1510323330222
31.19325231078395
31.269459142593103
31.37648596748739
31.47990047620562
31.549330692637287
31.61670444384915
31.77191164163191
31.8213480143487
31.988055941738
32.01389295013815
32.08403902891949
32.234034159885084
32.368042517953526
32.49693563119345
32.513244188841064
32.75242806317588
32.825062309605286
32.96422613817246
33.07501287422676
33.19796372111338
33.246738032854786
33.4179313117426
33.76357170659638
33.79858045627044
34.476298958690954
34.696828965026675
34.91784591713201
37.396782177983646
37.857683169822955
