0.6998667429518761
0.8378268492492917
0.9199756911717886
0.9726954738660522
1.0736114771754515
9.180910893106956
9.202848566749445
10.096954205758177
10.103223103384513
10.875885607032071
10.900931603278327
10.95377543562007
10.974470368324157
11.02473722728792
11.47036846037561
11.496875688295113
11.693949964373678
11.75810101931876
11.993478530135496
12.078118853575303
12.280436260665871
12.408728105522048
12.565211658282326
12.665961876127147
12.702832926749032
12.782978531240003
13.030992848039933
13.044735631002718
13.129990243836994
13.213466382591204
13.268248941013931
13.355067036782922
13.397305768904731
13.418561861880978
13.476161170548355
13.52429222387684
13.598289556002667
13.619266438048754
13.690268441207957
13.694312402192113
13.774371269001994
13.860160665239427
13.918059305858767
14.005673297268835
14.017781259156866
14.032335660436228
14.1032514425467
14.153958806452339
14.178290722193326
14.300046308053242
14.355256854573774
14.387395140374544
14.517829203462036
14.560588835447774
14.615791530272254
14.646966054183439
14.705073676752544
14.769974859070526
14.784568617120032
14.816423339220025
14.846756389770722
14.880956706533304
14.910676089749971
14.967430921867559
14.986767323645559
15.05949279405272
15.064921969791085
15.104588478349594
15.134751356409287
15.15475824839646
15.176907465737687
15.232260286650536
15.25945485402499
15.281313151252553
15.387149986160466
15.430743594157052
15.448250660829261
15.525696044580176
15.570768963133874
15.606757138335853
15.624203323655907
15.697005216933682
15.739940707765113
15.768920159927807
15.809902036899265
15.837383335689623
15.863193597845486
15.881139501346654
15.928723446120111
15.966358208807069
16.029721108151744
16.052930066372717
16.082941403374605
16.130523516863448
16.14437030692158
16.17769700616131
16.212516828474104
16.245571591034487
16.28061173651645
16.32310054948138
16.3400487891467
16.35649781169916
16.412640345149615
16.45112747178002
16.477219365570424
16.507775489405134
16.537098501802248
16.584890929689067
16.62605307175504
16.65641247071038
16.689706807554717
16.75191466571198
16.829322548561883
16.857143349320523
16.892196042396876
16.905952671781286
16.93387905835244
16.960004035099956
17.021555989927066
17.031288289378182
17.05985479787262
17.090554235889954
17.140585353312535
17.168809494702717
17.238223773435216
17.290652215176113
17.32550420410181
17.34634816512129
17.39168602256966
17.469908882278617
17.480404969122567
17.527836660087047
17.543758337456797
17.607603537037352
17.65022956071891
17.68679380144076
17.720888997031917
17.75717582103584
17.77802518651011
17.8242064856796
17.82869641327492
17.887734153238057
17.906480092201736
17.907525556498538
17.9671216054728
18.023381221734393
18.048747311600795
18.099822606412605
18.133602172586265
18.13942809229468
18.165144732710772
18.220368263372404
18.27320731109752
18.296867519815585
18.346136860422348
18.373159022095432
18.458945094068564
18.466547088036965
18.492035591035055
18.54919816022187
18.56952205468549
18.596010088434383
18.612393502325396
18.642271940631353
18.663474029266283
18.711183391738164
18.736262806539425
18.78689205886722
18.836307578653543
18.89400831525552
18.905938411106654
18.948876339215882
18.953484446737466
19.018626047001433
19.050224709742604
19.101600194162298
19.1335866420683
19.201701518379316
19.223022879761288
19.252495009101022
19.28869439824506
19.302135818844537
19.35902826183985
19.408455937092782
19.46250580581963
19.480593483221888
19.549739739523865
19.569907880494533
19.589895840486335
19.63127771063486
19.636006345816572
19.654310277978652
19.710046310990084
19.743733143710944
19.772426899322685
19.80436185869434
19.826094383120232
19.881874494301698
19.904349542205555
19.956855303522364
19.975757290798576
19.996931028117515
20.05051114588763
20.05681585307827
20.108673255424456
20.147140790935207
20.202803861417834
20.234058162065015
20.260830976281166
20.30425550787793
20.333153922278484
20.37905256894534
20.39517864994067
20.433201634959747
20.449334872504462
20.472383312756403
20.51435904492945
20.544516068593097
20.579357601639014
20.598488462024584
20.62702284501574
20.653448937177107
20.677056024070446
20.736482686286305
20.745304462372587
20.851064582580648
20.87093577975378
20.886223892945125
20.946019009430458
20.98044512136497
20.993188392595997
21.050929458759004
21.06206311978139
21.095531377247372
21.122771238986285
21.184035393275312
21.221101752157242
21.255495138005177
21.285116271372562
21.306254688304815
21.343453053199287
21.36314765052345
21.39805920204702
21.43790679615407
21.46359279529347
21.50201930789709
21.53850901311661
21.542616615797282
21.549084367530607
21.576650795221827
21.611012578042185
21.662705449532208
21.691305237314452
21.732009610017162
21.758755936348262
21.79555438683468
21.816118353691305
21.849306064731277
21.92097866681501
21.94127657149593
21.979637582350016
22.02066680847005
22.069507643307475
22.099692807303448
22.113605089966274
22.158811702578085
22.19865728555792
22.243394087964838
22.276505483855363
22.295986184472063
22.335335295811788
22.384769097031512
22.401462638648542
22.459412901206484
22.471117930581553
22.48906259306811
22.539821659928304
22.5964519626408
22.685831847037818
22.705421212477187
22.727301302361905
22.780631226152757
22.81029124894801
22.84625604997684
22.88638842306425
22.911383325683385
22.937354608019
22.980246587097962
23.066940063338908
23.105161794732037
23.120439991286823
23.207360692802435
23.22234965264607
23.269184630785546
23.32400579440077
23.33361400520365
23.377665616921835
23.402744922473797
23.44235356871935
23.474340036571345
23.516652425710486
23.543353878647554
23.573999376135156
23.61275243655761
23.669592828494533
23.697451037142706
23.7288866411566
23.777296397025673
23.798537535203543
23.833458304698734
23.85076359981315
23.898067979620862
23.9408267706779
23.99273238519106
24.001447002807428
24.050029350180967
24.06365114500481
24.08457012940818
24.14894021875913
24.17896255843902
24.206413478681586
24.272774766847157
24.302018813956295
24.36023330950299
24.378836864647095
24.399572755032096
24.44687564114914
24.468916480466984
24.472946591263643
24.534394542884318
24.573310247584224
24.616234240297988
24.637332484746775
24.665059237598115
24.704787396455163
24.721418029647904
24.754185131248505
24.843178592031634
24.878420619657504
24.891094372201042
24.927185127071734
24.960897449789165
24.99225962559139
25.060706823621427
25.093765988685618
25.100250397295238
25.182093352283676
25.20168842477596
25.253382456605102
25.280741948139543
25.31872194434864
25.353802976319656
25.368587632488396
25.424689177188327
25.47176480632378
25.53193649808595
25.544354118596466
25.617863882772497
25.661110938515993
25.71914042625901
25.758823935289218
25.764363965904707
25.803391715292808
25.844590838401047
25.877641797343003
25.896934196619423
25.96181636139053
25.989277353781983
26.0508863009962
26.06956658049733
26.10411889388058
26.153744399202488
26.177288422102365
26.231938378396272
26.277703558131684
26.287701589975622
26.339428936034373
26.381491348074615
26.408944511702945
26.484899389575226
26.521078107126932
26.551448349793727
26.59696983074403
26.62846214792925
26.703386212278126
26.737574592672186
26.784492557364032
26.83169797525822
26.858602806943537
26.899536562229002
26.968038082095404
26.98740358419613
27.0304597334031
27.04688836015491
27.077090674432515
27.11993610942827
27.201579470216686
27.24576781601938
27.318949899784588
27.382739082960413
27.411309535683372
27.490796697881184
27.52631608354074
27.57168087913845
27.60643665680405
27.68578851184348
27.72485353441979
27.75873008434671
27.833777421724108
27.87492981390752
27.90264260072163
28.007905929181273
28.05842839322911
28.09919861381567
28.116766036193294
28.1355722563873
28.206840394409255
28.278951212392375
28.29859875592949
28.33126776425896
28.42426744753495
28.447995977870676
28.50185837215227
28.583015964727437
28.594947150248604
28.681375484474476
28.73331852394466
28.781227624040117
28.870728346258023
28.941816557134814
28.964289659593526
28.992826548451298
29.04772533200107
29.06281601299617
29.120352769337057
29.17223840293576
29.23402596518967
29.285211801411844
29.330729825678578
29.402205814469347
29.441776550732254
29.50971524064931
29.54287324786949
29.64720705635462
29.671083643413066
29.724901888917277
29.751846897019032
29.831173815257912
29.850977896908994
29.892068289634356
29.957044741952025
29.995730267559853
30.079092922758498
30.142725047219393
30.177637751053705
30.224913056983944
30.256844521328865
30.276854388944102
30.393103769668926
30.460293878042545
30.53420470213953
30.562223084417912
30.573553569833162
30.66800484423589
30.789466206327806
30.870461401591815
31.014351603456674
31.056087350492938
31.14735381230179
31.298980528286354
31.364385413749325
31.41636845942287
31.487710804114776
31.558128250749427
31.67228507789832
31.690376366941514
31.922204451303195
31.976735298080026
32.08133114344555
32.15342107048475
32.22483552951198
32.42146612330111
32.42825200550494
32.62716000115704
32.709352238623524
32.85179665239889
32.94892609325207
33.044050711345754
33.17352763509957
33.456442609349175
33.50637042795908
33.598611050047936
33.616798690565275
33.982815984667766
34.1334489900334
34.53791558472548
35.894459635153325
37.08896810178734
37.26867340266966
