0.7146173544576682
0.8165721128084441
0.8561869721158435
0.9885878374504949
1.0507618658361395
9.15513338187713
9.841897488142314
9.923256784458038
10.168262576057945
10.709052827230407
10.788524671292043
10.907632708228055
10.913368204501499
10.987844423243812
11.098214534917744
11.128663752864869
11.289795454663386
11.397400830457801
11.490345624224037
11.699947724880344
11.817690096206547
11.863319209042112
11.948332727353844
11.999648559218363
12.01568176340985
12.106112394778881
12.133567522899337
12.273279322627273
12.29041484017742
12.313367343443035
12.357266639161876
12.390023594673396
12.523721276051162
12.560304582169815
12.67729806400649
12.74937094458155
12.815788512872226
12.902613072876873
13.024623444127831
13.04819854922464
13.10439475804795
13.226500993135057
13.241867068286465
13.266367488322839
13.348947031018024
13.444464763760585
13.457079309273643
13.474208550062592
13.611047098062402
13.648891938933692
13.703177425340893
13.733130391309327
13.860385854339455
13.885986209399274
13.963054739757228
14.023341869033157
14.08071952260867
14.104182454161531
14.168821818444174
14.184980032242475
14.33750322238674
14.353116502921855
14.38230450018356
14.437981836195027
14.47056808261307
14.497517995320582
14.540581279691462
14.583019395990764
14.605712583705825
14.696021047715337
14.703917683393078
14.758253062328878
14.822384754968414
14.849898851558828
14.906847142972595
14.94154567017677
14.967952291566338
14.987182305643199
15.056953596836971
15.100628197304857
15.132022346643447
15.175948272632391
15.217303670697865
15.258001801610911
15.302238067481632
15.385922822050455
15.407115492281873
15.467486997854708
15.480865677222132
15.505273584234777
15.560815258222032
15.62315540744721
15.687911938817585
15.73303313845069
15.751803642531693
15.757056876148752
15.818012208674777
15.833073372991699
15.886916210071291
15.901812856832445
15.935880073231322
15.960936270152196
16.021195982041068
16.04044375370041
16.0994511029908
16.16252344073571
16.21393446730877
16.236534143569884
16.296155717810205
16.32694035906206
16.369279728727975
16.426919312157494
16.451672194906465
16.489903412864617
16.50974411518502
16.570400680861646
16.589504987378138
16.59894530112101
16.631871983823803
16.684234628662722
16.725214955167395
16.75174143453113
16.778198710690145
16.82797235854068
16.89789459693392
16.933725327364968
16.958918817484516
16.968560583987617
16.97754427811948
17.009020826033282
17.03767841294445
17.081176258997843
17.11399136283277
17.151316882421323
17.241323988370013
17.266902692975638
17.282301718265042
17.32222498515337
17.35674324250531
17.49287246514556
17.52028357587911
17.53533686372428
17.570039807077226
17.58672189196208
17.622002152370072
17.64990698917912
17.67876216962652
17.694198161177972
17.746325457798854
17.779664666074865
17.834542657510266
17.86344126921021
17.88045875942307
17.906434559513553
17.929805809297424
17.954676976804112
18.028016468876007
18.044245752072577
18.137861756693788
18.14879189893048
18.184207157313242
18.202232256387358
18.224353820129632
18.297697549653698
18.310730044382964
18.376684147031995
18.379191451691135
18.39685513586962
18.415683966697213
18.46303857310669
18.521919093202705
18.589507805890705
18.654075190637094
18.689468408816335
18.730738136175862
18.788928383956943
18.800985973622907
18.862912159329337
18.87338219826545
18.92455261445945
18.983493758714044
19.05488905621307
19.078544990974304
19.095277923694276
19.111629452637832
19.147547723427255
19.175727017709956
19.22783132465074
19.242185454349773
19.289679310174158
19.319322045357605
19.398049167720586
19.40548302411284
19.4390666862673
19.446446728930628
19.501497905382514
19.593670283881938
19.60369855718512
19.612409328084052
19.635751067844875
19.652412436086525
19.681996860291218
19.735904363575155
19.767858570484908
19.78584348376688
19.815682150479198
19.851323329275953
19.88683818583547
19.890225202278184
19.931712975617852
19.98447218720576
19.994778796006404
20.04733311026871
20.05791379321342
20.102513603043803
20.13548638001794
20.140584124722736
20.204437375711397
20.246625155863317
20.299699928108716
20.33382905377653
20.343961508546343
20.39393810253098
20.425931791508088
20.445114163926224
20.485721340202048
20.539066729145468
20.5580112111095
20.640475666385168
20.67525741782945
20.682401768527303
20.737944350813972
20.792409854432883
20.845122791997454
20.85297684203199
20.891364446632664
20.919795410291727
20.928784210749907
20.988557553341774
21.025916523498037
21.06627185697753
21.090127876409895
21.12808996336096
21.154544512812492
21.213593721469987
21.22710299887489
21.238180841260036
21.29061377733969
21.33596464114972
21.370129334691722
21.422826473421598
21.43875002826308
21.481159429528738
21.50506858318071
21.530964635735128
21.591447298946743
21.62986441359256
21.701510995723222
21.734425170141446
21.749402290920145
21.75953160980342
21.7987628236464
21.860163178611945
21.875497136489123
21.982700017681285
22.000140940174372
22.001254593040386
22.041587167478415
22.142088623865476
22.158957490545244
22.175514813779422
22.24209584278453
22.28273992549804
22.306659215107054
22.349737927603655
22.384824882249152
22.425580746920897
22.441176801314366
22.490506847446166
22.50536829761054
22.539538571633734
22.58294238221089
22.609115001115022
22.693824965251334
22.729557292124387
22.769616290273124
22.78930470485966
22.810012123501256
22.838729058389628
22.920932818880765
22.943857573581678
22.959888383125797
23.00190095280771
23.02167137140248
23.10229442540736
23.10861843934178
23.159340542423266
23.23083224749511
23.239435321262565
23.248758541094276
23.27686303938091
23.318113216794885
23.35099306326208
23.447369364730022
23.461821794963917
23.518683833956974
23.5327108843561
23.5647473653637
23.599310292101407
23.615189162706784
23.633406293952707
23.670279958246873
23.68971301479876
23.72398185958598
23.74417268746867
23.79368524196632
23.814999242194656
23.855172305108468
23.881487942491134
23.927815394086824
23.97472813854166
23.984227907913073
24.03868566376511
24.05198675733599
24.11076855806664
24.12484022964404
24.169385424427595
24.289660871919423
24.329042941965437
24.379366572198123
24.404186399217306
24.41635985130862
24.426957453415863
24.486998354243042
24.50583548352331
24.536919059413393
24.545229141325464
24.590901815414533
24.633691681871362
24.6530227958967
24.682529124938892
24.709562555960876
24.754954329064955
24.83211467182006
24.900539677254308
24.94860159120098
24.990153420080922
25.032189735789267
25.095651393464554
25.14435354322534
25.160734059356617
25.204307570522634
25.248431505461685
25.27044514050593
25.29764490383342
25.33363655197484
25.356253770427124
25.38139040236422
25.49279137509299
25.50670148400178
25.518302840012293
25.584941298396256
25.647197056507874
25.676441523205686
25.706423053014174
25.75250204298609
25.78967226609622
25.841555805515743
25.881344812924674
25.964231957715448
25.981075187849438
26.009726220674445
26.040127292444406
26.071729250639184
26.17872068318305
26.213813811942753
26.28113394531673
26.295443543869343
26.345418035999387
26.36227633720017
26.427517930627236
26.44678487161954
26.501187454407358
26.542964822439238
26.597936453115445
26.63060727358153
26.65674445693833
26.69697707801758
26.7011001924715
26.77159077776093
26.804343960618297
26.852112014903927
26.885571349983675
26.911543399517978
26.919490884224647
26.991275865474847
27.052293534023427
27.125508980863376
27.176397104112823
27.215549043067142
27.250706283156
27.312309740450523
27.395691874096073
27.414548476760203
27.465454271633742
27.524604763131993
27.57869957325588
27.60864845140158
27.649904586698447
27.690558116315028
27.699119117850515
27.805019802546468
27.81719875956922
27.84445229134601
27.924461859515223
27.95164821803644
27.992645591723313
28.06556001670501
28.090287942337945
28.125565572966153
28.16818736873556
28.226207522117978
28.29764903885975
28.31961255300406
28.3548276823832
28.529061690239807
28.585697431711747
28.626781878159797
28.660211565364136
28.79244191442728
28.856506452571644
28.916274213879213
28.920962155637213
28.95183569372059
29.045943166248836
29.109459050025492
29.149072120146275
29.19016847963344
29.26591074156625
29.28889596434954
29.300307930880177
29.413203302779774
29.432130075749267
29.530501149279214
29.554043722078404
29.662431841658165
29.674985013660464
29.76145727845508
29.777637463576337
29.87261809433422
29.942416175505528
30.021200852535692
30.05314226829677
30.078254096200343
30.19047537167782
30.245175998843102
30.350882328706643
30.37255579758622
30.391733839566893
30.48997543901217
30.570371730720925
30.71265242170161
30.745993913659127
30.80005533047315
30.927102100187405
30.98603676979926
31.20048535880801
31.298783690476192
31.346180812819338
31.411839709230485
31.44276427100033
31.48405106389316
31.699902507085593
31.759606591761095
31.874590290199496
32.01684322543675
32.08132197372195
32.20563680644698
32.270724126298205
32.294235539644426
32.35945327802273
32.564279324898365
32.74994561949773
32.842047123370406
32.896776683847214
33.09269275990411
33.2623324044785
33.31438389459646
33.46535947657951
33.495314364592716
33.85536410385184
34.06378148900474
34.33326938969866
34.429850831946816
34.56064436037543
34.81660118238347
35.21975540192386
35.76266763393974
36.49063202936085
