0.755595000091986
0.786019277873436
0.8818940809389898
0.9070885554719571
0.9511437736295578
9.137175040142642
9.983694576203382
10.226731980664082
10.791691676333363
10.811627373976329
10.988597340898567
11.035577602901157
11.169241914971131
11.28193840910371
11.366338991909133
11.507031886110534
11.660305576822454
11.885688483098498
11.938387723682052
11.96271313739081
12.072625825377582
12.212031089422581
12.405208721698076
12.458971784731608
12.479801705265368
12.53680702213703
12.651383507208143
12.845463376656461
12.870237770568277
12.899790113816275
12.934788878100973
12.98171564779693
13.069901285139734
13.10387080712507
13.150149083189014
13.250110744879509
13.298421321886863
13.309637691018727
13.350134654568453
13.421599910720799
13.474665162052347
13.506544621455308
13.611838909984524
13.68742177688435
13.720857679792468
13.77730265259311
13.826564335492902
13.839051518832152
13.896978111770801
13.926788167915207
13.956462804569142
14.020138276164648
14.035700602182631
14.086985107809808
14.12229908115554
14.158071347049468
14.21830888129899
14.274032724196964
14.314176600565265
14.353833194613635
14.401980940748114
14.40829541089984
14.453540571692814
14.504285917612762
14.548488194466954
14.582034501622488
14.64790190064653
14.666530107941654
14.706756241946925
14.750620986412148
14.800691270694077
14.812947232368598
14.861469585024189
14.919471847824953
14.97916224601481
15.001807753181174
15.04875363261604
15.101077174421123
15.111624438409544
15.170186446079546
15.215494067231539
15.224192799379626
15.24909595847534
15.304372000400853
15.337359171396606
15.387682189229414
15.454191816726818
15.475295390506357
15.502476514470514
15.534962460583266
15.53997451402392
15.559920667573063
15.593670534321957
15.599052503191421
15.650513381152173
15.696544212402465
15.753514655509237
15.781663107655376
15.842036345010253
15.879563200434303
15.895385409491148
15.949420806268947
16.023246018192197
16.049362257359704
16.084059693161578
16.132699915802934
16.20262693026176
16.22969343217816
16.23813994172648
16.27264660609178
16.33647159446514
16.376476235779613
16.436944022764607
16.486039678880456
16.505762432021825
16.53542404975106
16.59721815011209
16.643163002278747
16.65270950376344
16.672102653217078
16.692919906586905
16.72074087714024
16.731353811639295
16.778872012644296
16.8264122973019
16.8513229725767
16.853945735992006
16.880383432313586
16.902005393250906
16.960218068155587
17.015088781780488
17.03017221923867
17.062175475740535
17.06766037797478
17.132214645012994
17.171265638892432
17.212511724832048
17.257422433634442
17.304286343388302
17.344721497362645
17.40501903760159
17.40896568698707
17.480101943353546
17.505322294206707
17.551092566877966
17.59081418708582
17.636051044673412
17.646699020621963
17.704265392042743
17.762541430379468
17.781657576517002
17.823971970920816
17.87209141838723
17.915470476576
17.93298657076849
17.95414319573414
17.971433303744018
18.021921726901382
18.044932819217685
18.07462576542494
18.132500626935776
18.174336270430974
18.217703216399663
18.245956624593948
18.291444373176134
18.317958434091857
18.34450197619989
18.37497716674126
18.449971360268552
18.459365507418998
18.54730560329018
18.55943301062024
18.587288413178022
18.6457025270484
18.67861380405092
18.699284915136154
18.733726340372762
18.7842571469689
18.814833189229223
18.818887337339948
18.840434799943502
18.875328401969384
18.89862794367474
18.912842029364995
18.96670491358475
18.98200581869784
18.989547623856783
19.036140678198457
19.076188349017134
19.106664915449475
19.14084067886804
19.18621097555841
19.210053701539742
19.23438658921646
19.26389361314092
19.342852601020383
19.369839978377353
19.40919308607548
19.418379887223015
19.4940900912495
19.5253228950485
19.53403613759192
19.588252564632757
19.62842776842666
19.647965112858056
19.708382564707815
19.72956749352955
19.756774110442457
19.768908623243394
19.799476623906184
19.852510360817767
19.904508229367718
19.967017700416232
19.984513892805325
20.032526408602397
20.041844409843748
20.078350772357496
20.119338146369692
20.174082450713193
20.1875716636023
20.214847706833538
20.284689136464866
20.299748361537766
20.330939769152593
20.37414163676728
20.389071781483914
20.435908772843824
20.481147150520258
20.536703674224743
20.577282404848365
20.595353825939565
20.621496512753666
20.66633340134603
20.703397382938288
20.709224392037846
20.748573743560165
20.779437242352095
20.813408563098516
20.827123409875412
20.88496670098449
20.92588144747
20.950939139139667
20.978781953673042
21.03870314248576
21.05764952882221
21.099287527900643
21.140791492386878
21.146674195389004
21.18529222715927
21.19926410982262
21.230616514689405
21.313296733991105
21.3272516843023
21.38607647011471
21.40242483491235
21.415226906966886
21.488181929610672
21.496029833378334
21.551152884123645
21.57715184520747
21.581561432883046
21.61042217437224
21.65732328883446
21.68818075477073
21.724660431250843
21.742097904341353
21.792353651610195
21.802640091822138
21.836387849723913
21.882249399352375
21.885669151185013
21.90689384431044
21.938442206174972
22.009999525313255
22.08262956875034
22.09513305448971
22.136972329877494
22.159967989366024
22.246248783746818
22.286269542963492
22.341453617288956
22.39749044430837
22.4399885695035
22.491085972666543
22.54085918005489
22.593545752482942
22.60319953685811
22.626039871389978
22.664671339171242
22.67364326280631
22.6874505284649
22.742979773637117
22.784086590733256
22.824743523746584
22.85079066464932
22.88749741478852
22.893177229931155
22.947195471499874
22.994974005733322
23.01539240062074
23.088210979747572
23.097993633346363
23.161091536688446
23.220028238176432
23.232538142665963
23.278223683839443
23.29741904807333
23.370879353369062
23.385921022317785
23.403022804334352
23.452618329712212
23.531400135536753
23.561785096778383
23.579844594569785
23.59560940081871
23.61729298580423
23.660894431291297
23.688627807921026
23.724750997032537
23.751288484757573
23.792745723719115
23.831647409507045
23.918080090193598
23.926229059770474
23.94314898938522
24.00601129937113
24.030657224125733
24.07229347507527
24.108601956967686
24.11823469639299
24.158393526188604
24.205117794007062
24.21199391769356
24.28069304299163
24.315709987099794
24.35831311642373
24.391614435949613
24.41842076623796
24.484226989566835
24.501589347707405
24.522729617052004
24.55968374475596
24.616613413519303
24.64581331464641
24.66978679212375
24.68748248768569
24.769321031084623
24.817114645604782
24.850294003558204
24.907375713434018
24.918204103817644
24.94299232686766
24.99083291242745
25.035870595891186
25.07069690557794
25.119703153141707
25.160847402279906
25.21513379001605
25.259046683279998
25.2972393851909
25.324793859102844
25.39858125461885
25.42071581389639
25.46933271940493
25.499975618482296
25.543072311922334
25.597909563731758
25.606095233738703
25.674159314950337
25.69215528628251
25.70905756512492
25.716746483988068
25.827307312131804
25.8698035682888
25.878422599752355
25.939547737019154
26.026730994316065
26.038998646962916
26.04800448110499
26.098450542250717
26.182207784054583
26.188845520799664
26.268705010517703
26.32254641283898
26.342674348553025
26.36163179778024
26.451541666230792
26.468876171383407
26.48034654382705
26.572859097193763
26.61523794494473
26.680721630200686
26.710623536385278
26.79826925293242
26.81460472972246
26.829704478389218
26.868141787214125
26.963012082628023
27.021966816615652
27.091840846877858
27.137263592294953
27.16332270505986
27.17722445169892
27.25074872237474
27.278153061316814
27.325389384667496
27.392239186319323
27.421470473709256
27.44781488947291
27.551324593328985
27.569622226425025
27.625188809748934
27.706098860038296
27.740112185509016
27.749623992982066
27.814463963722293
27.859442550070668
27.907079132975944
27.94967157318294
28.007570724852126
28.06514728494783
28.11150945987537
28.117168367532905
28.17309891184688
28.322686203736392
28.40066901062232
28.419300421159285
28.46299970301195
28.56644610379246
28.579300252760913
28.64229718989376
28.744899386776062
28.845937971408507
28.89606628114065
28.93329822228435
29.01564341127598
29.100360399155146
29.163790978222167
29.237470391385276
29.240412175687986
29.305145627183716
29.330262810504163
29.412370982503056
29.453149042431917
29.48228910304513
29.523911644589532
29.599352533102806
29.664703712454983
29.743208952274514
29.818828121714436
29.88039650547645
29.993420057035646
30.078543798181382
30.1754788095989
30.271994268458787
30.34194989058679
30.3867614690377
30.429801495218804
30.51111474680854
30.537849248676764
30.614397953998488
30.80884225865422
30.879308578729493
30.94613515002707
31.095832006872616
31.132995846874124
31.250886252590732
31.34236864505784
31.358375397413333
31.403815640412272
31.53090514583619
31.695744006381307
31.824009793641746
31.833945022220536
31.95882562614654
32.01105607713927
32.10224421519583
32.1549483270331
32.22788884514757
32.31029491638084
32.492093829034204
32.59919920849208
32.64531895020135
32.70332717933121
32.90078476402477
33.05430759877807
33.26809491180465
33.49395170585164
33.63361001045365
34.08791815357223
34.36853395778126
34.46942367620569
34.69045587378153
35.05597725547975
35.38179500589357
35.554225155303406
35.605230189183686
35.863220320434785
38.042447837581946
