0.6742038217749856
0.7351976640461978
0.798031603862323
0.8031232700648524
0.9068987108153965
9.967981871781756
9.993833127881356
10.405021423298928
10.816300707108077
11.047026178089945
11.090189617688429
11.149047194880355
11.204780360402351
11.404673595075156
11.451745168798432
11.482511753525188
11.562251200424752
11.630700890032548
11.883576708071722
11.925871159907919
12.040771393801826
12.104414858407127
12.162898997763214
12.201515213343708
12.238060611133047
12.269369747398244
12.294148865445138
12.318846398642966
12.42624584805886
12.520812610584189
12.570103799399371
12.60918365120492
12.639938587402302
12.695180987888175
12.827008000383287
12.891428867746582
13.009446985719336
13.026024579962256
13.089302188654928
13.113434087809582
13.143638739943988
13.174073150431145
13.217420968333593
13.242452115547563
13.299311692917934
13.404091357161304
13.476709990235662
13.502334528433005
13.543462739096773
13.553290598172223
13.577599601022362
13.607037991779102
13.619425706585192
13.683948916182327
13.719612654942093
13.769445715878152
13.810149766482041
13.865955276655281
13.90724903158378
13.97461342916903
14.026289060053267
14.083630505483544
14.119140519904652
14.164293458028657
14.246468463121362
14.266830993653377
14.320302094175203
14.34852864291908
14.38154379580366
14.397053497228619
14.412976431080782
14.492251468226836
14.503738933910487
14.544771851647107
14.56367341827019
14.606226330994486
14.630929954840038
14.669299427815645
14.741397280828526
14.866226549783994
14.867096026863658
14.879957592571667
14.926012105145293
14.965060849734778
14.969166453918158
15.0028014950131
15.105783234666989
15.13114375632626
15.160533840690231
15.197916289535357
15.215608910363375
15.277922444784279
15.350497210482683
15.372907904332376
15.392343147786027
15.454780829198825
15.482231432337654
15.519495513530915
15.543750483260874
15.562240317017919
15.589917063127842
15.608144420767003
15.63539646208841
15.707341198888814
15.735635122658516
15.746967600967253
15.789485773684879
15.841725572162495
15.85243248629704
15.905850643407884
15.92262930881512
15.975546989571567
16.03167182633592
16.04454440043362
16.071027306273102
16.100187764083067
16.11278928890833
16.13487491530509
16.210261340980036
16.22805472110747
16.239215405109533
16.282300017661086
16.300397168788926
16.337976615309817
16.37548239897968
16.3888667187485
16.430923665867702
16.481750166310402
16.504951623107804
16.55805526783804
16.570047920500517
16.62223909641135
16.648200423881192
16.695243808281617
16.714623987206043
16.744967433376143
16.774414463702325
16.815201687301325
16.890675196095103
16.93575547167272
16.944399042586745
16.976093663360043
17.0289518891324
17.040719044087886
17.05979440181812
17.108719085043298
17.14968541276823
17.16333784276057
17.190148808247557
17.226915163484755
17.287832714231023
17.306676865690342
17.3326693093622
17.396891986617895
17.429924744052958
17.443507134488144
17.486714322550565
17.540935939877393
17.588013622715714
17.601796556422464
17.657704086920905
17.675611746922645
17.697794103800888
17.71290836419183
17.77519934563284
17.791734122081138
17.832804763583173
17.853759573998804
17.870227157915128
17.892959247535348
17.92066973221702
18.010097408437986
18.01249433332415
18.052946987849424
18.07971129298608
18.14246550312373
18.17347208123471
18.201326152241062
18.22373800172766
18.23361730600695
18.301643798522925
18.31350771238837
18.348661722185405
18.40214509107447
18.434813006009012
18.452064199533403
18.484855638677946
18.492748314963116
18.513784504142627
18.565691029469157
18.614693093678685
18.648163708372316
18.684136753575427
18.73749878835035
18.74933314972787
18.76184884987337
18.822061704244884
18.849307064625354
18.879856287565236
18.90427125873981
18.93184850642061
18.945663580228214
19.02437843807306
19.057541681663995
19.083835109174185
19.172240715955002
19.19604724229477
19.23929658903866
19.24468379019225
19.274861377516384
19.297072974127538
19.338120533182074
19.357929591335697
19.387330526141053
19.421284293757328
19.46353905870645
19.48497051739209
19.532548589008492
19.5738882206643
19.5996269862227
19.620096346622926
19.62168152614397
19.679536996289677
19.710131994392718
19.781460538339196
19.79278435831237
19.824222197624927
19.84925093456639
19.912157876987234
19.918853757030273
19.936748915862985
20.000875917612277
20.04876219778179
20.054405685746563
20.09781105126702
20.11954514404178
20.15716554813976
20.21293610409459
20.22294809747709
20.257288490548987
20.29685834796957
20.329780956488204
20.364525479043728
20.385861991677448
20.439717367113456
20.450005418611976
20.522038166654475
20.52900252959708
20.586328804942006
20.619664670316222
20.630368814937825
20.66826831211649
20.71463992047222
20.756686997720994
20.817181836038554
20.834118186014816
20.870293362751667
20.929436756356065
20.981109735963717
20.995088173681555
21.02008112186657
21.04751572795924
21.086995038513244
21.10394026279255
21.178228501197562
21.2451973035478
21.28253282862424
21.30743260753984
21.327060108010695
21.352192423403462
21.389797436211545
21.40617182379843
21.455232604234443
21.492512605821037
21.537947678889278
21.550640444344566
21.570498147506626
21.62962926444652
21.63831924139999
21.67688684576287
21.71688462714303
21.75005622018766
21.815292710875912
21.841606649498342
21.873173040241536
21.917271698209312
21.960194446032126
21.98330757026721
22.037416890855567
22.04873183413375
22.081864716538682
22.111463779038658
22.154446694486648
22.179264419289588
22.192893193991278
22.217806931083743
22.280191842391872
22.304937340086063
22.325070856958547
22.34024967201407
22.404599238899063
22.41338035018756
22.478905708001744
22.502436151479177
22.52986124837625
22.58270028231089
22.60944077959826
22.6479605026665
22.70480300969681
22.745582487348955
22.7620943658177
22.784496042147282
22.802263464513146
22.841025046849243
22.886093398623157
22.939330187070762
22.970810292376434
23.006433780224523
23.045682142851124
23.0907125939304
23.14909512744718
23.151442846807573
23.224479354275196
23.263181520973166
23.282350501324498
23.358328065114268
23.394620088418904
23.45829310325086
23.505651384450278
23.556308298724975
23.584299793645815
23.6207812531107
23.660308763601975
23.690144172602444
23.708654094694047
23.73697445374012
23.76151234338706
23.8533770134665
23.8753469104217
23.925171011425995
23.94967931168063
23.9843790453134
24.00463033006574
24.02758962339813
24.06990691840966
24.11562142706597
24.1637263869131
24.206925881907043
24.225919350012504
24.26943382844466
24.293148737495045
24.34928695771007
24.414365218708642
24.477898092472596
24.517408519842892
24.540299149198944
24.64458148682854
24.654301931960457
24.67011486898218
24.720259162096735
24.752826339571175
24.78702380835466
24.8456908430417
24.867393235713262
24.876460551059733
24.899604086432575
24.948564017424275
24.95485667525083
25.039734409590434
25.05198163986811
25.1148087328094
25.162669236916575
25.196012316224333
25.25779798260512
25.293322590940004
25.326732617261833
25.361706882817135
25.38702438407788
25.468517787591836
25.515629380583842
25.53918730020509
25.597158620454415
25.654569981573324
25.681056763229364
25.737675483131923
25.793004257673644
25.803167862581788
25.815751842375136
25.883692441419786
25.963806617284074
25.986068488202275
26.073458256127036
26.12668407143737
26.15740615623051
26.17760335870688
26.216209182455874
26.250675728084435
26.270374882532096
26.33706684772544
26.385912150176594
26.393315675027594
26.47734727927277
26.509551774026832
26.56168149333286
26.599456935006195
26.633992460191767
26.67763411520588
26.70910504236441
26.7227138340409
26.739378973086566
26.795872019054602
26.83113876404128
26.91518065087752
26.961763844316845
26.98212873285107
27.04221859450313
27.08798718884473
27.101936620070433
27.16218902550085
27.19055671125507
27.227713880968867
27.29804955878394
27.327368110417392
27.34675052492973
27.378428953465605
27.4858832746214
27.514799837709642
27.541489175370607
27.632696558218182
27.690641761946374
27.805938772845007
27.901696911152804
27.943818819970463
28.017797246185324
28.042496989909786
28.11062960762006
28.16253620808852
28.205869060253477
28.240253630086833
28.342036805197772
28.36471392679932
28.431310600919353
28.443426331036353
28.550353963287893
28.63802639310783
28.695786943627123
28.78319618900856
28.812158668322535
28.840579813899396
28.869407056007308
28.936244936173573
28.978786739968463
29.070561729422995
29.122561503922068
29.19324903554094
29.214161804209915
29.28373951603439
29.386944231179665
29.431032436878372
29.470917098501612
29.54349005572413
29.56065654801354
29.62102916077476
29.754351660559916
29.786200683639244
29.802378472269673
29.90841216549891
29.94775633645888
30.04751501615962
30.186002234182777
30.257325730544117
30.38146663184408
30.45160667623457
30.518293079857173
30.560441110006717
30.614027282566266
30.776325388247102
30.80593459066823
30.869602403200847
30.881681827184735
31.08142115534823
31.331438480361935
31.378365959505345
31.428699031137214
31.55620808884971
31.65988731976389
31.712399967525506
31.739408156270283
32.33963151820048
32.645723721068016
32.77697854904249
33.0859723791222
33.40112644332574
33.58677911243347
33.977106734993754
34.189442501858125
34.23672713024536
34.54385865090863
34.792967445280574
