0.0
0.0
0.0
0.0
0.0
8.434060469663025
10.687002304172761
10.850411615293748
10.866331451458839
11.01279618260083
11.046375928286318
11.076845691754402
11.411728584866582
11.528340034745435
11.651706267031047
11.729206627574364
11.749388056715052
11.824949875770395
11.85649216375054
11.86145761602131
11.946171059181804
11.99928316884808
12.09367001522032
12.17814521389372
12.28347150006201
12.357840305088747
12.526856232699544
12.620297410693585
12.642233465659526
12.690964468432119
12.697922282567983
12.739922712436586
12.760142948482802
12.786264670577893
12.87253055765108
12.932399849415006
12.975589915112028
13.102371081820566
13.265965010800363
13.277640600815857
13.321880489122977
13.336149402222258
13.393981625342803
13.413784730427627
13.444931481654061
13.51726974327077
13.540231475140223
13.573258405851183
13.599952882705361
13.662483149370026
13.668242658912385
13.72799846407838
13.751089538446408
13.893649103121335
13.972438235694598
13.975995693600455
13.987720774619172
14.0205870274574
14.039743996290154
14.050783143993744
14.075634798040376
14.085994209038422
14.123490863141688
14.17211262478686
14.251759660940136
14.304455723540658
14.315621485456822
14.372595103424114
14.412900528114855
14.418641919715919
14.534726634428333
14.584028330846953
14.630789570427886
14.647643647901345
14.66977704128055
14.710633578360508
14.739684878615327
14.758637476761972
14.785448745342844
14.834332600242792
14.83716317131404
14.927793122517917
14.968478311654552
14.979098426954968
15.000025417033777
15.070628825702778
15.119187364748193
15.136508035328188
15.213280588815463
15.253478859453852
15.267160815642567
15.365915193126884
15.368093783331146
15.44183003866436
15.443596763562025
15.446468389398161
15.466877612226433
15.535120161705368
15.557028351850237
15.620711019689397
15.629429693410207
15.64949904579954
15.675544766341615
15.698526662751528
15.81141863761854
15.869657722322719
15.977279458135824
16.000568069294683
16.067418629520052
16.103322738037622
16.144693177977288
16.168130552042648
16.183501986196443
16.192899236818693
16.208608912095723
16.226560049005435
16.258423495070332
16.26826998139167
16.30199105584211
16.375914318424453
16.41029945168834
16.423621397579172
16.42594075329278
16.474934596858912
16.48563875817186
16.571573297976126
16.577792858222487
16.62177313074178
16.65752152655783
16.70587291334581
16.721625540796904
16.754492952879126
16.75828885134895
16.760263798328438
16.79164262003647
16.922908919331274
16.93354861978015
17.00546824604525
17.045112342717886
17.057809850451356
17.065018650588335
17.15809406101478
17.15842182298747
17.15964081471426
17.16697634446402
17.172817655645645
17.218194626361996
17.33320675999912
17.3443986977379
17.38832193709463
17.395508137806985
17.529024105514157
17.542937981133417
17.574536748636703
17.598533905086974
17.65872107676673
17.660564936510408
17.66316456287176
17.71662128647339
17.727910110716387
17.790757566289695
17.815174304367527
17.82518398761961
17.883182937641617
17.944729965046125
17.982760668727693
17.99779448039244
18.00622146686324
18.047182238224817
18.174349173438703
18.181241566970744
18.181293596254854
18.185768821595655
18.197676546572467
18.22075612462922
18.31904324854478
18.363226537314457
18.37965257555756
18.40486109350155
18.419227247918776
18.458542662575105
18.54037834570828
18.598329206845886
18.60083847899243
18.610759635389396
18.624914587839907
18.766197445081815
18.774433732944452
18.788244999171972
18.788298545498414
18.826788432800264
18.837196070287135
18.87039379614221
18.87774531332964
18.8834867050699
18.94421158648038
18.95460108739007
19.000626131878235
19.01636304087874
19.066579452394528
19.072369558783
19.20112626717563
19.231822751705018
19.247300849405026
19.27726598559468
19.298399846013393
19.40030664407726
19.44233998565591
19.44407585187931
19.504384804614677
19.509775607302295
19.52292670221008
19.534008121132388
19.5749375585847
19.61525505599215
19.63222243832162
19.634570967668367
19.672804800484172
19.720833749282683
19.748270138823784
19.764360313321372
19.845029325796574
19.888433891905414
19.914602788563872
19.91990850166206
19.928140904571322
19.96675421484213
19.971291130077432
19.97239212338321
19.98100456027571
19.983067193808594
20.125099865762763
20.128430820927854
20.14923633376962
20.162000964068234
20.23140555071942
20.28140870261078
20.298741319198722
20.320925710937757
20.325130698548715
20.378888931267454
20.450111884311337
20.488793562557575
20.527971195991366
20.531050436787307
20.59502147707237
20.634721447352142
20.657547930055863
20.68468959698556
20.7025749215023
20.710655386152883
20.75936961494641
20.809177629099803
20.812965912600145
20.88988056573522
20.907592035705886
21.005128195724765
21.0178610978918
21.023892899639186
21.060551694836192
21.078603851608925
21.094610785967603
21.0990356579692
21.14550618322506
21.188369008534103
21.29787968110323
21.35427203736058
21.379670355135943
21.41843658863928
21.41863324896027
21.428275648021515
21.4581671012109
21.47241384787428
21.48837023596775
21.557630108252887
21.560321522800624
21.59754636541415
21.739434051315232
21.78240064949086
21.859937395525694
21.90074895787226
21.99224417899789
22.01548260820272
22.036770365528337
22.10267207937677
22.123265571292226
22.150591252345933
22.23835739199762
22.243807271653562
22.262703377940554
22.27215509206422
22.30198389478859
22.342948571779445
22.345125772812917
22.377650326412276
22.394406019619602
22.405919035981874
22.444941779540827
22.447681601448902
22.546613219133665
22.549001601681603
22.572373479646366
22.59025323460486
22.642478972298004
22.66911745789642
22.706923463406035
22.740263640211577
22.782433696566997
22.784285527066654
22.849077509866074
22.87860345232094
22.90462477545318
22.94960619908946
22.9627777953976
22.972730441117765
23.014507331233023
23.03561175715996
23.06942672693575
23.075716531041387
23.1061680111679
23.13310336209451
23.163579373845145
23.252003958662918
23.291077429955145
23.302880407992244
23.35124494530916
23.44391378503359
23.47046812532068
23.495929289167055
23.559371489486143
23.56833269225836
23.572775372484056
23.597676944510663
23.621574142978034
23.62953051775925
23.630850116450706
23.680700479284862
23.70671312316868
23.765489324673904
23.797352308191588
23.884928886065605
23.89516752411174
23.896227079875896
23.98672735075597
24.05759831997101
24.083731353721184
24.148470850011698
24.15465064819077
24.166403313527663
24.219695992363107
24.24103573341032
24.27202786462793
24.285113006502485
24.32947420874519
24.371637645425327
24.44637082644316
24.4656872242897
24.492027133827946
24.534395556501533
24.5920209947419
24.65444271118646
24.67625120196764
24.699506638381504
24.726511281394984
24.8130694783306
24.916233246184913
24.9461378027666
24.98376310409719
24.98646808715017
25.00022584890017
25.03950377495922
25.064651632311453
25.0898958963124
25.138520050026305
25.151487078841118
25.214078025151885
25.28061579910356
25.29293130084175
25.31034370183108
25.404008029637172
25.44344019557182
25.464784956485456
25.495912934842565
25.509482370834156
25.53903678260977
25.556734989354055
25.561916984744954
25.740511738438148
25.740738822884406
25.83483676114122
25.845856640340575
25.922206844573687
25.97294670587609
25.989834954850526
26.02037052478349
26.108818029264782
26.176773965032364
26.185912211143435
26.205202444249725
26.22505453568187
26.261353116383745
26.274357805607973
26.31666983348604
26.364857230446262
26.38397957945015
26.466275408540323
26.603753572961356
26.61401916327736
26.632847243045585
26.677730186042492
26.767441332195602
26.78178673711041
26.802287881934262
26.835164665985527
26.85117606720962
26.857544571775826
26.886789758968824
26.913733821901385
26.993763476724794
27.108105255504075
27.121971652049282
27.20235244358997
27.303106265448072
27.386612827389914
27.415710692657886
27.444958169832734
27.59242194175853
27.66556210656978
27.695980406776194
27.720213280886895
27.720590527379574
27.756594758961064
27.867692258906953
27.926859227096358
27.959648573938917
27.973191757175563
28.042489499196574
28.118163175433473
28.174753060803017
28.197737071557793
28.217344744940704
28.43444005450479
28.450005057959817
28.478259383247284
28.534161643723714
28.781496156185433
28.785772062427412
28.823439457049716
28.838369460991952
28.88905231622324
28.931373792264495
28.95888374430234
29.047748103537753
29.05903561476182
29.063116017021198
29.08493829357419
29.216109945955747
29.35303229287688
29.376855330686375
29.471782646290258
29.596673034280027
29.675038103378572
29.781378052033602
29.782077132447192
29.865755118985778
29.91877390591345
29.958211337244283
30.01148824074903
30.033852423635064
30.08444903588037
30.125531236319627
30.218252739446847
30.330464663472913
30.405746722712912
30.636343850419518
30.709884977010965
30.74080703065844
30.855027203280027
31.19339799016072
31.348812991164117
31.474176959181733
31.476053154200244
31.52419959144837
31.596546908062844
31.64277896426346
31.6726656087669
31.865526375767832
32.05802865375749
32.06460937917345
32.169330176814256
32.296334283503114
32.501761138071885
32.961758391624365
33.30319936538523
33.3282097692899
33.52847231778117
33.71858853298976
34.365922364644874
34.929342380617136
