0.0
0.0
0.0
0.0
0.0
9.659384773148853
10.512101878116239
10.584816044060334
10.707872729577508
10.717652822171623
10.758577031370788
11.277809833466357
11.35576669152146
11.38657924408891
11.417149975730746
11.568475641930817
11.574721911443559
11.772567823337985
11.779393920366127
11.958073541522655
11.979241628462436
11.980159619388584
12.120203559773241
12.237672922635344
12.277496841757992
12.359229976383597
12.395082030359958
12.395897806752851
12.403178819567776
12.434881174635484
12.524070543308223
12.542468051230593
12.65191263399578
12.680814200166614
12.71325677727308
12.722641728072496
12.81808620614477
12.82388053580444
12.837553389721803
12.921515656377652
13.068598883368153
13.07898757484114
13.11666176520883
13.141497353898036
13.179314904986072
13.182100461694908
13.300698181218207
13.310573622982519
13.34399520501508
13.36468615985164
13.553812202533715
13.603735905336748
13.63942004424733
13.801225585058873
13.80433698895687
13.83817922366325
13.85594156942632
13.894539477207049
13.916108714261751
13.95957373838111
14.028336371182602
14.123356143804562
14.169896638094096
14.238454228396876
14.283397931220547
14.311883380541028
14.351575250475733
14.358438025873873
14.403756223882386
14.434012396196737
14.479293363772824
14.491688217091886
14.556970941418529
14.558621372099859
14.692888338117426
14.70020510975369
14.714854918978029
14.764934573560025
14.859787414324417
14.860550468679726
14.865843880376225
14.893866396566903
14.903734280695247
14.964498174142722
14.998409719930576
15.015080388584922
15.024777418996267
15.09588953443207
15.143649971562699
15.186616502751983
15.228907156955733
15.236283303611298
15.279076855449688
15.37662899942659
15.43969808327897
15.468559718304261
15.470325866059316
15.490345778213602
15.513970114014695
15.522049682112986
15.539332714717828
15.586616803864535
15.63151431607795
15.686518953374492
15.688810048039599
15.69046875805703
15.746567705015586
15.840952386095667
15.873100740830482
15.947768287517013
15.967530668525695
16.033006081920284
16.119380452901908
16.16596115234609
16.218185754602825
16.226329993114955
16.29073666006377
16.313622707783793
16.323006373073326
16.367185369191766
16.377635018197175
16.395382340525632
16.40813397908961
16.440652997829627
16.576759291751078
16.578557703874058
16.580879714873472
16.607746169245484
16.60795343160682
16.61617537548432
16.661153797382628
16.685233792309973
16.74269202792967
16.78892697285742
16.797795681350067
16.831235181164654
16.84955539783299
16.876051248864883
16.91158359598622
16.94673372413856
16.947812707132226
17.011440348772563
17.021954708762333
17.02236057450426
17.11229013977874
17.143478699696335
17.14393767335584
17.161241992842385
17.17738963873884
17.208943334416677
17.35152752269637
17.365904369607776
17.369639090756625
17.4032695470199
17.41301149841174
17.41341454956273
17.483655724530493
17.495687244358745
17.496778501250766
17.528096104976864
17.531599747284343
17.53596781095108
17.634334612858417
17.640754193192436
17.665391006496417
17.724252942051407
17.847611126156362
17.852706826962585
17.861984061060387
17.873107268552207
17.90887749681276
17.94822889416981
17.951454360222026
17.97475805268124
17.994292602149795
18.015371627769795
18.033396080346957
18.06003783913807
18.273147646003153
18.277710797900372
18.278555402736654
18.282606297146895
18.290271706931854
18.307972807696263
18.39015365225422
18.412974833989765
18.497552677020728
18.55829357246913
18.646835663310707
18.65559069026023
18.682340874414
18.72410719890654
18.73034647354168
18.783684002954416
18.908968330825957
18.92133922661863
18.921996950685013
18.98403489395342
18.984376022951167
19.003140918793417
19.01664387644099
19.04263453071919
19.131765271630798
19.13259050010695
19.24319868985345
19.26159499792743
19.298338908965196
19.309806922172136
19.339100720030554
19.35709846349185
19.411794519147136
19.414022654762793
19.45013774371951
19.481167515458147
19.52802965972711
19.564785587132455
19.567038536867543
19.587701104653785
19.62473673122904
19.641270083610106
19.670716541135036
19.73049819380497
19.798161298021625
19.814782837921356
19.83601079961228
19.843024902726174
19.844912014887477
19.864759287077757
19.91105824140406
19.994405446621165
20.027941195707267
20.030058191653943
20.06484527197324
20.108765667396035
20.113131596119903
20.134358075542686
20.15410810846605
20.283374317863984
20.311106768323373
20.34682325888903
20.372886395203476
20.37584626022432
20.399212987306758
20.42947333199088
20.441842751596468
20.532771851686988
20.537228096426333
20.55000626976298
20.607512735294602
20.642921529162148
20.732539919644974
20.787055402908564
20.78844193985538
20.79595191986427
20.820616519278413
20.85006921767684
20.893875150411215
20.92980754659398
20.961612448382315
20.967201496347283
21.016464125960944
21.020720272060395
21.050744728437458
21.126349440762976
21.12647823302621
21.180610986488777
21.197596625550062
21.22739158707103
21.230790923618027
21.240481451360363
21.37423883837198
21.408983763307187
21.424866970963798
21.441887650733392
21.445026591650123
21.499658964633653
21.54208624011943
21.579328882742672
21.643885832390865
21.653060690480697
21.712712875602055
21.718694875709684
21.73301727508604
21.822500502481144
21.9007870853244
21.95424064575609
21.97352405081076
21.974042871089008
22.00745171010241
22.152347451306646
22.161609506995223
22.163040330292375
22.18186564834993
22.213692647692685
22.28813879342794
22.298839203390354
22.331182770476886
22.334592863177694
22.372035728205137
22.399184456260915
22.40480464819814
22.46558077353781
22.487998200642043
22.502386378365642
22.518129707323244
22.52982393010119
22.577449232576804
22.584569337034353
22.636306622861763
22.681593266656236
22.696117329527404
22.726798914832486
22.733290435034448
22.805032886680664
22.85946097347218
22.94197340434921
22.999724409389653
23.01128920097227
23.01368629002411
23.032608092370513
23.101464964992633
23.129115399555182
23.147122138372936
23.287989591767122
23.30888894987956
23.3202737541817
23.349155523005752
23.38659101688835
23.392937524128534
23.396852556438883
23.45497188794576
23.455274207818473
23.5290491705328
23.542114468768972
23.59347430304071
23.627446537067534
23.65109946899501
23.659598145161826
23.66038996777822
23.69825132007975
23.751101720027837
23.802108391857693
23.821026176795755
23.85594680468524
23.856048724346294
23.86954665014071
23.92919377901197
23.962032442400254
23.977560766383554
24.050153547623054
24.061563112505027
24.095996765311067
24.11481085223079
24.164402373554115
24.18395681677476
24.269681610464705
24.30237181721761
24.328255946191323
24.407221215927816
24.466194851634885
24.531555938100514
24.536056373862568
24.549713452169076
24.70161567110128
24.78024717792455
24.783690014070427
24.807839416538304
24.818693916126353
24.82490281853245
24.85605612051583
24.858367052856682
24.89003852024806
24.91023915660698
24.963987758483952
25.01371566186401
25.152972956993064
25.20152106663971
25.202546493528075
25.266750457225683
25.2736468223104
25.285212157449042
25.304182190393618
25.38009731686025
25.42666498249462
25.446883743865435
25.466554788106432
25.52951859018174
25.540089862557515
25.563179531711487
25.60308419226134
25.65682278628262
25.721415653628796
25.7376971955656
25.795743924206153
25.856034195071167
25.875193006456016
25.88451496244697
25.92149397179104
26.08178292116033
26.152338277146757
26.16177863880254
26.191314024645305
26.21314537270333
26.22633175815027
26.29712869166454
26.408760084161944
26.44887544917532
26.47261194103503
26.57511796276087
26.58674947779361
26.628035755491528
26.681183083176442
26.70956098200579
26.72303312100601
26.777772432199598
26.821564188787587
26.835971455294104
26.902303488705247
26.9374757223926
26.960578336366
26.99571444139768
27.0098190465135
27.16602256190395
27.16738427480825
27.198991500478662
27.268428934151085
27.27779827077099
27.409557596029437
27.42005018288465
27.438727821957066
27.49846191806825
27.547959909748943
27.598338261474463
27.61344036458128
27.63739089022746
27.728850936066966
27.818305863226197
27.843685208490427
27.907046735024707
27.94997961377438
28.0052175248751
28.09105438618482
28.09228737827498
28.313807097407715
28.374636104336577
28.40141677889855
28.411650551103648
28.489171459952516
28.491224000437743
28.499751910884974
28.612987653864277
28.629594128501807
28.682166614930676
28.807162739654927
28.831481881650287
28.864636929238728
28.894316410039018
29.061978729853593
29.075635043168678
29.097599589076935
29.179714781958143
29.300343773737882
29.358262810770377
29.36463193684041
29.585947717062275
29.642537086635254
29.671309070864357
29.96146722220517
29.994152669262846
29.999045299460445
30.029599732181705
30.063585028975613
30.15347022943937
30.169430381339453
30.212346536177332
30.542760484790143
30.553653374221156
30.666462637054245
30.795666186902146
30.89316580978133
30.928869967020223
31.25887177670138
31.288523556918516
31.416357952036346
31.464244066814647
31.810733444351253
31.963620754240985
31.96565211868966
32.165637170670784
32.437622125435716
32.504763223332
32.6421738427382
32.768450851337626
32.86950490138994
34.03076981000582
34.11147025709675
34.3881506263376
34.738961347253785
35.49051575375171
