0.0
0.0
0.0
0.0
0.0
8.224368550982323
8.971220272001325
9.033927529575413
9.131364605582705
9.134189207594535
9.161220875034127
10.001938008180142
10.069828896146682
10.327367304536843
10.342733332252
10.461465713619097
10.686263964251486
10.721863514238017
10.931042284888722
10.990844313200396
11.068488107567592
11.081001083394991
11.117587216294709
11.139579668002654
11.189076609338098
11.392161196751132
11.47163727993411
11.638609961341418
11.671154383536136
11.836685395904851
11.84032396124619
11.94731240688142
11.962218662826889
11.989945660659068
12.046739780581072
12.077522192402238
12.117035681293082
12.179895936245739
12.238888521493717
12.269032577944168
12.390519928895078
12.456183933206084
12.474161266267197
12.500318333086625
12.525753842289559
12.560904454922674
12.603201163041478
12.643739181012808
12.792285187820628
12.813639184741776
12.847245751493242
12.913907572259967
12.965196687196661
12.966870598961277
13.08983146310103
13.234769002339991
13.24512562535043
13.248235638992117
13.282307725595308
13.306380225529605
13.331292769776852
13.389707985487957
13.405467865728491
13.445397588634219
13.562334314810569
13.614866809791057
13.633216179446869
13.664562895719225
13.678236840291385
13.720652857586895
13.738403128334241
13.751551554669179
13.773803525411495
13.873315124695813
13.915086560288705
13.916900011235244
13.952493186995627
14.015592613661331
14.023815831942246
14.059785158653296
14.077938185890302
14.281788614220162
14.325802675752515
14.366352978607706
14.42323463703841
14.440870779168877
14.481282346302603
14.499508714932695
14.54773399114713
14.559007310443448
14.622167739051529
14.625657853694843
14.649036763026253
14.694664409455518
14.717978493730943
14.796096082930422
14.828392252282654
14.85733428050204
14.919844073769521
14.92803443860995
15.021051406648356
15.043671240229221
15.188599492979082
15.208327971493345
15.2087229660735
15.329707230778318
15.335146557682977
15.336763827788742
15.392339105487473
15.394458831048842
15.511648470551954
15.562738999003264
15.629877916425771
15.631215520701804
15.64936243211945
15.673586050415118
15.695148046079849
15.711457452560348
15.727145194637156
15.80144558706842
15.870530156668202
15.910126679187709
15.962768835068319
15.976667629394596
16.022456302034552
16.06331169051352
16.073129953269753
16.122509692966428
16.147879536788718
16.172627747728214
16.203624487811187
16.211858129660197
16.214707036051887
16.240724834672847
16.25693631629681
16.2712353144008
16.338548264451834
16.3944520473351
16.43818484870654
16.43997941125955
16.45963833260529
16.461587670362803
16.51216862705862
16.55771705585707
16.565584566111536
16.574109436900667
16.583312608030408
16.65263568378751
16.68654407100582
16.791476443844797
16.795607042822986
16.81631361829425
16.83102754337089
16.873241753037604
16.903238987955174
16.927242237948516
16.952831272886147
17.003613229532785
17.048143160053097
17.10321815531132
17.129009376563776
17.195974768153206
17.261120662735948
17.265427715549524
17.300137434901934
17.306713449818073
17.366652251637014
17.448909119015273
17.465018193457055
17.50431048444114
17.561203657553683
17.589709617735277
17.592733686359715
17.607598971372543
17.621109757439886
17.68616737916409
17.704203261080615
17.726657394849596
17.72774270130594
17.792967278968863
17.824452088536678
17.859741845853502
17.860358050217346
17.899343104204146
17.976020174517203
18.013038566993814
18.023394858969265
18.076955670091536
18.096669988534217
18.193714490846148
18.223796910768723
18.268284175702576
18.27304261798568
18.28486095686719
18.335481014331588
18.379996692656754
18.39638478326495
18.411639380382343
18.534028084380655
18.541681181397212
18.571362666696594
18.58766614005454
18.604424268035633
18.60792518164366
18.69171226336004
18.719043369373406
18.723502060171544
18.725499521865743
18.756220088906396
18.76598088208437
18.78474546144314
18.840451019248775
18.851744806711547
18.880373369573043
18.92538922686563
18.94064547108197
19.006369419649054
19.01792120491176
19.018674896638416
19.0996488323736
19.13600369139468
19.239645655621228
19.243286820441845
19.264138544903506
19.270716439299928
19.284422538282424
19.296126976132253
19.412902864524366
19.46248802328885
19.47417593309045
19.482990910829418
19.54196451543762
19.55461924267688
19.56926233535929
19.6176614311432
19.660967428424488
19.663034149489484
19.717806175458104
19.7506495437995
19.78598078023146
19.82500895541346
19.839982788678057
19.86619034611512
19.879465189489835
19.915955597436792
19.923691627386734
20.00053799680804
20.01685922408889
20.095380388337215
20.11008278867379
20.13268012751965
20.167237170435797
20.216292293359334
20.278680644946768
20.285497849608383
20.358413295345798
20.41797371505086
20.442980465000602
20.461471269179825
20.500034405027662
20.50327672412311
20.55858849756539
20.58084472586802
20.587710695285924
20.588411281722585
20.6326487118426
20.63980220315857
20.785041979428893
20.804338259160257
20.80465424443738
20.821843053151326
20.838363764466294
20.842060811592656
20.877026934666944
20.980151197344043
21.02268822699883
21.046409002994938
21.07017449737032
21.086255042649523
21.10082900406415
21.150521615686163
21.1713120103799
21.181733537964476
21.223636095743036
21.31415888454404
21.3454779723305
21.358519894031083
21.408257861126
21.45333693170123
21.507313269314317
21.561963902081285
21.581886374636078
21.592385999700056
21.62614113474205
21.701057406055465
21.70612805776734
21.743506077892345
21.753265400664116
21.756407347827935
21.75970683758128
21.781665614634456
21.800402981790125
21.841282362673777
21.87159866506706
21.883476142195832
21.918610341547947
21.944653678098383
22.01300913902331
22.058728857466637
22.15917806721759
22.199595248850756
22.254855827239794
22.259054240943914
22.275186001768365
22.286826638126733
22.398801495653167
22.465446869891558
22.52650240443982
22.545280098727144
22.620261870208726
22.647243514289826
22.650573207904085
22.694595326598886
22.715743139688332
22.768733558545613
22.78876905616666
22.860441250552192
22.87464780052858
22.905591778900448
22.94009270414367
22.945834516983265
22.94872062828927
23.00586515441943
23.066541780521316
23.11616436126612
23.139108913636257
23.202599859889116
23.222180522719803
23.24785989312714
23.292334974550315
23.312385230939604
23.3493862087392
23.410381176334667
23.417542440315113
23.485866965721687
23.491318660067503
23.569736558548648
23.61300757152351
23.618326077641857
23.61994228211699
23.664930360152447
23.67037783474618
23.70711148624431
23.829464881665334
23.8568626414968
23.861628709722346
23.89228934710409
23.945118613993998
23.97852704773944
24.057829764644172
24.092734791444478
24.10385557443742
24.10851886068274
24.14711677668013
24.18500584378794
24.200039578725388
24.236316464747603
24.306395559347663
24.38616963196056
24.4073227479472
24.54196653521549
24.572056885685143
24.575367621873774
24.583438504775593
24.591871006967203
24.598198297350812
24.667610103897275
24.68045413894528
24.721803019475352
24.827292052721585
24.852225130498052
24.925279733997062
24.988760747875002
25.021556833249896
25.037414356364575
25.08054110317472
25.109476888085727
25.12561817883961
25.135119894009957
25.212841521169036
25.214252893920357
25.30779325195518
25.317004528348317
25.352081015919698
25.434947714726217
25.460364234842366
25.52321696555808
25.527074856012764
25.61819156545576
25.67094860641677
25.69222401166311
25.709488216790426
25.753738970461587
25.80123364275704
25.845019291469264
25.887308500211077
25.90365629121625
25.987838698257242
26.035755974780255
26.03778833503486
26.046249692139217
26.084219756837772
26.096677611198924
26.12982346424129
26.268349913589887
26.27034720168458
26.350513985469515
26.353948082633885
26.430649209552477
26.44635490190329
26.459245396415167
26.60891355839018
26.639047192787384
26.70104202247236
26.736530544704166
26.740894109565662
26.747994142290647
26.803957251468635
26.814597177460268
26.977272151535434
27.025117705111427
27.086842305124126
27.193624913555183
27.265849582199966
27.272345639995418
27.274635888854927
27.348310381909013
27.428812810387946
27.43967614276341
27.452991344972265
27.54984846531264
27.573051100333217
27.70434455427063
27.7079511621355
27.729967494497966
27.747113302295844
27.816197002036933
27.857219076492758
27.89963799330674
27.925630825808117
27.94972918336489
27.963429008375723
28.073313591229095
28.122593222778434
28.22207966659612
28.366603237955466
28.375570142871645
28.426285876392456
28.489409055582446
28.526680712587936
28.544590417508484
28.566667651498985
28.613545328604992
28.635869799111685
28.80651764038421
28.906213384548344
29.02053970337477
29.040571877417666
29.23254250826838
29.232804427009224
29.27250678610443
29.32018203759464
29.35035696546813
29.3838307700622
29.495420137087507
29.5558087185958
29.56818690716263
29.77791560519007
29.791987845281643
29.963182209439093
30.145820784225354
30.34186461961106
30.36536382679504
30.38027132961335
30.46580508395253
30.844848495614926
30.886294474498392
31.07805606184327
31.089202393620507
31.188589705151564
31.31751736929305
31.439751046374415
31.950712061480594
32.14761191649481
32.32662603495803
32.34046773299069
32.887990545202754
32.900915509290506
35.11428012331788
