0.6841431708058852
0.8107110621334913
0.8818052788156427
0.9883114172426453
1.0260103819538813
9.919285158397608
10.485386656447794
10.950695321568388
10.975221676285999
11.332599565894443
11.38031872090632
11.480217006778899
11.519400754643797
11.666352161312274
11.676426207290277
11.793645264413433
11.908437548381073
12.164156964222169
12.20740320583917
12.333932423069596
12.446758325684865
12.517121931412351
12.560715835833404
12.599583565774317
12.624387661996574
12.806122575220368
12.843267010624919
12.85623974719928
12.883211276354755
12.91206354112396
13.025218023289568
13.085445284134794
13.116451195313081
13.192643880016277
13.21774316538642
13.263705632544452
13.314706570980356
13.322638739448005
13.367148952415567
13.435181558894659
13.536358697563726
13.570013893169483
13.62641017687833
13.670101213557325
13.75719722912508
13.804305934924999
13.844837753476076
13.916105509520037
13.997306550651855
14.07228759600905
14.089274083645098
14.111492329594983
14.168154975558581
14.212970078930836
14.246283795561169
14.288615922422222
14.356768393697129
14.4282219626732
14.471253275592517
14.543322843649575
14.54994520340038
14.592517002778512
14.665886750209454
14.688225005510812
14.746709780921401
14.781139910387544
14.816069888048313
14.86092951251718
14.875591139731823
14.903736907898777
14.989851641131466
15.011348809028496
15.059042557043115
15.084159533823202
15.10681176902715
15.135730133654475
15.214479586860845
15.2288483353088
15.278068616294268
15.3402120711866
15.377184834195019
15.389385507253879
15.44259814597543
15.49323078819235
15.530564075295752
15.585451079345264
15.59657304405192
15.633605319796459
15.665118347331218
15.725580256837587
15.750344789869272
15.80646980911218
15.861756356360239
15.887488138868779
15.910430402013152
15.925775523857082
15.967866710525135
16.023806917095367
16.080434413806593
16.092803437419256
16.147189601632892
16.177197798093772
16.194480252403974
16.232378452944175
16.26551528880879
16.30718396682492
16.357822703515325
16.402775106457284
16.42611792604488
16.42701072408621
16.5041967601324
16.524504406357206
16.5417633451253
16.621217195553434
16.633545766282857
16.642225150930884
16.732751612736514
16.744538972795503
16.799558849217565
16.81861050425497
16.89650901659327
16.91454999298225
16.96379514331516
16.981872110482684
17.044736028056455
17.079033215662758
17.089767818327463
17.10435190047406
17.155220562063555
17.196700006251906
17.228685129932582
17.258673551717262
17.31382981514164
17.332254141830628
17.352586820319917
17.39759824775593
17.425909447913856
17.483372877526687
17.484013348848627
17.53008082437181
17.562777245213198
17.578775741933146
17.64597729078289
17.672585337380752
17.684857036812495
17.757400481482705
17.762419345441533
17.786262023406533
17.84242394395658
17.866136943178287
17.91520187773262
17.961497060910162
18.002219896291752
18.020445332308043
18.051429528118266
18.123591773283078
18.144191566084483
18.173586469287077
18.185289813186987
18.225904021835195
18.226401524549434
18.258118351323777
18.29413258236381
18.337793299176784
18.351384116170195
18.366392971572495
18.425123050520064
18.45665126146906
18.52051566939075
18.542922488393113
18.55899562368932
18.589074680480074
18.60729739686733
18.66781480655337
18.71578377070194
18.727165018390494
18.766640328535907
18.806669426702985
18.8466446247469
18.87063836156984
18.960671991895733
18.976802503882674
18.995653693110366
19.0148204843307
19.034410654350438
19.0614524810132
19.13186014345594
19.148064714247266
19.17467594906949
19.25137183429132
19.289136470628332
19.296286440624044
19.322267240339023
19.362017380487984
19.397658368180082
19.445139197374242
19.477881566362857
19.484994492147706
19.52830091545233
19.573207442876964
19.64186026616031
19.672220167406394
19.685323468358508
19.723991192875445
19.740751003318874
19.809276946670256
19.838442614440744
19.862151724337114
19.912490885998427
19.956668876661116
19.999137555535437
20.042489987671722
20.053315555790125
20.06763862981225
20.09838536265663
20.122306875745245
20.195259759091464
20.212693327935828
20.228912694181425
20.269506825264955
20.30818188915067
20.359339403930065
20.41303194148558
20.432211420600726
20.475628338272138
20.481380833814743
20.514786011382263
20.583446121307514
20.590654682728257
20.627930143167855
20.68428513307649
20.716432159503043
20.743388534711556
20.762593502272043
20.822180417865535
20.85033921943078
20.878701072771804
20.890165083443563
20.9353767441219
20.96193737662984
21.02750934127767
21.06839881498711
21.08353324077623
21.13767141005977
21.178172913499
21.197933493308152
21.23904265698558
21.261799302040927
21.283494780667276
21.328246879672193
21.38787117516158
21.403249148114924
21.43738416611128
21.479853046827778
21.521788967112165
21.567210208316645
21.60729765972438
21.653887037207866
21.672780117983503
21.72414754439278
21.760501815455367
21.779716643540073
21.816154267945578
21.863855880499123
21.89796098471161
21.90723866598034
21.9279706843059
21.936658194696978
22.051238928328644
22.09774763065594
22.129927589167
22.16190569087897
22.19510132670729
22.224512270025087
22.249971424228505
22.27566588223973
22.292819627349875
22.329659934049726
22.353620705244865
22.36296017506943
22.4297914647347
22.527711764746034
22.54799200609335
22.554878435321125
22.55925677906342
22.609327872731498
22.671430720640508
22.689517033524854
22.757106169142546
22.76902184227513
22.790609369469976
22.841235747067703
22.85933744140153
22.894310250755556
22.9527022084006
23.00592259953921
23.046721479234463
23.060284473602586
23.092523722834127
23.11495416891908
23.14082760155061
23.18953745494207
23.215513099956357
23.23456395706686
23.28488248059521
23.31424287393644
23.342385102090397
23.429256199069204
23.473242306381156
23.549648383702234
23.573291867915735
23.596845693747348
23.635579312434917
23.711920276422546
23.729601310038458
23.770149320648052
23.78258194070664
23.83197406739991
23.842677118054635
23.87968530899731
23.898188111108016
23.916549512959765
23.953370299906414
23.995002372881753
24.01020411155321
24.02306019332316
24.101639522052334
24.14877391157496
24.175839459825763
24.20767325280527
24.22056889463579
24.255937308797293
24.32637584687369
24.360178976330925
24.432827247358702
24.45054415809562
24.4944358314253
24.532477287506957
24.551881921188556
24.62805699134641
24.67594665176385
24.701477144966777
24.778219216406146
24.803890522857778
24.871501235795762
24.901815728587305
24.954533955095155
24.978931530843138
25.028636034371598
25.055815119482155
25.078405183801813
25.110103144382467
25.159262050456444
25.18852432952506
25.204654207905048
25.246977847741466
25.30759461196572
25.341510592225802
25.365085522940177
25.417747380169697
25.443489128816477
25.45425196036765
25.49907813989249
25.535436226068764
25.584398765035033
25.64282411880215
25.696496274197916
25.701407988394106
25.75389572727985
25.795764008524703
25.81529882986859
25.841659748862124
25.91249471971028
25.951154310379344
25.970736897915696
26.019587642973118
26.056306959276036
26.130837476613447
26.169669366625925
26.209558423505687
26.21424736442421
26.336707532853392
26.366748487526948
26.394884039449156
26.45274325857652
26.498579528267033
26.523674844340935
26.618854294295602
26.651045733416606
26.69803968820201
26.706605053973995
26.75612547221745
26.83396099172028
26.84366880999081
26.852772447689265
26.94559401385378
26.966572046523424
27.019613977650785
27.093000910685937
27.12157371116288
27.198710601968504
27.23827716889396
27.251912175702724
27.268129306747387
27.344234370688127
27.42276101511348
27.454102948760116
27.465947837277188
27.492257828822797
27.527204637951293
27.567007213678924
27.631831168946686
27.658047504257112
27.698132481458128
27.768164070914317
27.845146329728497
27.87987325002334
27.90345804671163
27.967283081546714
28.01307463283066
28.066095444348374
28.085982471458856
28.150009721633694
28.184682502743517
28.206113416757045
28.243673215381925
28.346169285734124
28.36455796356253
28.48503353267354
28.503952019894708
28.58262416146362
28.62082184292765
28.670036681337532
28.733833526000137
28.830556620559893
28.866469786003158
28.947814782867514
28.95649744337951
29.01537633508703
29.044893991341848
29.098352443708023
29.132950453550503
29.190825187409025
29.30394294947832
29.360580432185362
29.396205190526157
29.54020048499286
29.584793952479615
29.6537308011731
29.673699086897024
29.706809828497985
29.739633458705743
29.768612392466242
29.868115184296624
30.020955131938084
30.063418127067337
30.117465499547666
30.14756966471229
30.215045425192674
30.286271744286918
30.38827187049193
30.49894503771212
30.558375912707398
30.632369483493274
30.705202497500867
30.804322609172143
30.854645813148505
30.971016407668923
31.04551863676559
31.15213314757164
31.22671091533693
31.282296237884587
31.30964782155733
31.459146784122954
31.531505965876907
31.606025267830688
31.70298369969113
31.733136703783664
31.792550271908084
31.824957878524167
32.03562565841248
32.152885395996634
32.16374412852567
32.35234049586055
32.541304012297715
32.606285480689735
32.65063482949712
32.86574920854447
32.98621952898421
33.05759551202342
33.14050265214892
33.20702204560117
33.298695743209755
33.36713577382545
34.19756825490799
34.53756158257903
35.229464094603244
35.64452586281393
35.715758459738865
