0.0
0.0
0.0
0.0
0.0
9.926453734906888
10.149454340974918
10.55604374701747
10.62608844178348
10.758296510203621
10.88016614514726
10.935320015808609
10.992593472880767
11.288014058986343
11.32994202485199
11.485210152615844
11.521022956615644
11.546197632580778
11.645671884736956
11.647931485962921
11.831281687822601
11.851972508959893
11.857090620803241
11.918541663755496
11.990210482769715
12.030524721187064
12.245354891029994
12.335737624349733
12.34012050461596
12.352907492968876
12.364476449609251
12.382459522818362
12.393232974586478
12.574224721209688
12.684693011320197
12.734026643237307
12.745945096797149
12.775696479831728
12.850534647975952
12.933482862644322
12.969799736083587
13.08683940973064
13.103373378259036
13.16392592086655
13.22915855328871
13.242322050718059
13.245086808119305
13.328562672745562
13.413104834229248
13.4631158474633
13.507712119558496
13.527472482746465
13.529466789284402
13.537732154482523
13.597588969462025
13.617208492373988
13.648312807853493
13.650220370206219
13.680986986769938
13.704453855533734
13.714924072726474
13.744543926506857
13.799191400883135
13.84528640607865
13.85643732575437
13.872910901018791
14.115398234738171
14.199363257523919
14.202363149847505
14.2518409121975
14.28165283420155
14.305656418201178
14.3118024638285
14.336649525199595
14.413813612384986
14.471250441357641
14.500245261447924
14.512099806738135
14.521843443994735
14.588221370124984
14.63546967981448
14.660012683677962
14.679367301389204
14.698372300657054
14.705066065276522
14.790517696740743
14.801668195800655
14.82240221382929
14.967074922664915
14.977201980067605
14.989582644784837
15.099590463679851
15.140140872773943
15.169239788207104
15.18741843976069
15.190644654383428
15.19310389582415
15.199819026048848
15.240265090127107
15.252775411510173
15.346635417994499
15.34776809909799
15.454194333131664
15.484126940089064
15.497282365051651
15.51543150926657
15.52992500086893
15.562170424517474
15.645620502875692
15.687568230776499
15.69457829890844
15.792275607387312
15.814575284509836
15.89803761435709
15.90062620517159
15.911524569760628
15.91526998898378
15.98580271256161
16.019989153068913
16.074474067896485
16.085929728018634
16.08891616935185
16.196956019780345
16.20928974211271
16.212823188354864
16.2505234784808
16.30600883111241
16.331967674765963
16.37276780867457
16.399350177769687
16.500103466193053
16.50695713055561
16.559200599506514
16.584948525505798
16.623214544891024
16.626747642718396
16.641094684539336
16.644908174274494
16.71289666646267
16.721235297927336
16.7409026709512
16.92354631330663
16.97689080276421
17.000657636613806
17.020319807339984
17.036428409615574
17.045200734289505
17.053744315930984
17.06495700580372
17.131065972821624
17.13790691035224
17.151292714187477
17.161452646998676
17.21045352071437
17.25505082331751
17.28458180406434
17.300727736871153
17.34497544272152
17.35144630102958
17.441105220591933
17.458093377420063
17.529198934701352
17.54391515525138
17.575128236939033
17.60585847618848
17.644784845566228
17.6990512657224
17.707520492727397
17.786924171340882
17.81897516770536
17.822639993858264
17.840334630661943
17.862289054109056
17.864238914759177
17.870372447466107
17.940198019652527
18.058368408381536
18.07935934962898
18.089556790388993
18.09282379770145
18.09558862318532
18.097494376185022
18.15110524646369
18.234487340256354
18.247943480846413
18.29501025551781
18.306912420720597
18.333177445104518
18.37988616656412
18.414431205563464
18.43539726164672
18.453588162889684
18.497775008828487
18.590443248264002
18.6130894660986
18.701126951716585
18.71769442829453
18.778053052951105
18.78091263815215
18.790664189532713
18.811210706871414
18.913252926436353
18.946793876227108
18.97806569076915
18.978890774876735
18.981701084981598
18.99207283938921
19.02419324519705
19.047518956996626
19.07069641925538
19.08490988950765
19.118166432717402
19.1899627996484
19.2018873743647
19.229090079182885
19.235215078614402
19.261545911909096
19.30755592199937
19.33944810230337
19.362581004649464
19.37753163049634
19.388278618928123
19.43107088747058
19.482238956785483
19.538443841045368
19.660400093782723
19.6871630639425
19.688798985078762
19.758079262018878
19.771705904511318
19.795854555710893
19.8390848259997
19.89710432729214
19.9560393448734
19.990813679508083
20.022625823143017
20.04368359372151
20.103800487931615
20.10697491745857
20.1295169569454
20.203829699308923
20.224943433444544
20.225778844887188
20.26760703370615
20.298953136676296
20.330592899990815
20.38327411000269
20.40200618761533
20.461633913403602
20.51225487472972
20.51378296494258
20.546276244654955
20.55901333764145
20.657745724179854
20.77604429756314
20.819844000770967
20.82529288447506
20.839810947638057
20.89469862515975
20.933975230256177
20.946095473705487
20.956311493411672
20.958890839947564
20.992189204181457
21.02873503564565
21.041738832488164
21.088025961338737
21.137712035561172
21.17383959891124
21.254250810616185
21.30702038008354
21.417707167564544
21.42120623649555
21.4630233213918
21.467436077675167
21.510178305659924
21.52748166523383
21.549896241854423
21.5560770805154
21.579867093068593
21.599888813864773
21.605800941574486
21.628419060029053
21.631124886463176
21.649824245665773
21.670881149772377
21.696943168757333
21.763602063442125
21.83886015955324
21.84364134630458
21.882959390039524
21.88313398589208
21.97843316854487
21.99779581957354
22.000369911972985
22.020925419468945
22.127932355415098
22.16749472520758
22.16823515329047
22.177356558411788
22.222870311248734
22.23027626594221
22.246739581617256
22.27620016785397
22.343860688221056
22.34529082367398
22.449262441817652
22.501681277224588
22.506303767310882
22.527432936997663
22.53309922688327
22.593420326315055
22.61293761807203
22.661968791861696
22.66555432862419
22.71765560214197
22.77499106223899
22.81976659787655
22.85042326713525
22.935913753271894
22.976922095394322
23.04756354747611
23.052289220057684
23.128616003312256
23.179370136643726
23.190813500527938
23.20058713408351
23.22561282348145
23.256410921893035
23.29374220493049
23.330976376611684
23.343363877036175
23.403247440755887
23.45008450627364
23.46539228979815
23.513420571648183
23.63219531725407
23.64711705532206
23.686556610766576
23.735739302885634
23.797037072078975
23.81801189601965
23.829841135198343
23.856919120280654
23.896952559226786
23.985200197299466
23.994167141729424
23.99434943262341
24.068642690203916
24.090847994209593
24.10262419509721
24.216881616338682
24.252747411931875
24.30253327497941
24.315231760023376
24.3384635439978
24.351976418271057
24.377824576456597
24.46745442838293
24.49025383980283
24.503805911867207
24.556636738674054
24.579396744777213
24.60445462719771
24.681352771555424
24.708450804410152
24.829576158621013
24.855990170732206
24.863457143402957
24.89099183506416
24.94857675239323
24.996918993237397
25.03298640868627
25.09093662661806
25.176173793564963
25.18556381317535
25.22827247724951
25.23316578629008
25.233376979230837
25.27851754887599
25.317862332579356
25.325661904541178
25.36549646729951
25.513435681140088
25.650434670959857
25.6556263086361
25.67315470375325
25.682394818613567
25.727810720713233
25.753286000243726
25.823481084306344
25.86502066359966
25.937218653668072
25.954290828485224
25.962141524660524
26.002209597086267
26.039712409433854
26.04763747857921
26.12634735999666
26.19991014672301
26.209964963752633
26.25009402535749
26.300097556833006
26.349113279752586
26.410892114326142
26.4198069503955
26.464237158802238
26.507710657985417
26.55973870935167
26.72761031017073
26.747585650617992
26.756207132040032
26.776587390326256
26.913269838897424
26.929334714073622
26.987089866119845
27.083373807894443
27.10286415489272
27.11733744829954
27.172327266959886
27.21501966910229
27.22224908118984
27.330385896488192
27.405424737577366
27.414118858356602
27.475172542233132
27.539805103251464
27.543728973875215
27.55836656627116
27.713495357958063
27.757511031835918
27.805044702479908
27.852896177421698
27.892376967984355
27.997582458685486
28.00953798851786
28.03651921874372
28.106395744411113
28.135340851087104
28.166781777444882
28.340798942766508
28.385515691983628
28.41273315346267
28.454744305117092
28.65362493867105
28.727632727608167
28.877585410679146
28.934572971411598
28.940310106239743
29.00418907342999
29.029101646458948
29.04593531229808
29.081728415587747
29.14471134262987
29.29923154960708
29.407481559174784
29.462779196814807
29.609591364027615
29.620053637522826
29.65501080971881
29.667327325054146
29.68745215222313
29.81242204406731
29.878622679719637
29.95454937197647
30.052400215003516
30.093096449325955
30.132152300553958
30.187860561002854
30.315999371480345
30.32011853903234
30.381841920736157
30.50646671914477
30.5114438817592
30.815756543279836
30.84783488041341
30.90857967431107
31.11242388627626
31.16972809835575
31.287339013395133
31.312454348321666
31.390252236016856
31.435721593087067
31.652307036114628
31.67612822630011
31.991607302776163
32.02959543300222
32.10210722302623
32.20672601670185
32.24763430409846
32.72159197631983
33.05625357902823
33.13976227712262
33.30693445033324
33.536366145727634
34.05792423472537
34.10434064341217
35.29002475315999
35.627097065755066
