0.699514841152402
0.8092193734431793
0.9383244134446639
1.0227588319184353
1.0964967513085544
9.265410626139971
9.298595196511497
9.328686499003837
9.897627616384156
10.60974455062284
10.80352240024732
10.87015274613559
10.900114903183885
11.325263846727438
11.533745240521625
11.606320394939484
11.6120467008038
11.706645411423356
11.754984292362382
11.776705491040339
11.870464104974532
12.146394300348101
12.192879655481654
12.326722317038204
12.400331525251516
12.489492828813528
12.550377652984952
12.698760369246449
12.734436999797031
12.747057019257829
12.803813034907852
12.820318663187834
12.89190561076494
12.966545744415983
13.05983693479206
13.084843463061812
13.137477071367039
13.166278607987499
13.281943112123471
13.31468644068395
13.34571283588319
13.377896171700177
13.41037390240414
13.446925771794174
13.483807226735278
13.536209341575487
13.638215904256846
13.65160968916296
13.703314276908117
13.719753699710239
13.866384186114223
13.931365117003077
13.952609023105376
14.033812289986331
14.051791588313778
14.08156417240191
14.103710568556997
14.131392549648522
14.18290098733634
14.20643704292612
14.214242493206086
14.234566565264052
14.265124285358272
14.341594933652502
14.385111990894067
14.397325144459913
14.473364555975945
14.565881152123666
14.620887793949564
14.661280776623192
14.683543877888237
14.738795385152713
14.766342950333195
14.868857230232388
14.875830043623793
14.922458097666858
14.95449482612055
15.005124165667459
15.067935756821324
15.10648332044227
15.116341030389444
15.18221533964793
15.205045815311179
15.236452287699771
15.267241213634001
15.295906398807363
15.337690045219619
15.396427352933472
15.416833982520078
15.430363949225727
15.458783062779307
15.514708723337238
15.555783777465177
15.573768919448913
15.643162919793948
15.708792521626156
15.741327814782519
15.787090129721749
15.81296043154713
15.845836288489393
15.872018312412337
15.87573411559827
15.939386013789093
15.95778671220182
15.980883018300963
16.02251167137985
16.04896704263428
16.153431053387447
16.199387227619678
16.23093440336662
16.271045542299518
16.2860283203562
16.38703833839148
16.433061159471805
16.44451422881639
16.490066932033642
16.50660087258479
16.537006825942107
16.632305881327365
16.658551479768878
16.671380192219367
16.74845786216313
16.75227363369453
16.76845090617442
16.813936755722807
16.818698479448496
16.84591687473369
16.865101028793898
16.87736120057178
16.945368416540205
16.95451455764919
16.982565282263383
17.083904039068027
17.12120186248492
17.129995530297705
17.189141814506602
17.21474257629751
17.246356504553997
17.26113337754999
17.304428014599573
17.339247714217418
17.35118619858052
17.43457589658113
17.467644904979238
17.48684292550159
17.499715816517547
17.538987817596972
17.58466151630808
17.615668527846243
17.639355776062462
17.70230581488278
17.728879084884547
17.754541639176352
17.827580271287996
17.839351161556575
17.86309984337268
17.906665561973337
17.914596289281157
17.927866741561
17.97161353162576
18.002749825835803
18.053278183563066
18.113729963629645
18.144984073452324
18.164461062097967
18.205515985216287
18.23832787200075
18.289913637836396
18.31258204969592
18.329705800695436
18.37019502410121
18.38850893699564
18.44364978429067
18.45851335606406
18.487811596786006
18.510667598232658
18.60140580189351
18.642172174160184
18.674343668704932
18.705423873384433
18.736339691793486
18.770246697277198
18.804094353807347
18.842700847798675
18.878585126796736
18.923292627011815
18.947355601813953
18.97320724036509
18.994183014733213
19.049328438776744
19.07218094376455
19.108136971700386
19.126497798291627
19.15275417515616
19.221860489324865
19.234935251035402
19.278916766645597
19.30472849989774
19.31357062068097
19.350950073066613
19.378853108324304
19.400541263298866
19.447890598728335
19.475406727396
19.534377715145848
19.545115173742236
19.59972388627493
19.610755024301636
19.650959895128484
19.71673754616252
19.754072077202437
19.787822022379075
19.818498773973936
19.88364448486119
19.89798508355701
19.932624982861565
19.94223815727097
20.016576661343578
20.060869906056414
20.093742646524195
20.124470834810747
20.173675419329367
20.18486152071608
20.202266695548364
20.207348136759656
20.244378522981624
20.256833219397457
20.291321496210067
20.34173524511717
20.381017308762537
20.39636081206391
20.466464389950517
20.48665717035114
20.498536726812493
20.578452482139486
20.613928389097996
20.64696822517155
20.66790819572599
20.69773899879545
20.7332363357901
20.763303543863458
20.794165194511656
20.841118093499873
20.87395839996614
20.916387169533277
20.952409520557158
21.002772701434182
21.047233111898027
21.095808745612324
21.154530290591577
21.168919468315483
21.195618247936967
21.22081834381749
21.242665541606097
21.26932149001497
21.30376292232797
21.366988781062886
21.39370501700549
21.419359936467263
21.480575581267416
21.50096908174751
21.521995469903832
21.573163166826333
21.588906183615183
21.605122967184965
21.66654586363737
21.701925976249736
21.716775303251115
21.7704191001458
21.77488726069134
21.805780730802773
21.825578839488454
21.853967343242644
21.89909280236851
21.957698829777257
22.020267257153115
22.041592236783256
22.085008393466754
22.092450593256107
22.122462091615677
22.166521730663536
22.20402959630014
22.243088347617057
22.285527435636556
22.329224004333625
22.356447554086184
22.38203238486694
22.413928168937147
22.419984402752704
22.45538588744382
22.567606383813125
22.58232828196346
22.604399054542316
22.64767358902541
22.684781288833857
22.702754450527205
22.737030609751454
22.81379287253429
22.869134974645355
22.897359022818684
22.906520034222666
22.95574335984506
23.002622657448807
23.044036054594777
23.076682126169263
23.080894817576016
23.131748867050952
23.17228786141226
23.21411212456822
23.28689404973225
23.299268472297317
23.338279334707504
23.355547623564377
23.403463168529395
23.461738619204034
23.52596082280126
23.531746765035948
23.551912347078794
23.618241301372098
23.649636078633428
23.661951135589476
23.668004905703505
23.71304631040531
23.771828304140307
23.820697370691263
23.841787558716778
23.88774564360676
23.91669574066985
23.943803753897186
23.969408263598112
23.982335950861806
24.038131888637533
24.071414284667245
24.08062401252161
24.17797955042002
24.18216306170852
24.22006027794518
24.244693336398115
24.266491770583492
24.300640758860315
24.348647842296927
24.396413508275735
24.44038400343949
24.444666380515923
24.51584403057342
24.576117191442645
24.58701636212266
24.641091426320124
24.681458482053838
24.70047039232934
24.770980154849088
24.791992334278834
24.84698371624632
24.863027160331313
24.904880161039163
24.93275729276393
25.000385213532663
25.032057332155034
25.115461400839326
25.13237701057455
25.148735158357916
25.198692855267474
25.25261453553803
25.26600405818614
25.293130057718535
25.322978762848237
25.382309424481203
25.41803209050867
25.46339234179105
25.50521570557946
25.524902889008562
25.543910346807856
25.555978226569348
25.589245922865842
25.618419402761532
25.67501942302235
25.721414650971543
25.790595696361883
25.835733048378803
25.865794184167648
25.89369853808142
25.911883888838158
25.994756110495004
26.024785557043344
26.06745391381728
26.10781514618966
26.14393855657332
26.179796685586158
26.253769081482126
26.289352136993934
26.360781634375964
26.395786484583816
26.425085066343204
26.505606842097873
26.53155587589107
26.630688758980554
26.643826321179866
26.674665507365173
26.727976655661855
26.732939498220297
26.79503427433663
26.861817283801972
26.904226419099214
26.974040559732515
27.01704182770865
27.099132659063358
27.187365877729974
27.267245990236592
27.335277054275128
27.358780220898183
27.40333164278601
27.494275884263125
27.51547839074559
27.5336455091169
27.566123410333777
27.63195840920657
27.685431759730818
27.708717693757574
27.751435330408636
27.76379806376012
27.8067724038264
27.869682583061213
27.88508445732385
27.95242414789701
28.027294260193116
28.04998414399056
28.117997263518006
28.13678090356371
28.25637174512568
28.302530707827607
28.3542408012487
28.371248331147928
28.404430686057804
28.44824342173626
28.489399526168075
28.532649580783893
28.599059709919395
28.63456037106862
28.669133971267946
28.719243975591635
28.78751329221056
28.798737185230156
28.831949996695112
28.904813707067635
28.965515062248627
29.033545299640434
29.083051227625706
29.14644067487338
29.174389543574932
29.245617287829543
29.358037998095288
29.378031891728845
29.392040999472872
29.455947016155907
29.527551597617673
29.71695055355627
29.72427763821525
29.836559525875995
29.874571338328053
29.89649263695646
29.95258760799727
30.01771900999656
30.04993067414547
30.1269027582942
30.157869886115105
30.205888364909036
30.34385288319447
30.43692577909488
30.488672263419126
30.542048135403867
30.69893920229386
30.787486385014155
30.82726580111933
30.880658982201556
30.938102186254042
30.94311390612176
31.024479762986253
31.096754148992904
31.211340431871466
31.302161582543974
31.33242508059866
31.517207773052142
31.6255389953386
31.66918300221616
32.01230357416806
32.23716384650343
32.302669339466256
32.37730622971869
32.45593042038138
32.86167777693898
33.092548187653215
33.33071621520886
33.497811879233836
33.58886185613451
33.76932074702247
34.026392627595236
34.13215270251212
35.336488753940486
35.68589534660421
