0.7463889224102276
0.808707668955731
0.8490244279190541
1.018118980430507
1.1266099470483266
9.039018034002142
10.164385094327653
10.283101971601917
10.432081041991829
10.475225159102393
10.503129581531217
10.755349055404084
10.789565018853507
11.065355814562292
11.137890501722937
11.285670752686123
11.544932110077557
11.630639036425487
11.694264007902198
11.842999226058584
11.916205158100379
11.934956479184825
12.140011776795031
12.265720952423184
12.28855669171293
12.321853499075676
12.43279049064157
12.451409104554536
12.611468955049364
12.624376917063294
12.731110316531643
12.747809230532619
12.759029835710342
12.805509520232144
12.845052001660893
12.884298377875464
12.907734785303864
12.955118065621452
12.969175960041678
13.027106177525413
13.075677643074208
13.134276184358185
13.153388435060188
13.18199083597474
13.202356601042078
13.240855562300863
13.301564390051851
13.389600619321232
13.424872075259437
13.43684128742093
13.525603169252886
13.564053210624692
13.611002837917331
13.663050901862169
13.712541226432563
13.741872341625983
13.787075057865295
13.825669963243765
13.886049148895873
13.963401959683022
14.026840039239493
14.054683294337785
14.09274328051746
14.119198638442628
14.17420473428287
14.207452695723811
14.275527137970563
14.317699330368786
14.34390877327067
14.39570441921578
14.409469208386092
14.463697276702348
14.473653683949282
14.493632472662828
14.561531978269311
14.600536488629379
14.650739648998892
14.684542069685211
14.719189498571788
14.75759924747883
14.795790374942596
14.899993298597185
14.921673656996877
14.952367060598567
14.983034250756662
15.0253767902452
15.075553002907862
15.106748124303907
15.123990295594046
15.184699512634102
15.214158709711654
15.231196417343748
15.260833796259146
15.307006540126775
15.325494838319782
15.373148129134837
15.392379732381437
15.448445100993325
15.487610643962835
15.513406101201921
15.547419925611997
15.594607621672699
15.65375890214649
15.683733388497725
15.718403176369776
15.757649301937816
15.76890536174488
15.799243380149143
15.872563106015598
15.932805107491413
15.985344801148548
15.991454383209609
16.016398428835416
16.101065282297967
16.149801787098546
16.166730994556595
16.232457670371918
16.243239095645198
16.2664710408808
16.31320439517862
16.337809518043052
16.363561899787047
16.41652802984518
16.443913127234623
16.502633578504412
16.532152425964316
16.542378300395384
16.581225754926308
16.60505809571219
16.6354149877564
16.666333620406753
16.719577726209312
16.74995624062047
16.77214892878437
16.817564373828674
16.872808172069362
16.900358749335336
16.935076481551253
17.0068653003657
17.051950237267
17.07499375861495
17.10503302817016
17.12893314037245
17.137931597949784
17.173379539570433
17.206946089761765
17.25936138868371
17.264187463618146
17.32526430352575
17.339902825958603
17.386819940438535
17.409657248067898
17.412954502212003
17.441351081865974
17.457310247489005
17.5171961108704
17.54352109409839
17.561710752336264
17.60716512614114
17.69885382845615
17.742676858360333
17.78151173397737
17.7911576388314
17.822998772228914
17.85686802999474
17.876691968995573
17.908835477083063
17.950839526618267
17.98651341615367
18.00826494696665
18.025003471104714
18.05977310346224
18.12251135643286
18.141702768667027
18.1607251348585
18.214063153208063
18.249634592237328
18.271814754297313
18.332164432668588
18.36322329155962
18.4279725394587
18.454579570608203
18.47298624804802
18.534574980549262
18.560169479886675
18.593516368211063
18.65058261437301
18.659584355645134
18.704263639969625
18.737496319386583
18.749290638534806
18.755023821770866
18.794574146699798
18.81710718438719
18.864956240656056
18.914459226186185
18.98231877893854
19.004941856280166
19.00519056549866
19.03989310574831
19.044897885449526
19.12170057422166
19.160604330841068
19.18312950712688
19.2095085087556
19.28497757480561
19.299861066501006
19.366820297198863
19.37648719572975
19.408085796078527
19.441193538059675
19.485590631333128
19.508348613376622
19.560494818526365
19.57169929911245
19.649245997949357
19.657149983602764
19.67527192312247
19.6948329447421
19.707312728177097
19.783715231485964
19.82515931471637
19.86611214369446
19.892758900961788
19.928461774844592
19.973684658677914
20.011484983686366
20.04032042517748
20.063686246745167
20.08906479823468
20.160581640136403
20.177050717266088
20.221386129349025
20.247896110825824
20.31179776135987
20.341452982036746
20.36337189956501
20.41175624076974
20.465707917857102
20.474980509769615
20.501786120937656
20.542098133121286
20.580200354748904
20.616401974581827
20.669816503148404
20.682799337178132
20.69111235008347
20.75411767155757
20.77298925177055
20.792709434213425
20.839429587602588
20.881821026272398
20.938126693699864
20.949362584880312
20.996873344283618
21.000194783403767
21.056183219479315
21.096764381743736
21.123414952073258
21.17048892139746
21.23328817134507
21.281211250287278
21.30166507715015
21.352257142278127
21.385300401544303
21.41926443159267
21.43060075995348
21.455927196828625
21.515411533880158
21.542157548180114
21.567460906125653
21.60501605157495
21.616888428541454
21.65533408788653
21.687345996762726
21.70544001267118
21.773271698827802
21.805269498726293
21.844891218223985
21.868221311901717
21.88025499070396
21.92246876217097
21.934492265109434
21.99835708128626
22.0052752762812
22.082252915424522
22.095074285784598
22.149385954461273
22.173278749755173
22.185494284344063
22.226365191206654
22.27644009643879
22.31129089775217
22.35072067376276
22.414015838534688
22.42064691093218
22.45547695645228
22.492602905306384
22.544363431498546
22.586316895238596
22.596960590731726
22.668779530540505
22.70035411747011
22.72968199671591
22.754359560876072
22.830589623819932
22.870888363324216
22.900859028614573
22.919466506197445
22.94822942263378
22.959477446830277
22.992815692654933
23.061252623136504
23.105432526768656
23.121493981347474
23.146241013574194
23.15499769434403
23.223849923410853
23.258717391870018
23.26025051763184
23.29268471778959
23.314440111475992
23.398888195913276
23.44985888795828
23.515546289287123
23.537173347829434
23.598132740870344
23.61938672890411
23.62107352226971
23.657858960393078
23.70877607010334
23.73208728473034
23.74580533889413
23.76900921829985
23.83990744488168
23.86490370425292
23.895137360193075
23.934859500821045
23.970488867943292
24.023448875088025
24.067605038940997
24.08605744742411
24.101039580742658
24.198649192841284
24.22026394992328
24.25341944107245
24.323625239224974
24.357424607206077
24.386091019255744
24.398262594746928
24.473206504676416
24.522492969776017
24.543385627656246
24.571396550025355
24.603164702298688
24.631254663623796
24.69441691204021
24.733643882867135
24.76780480124727
24.798531077896197
24.82996438115601
24.84110998975601
24.907565111519563
24.946066013438674
25.01453527010946
25.066165392632275
25.0869965708713
25.147647509296334
25.17025701781984
25.196006246275925
25.24016960264165
25.307890443129924
25.32029648042045
25.357541040688428
25.407137698704755
25.467285248201065
25.504254317250062
25.53964786091936
25.613516095152242
25.621648138792256
25.70111620609186
25.70482117842521
25.742498769397567
25.77976168637372
25.815927680029983
25.850321749284745
25.884836572707496
25.914890088887294
25.966877935582723
26.004837242845678
26.039808088019427
26.075914359410046
26.139079468133563
26.147277264472493
26.22888186090002
26.24807211841974
26.32500650922294
26.351962887491627
26.363570375562052
26.417531065381123
26.490548184919454
26.507067354873367
26.592377014048868
26.63104986621476
26.64276473337802
26.715260453167662
26.739176568162396
26.798963371096765
26.814146678025267
26.83921871180115
26.87079090678945
26.887929298528483
26.948256031826876
26.962866689172582
26.984891988127906
27.032229143338604
27.080948283033997
27.132953770027708
27.171722395458488
27.19470347363042
27.332312508818074
27.340530513213416
27.437367885765774
27.502932217672495
27.53871243101026
27.60143894010467
27.657783774674435
27.68235304907812
27.70880141962727
27.852158504353927
27.884146676429815
27.89904627971461
27.95700290030193
28.066835008732557
28.091984288933276
28.133490421430356
28.235285636729092
28.29590201058584
28.323290053937736
28.395347951806293
28.46782619052875
28.51302496361502
28.5792943984325
28.604972986806047
28.627380261029458
28.663295814375847
28.837173214332616
28.872965124573962
29.012833047807426
29.05335630777572
29.07676869165924
29.134807157318072
29.23827742167874
29.26733316257786
29.307034126793344
29.39437377019089
29.433510292563085
29.59188659872158
29.61820438390122
29.74664106945159
29.788063038481305
29.884589004327825
30.003180434346536
30.044689245057572
30.101005013959334
30.116219439553895
30.299162532953954
30.399855223977635
30.539026160431852
30.56374761815086
30.63236839188358
30.7487886332883
30.855502621132334
31.090089793740532
31.230617576583537
31.26385852607025
31.347521050682733
31.48646565934055
31.532432370787426
31.57449432426062
31.635954436826676
31.76468074061992
31.811902377454132
31.89616390833877
31.98237002370856
32.01219945637581
32.151361032407905
32.3005419579998
32.75789615157052
32.81002492164863
32.99100143293097
33.46498768943395
33.65351693219618
33.73471338751616
34.45791900669875
35.167960260740045
35.28430719200776
35.49539730116008
37.35969711476923
