0.0
0.0
0.0
0.0
0.0
9.358729128639308
9.895838387363034
10.589823814826406
10.67366194159899
10.771001002703963
10.910435203822532
10.974149319095089
10.976413216579983
11.071511422053629
11.095512360528172
11.201290411985546
11.34962550433636
11.373159274869694
11.444914466284969
11.472567788251332
11.48727035229455
11.6156457006633
11.851166698827127
11.86886988778321
11.984553654567158
12.030908819304175
12.06830151233264
12.080454208030773
12.18307197449648
12.254033226542187
12.341064752270352
12.34232205183541
12.412225611350957
12.432578262294664
12.481113450642946
12.484261812651319
12.61540898950186
12.75242878724524
12.808321417254314
12.809002787277736
12.814401356716395
12.846215271048893
12.891879101258507
12.94472883064936
12.985443382816491
13.04756597181883
13.092006130177973
13.154231469365017
13.232667278349194
13.279505734016988
13.387135426957345
13.401757500419583
13.422134312690043
13.424156470683668
13.452107846108047
13.55894543450307
13.583505592432516
13.643040339330843
13.653613770614793
13.705838468247503
13.705945114490326
13.813375398347757
13.852207759159258
13.882853687084578
13.996935088823061
14.005509868331618
14.023161293584707
14.046426367122613
14.133313855369256
14.194020150101597
14.19567828898459
14.233545477688118
14.2942574908075
14.33165001507681
14.414761610049055
14.426536737281332
14.450876659907065
14.45912417622723
14.468452589134706
14.605494252063933
14.651918595848716
14.690631718926282
14.748859316201724
14.828623924285354
14.87360994629276
14.928788453333128
14.962972517251144
15.02382301728803
15.038212745967847
15.075752104048144
15.149872549214559
15.149876732711993
15.162866695606974
15.172333168651464
15.195980049740857
15.268214285314338
15.29093694484741
15.309099057163866
15.37565503435205
15.435947715873557
15.534835762857048
15.545878507983385
15.584971408139864
15.588650070001773
15.60779536284984
15.6332659100248
15.811651385293775
15.879843495588316
15.88160282530299
15.896598261479085
15.90379376127209
15.92719220616032
15.992310107864235
16.052024586128017
16.06583727846549
16.066774727282727
16.084204495271063
16.097220779822777
16.110842024029058
16.140691811115733
16.17536098610809
16.244420546308774
16.30509301673583
16.32736795090159
16.340859652757423
16.425355477299316
16.438515938973516
16.440446272489307
16.440742513544894
16.559066508212553
16.56363596160763
16.634556529367686
16.663448827854406
16.68111509981514
16.731386089165625
16.78607008252005
16.78876823298571
16.807461741923472
16.811023061519116
16.859383128746103
16.978557575599662
17.017423447668072
17.05515403541195
17.059986270068286
17.116094246242348
17.177942389898565
17.18154828028038
17.210390020004745
17.259178533659547
17.294916795753114
17.333781638220636
17.39117586539551
17.402539588173216
17.464967348635
17.49329986311471
17.540633893992336
17.585685550802133
17.62256639465765
17.66260615446152
17.80191278850889
17.805472056297567
17.80569895983091
17.848344890481947
17.866090903250914
17.888969753631827
17.91255032654384
17.93727513673555
17.94424820866927
18.01787014862298
18.05893968666016
18.06598840960126
18.068533373959934
18.134914655092395
18.170390228266257
18.19398556555266
18.343851267993365
18.37553073074398
18.391683097606194
18.423296645891995
18.430074350232506
18.446997597234596
18.483570569828096
18.512106947462794
18.5126826604911
18.517968182233677
18.545912447228964
18.569852042403554
18.581778613839877
18.597528904235244
18.60699029719339
18.65948091366925
18.746608925998405
18.756506331093032
18.78161143498438
18.803872055016296
18.8371454826356
18.915806763716976
18.934456429536333
18.975333585732407
18.99085848048181
18.994424257571538
19.041030196785204
19.101284593339802
19.14937084109304
19.15302307637712
19.252287629216333
19.259097576249996
19.322582066796674
19.336412748003028
19.409749905173808
19.43989672378259
19.480128781969423
19.492789323848235
19.52348383492613
19.603087395329045
19.629355159112443
19.638715001144295
19.64044425132215
19.667591571216377
19.683245107520026
19.729003418168563
19.761464870815008
19.90404065457225
19.93275688199786
19.935563302189085
19.98458339168823
20.007995004168205
20.128582767423325
20.13635322301357
20.187746752137254
20.228006260160065
20.237074007237254
20.239920639961888
20.329688079761823
20.347078193271283
20.35631928984683
20.388800010511844
20.47532109439006
20.47599332853714
20.543172703322533
20.59329047841379
20.6107356351243
20.64467702105857
20.715999037644067
20.785325724612964
20.815748369691484
20.83494620127617
20.848026750677167
20.84900417643072
20.97383442685792
20.977250024458034
21.01424617826486
21.017848661135268
21.027904359110345
21.039528276558595
21.12513582124964
21.17170425823821
21.174191810155317
21.18702679486526
21.211773987870423
21.216860043070906
21.282853112051367
21.300177328991847
21.40041445458497
21.431495364473005
21.486534709630106
21.48661187651828
21.51464312830641
21.51602285764186
21.537613512094826
21.545942688233655
21.645093786443674
21.665130258223712
21.704034587992048
21.73671947668814
21.743730954956572
21.789356668946894
21.802619748989404
21.823317284849466
21.886457632171304
21.933066350525305
21.971189348742737
21.97578786929821
22.002451108663237
22.024762994993697
22.06777820800863
22.09072404549931
22.10518917404266
22.128549980462825
22.169572182117317
22.20439675480287
22.227704245393134
22.227869431048596
22.295073961518284
22.32872234632847
22.385948008464382
22.533870900440313
22.560764505317554
22.574411351103763
22.61813873425434
22.634853686079904
22.638815731056226
22.65131308559324
22.72899975506393
22.7332100455328
22.824109961649075
22.833127378209294
22.843813141307233
22.890871393834022
22.90293367142025
22.931137293184243
23.00892592315264
23.047586135588027
23.060813587790935
23.061504142730723
23.084523241270315
23.220824990469257
23.2649963128369
23.278710317824224
23.291191559761003
23.298374997503494
23.30188790457367
23.357716967378405
23.370591158493287
23.52190147468434
23.523361559956943
23.61143281590287
23.70517319911976
23.724940435926637
23.729253039127194
23.799473584948487
23.827738044662777
23.838064282614436
23.840834413633452
23.84210667674655
24.005208735984198
24.02044890982278
24.084074572506314
24.086605389560823
24.16846517361117
24.183764074833938
24.236318115716106
24.23810423974352
24.26748744981064
24.27884120593006
24.298319967623137
24.366966410557264
24.417738030712243
24.4195496278792
24.506632529403547
24.556515587421845
24.565181935211275
24.56922014865656
24.595466962992518
24.621692109814067
24.638291309357676
24.646246959934675
24.64664377082766
24.655085666682034
24.694605112957074
24.75458835226905
24.816650568086043
24.950776914407943
24.970875132396916
24.973012435239358
25.06292211291346
25.06677201964254
25.085527258118173
25.105111131676423
25.126772764164368
25.192553236803995
25.197148232249894
25.202927945038038
25.223788908783003
25.398678383001307
25.40782330766174
25.4474895499108
25.474682882985594
25.495170490380712
25.560089498758934
25.56381110952525
25.603287002552886
25.76823468047581
25.778878572982286
25.7942189431457
25.797328577623237
25.859760133414195
25.87716970186155
25.918288165842643
25.940191465143066
25.9770306668131
26.01418097395744
26.11055300286287
26.133473543789183
26.151655645409047
26.28434261277233
26.368435555404343
26.372194609206016
26.389481928468406
26.400645849652225
26.408528012813218
26.450557855517065
26.481972235550824
26.512604765306143
26.58083429950874
26.669581699052408
26.709613015981233
26.764918204148994
26.905678953832922
26.99177715649513
27.017286658822957
27.055868832738184
27.058497632201945
27.12466819153256
27.140106378074385
27.164127545694296
27.235792512124227
27.348162925055806
27.44085994352462
27.441336599605677
27.454763168513935
27.522620212345526
27.523749590985428
27.632623312672518
27.65318618630131
27.700055039140167
27.721228096752302
27.729007288362517
27.75200447671028
27.84989086316915
27.87552618614795
28.072501582916843
28.08952990349839
28.148310876754035
28.2211225445882
28.24106221200126
28.31914784815531
28.353702350148417
28.42744029504396
28.487595922286864
28.55488999690656
28.623634800199227
28.669642519650438
28.703850094094683
28.704695100013986
28.801242474712765
28.817063031721613
28.864610398000863
28.945921263978903
29.035223502851856
29.06618994933009
29.09400594384993
29.119873938052876
29.158176254240008
29.19944773568854
29.333804127721077
29.40918987808619
29.604555113649866
29.680876880051958
29.69064715186658
29.89364223153424
29.91659688075295
29.96646544697293
30.125903206944425
30.138876711041643
30.215146832190957
30.311538918573408
30.32017029830148
30.413369607176502
30.46507740800064
30.585108639712164
30.605889925734644
30.672695697054483
30.84684071948165
30.86516621716959
31.270128497188384
31.279949105320156
31.322370463281626
31.391828052149208
31.420656118019476
31.457357237459906
31.466443505832835
31.96531563854528
32.090010309546635
32.1863285786655
32.34181813303154
32.43032038091243
32.70476339301042
32.8411694179145
32.84554370243211
33.24724013379889
33.34138130935805
33.48867802603434
33.921114032627536
34.17054356964719
34.3189471260238
34.59227473761399
34.96754892498052
35.93220921326078
