0.0
0.0
0.0
0.0
0.0
10.444382681999416
10.626593489113597
10.70628409138312
10.731792804030423
11.262128187255675
11.264171300753766
11.316519428650071
11.525120713358486
11.548882435346709
11.621397656101378
11.640974223316361
11.873817650033864
11.937137547272501
12.032500653210239
12.077106338853424
12.085600759956511
12.184655754495935
12.240488024581715
12.28880698801205
12.355681071337484
12.443469101396595
12.448436261731647
12.453694516812652
12.46528210943935
12.553982445468739
12.60147424009935
12.661581431476186
12.93308394154476
12.957916474764371
12.964365305064765
13.003973301945125
13.053199848645141
13.112619197046781
13.164965488321387
13.193436642692053
13.200138422040565
13.242314347882715
13.327957917589583
13.41864786593315
13.51729058728429
13.60249001872333
13.634250911091137
13.643835296341582
13.649664424845636
13.730011260520515
13.779898608423052
13.809269392092972
13.904015225127809
13.907363210722089
13.992623231087174
14.00859682244666
14.046499052469457
14.066556759087522
14.08022820835191
14.09320756399575
14.115629510886958
14.14824340671234
14.226902118608049
14.360610264325038
14.462798510690858
14.539011984169932
14.553313215742287
14.565144616191567
14.576659566566427
14.592144520953513
14.713674438634785
14.726961110855378
14.754357473413581
14.769459048001693
14.789484294377168
14.792368670036016
14.886340678640915
14.894590597977766
14.93171323210317
14.936365963016234
14.943082051887464
14.982427563027379
15.080295905861322
15.115122588536517
15.149117171805367
15.175531288477254
15.203859617246994
15.236990221951642
15.333696643002758
15.38319762705701
15.439407946083064
15.458638800938376
15.47158299443723
15.474843351434496
15.502604292343465
15.526084687118486
15.638895830824653
15.709664169992752
15.72602301621381
15.774051289222916
15.797236588386543
15.8093476650371
15.850771467696177
15.884537918568885
15.910973118501774
15.915338118022143
16.005031495760047
16.01682462217335
16.049504680539826
16.072545433124695
16.113115965258388
16.14233419478926
16.206336406297666
16.235112281751974
16.28231844034487
16.283016131453113
16.284567724043114
16.301068383091856
16.309190147661294
16.39470008161691
16.509164048296977
16.51211993092893
16.512711784422102
16.540153150163942
16.546644188002226
16.617477794045193
16.678090310685477
16.705764084052017
16.713579473675257
16.71736201504289
16.778266720483245
16.814481660051086
16.843374159592464
16.85583958850701
16.934709760796572
16.962810893696624
16.965445338933474
17.033128014938647
17.05920272726476
17.11454026322497
17.16792062631853
17.184404468996828
17.236162316389045
17.262089941970924
17.302850195511766
17.350236441890317
17.40680706346892
17.425840925757857
17.47464611007502
17.480031274143023
17.533870271813807
17.54646905361397
17.572245915664116
17.617881368491382
17.636155884882978
17.693144523332354
17.706819120744676
17.71510587439752
17.75157718121989
17.79050221479135
17.832786017208043
17.86881423365451
17.934503326161572
17.94548652212837
17.95878777637255
17.959965660695616
18.072067821855217
18.095478345266727
18.10614406899483
18.13436829871718
18.158277201113208
18.18025448321434
18.181419956116848
18.228746433262515
18.266901839873977
18.372073291481687
18.38226450202179
18.397878973699616
18.43049629604765
18.431392421248496
18.434241718867874
18.499582294491088
18.58026551059651
18.58671207688019
18.677908669516658
18.685694283344798
18.68761148851018
18.699560890059733
18.73345722031337
18.73865628290766
18.755534411713636
18.82993666146829
18.842809791934396
18.849943665383368
18.905823652886273
18.950762579136274
19.00391279179931
19.016346702559005
19.04723755600606
19.089637516570498
19.104619759943407
19.15823375146921
19.16739365904103
19.29147556852635
19.320710897260014
19.327910270782716
19.378540873144427
19.424835170544487
19.430328956854318
19.444210098516084
19.55398421350263
19.56738021911525
19.586459413567095
19.610977027907257
19.62261794852363
19.63393329725882
19.646719130142777
19.665445081261932
19.66695459748421
19.7911672294258
19.83090208728645
19.87906890708327
19.930886682193865
19.936343229684123
19.961165583607194
19.97297836593451
19.97689941227932
20.004393916527853
20.025919064886082
20.08075678803763
20.11963815983947
20.163278126471088
20.20189733625486
20.25946775700058
20.281625228556674
20.31992312547317
20.381938418515603
20.402170263606635
20.443031571394258
20.45052425149344
20.471004292451276
20.47152580308053
20.523615317465005
20.577450718313905
20.615095200325655
20.619777467712034
20.622001640249106
20.63586831492611
20.6378864788922
20.692192227939533
20.738610553618173
20.79795804631491
20.803708285118336
20.86343856876394
20.89226559062754
20.898411647973585
21.003646847881573
21.07268664406251
21.074929610515646
21.077184177663707
21.085006568149726
21.12617606173137
21.131282295757924
21.206257738776586
21.252593988817242
21.267327617203705
21.38616175868855
21.411313319986856
21.458221744335724
21.48528644805634
21.56021590946198
21.583850043072257
21.607619291308662
21.64604432144407
21.6644838688851
21.721412966693798
21.748662160186996
21.75413033513735
21.754950590576804
21.780177957120937
21.898005787179983
21.906931666350378
21.908496741230376
21.911976009146574
21.928943280611033
21.969094473445164
21.973167932818132
21.986425901315634
22.058794805407157
22.20603563883012
22.231367310026997
22.30251800149203
22.312614044416094
22.320875187391753
22.340377518651042
22.390287452150215
22.417847664730488
22.450242625418067
22.461363529865874
22.463123059112966
22.470573752267594
22.487329039786893
22.525425556212078
22.621102956459605
22.656067013235837
22.67172544461291
22.676730084488792
22.688808995528756
22.692420291765764
22.747647512709783
22.849539344325734
22.86734499269476
22.889427109313264
22.896551182102808
22.997066589688597
23.02629597816039
23.046913930968646
23.10343234500617
23.109446706833513
23.164631718231814
23.17472768968235
23.182994596739658
23.26502399402417
23.28119248758525
23.299563089146286
23.327268268090773
23.39342747038001
23.397311833591658
23.476176007114912
23.485567278984163
23.49406470714633
23.548527811601236
23.612693114924383
23.66043950791668
23.69437128764207
23.738815665643774
23.804694260453157
23.805195484939947
23.819326298417053
23.884859830543814
23.913939916085635
23.953031735864098
23.978653664642255
24.049069575473744
24.130824770668237
24.211426382790577
24.22454802357497
24.279402894858737
24.2990060844485
24.30934904251015
24.36975650662028
24.378558318869903
24.409597436214007
24.419004087196278
24.4454341174946
24.487099685483443
24.558718825141913
24.57883231416983
24.603616577580002
24.664725305571885
24.66669405128524
24.752323363998883
24.779678518278274
24.811767887555117
24.82404353775628
24.867356953378607
24.876471099073587
24.915707192007773
24.96170456579428
24.978665313143193
25.058937436775665
25.07773236634319
25.14975561945388
25.232842352433867
25.304863595491007
25.343971541221176
25.38718505691893
25.405327016425005
25.490180602762358
25.546781244949013
25.567383502554872
25.596853942309263
25.599399564535855
25.701498625927094
25.711372016870293
25.786656305578326
25.790559622827004
25.84127536913165
25.900601253784377
25.90278710017443
25.946185527975807
25.98869348326347
26.031849561916346
26.03745993100924
26.049228010527692
26.062893666196743
26.11085626304221
26.15647994094021
26.236658837798373
26.257950706736715
26.41903631606016
26.41947535867904
26.451025705915608
26.466972927131664
26.47662565043993
26.488493821624484
26.50501433074777
26.623632354522268
26.63336478404404
26.65420175690104
26.710751628521813
26.72540956560214
26.905955465077096
26.918462423506202
26.978083983021982
26.98194993050679
27.036268229095626
27.065013101487267
27.20414239292994
27.234994920816156
27.269033791121842
27.36965868656769
27.419949391352805
27.489904422784534
27.500733146025876
27.522700356865823
27.5261046673183
27.60414022449226
27.639903331724742
27.680946914341497
27.686822476228166
27.814748044959035
27.81735165304814
27.83235032050884
27.90885085024319
27.94949626553675
28.04705819484937
28.08015712397456
28.198639148531843
28.24631904408417
28.248346491436855
28.28582484174051
28.396603053917627
28.42365362228983
28.434683044662535
28.48091303754883
28.516461212921875
28.57801296681488
28.62438363364146
28.67115137550342
28.746317098539567
28.780314372455027
28.855662469348484
28.869414509132355
28.893399991625596
28.95147686542915
29.05533469710094
29.091537161831834
29.094082150480464
29.21769749352009
29.298434699599657
29.505362134472396
29.563754817832393
29.570285107304993
29.740289484369413
29.775842103067465
29.787865485863552
29.79298886726271
29.887584925443004
30.009393539033447
30.128437168359447
30.279354106351022
30.454772925761855
30.472513424625017
30.549011519617032
30.569259164021105
31.026769108058993
31.177524472614067
31.227374773990576
31.239927741322877
31.307725357649108
31.342745157415482
31.5140165679298
32.0494879991193
32.0546400735867
32.14829555009873
32.21301908799534
32.215119416507356
32.32250843433336
32.45203149181584
32.65007128487441
32.836446801737644
33.53316218651567
33.533393059198445
33.69792739514459
33.85042923325173
34.480465048447584
34.64570201002787
36.914967663195505
