0.0
0.0
0.0
0.0
0.0
9.65034362082308
10.180463258011102
10.435140614255243
10.587867478811365
10.626661096743215
11.028382414825433
11.030721900384533
11.05308480237739
11.39320341161208
11.56311038044628
11.704405130233924
11.728115731648852
11.798126287495807
11.828353582591395
11.840130728968942
11.998556582382122
12.045079603842295
12.053428413736645
12.08160951229161
12.096036993422453
12.118645017740311
12.25119155541458
12.263057352830653
12.302896935681632
12.39869806523042
12.424264734032977
12.454743293536403
12.463279717365984
12.474932098203578
12.529872124308737
12.692695346029433
12.856881993643913
12.86579723337262
12.867445342162743
12.946976611663432
12.953573877929474
12.9701420955688
13.028001681205993
13.249045329624131
13.276253289643916
13.281838361793383
13.338833170442983
13.382901361413232
13.44800981998509
13.471451691373572
13.507570309251749
13.518667744713175
13.668311183956895
13.703367634071213
13.708347450667546
13.744424526994413
13.785499146818832
13.821747523960378
13.855512267014507
13.87034085093806
13.886743701299663
13.937531634582147
14.016475754023409
14.063959788186759
14.147535031158046
14.15587833460262
14.21643732538164
14.259350898328456
14.27029734411172
14.299240908011859
14.318785335867657
14.333720288213831
14.389759801352566
14.438616941786423
14.458168041305633
14.469926112702076
14.526218967928685
14.547579075129237
14.557651154327067
14.67776609008502
14.691028234046554
14.698994962243917
14.788137201037134
14.809689278126264
14.824347176923425
14.865053767028677
14.871168173718338
14.879789696369441
14.8999742843739
14.962008055689285
15.01872534147937
15.030138446307612
15.055133008790836
15.09238169822685
15.121161134692544
15.14887499339317
15.223058527154535
15.229212560963969
15.296606286526936
15.30283089540217
15.378019801272128
15.434416207773433
15.49389345369864
15.501953673211771
15.505023207882319
15.519313632684996
15.559095734798769
15.605607623044875
15.631033836827141
15.637500126608117
15.660720493398324
15.74412324768649
15.796224526142966
15.812354432732617
15.827296019203455
15.89533171845115
15.934370186347497
15.99607370550002
16.04957604178432
16.055787384947834
16.0589443990246
16.143066620774523
16.176225755940425
16.18623447830071
16.206930868394824
16.21579002493584
16.22800914009283
16.295076483939223
16.3445952382928
16.410518838514122
16.423406198078776
16.424782493310538
16.522928821708817
16.528579945060258
16.567266916956083
16.66850488703207
16.72749106443006
16.74779875581073
16.769008256229274
16.7861892749967
16.842477015846015
16.847581274715093
16.85163950272762
16.930821829564586
16.959167172199688
16.959406126606844
16.965923634527055
17.033261035992815
17.065154239097147
17.088665309080394
17.09505183817755
17.147899250459187
17.200432838983637
17.252425502334635
17.273180755618494
17.27739048350786
17.302133839356465
17.399329647191113
17.414751667718484
17.47528127963701
17.48197911584444
17.4891538773032
17.511772816378993
17.602569169132707
17.68818579909718
17.698558340720105
17.701020911736446
17.733196901088174
17.76758054800577
17.811841050485953
17.876508112638913
17.920584511613793
17.95555124059101
17.985604811427205
17.99698233017334
18.04278188755796
18.05645355553008
18.072998120720655
18.086855546450817
18.10670893377707
18.126597967697336
18.242721146300372
18.294460155585572
18.32772167777264
18.32882655280882
18.39585284520775
18.48320734852579
18.493335827993178
18.505363198808187
18.547310849005463
18.556836213261406
18.609686793805004
18.641514830298593
18.644834506515362
18.648544891102752
18.667868051889286
18.697210732406848
18.70533029938532
18.807593566900646
18.82272358014747
18.831686768129547
18.83547404706562
18.923031619582318
18.9276144984728
18.99691919725895
19.021398882443844
19.035755323195154
19.163108898199596
19.19480665559306
19.24666529505325
19.26617305618869
19.27664790689558
19.28892612178289
19.317011951810457
19.35632413204072
19.40026615319222
19.416924917314578
19.419763726887506
19.463101077825375
19.52144009527023
19.523459323361426
19.546064696296515
19.620020500994418
19.63486841490623
19.695017793521004
19.71186556592971
19.720165337000726
19.72060973280542
19.737845859726214
19.74994172757233
19.786813487863565
19.79339456442941
19.805639150085298
19.84598015184309
19.885517706012244
19.92896356399421
20.051998070807787
20.053259127751762
20.111942311658453
20.15281774185462
20.17080045250577
20.1769578430887
20.17814112604752
20.222150979738455
20.30555923374855
20.335576855112194
20.370848248740103
20.407074186133205
20.440947846550397
20.456842051596833
20.467009378635517
20.55384061921549
20.572074555174503
20.616994498165226
20.653344629995953
20.6593616012756
20.68458379252148
20.693116757085768
20.74145705698474
20.752375779047565
20.763659458662985
20.7741788716577
20.929918315014028
20.979172498416997
21.01618436271106
21.026635466163732
21.06101689910188
21.087053189694796
21.10608454409847
21.156244710764227
21.172069853624837
21.17729083127329
21.177472630077194
21.193565798451942
21.196392927022863
21.218810687048236
21.26068911095741
21.28340479615039
21.318003162299522
21.503130639969708
21.507725067686234
21.51274080968751
21.548371694453756
21.552537674836454
21.587787266876315
21.65800218186117
21.678516643848557
21.70161534096325
21.73052420844173
21.836248262956303
21.841438885689676
21.95225581145953
21.958667631631524
22.021509946451157
22.036255512633804
22.092352651866427
22.111929269103616
22.12001393164651
22.12364149595122
22.158458651902297
22.1810841839119
22.18705309555835
22.25205606897181
22.338719703054956
22.345031486367095
22.367990963135803
22.41085874543233
22.48615361233046
22.513413187646908
22.611883500480253
22.622004706986306
22.624540118827912
22.771693979602784
22.772658810398973
22.7856020853145
22.837751263634356
22.84038253478362
22.84943897816098
22.91503165619147
22.9476374427654
22.955885645376352
22.981473856682207
23.04570609864594
23.08128276877728
23.111131271650777
23.13698008196572
23.18130523343479
23.198199376351226
23.233856596469302
23.23695157306031
23.337697230057923
23.345420333188194
23.43649372743959
23.449918085877645
23.450218204453336
23.50964705468257
23.533472634124067
23.541241549883672
23.65354483844214
23.735025556693312
23.744073336697188
23.762240594737918
23.770773927967852
23.79375945292408
23.85205692276234
23.935883446391394
23.98645714591714
23.992917685669312
23.99997414254827
24.035571055470005
24.052628736301045
24.08666732215291
24.094787077817152
24.101069187679634
24.185452562243253
24.264008400127757
24.322187169808192
24.447097073670633
24.490157392491486
24.50426155580217
24.520834501914436
24.593271174201714
24.59669505841421
24.611779192898858
24.642237904977677
24.692155417304342
24.767527830696338
24.81951836644574
24.82182225057991
24.82487185141116
24.83432229893419
24.861979416366907
24.93217731219024
24.94563910829788
24.960982328428532
25.003462715397063
25.031099262733285
25.10102046177561
25.16234987750896
25.194129673764035
25.201732978879665
25.232216571879427
25.324996111979484
25.337312109556514
25.394814313164673
25.438007691270634
25.468641432758073
25.50987669164709
25.601961339233842
25.630595250763868
25.656647326075312
25.66336970709389
25.81624123691664
25.834044750757162
25.947751351137633
25.97673993427727
25.977809901086516
25.98851639165766
26.031615256326607
26.05796825307997
26.16533265955816
26.21991614809837
26.247734424645458
26.255669113547796
26.27112417134527
26.297184659152354
26.485704540613142
26.566174135357482
26.577864004782793
26.657958161743554
26.695787844256312
26.71023790842839
26.760506431517918
26.859718091287515
26.862962629442475
26.889639235244097
26.89911888399737
26.93534896393175
26.991889322999885
27.01075298206769
27.04698410868249
27.061695468660464
27.092023983156306
27.188429423958226
27.279297465083264
27.293416767912557
27.383291950177348
27.443113560366783
27.485882489133655
27.57607164893535
27.626931599501805
27.71115582355631
27.730525497482667
27.801637423544413
27.900045157297114
28.005206802060428
28.027437280284765
28.062726067040217
28.06775983175029
28.260211301810465
28.285428123397896
28.317151924218017
28.32379824289057
28.35365077036989
28.54395931469777
28.571525012721384
28.66312402719332
28.685248051409175
28.689835480298555
28.725031164289312
28.784263240368453
28.850169847114696
28.933632632550836
28.961443740930314
29.041198773700803
29.063582082395325
29.14500156659965
29.238271116046494
29.336215341042138
29.37541716034615
29.385746074529052
29.450620019153558
29.558464589537174
29.690369051774795
29.690531098589947
29.766266483450266
29.949669767213223
29.975037298560686
30.126523951887837
30.158138165704187
30.159924369467035
30.211499957592963
30.360621568172697
30.42326873083728
30.674505068003434
30.795379622080898
30.901972918116623
31.02017112016914
31.112051485012408
31.14105503892506
31.27238676766155
31.287099406489123
31.364804448045568
31.44010888371567
31.50866667686386
31.640158894437434
32.169707501542604
32.19370623641051
32.21489932694647
32.221428618904035
32.5114334888308
32.71487327230142
32.97499058537448
33.245973220155044
33.636070950941296
33.92315681539815
34.15817735772222
34.23767608893443
34.639937625468505
