0.7101050717638021
0.7560282850987913
0.8527210192216518
0.9546408638501382
1.0157016839722863
9.295791820283876
9.684175041261842
10.90091995414498
11.009410175339182
11.07054121072378
11.391724409074534
11.683510035430256
11.738361966057044
11.832297058971308
11.855409640796532
11.949452901867298
12.062542856256227
12.081947393434845
12.139454189685154
12.19092746436413
12.249815947796737
12.252922972545417
12.337036197308365
12.423465938741515
12.49311461978356
12.51796427462327
12.637601232959902
12.678447102596031
12.757569122003888
12.838467416712565
12.986258205837556
13.034832950988655
13.066793568547766
13.091954036427337
13.161057406039916
13.209361398882196
13.257106739250569
13.29293303661958
13.316450284841547
13.398899678510348
13.436861241547655
13.495497897393832
13.548485287835923
13.609570963995454
13.64888611315014
13.717141407928645
13.744395976606892
13.794184708113924
13.827351012356486
13.886719942275409
13.9687669820821
14.000764099741572
14.059746602590948
14.067632905631031
14.169073396412324
14.200536197054276
14.288177298777887
14.314356623622379
14.381444465842058
14.412362856110171
14.453615091651793
14.543932991960434
14.597595715296356
14.615022345693035
14.735589194335066
14.779993492732896
14.897170441368694
14.905571883951657
14.933154430945121
14.949002516643842
14.990350353394312
15.045326771841891
15.086563192849782
15.134809722177891
15.140515517658436
15.216141220445659
15.25110567572926
15.287627082364198
15.307868635392474
15.371122722159832
15.402759059962946
15.412958078446472
15.469649771417787
15.507975671403303
15.545735660723313
15.558606761858234
15.585385611762351
15.600921894850384
15.651606199492022
15.685834244031808
15.71259181038705
15.728261771873093
15.77156192997804
15.794786789651372
15.813215125792066
15.873167812810477
15.922900704455078
15.957463607495118
16.002927852409638
16.017304302823376
16.06011877663447
16.125145892515082
16.145180446536028
16.183713509899263
16.24030388953201
16.284375491645537
16.32931043029043
16.346427050124653
16.394680087566393
16.440106676969936
16.48346750137139
16.50330685063586
16.572546992253745
16.60605470223398
16.642037370756427
16.670397940762303
16.713218265461197
16.74449377263717
16.766359443847524
16.791842660041237
16.815672418728592
16.846975706201324
16.93180333349066
16.9410847583038
16.982952573634936
16.986285237529824
17.01224491724889
17.093922074419535
17.10428879646427
17.182599048222567
17.216016689171685
17.256633901734023
17.287916634676066
17.332587584172156
17.35523121513838
17.39757135728611
17.441951148365515
17.4619082141433
17.496308982285296
17.512461093657407
17.535235849796383
17.585117097674214
17.638199415058534
17.655137193045327
17.718077724287784
17.749358637091394
17.756778836037814
17.798026104312132
17.8245895973488
17.852925915419874
17.88963848762805
17.919683965859864
17.967864309638436
18.01503569308189
18.04820292238365
18.07064624571296
18.09087372705285
18.137260886384123
18.172303545478385
18.233322168364964
18.25970477101965
18.324779767964984
18.350034848000412
18.38107606169365
18.417432889297324
18.43138575674205
18.450287912007504
18.48370139695699
18.512645747042164
18.576821858895965
18.608476078951014
18.61913490252773
18.655377999201466
18.682473867611893
18.739178427894327
18.781384245638122
18.80970949434546
18.85424921151116
18.892474931808806
18.91741583387569
18.935718391968564
18.97578048635841
19.02749501406467
19.08158048556735
19.122769849154956
19.14428522011471
19.167326667164367
19.198968688694453
19.2182928371336
19.257812487227817
19.291710862990058
19.324505238774297
19.3814787361888
19.398170192924955
19.462219084207305
19.483428657979083
19.498348480657125
19.549586114977508
19.575121711116733
19.576968830791643
19.637983579857085
19.658281918096
19.700373015100123
19.719950315838265
19.773771197892657
19.81102424009971
19.85623654592301
19.886955444009416
19.929219230983087
19.960633256602165
19.96813602379839
20.042463824151685
20.087958362781823
20.115767027986482
20.12357370401587
20.18330817463942
20.194747816792106
20.209881531721912
20.239550935990085
20.29778746731393
20.323173606904728
20.374141646103542
20.386042146606002
20.444532048576715
20.486319322372058
20.52751778392194
20.567212849892293
20.617278461409356
20.623495621731315
20.669250925943242
20.677516050736006
20.732840500278392
20.75331234978338
20.773590700767357
20.819127756838373
20.86021167070266
20.889514361182318
20.93073003693021
20.952018418914907
20.971236512517038
21.013155559195088
21.072552402321712
21.085806376954242
21.119518184861654
21.141108384282433
21.157896942211096
21.21036809452455
21.218506347536653
21.226558914828328
21.28550399658874
21.34213925903357
21.36944124795442
21.40827653290034
21.43139957128864
21.466077408927468
21.515543102607754
21.56212526527607
21.57322314170762
21.607630280435746
21.6335040634421
21.688187898035633
21.707441534784493
21.75591261960873
21.76130205717851
21.798541644273207
21.828356160280247
21.83706992103562
21.892276877536286
21.91073582282314
21.94899314381667
22.05103639233962
22.072162406924605
22.112959842061553
22.13258748478088
22.203383664869843
22.22291592849312
22.25239400900855
22.265533606706843
22.303729743804215
22.34499126703054
22.383332859319577
22.3974854906262
22.435356328478225
22.46329244877231
22.48339901008461
22.584941571167853
22.59030087925517
22.600147399719337
22.655818866971984
22.682446803967327
22.726606727362068
22.739103647367802
22.77285132477196
22.799912665358303
22.83780423960717
22.860390888803824
22.88067669460926
22.936153290838465
22.97736053315244
22.99936481763694
23.034236951696744
23.069581872128328
23.124092041053967
23.18010422384135
23.2239350902469
23.249919296997444
23.30016993968981
23.363373970253328
23.40840924138429
23.45729647269653
23.51326114340583
23.542779136194458
23.59188005673788
23.608138743590736
23.62114843777892
23.664167714820373
23.7070621897303
23.712255067145584
23.77449137995515
23.81018179934706
23.85043492527113
23.903890268409064
23.927699029366828
23.958968686414284
23.993407391672456
24.031985206604784
24.05168548460133
24.078658168809614
24.089882780012868
24.132009703860376
24.18103418355594
24.216389980227184
24.23920104856872
24.25355449724594
24.33543000405831
24.361106289360297
24.44855635778145
24.45720396232092
24.48657648447388
24.50530871382462
24.554909016990543
24.582790611962867
24.675856479301697
24.700280372343556
24.750596889292233
24.7879653734872
24.84759293235429
24.864268261853955
24.9631677611043
24.969722059628072
25.011830542424466
25.053449888533173
25.09651234209193
25.128706096245274
25.165194356523404
25.22101398949891
25.268080270517927
25.3219704453134
25.33973013012214
25.374480271680913
25.44899897344755
25.460625559740272
25.483687728395015
25.532412264282947
25.55826124764633
25.630260944649763
25.652505705367343
25.693556214010414
25.734787002658212
25.772590092581346
25.79713790736881
25.815114888782166
25.90498512910913
25.949367457591034
25.954870439610076
26.03149958953054
26.085274443154717
26.1516318460195
26.165087985047435
26.213911581353262
26.271672858649872
26.313218138751907
26.363888425097496
26.40572305087336
26.435459403041637
26.49253131147128
26.51479687831733
26.585577197624872
26.621142004531038
26.641935541194215
26.676969566610172
26.768552098669062
26.7825503603574
26.846685231202436
26.86870217922297
26.908051591038177
26.95830005722267
27.009410702614293
27.051635126939505
27.129858548066913
27.197355671284097
27.21437916950401
27.220214965363695
27.226149244309738
27.3130189652616
27.35151185066276
27.43898437907865
27.47358950512749
27.4931821951207
27.54302691199975
27.58839917883612
27.619124677214497
27.66593630983502
27.73361008019097
27.781579132085636
27.80925416647655
27.878355772912478
27.893007548008953
27.92435878705509
28.02282634551821
28.06958552959959
28.104331203463
28.1090915164758
28.216271714932386
28.24937233439724
28.264252011000824
28.31545621092221
28.348378212185448
28.38537648869693
28.462501243335733
28.506614507263013
28.527122411335796
28.604859132386927
28.699590011355447
28.714531431315912
28.806171615808964
28.841636253477283
28.881569851509493
28.912102264057552
28.974922461849932
29.052869557680204
29.154093506089804
29.234929516828828
29.279868984026056
29.338736363918244
29.41265245065167
29.47979992998964
29.516077426764713
29.628369858184406
29.650524732932915
29.686810160666646
29.80487014371492
29.811582006913888
29.922124130164455
29.9763747672033
30.108293721801466
30.14849095393499
30.241773128306974
30.305411648723084
30.37207796754025
30.460700974291807
30.52129448394682
30.60928952246202
30.68005539351898
30.737727028430918
31.00029087432512
31.06371956761263
31.165510585361332
31.219744857221144
31.28533952630914
31.504096574705432
31.63160555210879
31.676284969212638
31.875421572533803
31.967148576983803
32.059629714632
32.12377749750889
32.24299235678872
32.33198491059507
32.38604106876083
32.45992919219083
32.533009879782234
32.56084259832103
32.64489380651637
32.855075315413615
32.93404755245169
33.00323703877512
33.18574818446708
33.313984540599975
33.60036636600749
33.709108405331165
33.72520354989852
33.96242089795759
34.25034427988448
34.35141996085442
34.67219514799392
35.3371936270304
36.06431408225824
38.06714386441984
