0.0
0.0
0.0
0.0
0.0
8.877385522572846
9.846432717619354
9.9071217657409
10.338699689859087
10.379585248330898
10.663052188986649
11.039032144617554
11.132715760219781
11.235562407238985
11.24479683891278
11.357072364119945
11.573011997485056
11.600531664971829
11.636115141898063
11.71379215597377
11.717980194827964
11.75753789920685
11.890234302322026
11.968102587393362
12.062736034299025
12.108291880651064
12.213370674879586
12.291473955820276
12.358870103156281
12.392911648572271
12.427626807177141
12.453626688140742
12.48400949075047
12.502255853247847
12.50503775091537
12.599981753369113
12.760400782145203
12.791319229054581
12.801185997576932
12.898261680325783
12.898962348769194
12.899904606006954
13.003373599857914
13.008639396271107
13.046564327945152
13.055482464667984
13.106966283034724
13.107860013849704
13.178242597539699
13.225321237519246
13.239984444657251
13.255564267635021
13.274755480759902
13.324587183043095
13.45730734351037
13.47611701497788
13.481815107870132
13.51740249341609
13.580561678376254
13.697432461249553
13.733265128028462
13.773717831979889
13.90770958799307
13.944407940343009
13.985088955973332
14.017573626023458
14.070257236327539
14.081424936952226
14.147504267305552
14.215798450101683
14.241777448157054
14.257139970256214
14.282775730436866
14.336157696773345
14.448614937756096
14.477977215953544
14.49586674770397
14.498572627357495
14.533844231725503
14.607198941024624
14.615725114267109
14.673550108886046
14.702511064959783
14.706461889750479
14.748209059405216
14.766150897154683
14.838193382370019
14.849275764577799
14.88346466333153
14.895479159340917
14.959520086386968
15.042132240203417
15.183437009948157
15.219686393391688
15.23844992239123
15.254003157600222
15.263016331886075
15.275702153297269
15.329496750520478
15.380367858650873
15.421358578691956
15.429413420400667
15.429847624204008
15.478493916198035
15.496815184325392
15.535470122870784
15.585020741583689
15.615756591220249
15.638616581444936
15.649299061192195
15.716330719499918
15.828291574622167
15.834578678804213
15.877084001890397
15.901272289397847
15.924237643840707
15.951947908283168
15.967778606545957
15.990549868988817
16.011261340399226
16.066942091030683
16.080238370123478
16.0938007596646
16.13891303932568
16.1793531224463
16.249662699275962
16.314862055377315
16.32567341488457
16.383798426144775
16.410705056431212
16.451022583175362
16.46292936475272
16.490725699674577
16.53810282574663
16.552078435206127
16.608616621860374
16.635983654095888
16.731688908266328
16.75105631631955
16.792925947553186
16.810859368407556
16.818675603116738
16.822476344960908
16.94133679927331
16.963763661143695
16.98138718563004
16.989125529413535
17.0530923447637
17.08339077859991
17.087803974313772
17.091627598400038
17.14024813082904
17.15847286577787
17.189030366811902
17.2169765337519
17.291306820437434
17.30889908894014
17.35514064027497
17.36425967665571
17.404547806405652
17.43052687310183
17.475223298683527
17.549777567722
17.561050381242374
17.610789417063827
17.681412928394643
17.694602908267285
17.702244221331767
17.710595054106598
17.78598401307121
17.799079435858705
17.81174300236011
17.823537078975914
17.830912302078644
17.832914960651248
17.886417886715297
17.91122376162107
17.914385619663772
17.977694062040914
18.05186327562442
18.068677512591538
18.186169596422822
18.186464829792996
18.186815115718787
18.215043217799032
18.239486032291413
18.30170409884313
18.314712540167296
18.318178574640402
18.37374699067192
18.413157336578205
18.459220924085034
18.46006916729028
18.47121143119592
18.591457935986977
18.592726473604774
18.61543121102945
18.61869659148386
18.64690772071203
18.656304449933934
18.673295838650173
18.749686658698366
18.781140950557926
18.971238188164424
18.997940866651785
19.019526203058685
19.059144513557943
19.101041151222734
19.13796535788432
19.16113031499489
19.20992441959251
19.229012000807295
19.26933822640954
19.28603616917666
19.309828463814448
19.361654964360795
19.40448515946616
19.416651820799707
19.43488604985032
19.44512587613231
19.549169141022936
19.559674353955085
19.600333570384592
19.636652678650957
19.64574998601213
19.683285974366516
19.698673244169143
19.757097087733218
19.783002886851374
19.805668841030396
19.888713753333384
19.89026049409792
19.9082966728809
19.938432219510577
19.954594790142526
20.039362841183987
20.06160904396184
20.074577260193866
20.149588701810426
20.158174666337494
20.15873767492788
20.233058258208576
20.252494708628763
20.279304578652596
20.288331232853825
20.31772690768823
20.34328368108007
20.48819575291521
20.49721460085072
20.503382645834215
20.517850638682546
20.536645920577207
20.572068245479066
20.58724959962458
20.59357499270243
20.67658443461092
20.726317801237457
20.761802135540297
20.77616581348243
20.778670509828736
20.78492836061443
20.854808790596245
20.86270368235272
20.899544794060787
20.94468511627185
21.02136230607227
21.07902533557792
21.0951964676273
21.199083375320853
21.24409734982988
21.283211328456183
21.30725446959112
21.312219520297628
21.336695367573146
21.351915857484478
21.39371559930033
21.402619963960007
21.414903201341083
21.472489820831555
21.534053723143774
21.595961603235757
21.6195134470001
21.62951686102218
21.713322413626223
21.71793715681121
21.736346108986222
21.780481391614526
21.910467731876068
21.91888743746103
21.935083081571005
21.97764508713901
21.993444812706098
22.023748575379674
22.102129058467508
22.133579978333348
22.138813479975862
22.180489048021855
22.193551598132956
22.264021321024394
22.265362865199272
22.319646811188207
22.32734000874781
22.342384827029885
22.37462256130576
22.379719219849935
22.465754624837675
22.527288858212998
22.54105238428843
22.61675704370632
22.620618703415463
22.639764490566513
22.660634836363315
22.68420081866387
22.6901099441781
22.812151099736205
22.833382489284524
22.870491341688396
22.948904383981432
23.025080594020142
23.052382079869055
23.056828399961528
23.090214602852107
23.172574938346656
23.258446705785595
23.30051145494429
23.3030051970906
23.30459675019894
23.3448626372222
23.37921583002165
23.412751549476155
23.46886137076616
23.489169972571062
23.523321573982585
23.551290271104936
23.566290073305993
23.580448229576202
23.615649598380738
23.643030631854902
23.65071228063881
23.714691911443605
23.718829370704054
23.83003221875574
23.903229093959553
23.91157985592076
24.05291739799694
24.053945107173323
24.077067810110783
24.12834487683123
24.21589698516315
24.219061696085337
24.23613034944627
24.283130832542273
24.312506515019475
24.388428845835286
24.399868910854963
24.42588888297539
24.440075300519624
24.449698265879288
24.470668325117675
24.50841794124241
24.57998873901173
24.60546683620425
24.617986771841057
24.654486125811058
24.663897774110396
24.66700202219961
24.712810388844915
24.73938646006213
24.74484253693733
24.771210610065634
24.957796440085993
25.019560019861775
25.051534571582426
25.11058020944638
25.123048553487997
25.1578401648622
25.18776200743101
25.25437285039091
25.29087836504377
25.296212861206023
25.297869581784063
25.357638438635046
25.367333444358717
25.375352781904272
25.489146966799193
25.622505729516888
25.63698532752916
25.64702360508288
25.64841867013373
25.73181975223259
25.78421533528774
25.85741958152016
25.86086375948761
25.940789736473704
26.028276585084974
26.029199273018353
26.108892516572
26.11242314516319
26.183899498384918
26.233028531337574
26.326105301553493
26.389114219525045
26.391736304621734
26.440722808701423
26.461969637657468
26.483950778687106
26.54299175920213
26.55980009831195
26.601288053945634
26.805612692953446
26.82637986118164
26.848595577212432
26.859758048517772
26.883128232961525
26.890239319870613
27.036027604432174
27.09650698815116
27.10691830914331
27.12671699387647
27.188957459231727
27.214008877406716
27.275239034447736
27.328420893497913
27.3592359137123
27.36096732437735
27.557090369903687
27.56722405932249
27.567637483583294
27.615018017982393
27.66787559811811
27.702608293061424
27.74267801132719
27.81925153791593
27.855786764264113
27.86457782352923
27.960934924700062
28.04140713913921
28.136342582428924
28.22823455266355
28.282461128588174
28.301225022177
28.314664414764728
28.352907539900613
28.356060717168997
28.48479878869661
28.526367214753435
28.711701930012133
28.791434617127045
28.79405095906533
28.795154899856463
28.861179369581105
28.885330711005896
29.186673398796856
29.28150770568147
29.291413303833494
29.31850466800915
29.37488832638841
29.731587068984872
29.732072355215553
29.742996594990966
29.764829683390843
29.91395775718803
29.98347759656864
29.986621281004847
30.090486099440163
30.099461839643546
30.173552650152295
30.184709914815677
30.21018465547048
30.62074914772713
30.674927834424846
30.725165771641212
30.911711029222563
30.934940145055425
30.9427319437367
31.062345490166205
31.08387677031322
31.309213970255204
31.310300582269374
31.42611508534423
31.474721051740385
31.51739386759918
31.710665997988595
31.894119111802436
32.01957159129642
32.03955366917723
32.13585869714845
32.32764765884339
32.43025841598484
32.58071986432928
32.89351966286146
32.950134708401755
33.23887253165239
33.456832368865
33.47586688791355
33.7559383791201
34.3717718746585
34.7928598826813
34.835040717315664
