0.7216089462223614
0.79331115940514
0.8798650208129809
0.9942488948779178
1.1456939828282615
9.895728929699763
10.621751091990008
10.854253069788712
10.934124280132435
11.137602736172065
11.161207365038887
11.43540674053191
11.563894544176282
11.60569274234822
11.639259841649556
11.66895449641301
11.804405787182588
11.852643821718374
11.933564546649288
12.048733484506009
12.10968215993753
12.136829767215406
12.242478836357547
12.303244517679646
12.363901423304418
12.465258959618
12.586723293998158
12.61457731710585
12.704684123858964
12.798979304804785
12.894216821798446
12.980847911368205
13.017491920442808
13.035802390532092
13.053227349879126
13.147373629651934
13.18060839171367
13.200903738232292
13.274352187971168
13.364410707024867
13.403276963762591
13.453969899960999
13.539478667192254
13.625565866988
13.651990971141194
13.711070279963105
13.720223853145653
13.803278401282638
13.90581566604956
13.961518120800523
14.000774068985118
14.010716479020981
14.017496855985817
14.159950957864305
14.192172702883036
14.264124945845833
14.288162215946063
14.33231561637898
14.358813936173581
14.403700091807304
14.416824763163872
14.431338665286747
14.48486785400957
14.529400654424977
14.541464281646904
14.593805143496443
14.652498733200236
14.712323791068206
14.761912763442613
14.784171924975025
14.833695226309308
14.875949829525176
14.889366156750889
14.979613313380254
15.05077958200374
15.106386195846106
15.142493830732596
15.168485789063281
15.202238553883182
15.226688952836168
15.255427456080746
15.34565340268575
15.402156543100023
15.42146257042876
15.514495799157663
15.519254865082937
15.58422430500511
15.605275058312346
15.648532157304379
15.678640125552429
15.770007691869644
15.803923718834222
15.833378045566576
15.87594140088578
15.903072548547776
15.924546708981792
15.98048659901057
16.006677670080716
16.00910961546574
16.06797506237146
16.087828224818495
16.14986216626156
16.15927095139937
16.221093858877122
16.250303751325767
16.303198398966387
16.383370244900064
16.455036699496684
16.47850713731377
16.534151230227486
16.602610084794183
16.627400230601705
16.673825525962414
16.703287825588784
16.75315889890183
16.781354882990133
16.790829148707722
16.834552172322407
16.86549413050678
16.876335555573224
16.959507678443916
16.97535216627721
16.977811012472078
17.047992145269763
17.087424266963456
17.11531540673753
17.16957222225725
17.200889632196777
17.220101271418525
17.276305284737315
17.288085748346187
17.29336585193861
17.400166733908925
17.414457565546595
17.430639387605915
17.471363975507188
17.551265877246642
17.592950544155315
17.62079985831703
17.6384640817473
17.658187835986045
17.70201464897459
17.739712695645817
17.785382385982075
17.8165775402645
17.846099564655663
17.864703606344268
17.890520631480726
17.921561982825583
17.95938158435375
17.996158850150703
18.035164148225487
18.08459535950066
18.127794629541388
18.176727301248654
18.190155271418902
18.22803578218542
18.25397337602125
18.2670427349116
18.318001132018434
18.33346810198989
18.39021585426624
18.43189339915327
18.45377791597667
18.496680475171523
18.52101405113255
18.609325343696838
18.620648020079976
18.64356998193312
18.69351633308275
18.727741903788477
18.772118262817003
18.806854964079342
18.845600781380025
18.870540903508395
18.90561484677371
18.946589764850206
18.972742427378467
19.036016218428706
19.08234360759488
19.16171695338298
19.168567121215997
19.18635141409508
19.250491222032185
19.27068937322363
19.324686791152953
19.358808778517496
19.393070680554224
19.40591074395729
19.4396691527289
19.454251242881075
19.497062517276746
19.5290262261941
19.57146168039385
19.610298884900182
19.627696824306092
19.6459040601105
19.688658039681663
19.721854849572804
19.743411234841844
19.781207536715772
19.828368067052043
19.898812093848676
19.9325976151114
19.965747674354898
19.989355945505604
20.001692640390306
20.04363289734553
20.092921610879614
20.125796759833737
20.130662393999938
20.164732219515585
20.19360892414423
20.23397024884137
20.312877462779667
20.32301832205811
20.367664891961695
20.410963645925925
20.43676903984987
20.454765512259126
20.50606331599124
20.516768137271217
20.57412867987862
20.59817111660573
20.616295519645583
20.669330038827912
20.69186495529333
20.75829567901168
20.782814831219333
20.78608984706893
20.825184685122768
20.88763091152545
20.945861488689022
20.96070917179377
20.974907639007505
20.98859271238001
21.032680570022013
21.09742724587286
21.125750405849633
21.138772433768384
21.193641545120702
21.210157686113792
21.250993540322902
21.303114836482656
21.314955804337476
21.375015805639762
21.42418463588563
21.446804797911806
21.492904647204313
21.538609986531686
21.58089924027056
21.592584898978036
21.6294494694516
21.66687242451062
21.703449796885067
21.76128939663488
21.778267404282506
21.83444207625297
21.845025400926676
21.863464364159732
21.890315104903706
21.910725241155603
21.947287661948614
21.975371542581673
22.0176574328791
22.031106071847727
22.075904000287128
22.119741750907714
22.15718297845943
22.201925069585904
22.260624328263873
22.26941004959225
22.322121583708963
22.326584896530896
22.378481941534396
22.42997143020014
22.449890101049444
22.47852654007145
22.54689115818584
22.582893554445114
22.607693454262463
22.626048586010373
22.69079919971306
22.735116355882695
22.76348597940191
22.789740761468167
22.81868568561499
22.827976917587424
22.865138824756624
22.913868965855013
22.935194224720753
22.995655321806716
23.044498844055397
23.078491094629925
23.139266068341165
23.164534881986473
23.1767844155303
23.22871940817824
23.243713492716342
23.290371449592847
23.338240384161736
23.39536559442713
23.420104157230305
23.47870098823476
23.50928582707389
23.52888422369643
23.59152852066168
23.652173193934733
23.664991938188827
23.72002524217828
23.764819237656805
23.81409162955178
23.838966311697785
23.871367573501885
23.938087777847848
23.941856783851936
23.98135572799949
24.02628429898832
24.08056897479667
24.1205828746408
24.160961216235243
24.186185076310178
24.246274857259504
24.272940940893864
24.307780796401047
24.344353020657348
24.363367828992146
24.390456667560123
24.41314154485927
24.468661948370244
24.476949671944528
24.538376362786543
24.564831773604187
24.599689834645886
24.626027837928486
24.6590207575167
24.72486297483868
24.738193100495035
24.778946307624516
24.857464720090054
24.937553599395834
24.975475343332846
25.004573257258667
25.040605341259496
25.069535979155713
25.094463357049918
25.122610415880413
25.166723240448963
25.18781610489717
25.24660141347456
25.265443331809966
25.31429917486953
25.340564966384996
25.390513185486963
25.403362466586053
25.437151302563738
25.460313026165945
25.523786065635225
25.553665241713023
25.581318527573487
25.6167964001704
25.679628265628264
25.71298345101917
25.762145415450036
25.800859943209336
25.867077859333065
25.892635020515737
25.945649012751666
25.984699766274918
26.04338439001072
26.07107784294502
26.097266744721313
26.125635417648
26.152918677873725
26.19968721282633
26.222104669648406
26.302817619438816
26.317226558921437
26.353144587030275
26.3986164843316
26.425275557699056
26.486876104749786
26.501643483091513
26.543502500897297
26.579832768914272
26.665973211204225
26.685982701186465
26.70264474142591
26.720119734527096
26.77703574946089
26.829139402065806
26.890902172436085
26.915988335933438
26.9899808608978
27.09123835241123
27.171145130057297
27.19998693686213
27.295642878161203
27.319082263842105
27.36890178305866
27.42958975465159
27.490781871601502
27.51738541397173
27.529111397196324
27.614258813672134
27.684358723748314
27.69293163238587
27.740028695735443
27.83520650261341
27.872340762814805
27.961067354842363
27.982811694495833
28.02149330919216
28.084551389677692
28.174404000730796
28.222407903062244
28.25768639432262
28.31406624911941
28.339939875582424
28.40414658114738
28.43637210713317
28.514346376215975
28.539439347147415
28.568564435846152
28.631640760832603
28.648804751938098
28.725546564184032
28.74418906332234
28.827872177069114
28.83531456422742
28.850007629348266
28.90415077539626
28.964399066506267
29.012177086495406
29.04014357534863
29.147414744535155
29.222223495816454
29.23669419069531
29.311647444890358
29.46640192660505
29.48889005893045
29.613776925201822
29.63160519413504
29.65617939971874
29.73177622690609
29.77641129186814
29.851340641761723
29.910615820185168
29.941336237167086
29.987632852659207
30.09505377020733
30.12816999695296
30.164991881642564
30.227381769884637
30.273581213670283
30.320357872043
30.43875089547241
30.51470613036771
30.586949322392158
30.61194274738364
30.652490823716523
30.727433450561357
30.78274647709772
30.84554323022389
30.945048286785845
31.044244448194878
31.119380723124188
31.203197239967064
31.25365026113331
31.48651768809021
31.529860780954245
31.741107358093764
31.81628101705158
31.926119655067513
32.024709570968994
32.09263044093783
32.14642553464562
32.240825133114036
32.29855699931521
32.36083062015914
32.466264819070695
32.51979840628006
32.57998459580634
32.642110568616026
32.711796385227956
32.897147911386924
32.95376924345749
33.05158975481059
33.33052630630799
33.67802938071787
33.78260305430422
33.889468021588044
33.95330797276236
34.169699647409324
34.265927094327935
34.75735976256086
34.91491933176979
35.08940844580249
36.01943405598952
