0.6872074702406554
0.7924558944651061
0.8198954505829288
0.8985653059642691
0.9315788782801306
9.108124499767447
10.113655057971465
10.468933717442951
10.670320963343698
10.716487156996946
11.22349895793581
11.258906740178007
11.272704366715729
11.539112203035259
11.591759678616656
11.670292414914906
11.706038225115531
11.7272630172121
11.757058684182566
11.910713835771421
12.026122715716003
12.30640321199415
12.356197787040042
12.468664582303587
12.54772538161415
12.593852982221595
12.6222954929111
12.688778666390533
12.708258473854178
12.833245943453127
12.863606380934687
12.94728845066098
13.052244220531357
13.074697586098232
13.142039216450307
13.182231634272213
13.218081304644313
13.250460424932294
13.271602974763766
13.29414004749792
13.319478283404706
13.34175353068526
13.390486573474961
13.428348867313549
13.466030999532222
13.558087513922866
13.65563266130854
13.678983650188847
13.75116501298344
13.77404918217182
13.80785873214506
13.87956830383605
13.960018454717927
14.005985189341684
14.100993017403654
14.126265090263907
14.158120209162176
14.236703394392077
14.262338086974982
14.274997655391815
14.329631829200117
14.366580718264899
14.47469559143108
14.51365484691998
14.542984577419686
14.566494412163642
14.641413887920923
14.6905340406007
14.786423328772676
14.802349954284825
14.845796078950254
14.865336174338935
14.885750583200283
14.991739134711576
15.029919735547464
15.043036050721572
15.053303747975106
15.085091336285906
15.115236385835585
15.141638378604494
15.167717069641016
15.216969517129613
15.228385469310721
15.271817748433575
15.329516460571668
15.382554189208188
15.404106280126017
15.452769687641702
15.473736007995981
15.50540829125611
15.569329113713257
15.598935935074532
15.619319129629236
15.648215131278967
15.737541603459036
15.812022031193953
15.875957762188595
15.941689158255437
15.995513197121006
16.021087227651048
16.079415915462548
16.10938050461337
16.153154731884094
16.20273442335499
16.241041775701355
16.29469978592938
16.31923616129396
16.35770178882103
16.39070382889765
16.475214977148287
16.512083752036474
16.538669060390497
16.57359433900828
16.627213077999823
16.66913057102778
16.708914947772087
16.71821336062556
16.746194292430427
16.788995035320976
16.79903016222077
16.84966120309959
16.90738077608658
16.938441247896197
16.98102678525559
17.012778670956717
17.060757946896462
17.079216360439933
17.119101458152567
17.13831377093077
17.149579130833526
17.16113197564925
17.178974799954226
17.25118478862919
17.27884017316466
17.30663979472126
17.329671962244895
17.36839018252932
17.400738573627073
17.43726491842473
17.468987041822956
17.507750413503206
17.539577630662375
17.573088698257
17.6232577476718
17.643587637780186
17.67758897290298
17.738109048183397
17.760521255754167
17.784419711372266
17.814179262761872
17.839492843203047
17.929979922199347
17.948073233857883
17.988680794822372
18.009530542881322
18.046250005115414
18.086731762245
18.13197446849181
18.171230223149404
18.19156481184995
18.252492050685294
18.263273692434066
18.332617409732432
18.355181295605465
18.36112257010303
18.40123508937588
18.45409519223926
18.466279743060667
18.480385895960165
18.500252716672136
18.52338852764591
18.590109212908317
18.617760951559227
18.642581454290255
18.69971620459517
18.71976289849784
18.730694973488475
18.78718223909076
18.799922425807203
18.833332805644936
18.856525085122325
18.908905726438547
18.934585827119086
19.01064805935307
19.07086459180479
19.122018006279493
19.177184012716246
19.204918535554423
19.244486709229324
19.275181141155006
19.29868875993943
19.34268263512086
19.380579843708084
19.40224088306564
19.42465667890706
19.454711324406475
19.516445667363037
19.531558894228915
19.578645513355806
19.594258645358476
19.640966706399812
19.691639042258043
19.7270437229983
19.767794396047822
19.779922362756995
19.817632357340326
19.847297879192155
19.88403852610341
19.92720465758799
19.9335540266464
19.956401862596522
20.04017051963724
20.049086495287966
20.10020111406046
20.132042300955817
20.179675185006637
20.193968029611725
20.215528989469686
20.24123480349797
20.25835801167044
20.28069567180004
20.31134651638308
20.33113489050778
20.38443283794553
20.41718333394174
20.438787464737374
20.48665823893814
20.539850696529406
20.55735568862572
20.57253651214069
20.59198818383753
20.636423459390414
20.704637601969253
20.7239969854377
20.763563113852907
20.76976343054096
20.84975417265535
20.870071905389004
20.88530240829123
20.94152607932144
21.003378313883562
21.017794533225153
21.0375961245999
21.10771449853702
21.142070437303616
21.208861168910644
21.228083996205694
21.24158143452973
21.29824586441356
21.378100372618626
21.382880436671293
21.407878826290094
21.41357351755079
21.47663478676834
21.52080423575771
21.576876454745925
21.60154821413333
21.64127354895516
21.657354151567812
21.72482273446343
21.74578488381403
21.76781841132311
21.8265068176244
21.83283414056244
21.856573991070146
21.86919265739383
21.929103112014996
21.94949819642875
21.964569115236475
22.02799069643556
22.063044500895188
22.08602243122887
22.113874068952942
22.152443598490663
22.189731368178105
22.195461101345575
22.274595910836624
22.306089819645187
22.31733124192972
22.352833882715252
22.407129280838568
22.466437589009963
22.502499208419863
22.511838511050907
22.566651232291836
22.61437095680999
22.64260973118801
22.708958294355973
22.710291986541865
22.738671251967194
22.75791746932562
22.795138334973693
22.838626227384818
22.871132613890417
22.91550069206405
22.93850537391335
22.951898665608095
23.009640215161216
23.05793474740069
23.103425362977898
23.14305843980362
23.169142396325142
23.22820270872293
23.25303338404829
23.319447169238487
23.33138073050871
23.38136736101025
23.444172506556917
23.475567458970403
23.49180668097862
23.528923049333603
23.541058080766394
23.556130269562725
23.629826104609425
23.72456849099379
23.77118043366237
23.799559686674275
23.817667311581328
23.867239380331668
23.88808504415205
23.897748320155145
23.917849905857537
23.98744758515359
24.0336913706738
24.044682085459872
24.12404199453389
24.137266928398333
24.16378127024408
24.25107967660901
24.27434194878393
24.28536148350869
24.338549817000068
24.378215533482965
24.464554574449473
24.506178949905184
24.52540182928839
24.570532101927554
24.584837759496747
24.62169944785844
24.649994824275954
24.661766066263976
24.715489038511695
24.76210622645011
24.796732422260522
24.826776372793063
24.847481080395152
24.911470962476763
24.965542627718005
24.994089076100433
25.00057652771664
25.05743131473545
25.09731837126273
25.13050139931624
25.18481496762321
25.207648375571935
25.243990757159757
25.283513168115235
25.32099254253184
25.37156415332685
25.388476367017024
25.44812361887006
25.502688823941163
25.540302390732933
25.55844251761733
25.589352022565304
25.683713229187124
25.70804976976497
25.744191984508177
25.800106967821968
25.8141312107357
25.844307437535363
25.883759258624877
25.941587022423516
25.97599991945858
25.997515955750767
26.00641151017481
26.05643837577098
26.065801786554335
26.115781379990086
26.140270209342823
26.22243613808499
26.253059103730536
26.307494779314027
26.353919656541
26.38873288675058
26.408373195959722
26.441330499081424
26.51911027987957
26.57356931575584
26.60029866595375
26.658637714966314
26.692766913053823
26.710431507153036
26.781884323441414
26.811179215681584
26.830730577349414
26.879948886301364
26.88964645983199
26.958697362323687
27.058493201628618
27.093450813347722
27.161091478138378
27.17607948712119
27.228724086744396
27.268223449485856
27.34114972903013
27.390954879937564
27.45412402185338
27.49897816752875
27.58562655882129
27.60472640342405
27.653663185804923
27.688216383366225
27.70226022306298
27.755097126579834
27.778936610872037
27.83057159232577
27.88066457305807
27.929970828898625
27.991290011320093
28.05339046281767
28.093299646982736
28.126242923274983
28.164401220369808
28.208771532841258
28.284737044409482
28.30628440023404
28.350659893553512
28.405673254280124
28.416360734017868
28.474002137321882
28.58504432517955
28.62878104503848
28.662295031564287
28.68731654633763
28.733724875202363
28.780265068656217
28.810006825907923
28.84221001685515
28.94071304390415
29.009405589382723
29.092006622851372
29.167720792945122
29.22508295008516
29.27155604904382
29.322978000276606
29.38949261794086
29.468652023029122
29.524726734746196
29.53818632642483
29.599917903821794
29.68478080671982
29.74031933625666
29.789319122567935
29.822821791484337
29.838885026080312
29.9243104883839
30.031779129835574
30.079166458891756
30.138876742016407
30.197154314343344
30.250604381952993
30.39495383077537
30.50133358131426
30.55381064947856
30.65075336291868
30.78500118768655
30.941432086569527
31.03719642639707
31.068632131037177
31.121664732445147
31.150423013429418
31.27969789282837
31.470316950005454
31.666527009307643
31.749354488983723
31.904409458907352
31.977521579453793
32.0263067966914
32.07548041810525
32.18324170921655
32.26533287166606
32.342932975145985
32.428110128288225
32.43975506926147
32.512977321202555
32.62850156353534
33.270263150733584
33.39875818454438
33.62071711938636
33.751050449136024
33.85208147259216
34.0698633875712
34.187723090014686
34.78196685401399
34.90417873195308
35.50989418221799
35.61753049139849
36.73784615384474
