0.625358722680306
0.8241358428529284
0.8604761627977646
0.9866443083910239
1.0277127988172148
8.568066574085782
9.197686981656258
10.415943064477554
10.587426483971774
10.637077532585389
11.002144464133812
11.36275159280695
11.713959037362272
11.739740707739712
11.81248968403817
11.946752918564137
12.091106679447622
12.109845122286181
12.177800243221451
12.273609620280807
12.280361232243022
12.359116012964192
12.464359970148337
12.50576562726643
12.576109915841936
12.599396401565
12.6262275187662
12.70305488173221
12.768327001945613
12.846096382914794
12.943338422521647
13.07525864305217
13.084457367511899
13.182855525878756
13.218608124983893
13.23034444679047
13.294457851777178
13.374962075579782
13.413935215451462
13.47420188145669
13.536001739629143
13.618041094061722
13.725854380641554
13.766659023037297
13.779519794115204
13.82569102366813
13.86368584950267
13.89727580406976
13.951398990703884
14.056101019183997
14.113581431959467
14.163002426292115
14.202960379296188
14.210581493236338
14.24515609748113
14.285583964136048
14.315364044310389
14.360672869995408
14.3846927109992
14.471680125711327
14.493908409171521
14.522164152999332
14.600696175618069
14.656729088651172
14.690039144990966
14.718916373184255
14.757918701548897
14.842608070011558
14.85543184580097
14.865849451527987
14.959764489624536
14.97325850237403
15.024235157625075
15.0538148860695
15.080645932150563
15.156654250007975
15.20133452832677
15.262514538025151
15.276303843459951
15.30914223787247
15.34114425543406
15.366450994900621
15.406404668115885
15.448597468982902
15.463311572540304
15.499469340659164
15.557602244147976
15.58201032933434
15.614042269209785
15.67932190262507
15.736549401640568
15.752488320920714
15.795348284430077
15.832526704877052
15.849902085684564
15.914130614946066
15.949581426744867
15.969131158516982
16.00030770762772
16.02554953961421
16.03602573675318
16.10074877353312
16.112676405804024
16.124722279220514
16.20964894172753
16.24089608941334
16.25787953097041
16.283409256624637
16.305305928766373
16.318249574193665
16.425866518846878
16.447345751762693
16.472474305270374
16.498365550223358
16.549338826590475
16.574223324806493
16.592266662904834
16.66973561270505
16.68131585063051
16.711446026642907
16.73975696969001
16.751741780188514
16.80447648407025
16.885648023267972
16.92203248188527
16.970811289427097
17.011954062049895
17.042506157622373
17.06954731432839
17.120568278216222
17.149947687198317
17.216857722798157
17.24052968482593
17.28010395037699
17.289280413758252
17.327324467800405
17.38299885270989
17.418294441018546
17.43066038066792
17.467183100553996
17.47881577917895
17.54617144833952
17.603007854989162
17.616986660313774
17.635084939056433
17.6646414118021
17.6754064101928
17.731607929794777
17.756054414286154
17.797670258048885
17.81844944165504
17.857703212481546
17.90685976398968
17.950524378966115
17.98059048112216
18.024289448428583
18.08693237688623
18.104627813841894
18.110714878473445
18.14504539555943
18.188707257285074
18.20031586989706
18.22784870064527
18.256301081533806
18.304812661762604
18.32292920397917
18.4012051979601
18.430318105464796
18.46898189930089
18.49460287557255
18.520809259059796
18.54271432001374
18.60362745720584
18.657650446244663
18.679170338814668
18.70358720276551
18.752057014461997
18.783295036480602
18.819432751184852
18.85036594291237
18.868639673968666
18.876617687120177
18.920042473351458
18.95533633421729
18.991265809403227
19.036164438892353
19.048265766274994
19.066725015112365
19.125807931187683
19.159058615771354
19.18974131246135
19.21151561701064
19.27293358186243
19.298001097170616
19.307759584442334
19.329680608395872
19.37785550939386
19.42969370984883
19.463178082586122
19.478667380430398
19.488698086629793
19.52963069003823
19.575315796057605
19.61625421926473
19.660121175977658
19.6985175583214
19.720517324820005
19.75058409730864
19.788824613055418
19.806256511216567
19.829726750687946
19.883256625632338
19.905651142655206
19.963734755373583
20.009463065433422
20.041137449212055
20.07258420853603
20.10701016893409
20.150237375983995
20.17735342417776
20.20934907201163
20.258042415074122
20.311840075287293
20.342547864790255
20.377539304136302
20.42537329895318
20.450273839675326
20.452430830704653
20.539122776866996
20.570943668022007
20.61021482481598
20.622370298046217
20.672376766737475
20.681582897175907
20.72129216160048
20.739514668549667
20.819158952932554
20.842282950234583
20.876936771836377
20.895653903174683
20.98163235288537
20.98509013744775
21.00891521183909
21.01911732412766
21.075430986124445
21.108343674718114
21.127573855946572
21.19178522988398
21.192322947449206
21.232851154951295
21.277185801131306
21.304148654913423
21.331377928047715
21.36335235721362
21.423743388555554
21.46578449931736
21.49932094418272
21.531427831397725
21.57851825220528
21.603262863213008
21.614349145701492
21.63146110868392
21.671317111498773
21.72458338067727
21.735020308682135
21.778480963105938
21.86329374597465
21.89980468357101
21.916607121282453
21.97178079962304
21.998798626113864
22.034830347322348
22.104236337083478
22.12144629029402
22.185406783183172
22.202133678656047
22.224632727703757
22.2373914293079
22.294706589766722
22.323466766989842
22.37670080332954
22.43630089395415
22.454762306986176
22.499678901878873
22.537072992784772
22.55614698607839
22.624833064463548
22.657991581501275
22.687812715785768
22.698567411194993
22.722375164917523
22.789261888618604
22.810756766918995
22.83820721304254
22.87196480215266
22.92824400835136
22.96439264543927
22.981027179673717
23.043577335820768
23.061363461583543
23.08414506099544
23.15495968582388
23.185528978914625
23.225424816948145
23.259667909397127
23.302582921293844
23.325406921184424
23.35811975208494
23.380485834775342
23.425159805684817
23.45367408309479
23.48744260141167
23.502191541047086
23.53547777812582
23.570061883179417
23.612397559993013
23.620055418353562
23.642737573488837
23.672683082521406
23.730542900407816
23.732380966910917
23.787955665452404
23.849453242645545
23.879341585624662
23.91914972709292
23.935313999854557
23.94832938212504
24.03567278238406
24.059672832688694
24.109248976784546
24.121533285353955
24.155752903952404
24.19691866689542
24.211419016315265
24.283953265882868
24.312950824008155
24.33581597394966
24.352316756703736
24.376728447093225
24.429295999971888
24.480476705215427
24.500477015592768
24.5181423388047
24.626902552509616
24.641392473486867
24.662777683447324
24.667786087844036
24.73905170750956
24.778414188371205
24.85339440601609
24.899332815994846
24.91581008013831
24.967561783846453
24.990351916488486
25.003406113803752
25.05739454249525
25.09532679370046
25.116324929462287
25.147565859958075
25.195918084332508
25.231541926171182
25.24700695655264
25.312669169279957
25.358234573648808
25.37384751920568
25.40809197153787
25.500883242655828
25.540165210471628
25.575253680383252
25.59754117519178
25.623438849352553
25.706052683580793
25.758395953125113
25.80524584713495
25.810559281297724
25.83317810911712
25.937774986268202
25.95615181196327
26.00901040264977
26.05319302186436
26.08577775062217
26.10790050332366
26.17304028272753
26.225271592703766
26.240883557769997
26.269639628505786
26.286685351766494
26.34852912859444
26.39477071712488
26.420823082989507
26.445533841372555
26.461732663904748
26.497326676143754
26.640466771119637
26.647453872715325
26.68136407125413
26.733177416505598
26.81339668613037
26.822727245502186
26.871172126905098
26.894828612759966
26.945971636202284
26.975163618311047
27.103639893816194
27.147228473297673
27.183280727844814
27.22244038705723
27.272055403456424
27.319884081286833
27.332301593204043
27.400984938973536
27.41997729121308
27.47948505220996
27.60103178673352
27.648956783690274
27.694657089467686
27.728726075966883
27.76946246285326
27.819539141993083
27.844854671305573
27.879791877716638
27.901146305039966
27.972056898107287
28.060375443056653
28.10816673615224
28.145020314885983
28.15299752007947
28.211450263358472
28.257073843379015
28.310701713995154
28.396475675521263
28.426215677019183
28.51071121791919
28.586001080249957
28.593978173157
28.667081261057817
28.71460418291473
28.809894912193453
28.820922262593673
28.90891285620619
28.971259523313346
29.014125809153846
29.10352449469539
29.1498090642534
29.210616252358008
29.25836795965275
29.292489684760444
29.316368222236903
29.346987904709486
29.407958345962626
29.459801904089648
29.55721191797448
29.60487227249693
29.719005127096732
29.860746803420998
29.952775844040847
30.024313297664918
30.0510367161216
30.104472930707832
30.181563794150993
30.304034356604895
30.42184390576537
30.482489946443746
30.514052414276495
30.582263309372347
30.649578144470834
30.702916753102922
30.744485674429153
30.862277025857345
30.919144112099577
30.98850229404905
31.09878375191087
31.214674825927016
31.2687636591
31.283573611459246
31.48818047231811
31.528053213207045
31.6025526919588
31.671537330832845
31.76053354679966
31.91723226472605
32.01204365752604
32.10036853446305
32.20029275957712
32.32737211287495
32.418894451640455
32.47690297878817
32.51123241385271
32.647081868367344
32.733520943789465
32.96934365854294
33.05334281456394
33.249899323087554
33.29876401622964
33.60283853008938
33.93443718551809
34.15092020670932
35.06103366408652
35.54322108340501
