0.8205570665704168
0.8999206288164174
1.0231389822696249
1.1135463316158332
1.3441667901270662
8.935765810555102
9.265073209330778
9.371318680097147
9.89621379141877
10.886655851784944
10.956759750922146
11.001272370136693
11.391273398114404
11.44658719497065
11.526879570848301
11.632832998158815
11.650330973650297
11.78253017610201
11.924648633539695
11.957181559431824
12.001789107907568
12.032078044963404
12.132499823974248
12.195667918507493
12.42522764069146
12.527159505720391
12.564508041083773
12.725167816296512
12.811849669761555
12.840540000479319
12.931108103671388
13.000780287567354
13.036193395155333
13.051196210387557
13.094391477037789
13.175493252568376
13.237441097088757
13.28688780570832
13.301080830404459
13.34667857238887
13.411954165066653
13.43466598586597
13.450431185308098
13.52483990421067
13.560371418347376
13.611945595093786
13.641149951350776
13.675581793461888
13.750871794022927
13.787578839270306
13.862018352962721
13.936239730049666
13.986939984826165
14.072294894004475
14.088059374664912
14.126447529802851
14.13747579317208
14.234773087792556
14.25199350694914
14.297105993563692
14.316717205241442
14.394783717547906
14.428560697348937
14.464304155435407
14.552974446282315
14.568487194969338
14.646715774047143
14.666848039633727
14.687316602219024
14.704117443178102
14.777100283854542
14.830062315673265
14.880891350975869
14.9026880083873
14.965046573217222
14.997316759827477
15.024987264617407
15.053875928382647
15.057013235314447
15.119311767814263
15.161261902577026
15.203257113009704
15.23934947895588
15.273961064320686
15.288797020202015
15.36476214527603
15.377970455341059
15.434426395807904
15.454541357235431
15.48055013046379
15.516597971879834
15.60984930270642
15.616457179167544
15.678640180365429
15.705573383417182
15.71512963739628
15.789271629743821
15.808255362313638
15.857870452355424
15.909608715557773
15.919520395012476
15.953407182684684
16.00771902699975
16.048018391051908
16.065708716945753
16.102210444511464
16.15493781365806
16.18681618234872
16.212961901600835
16.260841185300546
16.280758303178043
16.28837228431885
16.35842197695802
16.395465137140707
16.40841826712016
16.432068601115258
16.46761856476029
16.520741801349224
16.54844475536093
16.572631288228813
16.638203650394566
16.64591627432284
16.661587577059407
16.70220027656143
16.73488882175975
16.759765707204334
16.796435249154236
16.86895728755986
16.92742175308286
16.9702477584053
16.97616639131974
17.08084783702984
17.09941209092406
17.131553656846457
17.172903639587798
17.183296242345303
17.223644431414538
17.266765723567932
17.298751971944814
17.336484526231573
17.36807712861156
17.402624701448303
17.42065988080435
17.44617459350074
17.51354745918968
17.529949290955788
17.555179163918275
17.590406209797454
17.64575170736698
17.6604774048662
17.677193223758817
17.730615549931894
17.76770912586853
17.797010253451305
17.813798330080445
17.858424774002383
17.8740705828806
17.932693979429835
17.93894026688655
18.03003118314088
18.037401476196965
18.093090874792928
18.099250283740382
18.157890117452354
18.1689705948484
18.175058709069464
18.194799351421064
18.223056794493896
18.284997937479858
18.30669093373555
18.331559379491257
18.388623889906004
18.452065433878758
18.506324071496945
18.578557248434077
18.60766760290293
18.62942542886425
18.672859731674826
18.689475194388177
18.710921101670152
18.72575648954764
18.800608560890222
18.813319384002035
18.83667839891256
18.89476941361089
18.922756045182595
18.982139748043743
18.999397737500942
19.019483547980943
19.052828951156307
19.073115761337412
19.116313124406695
19.133789465409773
19.20226440910975
19.237815030309388
19.284263223827754
19.303745913706685
19.34063090136101
19.403207940631106
19.434171363208865
19.466627141675566
19.506851866128066
19.524734958128526
19.587327892291846
19.61351941331603
19.633833464096973
19.662558671702733
19.720256756340287
19.730936992812097
19.789259721621807
19.811582662604934
19.847140128292352
19.88889902604001
19.915487830509825
19.94674286502132
19.96390074541148
19.975147228929416
20.023455709947353
20.039419342824733
20.094759286338036
20.12256487468162
20.13846278591306
20.200110722810102
20.217849924355825
20.229951506954322
20.278659042665033
20.30871817221322
20.348928221072814
20.398229752731112
20.413320145113794
20.442560353301413
20.498831330353802
20.551454957869254
20.63135231034338
20.657916565417935
20.68575636688674
20.72946778097675
20.733036052206064
20.778226657127934
20.83410490123834
20.896256853728698
20.911681332749914
20.940748388936793
20.955774781130867
21.019772505270737
21.026550132211817
21.076427847377634
21.12626150234298
21.140386781075446
21.184309268353076
21.202700613878523
21.213978009939925
21.262539713687726
21.276178913129556
21.34096755119043
21.363599528871624
21.380951969904416
21.396831418368688
21.444758682360835
21.46658711393594
21.519387654013872
21.543853910166597
21.56145330655276
21.604437836372806
21.640425846281726
21.687983603915974
21.744042297738822
21.78173995577964
21.806359356663307
21.815415750449308
21.8404129599513
21.887703514040837
21.94629424297965
21.988568553155933
22.037522894022228
22.106196971142616
22.142892867676505
22.165464335176758
22.216092385996483
22.23024657880663
22.250231728058537
22.29889102993632
22.339213429861783
22.353393722209766
22.3745550330241
22.399548028550367
22.41817757220552
22.445083876100075
22.47990809972502
22.51196865669144
22.529593561694256
22.55816733437881
22.61662020178528
22.649415983972602
22.693514269506952
22.73138126423886
22.766999940789663
22.835490392048907
22.841484937402452
22.886912535825566
22.960535675097894
22.964825585639122
22.9931936456804
23.01437452196622
23.02623073507977
23.069860106167493
23.097567026300965
23.154507995335084
23.183494032857542
23.222085981623998
23.242895456374544
23.284838046010485
23.29417828925406
23.370285118511962
23.384576347865284
23.45312834039988
23.465949904929897
23.523210571974708
23.544008262372085
23.55413151274609
23.587623927743905
23.61062058864569
23.652158094407337
23.683078267443566
23.700549442249024
23.788424409476143
23.825652721303385
23.87951402700312
23.897850238362764
23.977792102821617
24.008009092258177
24.058538817698135
24.072797401160837
24.083857892799735
24.153744006546553
24.20070621594556
24.2204473984779
24.27879594553194
24.305546280122865
24.327033663064874
24.344332200656137
24.402105680290635
24.457584603623438
24.519700568761944
24.5394226971794
24.55444578582033
24.59955928758379
24.6993557009362
24.72589436867519
24.77645538763003
24.802223521203924
24.876218748889702
24.895426399946803
24.952974111166558
24.98371436002772
25.00170040047486
25.04528247279379
25.06902055444611
25.158644624668995
25.18170610681305
25.242317252552162
25.24330990290166
25.33035388392749
25.361936092465047
25.385709459397837
25.435639681444854
25.499987569837685
25.555235183630124
25.5861630268847
25.639108643415522
25.70314845788336
25.71549004853808
25.748681337826056
25.775569670790063
25.821843870383688
25.903874897513926
25.940465562202174
26.012998790897093
26.033539476014287
26.059735173214747
26.141862398367188
26.17450828476718
26.216043613186596
26.259922634158546
26.30617906889638
26.31008849822832
26.388813047266716
26.398714346977854
26.446145377838313
26.49696438468026
26.544785454191242
26.56966182273281
26.629863623978782
26.71992677243769
26.739982067090537
26.751843207200515
26.863002902648837
26.886709043993065
26.922740332585356
26.982055532366065
27.033034159091873
27.086989903842433
27.092731628245648
27.126252794942967
27.187780290411386
27.229032879107596
27.24863503488264
27.282305950448052
27.34601562529927
27.438171888051844
27.44285062095755
27.464858610056698
27.54663093390173
27.593017542326205
27.63529086145882
27.71568935193846
27.728629664667757
27.77191211945718
27.845085272771563
27.9066144926628
27.949606196852216
27.997135903935725
28.05545660213454
28.116349646794202
28.16792907472818
28.18702240440134
28.237224588602988
28.32241059018762
28.37842404836265
28.41227299983812
28.481396422039825
28.50930839633795
28.570922509199832
28.59157567614954
28.6392420286987
28.674975802640095
28.72940156252597
28.80973322435779
28.87554039842919
28.908172128367312
28.948923694670924
28.978157834869457
29.071757031704113
29.10039561282827
29.142949428939172
29.186873520438777
29.262221577613293
29.35176058894835
29.385546743413233
29.433331745220762
29.487726248397887
29.569153406482982
29.62845758389281
29.71001078693162
29.794714228739277
29.805448409788657
29.899019826995794
29.976251653662533
29.998838989049666
30.163346185377197
30.19664046356234
30.25327829219773
30.343124372057012
30.479436376201914
30.51009050965682
30.57360813617467
30.642738213943467
30.67246277275138
30.81214239125147
30.84012858943909
30.89141728300728
30.951705864998555
31.013204677956356
31.136906043977884
31.25664629157829
31.45993814004457
31.585952870078923
31.63170792791297
31.699260071154747
31.74586336413834
32.01561606276694
32.04390335089742
32.16298788158075
32.2305497923557
32.27627639948701
32.41168381155587
32.55273955823864
32.72733855273529
32.978522960969585
33.1962236816264
33.27680337341234
33.415097672890994
33.58336972806969
34.05767547327014
34.68737976547657
35.138729035905335
36.21487845240239
36.34778463844492
36.48012275300514
