0.7134513122854382
0.7733096674423199
0.8457464353844186
0.9442263073471722
0.9861124047788853
10.252139289195723
10.623362293331587
11.032870381838444
11.302070533971316
11.393003432729145
11.462424930458678
11.542798863281197
11.586228343465153
11.657443659097193
11.81646887211508
11.893150731173517
11.969143511248886
12.104917884480313
12.154256101024028
12.371843819862088
12.443686246370131
12.497998760598543
12.689536938610955
12.826189232262264
12.860045792704204
12.87855380653441
13.003271600952951
13.03669278178362
13.090702764642918
13.122714726219051
13.157918849232422
13.200644858302905
13.332867529121613
13.409008149385617
13.45536842691113
13.493929059852
13.51220161047182
13.557862330820367
13.626891246968453
13.637050631353627
13.72902628574065
13.79674394915877
13.849388584516882
13.868414064727425
13.934374065350031
13.98062225715631
14.006423259549111
14.09182835478953
14.129719967258064
14.172899048699053
14.176930150123491
14.240010421466135
14.283038990665796
14.29458776338051
14.366918820547614
14.42818728485345
14.450407676858445
14.477867567900562
14.535544216132344
14.565469081375749
14.592097434939397
14.64040833399829
14.771912041165054
14.796686401154261
14.834980408827429
14.879910112768362
14.923859202420735
14.96133201222379
14.968097855088823
15.010781303056966
15.106207504220947
15.141351334273399
15.200980817474226
15.275573301098417
15.296445290050004
15.328271927976271
15.343317604373807
15.38350984089875
15.398654972785641
15.419553619696316
15.483679248107837
15.498823041714802
15.539735068691702
15.56875185773369
15.604496849967722
15.668310906349447
15.708085359564322
15.750700589376262
15.775355840876804
15.825502906158048
15.885784408154857
15.891187191950177
15.960039694044974
16.011609406326208
16.031791517962397
16.087398058615495
16.12884857281925
16.153772818400178
16.18651120123996
16.225083694421194
16.260080468405945
16.299079341265305
16.313195259026354
16.379548938288885
16.4181056911133
16.439653729109658
16.457151980331503
16.51176649848639
16.559969237119564
16.589976210283155
16.615445241977167
16.640015593632167
16.676889894489776
16.71566316392672
16.78161393839984
16.794906466245806
16.832568212784754
16.875108798042728
16.91256237849289
16.973080091118426
16.98605951823436
17.006367675769113
17.043459436244706
17.087535388006373
17.13122674563903
17.208611708107686
17.212348821552354
17.237344768775678
17.246554263580673
17.277187526429813
17.330024683968247
17.356698218719043
17.378981463131336
17.434069490037214
17.52520403624565
17.552943796308483
17.58398922703899
17.594861658501337
17.642786293656616
17.686634391667003
17.700009014172633
17.741496675742418
17.758801491355413
17.78410557039982
17.815319557882212
17.83999566935343
17.874068525864672
17.902387304873116
17.909211254734515
17.960221557838423
17.99441261755516
18.018850880744488
18.052593048172813
18.065281434872198
18.136035771001737
18.146771060698757
18.173478882481234
18.227715513553477
18.268193894824197
18.32028829601411
18.347682948997672
18.374115468010668
18.42180690892265
18.480819491235273
18.505399014982046
18.528199554111808
18.554977548103597
18.556311556724612
18.595282058973897
18.641015114060824
18.673284107460034
18.703416114167986
18.74111505156944
18.7703455101079
18.787423018731022
18.792309225376783
18.841921476996962
18.876396413201544
18.89272442742854
18.935906070548533
18.97568890371203
19.015514706573544
19.042752199697876
19.06898169011884
19.103168811322373
19.11562899026615
19.14213439854196
19.184471705506606
19.267285746563054
19.27994189080188
19.310485770758017
19.331521344603576
19.399849030178974
19.45139999077032
19.462703237702158
19.499214970537675
19.539951597340472
19.58360674746595
19.621923077628274
19.634756379269238
19.635395600902307
19.68330595057207
19.74605290439285
19.758158786135883
19.804220570887022
19.84611568514949
19.879639020116507
19.92721194631092
19.945450987062074
19.969302347562188
20.021323767585024
20.08145376496757
20.08597575170917
20.13058157539807
20.138490154851876
20.16651138117139
20.182231747311445
20.208137631904478
20.269261320994172
20.28523295334715
20.305843722391014
20.347471581554167
20.359647550587304
20.370791498123598
20.39744792190658
20.435365410915043
20.45713447204093
20.500316453029452
20.527255359545915
20.57379571549129
20.599166049397887
20.62074979799939
20.684898751467802
20.689986661303138
20.71882738226991
20.757838917332666
20.826337616522327
20.87366601738268
20.899520814708595
20.941133524872434
20.962727327501266
21.017209069316817
21.036081213620268
21.109057711448035
21.12896968371519
21.169381704000763
21.19736635922593
21.243941433590567
21.276652891801184
21.323983241818222
21.3469742965192
21.35350106754991
21.380465854944656
21.45144501849815
21.47651047230138
21.51038193340375
21.53963668619257
21.606005456248457
21.656589235290912
21.677609033185533
21.720142102750923
21.760946347685888
21.766802502102447
21.802918028065978
21.828134219086632
21.8485295838936
21.90255321149197
21.94482655888554
21.97304653884513
22.005972281293683
22.039275874759714
22.1086088074798
22.12302723040858
22.138612878565965
22.19901777691249
22.243032000517022
22.260377809085092
22.295151232215613
22.3077942758618
22.396637120421417
22.420483792924273
22.43795908868217
22.48888971121113
22.550793351776708
22.58282294624239
22.607310953634883
22.655580065845903
22.702630217573695
22.726337513846698
22.7534672727362
22.8075159837441
22.81885273357501
22.876715436406485
22.910813993789056
22.93699435156485
22.963511253186976
23.013642915451157
23.045483486605615
23.06248378539907
23.09538246802296
23.115652306363426
23.16779390575187
23.188959353232395
23.21399537275604
23.245645567273748
23.27506012554097
23.34186158324285
23.38303473175404
23.413282416968038
23.46116343762169
23.466953170145025
23.51222835973704
23.530468601433004
23.588697947894953
23.632187505409917
23.67226184190299
23.73323128092385
23.802125537358435
23.833565377434027
23.86513087256765
23.888205446269183
23.944272696098864
24.02470307437183
24.0394013462335
24.066646044673714
24.0987429996142
24.15509694030234
24.161555045656353
24.22030096286197
24.281739775828118
24.313909280733302
24.36170559426372
24.374050400724027
24.404308963031188
24.453670897629685
24.51063801471711
24.543017070345773
24.56044744810262
24.615444278753834
24.65018964099628
24.708272484758663
24.75609285433594
24.783859154774188
24.78855005015835
24.84061968584497
24.885465305706546
24.896923196999555
24.920706947717346
24.939244798465207
24.994831085658713
25.051736694252
25.082261691624065
25.158057688191963
25.195032307000087
25.2147555386071
25.235704912588293
25.282676695117548
25.306356034038608
25.362489563828973
25.38724323004154
25.414224067633253
25.50299328188322
25.568725259807216
25.608953047661515
25.649342300456826
25.71998507699582
25.773038766137326
25.797526412952003
25.864578919609066
25.875846267823412
25.90356823320191
25.94790639806214
26.032221525895164
26.06243749873755
26.11566652392661
26.159397889949435
26.182664443728846
26.212992358153368
26.23631716791633
26.27786112361896
26.30684201561487
26.340329571832193
26.38205339247818
26.42805146474224
26.485256242303496
26.518919794142786
26.549995112708157
26.62303045314656
26.6417861868216
26.68154017553897
26.73508771463362
26.793249807469817
26.81026955841954
26.82883399151791
26.886225547947628
26.96636970654518
27.003445607252946
27.030628666817694
27.13177356470356
27.17592895590272
27.18856968303678
27.20110273770851
27.250997497370836
27.303222466538614
27.357124056058915
27.37493419689015
27.406223874253172
27.502456786125865
27.55235488806658
27.60300164082787
27.67516881013514
27.69746622941344
27.77374924087084
27.829192195703616
27.92364546169253
27.963745486394302
28.008906075536036
28.050683443789346
28.080774904456966
28.112693842653254
28.183920960324645
28.217105470975632
28.274838288486453
28.30739344355647
28.339662573403864
28.36835791949461
28.416015957844586
28.4685752285299
28.528994236822317
28.57508810685407
28.639400917574797
28.700253750029084
28.735730840878727
28.760356764204882
28.820248310373984
28.913852631091217
28.940396250134377
29.00623208598312
29.013698760163262
29.07221945067759
29.097751510053044
29.214737724794674
29.316486804012598
29.358446189120293
29.448405157257287
29.4974914865014
29.52832092883349
29.54051344681016
29.62017157425711
29.695312811778006
29.727550284099213
29.848204455233898
29.85694368433142
29.895415921934195
29.970089029080185
30.032367958700693
30.0771993906079
30.1804379884653
30.265571501534815
30.298748423666968
30.39308089920548
30.46021204164031
30.4760521135541
30.56280719464867
30.609934632156307
30.659283039828665
30.718610263408642
30.823047176155463
30.853766521144678
30.96039584741318
31.029658428691246
31.14210551571209
31.19818756005753
31.320405597791403
31.366247472940422
31.623261654551257
31.74540826847196
31.870926541497685
31.94794942778068
32.01103337202684
32.1410911233889
32.26287969337084
32.347864622727435
32.35412870828995
32.46613438430755
32.572928647662
32.684194287177895
32.77373819142385
33.02605435781706
33.345804989402644
33.47329616797629
33.60498734721583
33.74249028744723
34.02382403083867
34.506709455176164
34.663263309260856
34.93568297075293
35.968528304782694
36.15275211130658
