0.0
0.0
0.0
0.0
0.0
7.462812133199679
8.308928958913972
8.349270478466513
9.993391278605387
10.034265471143723
10.361816507069316
10.70234973662654
10.726208842186734
10.820427655788027
10.890774310079644
10.919280261106431
11.267984936584053
11.476607270702937
11.483631996719106
11.54393844422109
11.581765069769697
11.78458192373947
11.962614594903467
12.122339102885995
12.263810557629336
12.311828341529933
12.406046426740991
12.419500614613394
12.463960325205555
12.563444191816625
12.683849259994103
12.686769951870003
12.7425712408865
12.765446214882937
12.845272550273688
12.875910793093201
13.056215056400957
13.106879535996244
13.148183965168826
13.227290620499568
13.271559633081402
13.309901184049032
13.356956946956586
13.376883906941105
13.387714343531853
13.412658264311387
13.479007132437841
13.603978575430359
13.61700000154268
13.625430655576793
13.727034777198115
13.776501269621916
13.863271265425103
13.931091508431122
13.935422952713242
13.980650378373785
14.009448215632922
14.041331070005482
14.164072223225434
14.174506895532607
14.191319737435965
14.226306405033803
14.37036318528725
14.380695781146049
14.411190490534267
14.411550887186978
14.462886271577682
14.510248703357204
14.542601434916204
14.606449657229081
14.682538262030008
14.705053572792036
14.726530433034837
14.757167467093588
14.770216171153125
14.796370533447877
14.819709295979065
14.848250088477197
14.878818803628473
14.915413444233268
15.064330480102456
15.090642201563496
15.123718893223614
15.173891395532062
15.184210635945321
15.227146657682368
15.23900188738859
15.243867832332771
15.249154804225888
15.288319954368156
15.29234228977878
15.34544228643633
15.409775013227934
15.462038074216943
15.462521648782166
15.482917474873899
15.552172552450743
15.603032623613021
15.652298991748555
15.669082317709945
15.699046849245454
15.71267589642553
15.714393244749234
15.804028166998751
15.804268763156946
15.80884644053343
15.850688688309175
15.915948443045647
16.00085807096633
16.014346125737806
16.057329184316664
16.08873167282966
16.19471761208443
16.19985687098235
16.20780533648757
16.2230858487632
16.23778043886152
16.247904060346553
16.271783957419746
16.304505965462468
16.42956834483337
16.511313064769993
16.52382051574677
16.52666776481655
16.529116936177427
16.64593872867526
16.690429848574926
16.693001894371818
16.775670967392344
16.797157005386335
16.86717664855882
16.8918679170811
16.908395833548123
16.926533908214306
16.939379761451864
16.952868514625266
17.02704558481297
17.037305832423385
17.08264674117706
17.156891869731698
17.163740968750886
17.165346554412483
17.18268548185051
17.19206501496792
17.249952154891606
17.284570789240252
17.299119343753688
17.353321164586966
17.442481458858566
17.453552875133298
17.47230238394488
17.533029873411763
17.581291604650747
17.583328695391632
17.583641460302452
17.61992282068065
17.662560114935257
17.663024700598886
17.709269044274457
17.75524634523707
17.783452224940778
17.801766210992522
17.813434942041713
17.900668016709492
17.934653810861608
17.957110629807136
18.01114797319533
18.01765038798169
18.032828484848388
18.056210346528932
18.158553552335295
18.17440863854574
18.179035408100958
18.234699925413164
18.290239845188914
18.291983020374186
18.39727340769337
18.43531615522651
18.44718521922845
18.47376243707935
18.493371586249978
18.524902162308535
18.547681538737862
18.63848727385221
18.68296967710057
18.739038802421845
18.755248093741617
18.755784640079675
18.775281867660006
18.78086266859897
18.967677329404502
18.975452896561837
18.98494719858232
18.991359680195824
19.078361381355272
19.105953134865832
19.116016517295833
19.159804729186902
19.174973706691848
19.175119410289575
19.220164796918873
19.349455414758072
19.35129173240929
19.381562820390307
19.397415973689796
19.435231302807523
19.437393873525576
19.46997593446062
19.48905995993024
19.49968551732649
19.57729764936819
19.60060874841101
19.64194290989547
19.64941719743212
19.6599319853338
19.702876373384512
19.76489043747173
19.82071884868549
19.868912414784877
19.918934556377092
19.91934359421069
19.925516882909562
19.994421897545937
20.00008756731576
20.026547587549608
20.036098664469723
20.10742580755051
20.170905501322977
20.191260315911787
20.216525530035746
20.220218682070847
20.257905385158793
20.25987774978147
20.26121665197225
20.28741408100495
20.34020335277412
20.354970607778373
20.436105070891074
20.44248230521282
20.458609343271572
20.484770999666694
20.497067712984947
20.52558274306279
20.62977416281632
20.68161297630781
20.76101582924991
20.767686647388338
20.780239684308544
20.79523044988437
20.83905724531771
20.853794333427604
20.880904162076636
20.894577790005943
20.91603689756019
20.93996262368701
21.053587233328994
21.061265406747005
21.078553647487972
21.10909320994413
21.133546122263894
21.175034701737843
21.193946034645624
21.214765762397647
21.262660694457303
21.27849044556043
21.27941388074683
21.348023024443652
21.416700917812083
21.45415959839966
21.4792679749332
21.493804006015388
21.498621862299153
21.575639608161776
21.648888425233377
21.649719806051134
21.663891815510926
21.683684743197976
21.705970945435443
21.77405399174029
21.80613297860856
21.852788805595516
21.860048480439584
21.865076227073228
21.90301441327363
21.984462099654195
22.02648143293935
22.079796325602107
22.08044631761534
22.261805464153152
22.315455562733884
22.321405359500524
22.33228206910403
22.336570467075497
22.34431805458854
22.43695723392083
22.44623530947529
22.472550535469203
22.473340516914117
22.486000560478185
22.57246891120364
22.630239905682362
22.681842325696696
22.742219305090025
22.7644393386101
22.81127265297296
22.814004339275574
22.820134452036726
22.83944972590558
22.84825444088127
22.966155285816075
23.005384269998004
23.05100056351764
23.07175328405244
23.08338530357396
23.11026402679729
23.162740173957058
23.196369096047217
23.27421298663746
23.28225667505215
23.29915577627922
23.312325636370275
23.331228188517077
23.338417400316022
23.391456485308968
23.40630696361964
23.50203444390104
23.507862641499585
23.547571927728935
23.649682800300422
23.6726606691344
23.680445371845
23.70219905740281
23.74057363466608
23.772350926083558
23.77692057551369
23.794896778735183
23.895590405475353
23.90832646258989
23.924493404029086
24.05156611844451
24.076121723994863
24.096265804552814
24.13493109891653
24.150632238512824
24.19419904593307
24.196676403139442
24.260643386133076
24.290144396267834
24.295192730119194
24.382013940034106
24.411853707368966
24.42492269400724
24.425544665638746
24.444110203256727
24.548704016465816
24.62946139996098
24.63721526985802
24.75110306996158
24.780037905881432
24.791519223000314
24.819215652015355
24.898358567325662
24.923988527311366
24.955391279844928
24.96633842013035
25.01901130220897
25.025693311581165
25.026148756917944
25.058012901198072
25.063808487399104
25.082960955206513
25.140477010072598
25.243636824993608
25.259289647962223
25.268693698345576
25.38406938798783
25.416262621535996
25.42958228660452
25.50535478006579
25.53588360524841
25.53942658270201
25.55943040981153
25.645582241020055
25.672310572162598
25.75816584255973
25.766344338387995
25.771474568915927
25.82416089499671
25.836179923927393
25.8774443043048
25.904448606024047
26.004156678740745
26.02823691088257
26.090184985285124
26.129208171735293
26.13584159538924
26.239022728924372
26.291783889813534
26.30980475892204
26.355977851525967
26.46153540412282
26.56631234554738
26.598068000923583
26.678738724295417
26.700893195072073
26.753143559501414
26.756957202337283
26.845985122677465
26.879847728724847
26.8882419011154
26.891423336843047
26.960156295335707
27.108663446127252
27.12437592010447
27.16004730197077
27.186835541749716
27.196395201419836
27.19939122974367
27.310168361066903
27.369399280540424
27.389415231813587
27.441336088720224
27.477877665025765
27.49860902762581
27.541671890656236
27.55480942476438
27.592856558314914
27.6346095921925
27.64914826479096
27.68016353663058
27.786060342165893
27.895643115845175
27.96311153106588
27.99710177349837
28.055918219030943
28.136642407849276
28.143801624660515
28.172911976570397
28.175299351160835
28.291299281020535
28.30374390595775
28.335466768793257
28.400652960468392
28.416782470999834
28.460620084169257
28.730761037063733
28.74347832767718
28.764729036939656
28.86050876510293
28.86328182262764
29.01187922653597
29.05360279833235
29.11862845141783
29.121132605224552
29.149705272428513
29.16058327610151
29.20196534434264
29.22837880113991
29.271121657040453
29.331346163944232
29.37235902584418
29.384142385706134
29.418082636243934
29.464431381696066
29.568438851254296
29.591993397796706
29.842096586549733
30.03915253057885
30.122280545988893
30.123970196684358
30.284515476426517
30.284910080897916
30.444752031579206
30.66248470614196
30.717551001593463
30.755812456523973
30.934575389458317
31.04668577122691
31.07227462513998
31.129459407832215
31.260692099885862
31.278123628346233
31.365175918356506
31.482485328843712
31.489435352675645
31.652691405326777
31.95411166596446
32.004539041971675
32.29911887704328
32.31207934588395
32.45912967612015
32.54380370686624
32.83170666678329
33.051410960330266
33.14189665124024
33.26356980250702
35.581469141390045
35.95482775994605
36.374283254908185
