0.0
0.0
0.0
0.0
0.0
8.370427018091084
9.950846468475381
10.663278497459522
10.865683872884212
11.055220057658863
11.2517696406296
11.257465482788138
11.25953853180687
11.364732645881352
11.388671117351997
11.427459018498196
11.508820807961595
11.607601958501608
11.617589174328339
11.690793854757251
11.721730037333133
11.861410448737198
11.975402132338093
11.975808810612484
11.989966877414922
12.171531094545315
12.198691394546149
12.29269764506516
12.329985915475252
12.363459002932183
12.458223747153156
12.510853799605998
12.569516287769968
12.654254035932468
12.698334875240835
12.756609609362837
12.787422946319431
12.989543490412462
12.994490137748102
13.024343561982347
13.139341021156824
13.230600614599306
13.250040139638068
13.251437283287348
13.320449701461694
13.43093390125029
13.466501601039052
13.54744155788637
13.585842518878168
13.591674463670584
13.710863870135206
13.733094071873833
13.733748734997471
13.75548598654736
13.794992893898645
13.822779934409203
13.889223689144123
13.981525089852207
14.029134264287961
14.0330506293783
14.100960991616944
14.133588320883044
14.211405432699632
14.247065042837624
14.247154284364631
14.289266779791385
14.367625573180579
14.441648086045706
14.479142987823817
14.488840887465441
14.502276720307059
14.522049732796335
14.563215090022423
14.600548843016629
14.688848936532832
14.699033027532789
14.798046234304206
14.809061551324724
14.819507782087525
14.82453026914276
14.906557972626906
14.924997818974715
14.978320850360285
15.00209620158853
15.0321670830496
15.133370696937417
15.164393473780985
15.202963460033354
15.280886539369899
15.326282026593011
15.335125882975474
15.381959362665201
15.383806042683924
15.390822686198073
15.409456496090986
15.45352253218857
15.478325604936517
15.5942851145623
15.627249664263719
15.667001783193978
15.685732557500316
15.731320637696935
15.785804257150463
15.796564265164198
15.79709831823955
15.806459496173703
15.83825308710223
15.920456049264379
15.945337352024476
15.981679979558994
15.99629157340544
16.024452505794425
16.073401353560342
16.15980452048862
16.213886826287048
16.23947969311264
16.27674230518149
16.288588839474127
16.335284290367028
16.378597460239337
16.410116433969797
16.418297188648076
16.42836394762699
16.497832333816614
16.552619546690874
16.557174062238552
16.56259489094945
16.574647448939192
16.58872077566316
16.682875681889897
16.696574396551746
16.768734706554387
16.76961926710353
16.796163294147696
16.88565374052966
16.889319594819444
16.906087933853193
16.917627089614204
16.95798195729067
16.971939599492586
16.985708858246458
16.998299085788684
17.06648373135089
17.10601674757396
17.116220301759235
17.163814584376343
17.189219150914695
17.277749228560992
17.29179379156393
17.34840257357518
17.353012048406484
17.448029228682586
17.496366000733424
17.530805808309882
17.535431811755586
17.5782191438077
17.61105416969307
17.636744930623554
17.689728306767336
17.690271204505024
17.752820637718838
17.757749457375105
17.804801073430617
17.807960125914924
17.843132589348524
17.860155705404715
17.90983579763866
17.96567534748498
17.970729755819395
17.998627317530723
18.026004549768892
18.03629503226044
18.080572292284216
18.096708829064703
18.115645058868846
18.121236713581833
18.171264462271957
18.22096481087664
18.360660887679963
18.367965392530238
18.450693848880196
18.483536343109854
18.502356263601172
18.572848677555903
18.59252728322778
18.59549955318328
18.629775678260188
18.646764224661297
18.66804120401369
18.754713878734425
18.795464232481976
18.807270196311357
18.84599326747975
18.88315852326417
18.893509882269672
18.922784978519708
18.967201106796974
19.017156594464808
19.04253781515296
19.05434000744138
19.088996519747795
19.109948856543717
19.17180879447831
19.223390638167444
19.24467914754317
19.247007919724584
19.25806745340157
19.259600551276378
19.278881120033407
19.316516201470474
19.393498467938027
19.408550870059344
19.417347708695083
19.41870782583623
19.551150485926325
19.553479156271425
19.649965706827174
19.65230138071344
19.658505585448005
19.742511246310116
19.757153115029162
19.777964041555617
19.81402687838227
19.83521463854087
19.87406171039269
19.87619997286809
19.876784333167976
19.95404875488646
19.960937332251042
20.003150050474886
20.03046030845351
20.13126865236949
20.165726270914412
20.167698779777368
20.291836082916458
20.300691117042838
20.30230691107366
20.315205252991205
20.342400651546573
20.367845198100227
20.376292528871076
20.421362978920236
20.509072394110216
20.51805237262612
20.54539995275314
20.572945635119794
20.582578935781374
20.608072451942583
20.628927070260822
20.63593350708138
20.78163092007362
20.782548118762072
20.81136361186729
20.812636227163843
20.8532993488284
20.856146224743455
20.87370476806657
20.93931506399466
20.942255960775125
20.97835223807311
21.02234899050356
21.078968439874615
21.082746545584197
21.092942670430286
21.129933120223953
21.2685812804871
21.33342414478394
21.368331361298825
21.45027230623549
21.45411052973782
21.459940083989096
21.51254591011002
21.516744032960723
21.557332601197352
21.570155790771974
21.603614372199587
21.631682819669706
21.632546564873145
21.6443060368603
21.702916236587495
21.740379419230138
21.811091829783688
21.813911222813807
21.847485172399793
21.864266134767607
21.895915436867423
21.96394526613209
21.989769225758078
22.005870601201345
22.031979182675034
22.0354175347933
22.07643214162053
22.129525918298583
22.13870613919202
22.142320762066525
22.18207287180195
22.222411316059087
22.232570543741925
22.323407034114165
22.384222405381646
22.401245874805653
22.413533966018935
22.413603753049593
22.497617597060728
22.512629676188073
22.513166795754376
22.680206024721787
22.707513109396523
22.712400569958174
22.716456922200358
22.76773954370892
22.80389510568816
22.906374047561695
22.906679661265485
22.911480011599934
22.98117461321997
22.98693084142461
23.01284886237273
23.043012408395235
23.096382546716832
23.129849104312004
23.13623494664063
23.190694818990483
23.2618225506221
23.27685869435262
23.28598030488671
23.32991699325588
23.338522927007403
23.410378428256685
23.418162171517803
23.419565640148694
23.510302142942752
23.533113526801213
23.56255831324754
23.573488934137547
23.607424055287755
23.646613760541257
23.704369651497775
23.7101666950484
23.81917321628798
23.821749171209444
23.85716067168827
23.885713377763675
23.898581258419295
23.9466323405112
23.97369602302109
24.006179642524124
24.039006251924516
24.080220068764156
24.11088747864901
24.122679520820853
24.132242423587403
24.182509912747403
24.209188159634767
24.215553288378736
24.224619005586565
24.279280598433115
24.30067789537277
24.31906349774792
24.35529849273811
24.51130172132101
24.530821958577793
24.539125047652337
24.560110131744125
24.63219590987421
24.69324911922655
24.705466123639635
24.735887763503353
24.768948738125598
24.8022156735582
24.839905137407495
24.885498661608814
25.021001289477876
25.03069171042766
25.034518564534224
25.05258924388957
25.086922230133307
25.156444661411253
25.167730791249618
25.208324326462087
25.29620362427704
25.30035521908533
25.36391176913924
25.45143931827418
25.466837727361995
25.514416298184127
25.527352904923116
25.530064744240995
25.575185215258777
25.58564812804057
25.67751106111715
25.72107605998255
25.7486021578004
25.818763501028428
25.90244971131296
25.9108582072017
25.962457932417493
25.976479678130804
26.051845656468142
26.08035142939134
26.15190655887401
26.165584757647988
26.17864485970813
26.223777900549017
26.305101277854977
26.336982066480545
26.384224715788733
26.4446667641065
26.455853273385284
26.557860060152393
26.558660468233803
26.568174108686648
26.64262854031126
26.655295855903987
26.724207945412616
26.7627349222585
26.804271975580317
26.834580290556456
26.86590492456905
26.9539521895756
26.988451779521395
27.008362596754637
27.03261705084923
27.102858158698638
27.12291478256296
27.27833918590699
27.338551677429532
27.338922755924035
27.359874636311435
27.400630420004607
27.418233952363547
27.478735410791373
27.48908151315249
27.507723655727673
27.75370890428442
27.76005249146587
27.863755554901008
27.940664570005634
28.03359036481864
28.061214489048783
28.07270953492817
28.10974710728276
28.144857554331647
28.16849436218017
28.169427240036487
28.266565797016497
28.368310200950088
28.397031664937696
28.510504804346738
28.644174744289547
28.756802509041126
28.75807378505311
28.834970105894918
28.84809903894778
28.898285032131266
28.898835340577303
28.974196658455014
29.032484252531194
29.037577702885887
29.080114271711295
29.175493293199633
29.21064253817662
29.226805494307666
29.276004421941163
29.325164572354563
29.45281648990455
29.536283638881514
29.5396475189481
29.58737323040247
29.687198643818363
29.719648939386758
29.79513561528112
29.817246477343335
29.879320318902785
30.03598134614547
30.150481981632353
30.195911754601443
30.35559476888676
30.38046935564104
30.38548289809007
30.411102576991688
30.562676301941934
30.729593512787716
30.799428086506182
30.85728514230975
31.107587875665125
31.218748364612857
31.223861235766318
31.28954750981206
31.384558052722156
31.624188158977
31.782468291482317
32.117976665792845
32.119490000525126
32.23323650049176
34.54570648450598
35.20444491142415
36.063281417577045
36.14056627538272
