0.599335749059576
0.7806846997720281
0.804245205866647
0.9088644320121725
0.9452830826107876
7.436120671550649
9.892158564042788
10.168624199875211
10.207987765603107
10.654226694434994
10.92882444989414
11.113039200980754
11.251048593187464
11.367958051334815
11.597823040145835
11.672863246995917
11.717715452514069
11.772698828780298
11.808913953547663
11.861465355085123
11.909741605018468
11.963742734337513
12.126419500850256
12.380164080475218
12.45276421622816
12.605425459563037
12.61649648136585
12.659599731545468
12.674570109264385
12.736825104498875
12.764032051000044
12.846549054204402
12.895627073401029
12.983492202411632
13.026696246275293
13.052321848480872
13.174971919143873
13.18557896715627
13.238161701720477
13.24884631248242
13.336606563480618
13.360746896670165
13.392358018641426
13.484023534618007
13.527982817346393
13.63964212620474
13.684236188692784
13.71563445760836
13.819312814936703
13.917315006741555
13.937135585789973
13.975650122514775
14.016045789415028
14.059055517233723
14.089557324206359
14.133827526933926
14.242293221723042
14.289651087017942
14.315168028360125
14.36410648824849
14.411796778671825
14.454895572755623
14.535870326411894
14.598042777069885
14.637055709539192
14.66589000712443
14.68589247348044
14.716333006247858
14.751396774565926
14.7885090689498
14.800199446742825
14.845554781084367
14.857501428312128
14.895742667722846
14.9324174043928
14.9879820692348
15.066386087023476
15.10283624039991
15.134550679965031
15.16339266729084
15.220367346269672
15.263314903559674
15.268334937453162
15.33091534761914
15.374525886901043
15.405056580725406
15.436567541505319
15.488430054927871
15.508879193775774
15.555102485882989
15.59244211064684
15.603699825470851
15.635843428154063
15.704885226023082
15.742692738204699
15.785330299832816
15.839288778252135
15.879746840378647
15.91930651648258
15.977268907296967
15.992157723152326
16.036841857300647
16.06471543654745
16.098598413371334
16.126095957760562
16.136094663499872
16.215372125605473
16.22644018950047
16.296907518956388
16.31522394158928
16.358710770883082
16.397849958018195
16.437144286976118
16.46111501524217
16.48898218573653
16.527465843675877
16.591990609127368
16.618621117533575
16.63140664433813
16.70214642418034
16.73695606122879
16.75509053201557
16.792865578306127
16.84835060490729
16.890524536836324
16.930799651554672
16.95937197282272
17.01017089626951
17.042493543587835
17.04739980017059
17.098691074554175
17.11220286573322
17.15956088201194
17.2083840811622
17.241566171229355
17.253643613347734
17.280635431239773
17.34635670667649
17.393500707606464
17.41240362465449
17.43467035639459
17.456240845560043
17.49107355859264
17.54139355292378
17.54321711143912
17.571103167536368
17.61992409605895
17.64207556219966
17.68968140292135
17.702615151154962
17.736153826002813
17.76218606091091
17.80089043083138
17.82450928795787
17.869711396878735
17.88615944809969
17.93096735699839
17.97260003863768
18.002758106317255
18.041280253109193
18.080025236838843
18.111767002101754
18.141656725804523
18.150721818568215
18.172270466503992
18.20710400608436
18.22328707465501
18.28687052457843
18.291580487794178
18.333669655803217
18.376692541697
18.41174572674003
18.43575647677108
18.491717067741334
18.521099065394562
18.552412589208508
18.60476675673513
18.61217308242986
18.675658105398824
18.700077248721332
18.755404838862884
18.782543606429186
18.7994638057879
18.847765744641176
18.891204435727712
18.93720045312906
18.960409317550603
19.000315105410653
19.04482647607373
19.077958988375133
19.083772801462587
19.10722982062548
19.139601221559904
19.174856934251732
19.194053306432213
19.22663809596516
19.255800650302177
19.306126122725143
19.34636326078183
19.384421087268965
19.422387333893077
19.436153777395813
19.452897341025178
19.51299327875045
19.519622784190783
19.5612867675883
19.619280819621395
19.670070299702402
19.689754709887445
19.69249207822542
19.712357722773742
19.735739313146805
19.779948127966176
19.80618695773814
19.859877728119564
19.902181612296186
19.943815779092862
19.968283133949015
19.995203214471122
20.02982582508106
20.051741359474892
20.08782071600318
20.096687234769036
20.14281340887127
20.170565784076917
20.21680506922226
20.235463771389362
20.243274178431154
20.317498260470433
20.325166818921875
20.3517957461974
20.411372522570076
20.439574228689597
20.450646259713306
20.479801814619112
20.518840492983134
20.571584011259148
20.579289286533694
20.60449817484539
20.620915326502026
20.66535477509452
20.70151805212674
20.713087117034217
20.72798709888147
20.76125099186502
20.786970630908225
20.8339380046776
20.856017551738766
20.90002420969792
20.911958213372774
20.950576989220178
20.981580234195455
21.01891124808542
21.05546737286569
21.116870844041035
21.15339921397881
21.171589586804423
21.201003172262514
21.263890326946978
21.273774572415704
21.324499170134448
21.339233513689152
21.37043047170216
21.426509028261126
21.444211925565693
21.465507396140342
21.54516490812066
21.591037352984166
21.605528441094698
21.668467557409574
21.714604234992603
21.722832552397445
21.751967197898203
21.79408698250893
21.820776557051975
21.884804374189113
21.888868723112736
21.916991960237734
21.996917559371937
22.02119005171354
22.068115512875806
22.085613502552135
22.112740662044857
22.128167843451553
22.156428189434084
22.19616594136834
22.23613488440838
22.257310220128556
22.286331816786745
22.322824740975673
22.379022756796964
22.41610237013101
22.449889101684658
22.495986015892502
22.509922951251127
22.567897463136802
22.588980610348937
22.626666922520396
22.67465633959979
22.69387622126168
22.72957283599134
22.7611796938329
22.818130819965532
22.842026222299285
22.867265391828077
22.879633579699863
22.914283215935132
22.956319673661532
23.015752050258907
23.028430554859963
23.06914716051277
23.078648224633035
23.1153967844797
23.15688294211451
23.18084036608637
23.218825800254102
23.28390096127717
23.334379694796187
23.35536901151767
23.393888940908724
23.415922761537452
23.476468050032572
23.484542158614293
23.52016702168417
23.553095105025072
23.56508016419743
23.64705067642958
23.671372925318412
23.717362188100317
23.741225923883555
23.78540655067302
23.797695666253876
23.8368891576647
23.8529004860362
23.90866218762097
23.96015752284115
23.979654371169616
24.01978713520087
24.063461363491314
24.092034257317216
24.135641726436724
24.168892702022948
24.192681208168835
24.199695878872095
24.235759685735765
24.25368026076228
24.299548814945272
24.341876800770216
24.364795991848165
24.403113810024816
24.44329234666609
24.492724687749394
24.544602000319998
24.574753761033406
24.631243464846516
24.674918528132086
24.713908928142335
24.75751192102203
24.76461484997664
24.793904600631368
24.820419077164843
24.895650667998165
24.942423859321448
24.967496555838174
25.047700290050656
25.06688209041556
25.07954045661304
25.11104425825731
25.18228891420495
25.23756257427021
25.242844151989225
25.277412554072477
25.372530563707638
25.40132369497593
25.46750161029449
25.525757508079753
25.536872111552338
25.599569385798056
25.626520747121905
25.64060401679578
25.659884219937865
25.719233039809186
25.723414839599908
25.797008984099577
25.814235147828562
25.84422310241748
25.89809290994961
25.990540819364064
26.04034755646126
26.091449612658113
26.094721952299068
26.149676777508816
26.16734153543506
26.18271071691617
26.29667171536025
26.30975550551666
26.349655630391286
26.372430524333705
26.409765435867282
26.44640130202981
26.47483038479458
26.546600420431908
26.56896678851578
26.57316183264608
26.659242493940834
26.716981467742805
26.767606814957713
26.794250695384495
26.861118826534966
26.89241049608139
26.91585394617293
26.99545032178126
27.057218670954406
27.121238760761205
27.132995683688062
27.15342297830634
27.199294513980778
27.232348407160288
27.266894541372082
27.33932810476332
27.380485150408976
27.42607260202236
27.510000032138127
27.571757724645167
27.591717447524267
27.666601206474347
27.674124152791073
27.730672721529984
27.78116825261301
27.84559101379705
27.919779289219463
27.932623475060552
27.991726398008968
28.027244191877557
28.128996654747255
28.145341085009363
28.205410685668063
28.239189830708543
28.30250386138451
28.408174317972957
28.433983749561573
28.551047324199054
28.568845212116294
28.61643586301444
28.676068544635307
28.73628056737014
28.792348689198764
28.806321655965768
28.891667185583035
29.00311417253116
29.019414589115815
29.06471188325538
29.18435584615864
29.213531894699788
29.25877088742905
29.370299972659893
29.47433716547737
29.541551299671575
29.583060310422308
29.603146537046246
29.713106874391745
29.724410197399894
29.769281922512565
29.827252849326875
29.89862003322761
29.934427840925608
30.008980155572896
30.055454614492728
30.21233861616813
30.289495863385923
30.36320014554541
30.389565164123727
30.443293091135452
30.599384579476737
30.654063074224638
30.72422418197182
30.815925526059523
30.92055363982948
30.99369747591878
31.109445425328783
31.25555366393285
31.315321927260246
31.359069471305475
31.49612226089709
31.52432612636697
31.581724811685273
31.7281127082639
31.816738450399626
32.02342169689549
32.632526811469695
32.82589535742791
32.91777467451434
33.18624158352905
33.244080928510684
33.406672851586364
33.43055044965384
33.520956624548226
33.65573928509945
33.84356473581386
