0.0
0.0
0.0
0.0
0.0
9.227353613218334
9.70049007716837
9.938758490602408
10.025201416025077
10.232813427508637
10.338085730330292
10.544263141883635
10.777326464115166
11.011543839950937
11.209628773242745
11.23409797604871
11.264865751251184
11.475227496948369
11.484381060030135
11.540035966526963
11.620426087439952
11.876383757534716
11.885277035732413
11.898161936789366
12.030119586790752
12.031499008440518
12.156430123457886
12.227180925887726
12.230998939840262
12.292664625415297
12.369308372135134
12.42084673372975
12.477214378044359
12.575317096389654
12.57934280742369
12.740935348864094
12.809494824160275
12.820407584193639
12.88562393960087
12.889336761666364
12.98729347222689
13.040442848368277
13.08895688477475
13.097781279374226
13.108085084980544
13.191190837639823
13.199860372086981
13.258627805942004
13.318075464694218
13.411887646719478
13.535838403696372
13.557222574683
13.575449981338604
13.641901292249395
13.69284387543775
13.698182257926282
13.730336136064203
13.732356714775218
13.80402850825326
13.940627268908937
14.002297335626615
14.040320939591036
14.051749897766792
14.106438100381974
14.142064886838858
14.145633799733954
14.145855780493076
14.220603154371721
14.273385133172876
14.315797760248474
14.324908627250668
14.370371977548054
14.398330745221749
14.438723423453164
14.46624476061605
14.472269712710707
14.568408644105698
14.57433707801203
14.579687237388633
14.581395019040592
14.585236817215566
14.77502382771374
14.79434026762161
14.817398418277143
14.826882486595911
14.848911289178398
14.894000392249032
14.916421256445544
15.023118771957487
15.087181130856964
15.113202882998575
15.144216108342393
15.182293303657364
15.212854455676355
15.232492817408572
15.252926305369407
15.328787273980838
15.400039758121121
15.403530617775049
15.420728984183071
15.442465684402746
15.49972383159629
15.502245231839044
15.521779781581511
15.54708352083809
15.548659962955647
15.649197204984501
15.671834582376349
15.799682998433958
15.813991375169369
15.848459939504396
15.86192738833862
15.914976331839368
15.964100835857069
15.986248437923564
16.02154477705444
16.033575635097137
16.067646001662673
16.06830096928167
16.08738554627717
16.175624943308645
16.226139382092857
16.238442582160648
16.262286680236237
16.288463911359464
16.288823700546356
16.29640041978544
16.341202555426275
16.38655122264538
16.49560899700253
16.49651939749692
16.51110153484192
16.529844340251344
16.57310415595851
16.670773745245693
16.710610560532803
16.77301032598309
16.77895338717137
16.845331241293213
16.85089341843983
16.911090033357493
16.94327604108517
16.96151780022283
16.972521805443545
17.02275265182836
17.035362029042627
17.072366223533507
17.11031070153309
17.191895227216232
17.219412551711944
17.229065374792885
17.246653288660685
17.273693319944943
17.34367010956292
17.37541346944111
17.380174433830643
17.38037910654615
17.402828805472083
17.403966609038942
17.417797969479874
17.467069035708093
17.615848919129366
17.644176411252996
17.67664821778639
17.67758662303554
17.69039230180896
17.698408167753417
17.721663184837972
17.804744896861195
17.852212492326586
17.854091286956855
17.901466578047224
17.921998837435588
17.969927771866836
17.9840732798334
18.0417618666151
18.1140430929827
18.15566326639663
18.160377320206283
18.21414315649637
18.2419172629784
18.244219861435127
18.29428544177073
18.365117504054453
18.366065949492373
18.38805544004766
18.425235600056244
18.437836204075676
18.453677356784393
18.52836408183623
18.529366362437532
18.533998355827194
18.651369464303688
18.661692819741535
18.662860361730154
18.66770590399392
18.798767509703097
18.804427940351424
18.85619815588826
18.884797580602076
18.92520693824432
18.95902210965069
18.971716388722506
19.03833368970973
19.072549766028153
19.086874648936547
19.10653156819132
19.198038589899443
19.28083991526991
19.286778174956538
19.310483254710327
19.325441117436338
19.35056932822368
19.355697028425656
19.371298525814204
19.427011646249532
19.42940971126842
19.539101567539984
19.569554272039234
19.66073966144308
19.667961759415427
19.673483227884855
19.700604892113816
19.71586762068151
19.812267023416375
19.83449683759596
19.84288154831
19.856311311710588
19.937468249430772
19.977899748020373
20.020966219646205
20.035379280594974
20.06462698315256
20.076901239496078
20.11175006300977
20.128174048635366
20.129430072392687
20.167670604538248
20.175520371854226
20.217595994651425
20.305583662483226
20.32035947262164
20.34383319385221
20.346865453751782
20.417806429984857
20.437574801735906
20.467145967239098
20.477371083577488
20.491589146852675
20.494405293297064
20.605739111770227
20.610539698989207
20.688109424329156
20.703968139736425
20.830636448250242
20.839665790564453
20.858236248149254
20.899458666391876
20.900886943462602
20.906401165261197
20.94210753328696
20.962695841320087
20.970327144506207
20.98194459005802
21.048682945265988
21.07911094852292
21.091540821277743
21.115731838746285
21.223596501929862
21.22694791013459
21.230479984897066
21.298380200985864
21.323993390027756
21.429166016539313
21.479463981344274
21.4941224582227
21.49716280826701
21.517801274604672
21.543253912917596
21.593049823250258
21.59436023430957
21.65765368201838
21.68762127090879
21.73813199630865
21.747393107453295
21.75385987991721
21.820074650668907
21.853854484227377
21.857806572031667
21.886535371524683
21.887767240239068
21.889376852940437
21.93774943837261
22.01838004520242
22.136001767503615
22.169903004866832
22.213714473444693
22.236490961113965
22.27794423652527
22.315038314624356
22.327538625859365
22.335742921835763
22.367963626660295
22.41671778894535
22.430814763431265
22.46847109285752
22.58428833684182
22.584847082236852
22.588463469052044
22.649973100997343
22.717052478647236
22.73659638450996
22.74813231885959
22.752551626857574
22.817277272638147
22.820756856617578
22.87857840304532
22.926086772491466
22.93592394889016
22.942245798631347
22.977476771188464
23.02406432818637
23.033083062873427
23.10796633910525
23.13212367133372
23.195582367956867
23.233987386944975
23.30690094170959
23.329172126336022
23.332060947983386
23.334992854445183
23.360149713226278
23.36798240171457
23.495985058919498
23.547826065647456
23.7137168186302
23.73200194228739
23.78442721342836
23.79742951319244
23.822139363776444
23.839248572208742
23.867192805005917
23.90036662075553
23.915537680161187
23.962465228576566
23.964842647122808
24.034525349493038
24.06216923342867
24.09215140031569
24.12278388711314
24.183521992787696
24.186957231239724
24.246471988775692
24.250253081212197
24.265718122237477
24.27658895187334
24.3600295118895
24.402518280031906
24.40676089130679
24.43984146079854
24.504565345752205
24.54522182162956
24.55532431477131
24.623029553966955
24.64527187674104
24.667982756732982
24.670251844121854
24.82752694938445
24.832117348876487
24.85159694592776
24.8546524704941
24.870884241094515
24.970043047799436
24.99164702050422
25.050890330702735
25.078559359183526
25.111889308056256
25.14033061229496
25.19964097280412
25.244883264979418
25.291911577079432
25.308353012152175
25.34539221720358
25.460534335264523
25.462867487087905
25.47369087762807
25.526259417682805
25.546566173499514
25.593952532692704
25.69157095094465
25.733281472268743
25.75927407484391
25.76471809564818
25.770300222129382
25.773855086404833
25.858106186663807
25.87556578494827
25.944027884039347
26.05163537509856
26.06139450668496
26.06603397280879
26.099008480643377
26.236042715330544
26.252224725054575
26.271876552112612
26.338988087631822
26.348850292382817
26.37368211948676
26.407063132253096
26.498220289480244
26.535030504735808
26.58603455376104
26.71719871672239
26.729829112984607
26.783282463627742
26.80652886124523
26.81346179329676
26.9369926799767
26.946475381772608
26.950100489296283
27.00467289626575
27.075698437325975
27.086287355599314
27.127732387534188
27.305686396813307
27.32671043441358
27.328642603312595
27.42216419899961
27.443732917531953
27.490250826864646
27.59491832528695
27.632613156915127
27.658473790928827
27.731712797967884
27.860003168027912
27.91487237804985
27.921190438235787
27.966758573231616
28.049463173030805
28.075607128950317
28.104053390975427
28.115473688612493
28.305359505251896
28.44604042372905
28.450824944779384
28.47724615125166
28.532125914164144
28.533113217200608
28.545627456612028
28.555838674601443
28.640657031901885
28.641627073882372
28.852715284479668
28.85383654430606
28.85538495248827
28.89037590824207
28.91847638145999
28.961180131431277
29.0090532272043
29.04224060399391
29.092222738385892
29.184687159540783
29.351376537984883
29.42106636269769
29.452416505253822
29.48423392622583
29.53756747124485
29.619147762396985
29.63790946433124
29.672353902094873
29.85186097451209
29.86392721887206
29.89519824157687
29.926553992510392
30.112803690543725
30.169329513416262
30.18493934683705
30.319174031474503
30.35139514661652
30.442810639159436
30.692152093057445
30.69905027460039
30.727806415907107
30.843400307757076
30.920491201166435
30.954523020665803
30.984932934531905
31.230418486286855
31.28153920145568
31.518463473102003
31.894797277457528
31.99064933775497
32.09242586446697
32.238915929264564
32.52629508784806
32.570572036734355
32.659129707345635
33.50523078239301
34.23905038053398
