0.7122297694930317
0.7971115487087992
0.8681232439392514
0.949085707502124
1.0074299076240334
10.431694281009689
10.80748219335945
10.833412420111069
10.873032893707803
11.091751551739689
11.119998163609733
11.282328989572498
11.43563256660848
11.531186826064284
11.580706056663711
11.626909380320708
12.175878005310587
12.252886116350822
12.320867387196776
12.418687010892492
12.524815544118606
12.569064249925368
12.598164274285805
12.617880400383378
12.655263928173252
12.80727471413263
12.874454796951351
12.921535458654665
12.944842885380808
12.967611878482417
12.986184133931511
13.020370319020317
13.110433447997542
13.159459664242883
13.204712428849502
13.25369266603654
13.270178552896619
13.385255037704528
13.402575083564994
13.47181957276023
13.515426759336384
13.567495081272892
13.604391805733721
13.632497145423198
13.636934558555508
13.729491986904552
13.759286503143288
13.86170979358035
13.881496772674637
13.924551494065321
13.967062856000545
14.018552730953427
14.078089178469302
14.089787206484907
14.120529018591423
14.17887581313103
14.246713367764954
14.28641016346341
14.371468984526222
14.392943309755426
14.412879703509473
14.474016935530242
14.517832291592626
14.53047534715134
14.588046833672395
14.652800531392586
14.715686240949161
14.760885462352588
14.791252752777636
14.815932413496482
14.882553397979834
14.901215644654846
14.948898051716487
14.998630009408162
15.024690728061318
15.055502640405935
15.097027865779246
15.131108897631476
15.216271576267891
15.230419715666855
15.273329235438556
15.323809342703635
15.371711391944023
15.39731297753981
15.478352917255158
15.49358067176392
15.516617169227096
15.583382386228816
15.609262764858665
15.621215369868965
15.705445625747855
15.724088901494316
15.754685946352513
15.789745180598787
15.827243132834184
15.880824126063468
15.932172588469722
15.940969586417232
15.976505674516284
16.014782491165594
16.05755188616519
16.127223463969948
16.14278169193415
16.165766611728646
16.18746521881655
16.219307903420688
16.270868830617328
16.28762235822882
16.331783251686975
16.375017126466094
16.41832480843911
16.47449296548719
16.49611371821873
16.506673715852
16.543426644899085
16.571076728905577
16.606410910362055
16.61817813603706
16.68145319126997
16.708764060909367
16.738954492051484
16.83180564384373
16.86429810114959
16.89703261669421
16.92599954971512
16.973515108962413
16.990531433407654
17.039870160073853
17.0790981103431
17.120988673243872
17.135804294435403
17.181271805032253
17.19047904678507
17.237712633554786
17.300279402965984
17.313292103041483
17.362631613826135
17.382253470404606
17.402264991704666
17.466546399373634
17.497333288845798
17.551877824401906
17.559782936722037
17.58591517239361
17.601631254937047
17.620150090906517
17.68903842129269
17.72219957309189
17.751649962498604
17.78886923537017
17.815436219767097
17.830459832588716
17.872975252034244
17.91075804523147
17.946557238599034
17.994494408463417
18.022184465081864
18.103909726640854
18.14268950285092
18.17611806671163
18.204122555385997
18.23974263044728
18.291276893886824
18.33620416480636
18.35070270386875
18.385465573057242
18.398117121082667
18.46279655990812
18.486778283901373
18.53309458578209
18.54897674368553
18.595016801159733
18.60347615230737
18.678220357379846
18.723159719478687
18.7312420086349
18.753910506418602
18.80186118507084
18.84385421639835
18.861153298333157
18.870464713652925
18.969130035044422
18.994096321289458
19.035649688595974
19.04466582807336
19.07573294110212
19.11052440541708
19.123651194380443
19.186388814381427
19.19307693648703
19.251788995026647
19.280970882902345
19.330064252751033
19.34471172543436
19.367320892261212
19.38357275696883
19.400381479467576
19.474742763542306
19.504858273000682
19.553274593436058
19.592088165750578
19.624269418671595
19.637506809317888
19.6735791622311
19.704008316902254
19.734129970874108
19.769983100935026
19.78797416111368
19.838096457587575
19.850228360108662
19.878384502117278
19.90529123580535
19.91517564142337
19.97718666208656
19.99558056709619
20.03300604796747
20.04911091743171
20.08544113798701
20.142242832378518
20.155935093572467
20.22426635696062
20.274640006702576
20.30358222265039
20.31542832285174
20.38176706346987
20.413240220642884
20.432858863696573
20.48290987287393
20.507712093012717
20.518299632620547
20.578018958665023
20.591125806568506
20.612128115398836
20.625617237795797
20.66598502250562
20.698070027028336
20.714761663909744
20.73909840504036
20.766229471890345
20.80286823593532
20.822573524133904
20.850395287668633
20.872992608053842
20.915689486831575
20.92307119746605
20.97676860824916
21.00649536195935
21.017449829089863
21.11270439352384
21.142588541089804
21.153077054735228
21.18656429310415
21.23463496947192
21.269552963844855
21.279436629265383
21.314868691191148
21.373664453023046
21.382322489417
21.444113837156966
21.46306906447941
21.4941112972967
21.512206137789224
21.51907278832908
21.561203727774803
21.583699940912254
21.635020072991633
21.68170939519171
21.70531699588771
21.739359578354204
21.762902700685697
21.77567070396326
21.825656515436243
21.853122913388777
21.903251544545576
21.923741760438965
21.985863993152986
22.019155183222768
22.07743090096376
22.13600055990485
22.140897266916166
22.151889336352077
22.188443132945444
22.23956295354404
22.257313651235265
22.29045707516957
22.359686669654387
22.384346906440832
22.42457441216146
22.45460254011614
22.485107334536725
22.524839973594936
22.580634297576186
22.624201852466943
22.633723891368426
22.677562425554957
22.711610891990922
22.73736857049436
22.764809137541018
22.783081460171466
22.816368198803705
22.844203031277917
22.87197009483591
22.88080874793531
22.929473715192962
22.9823409136722
23.015095074825847
23.029465889760697
23.076523010194254
23.157930184988917
23.190559904770037
23.220271665402628
23.263359110640085
23.312572566499636
23.351070819636615
23.38475436943912
23.395676207011824
23.396650967750276
23.463708948777423
23.50622222130314
23.566362984437443
23.598609034364152
23.628798209832755
23.648729222945896
23.683403651772736
23.719033414732536
23.761339638051975
23.780503331893424
23.8125303958605
23.87956128357578
23.89574947797553
23.967618917123776
24.011054966289596
24.02828577035265
24.04375068213025
24.088104230846554
24.108224235870377
24.139758376185846
24.208609689485
24.238353865793172
24.303827511377996
24.32978228496183
24.344283418328022
24.36857788046959
24.40199414901289
24.4727686742575
24.487394498056645
24.57716052207061
24.594117818731704
24.660999065653193
24.662481551184893
24.698813957441235
24.723650076908612
24.755115273571104
24.81525854975111
24.821974567482
24.887001876961126
24.899514644449702
24.930399005595795
24.961801773794395
25.032895135168985
25.105247022584624
25.132820817785074
25.143742717139272
25.214343233566762
25.239238335214782
25.24211976107074
25.302295596722615
25.35745399723371
25.381361645061766
25.437830902322307
25.449873492289402
25.46914969518065
25.514486858707574
25.55644300511726
25.5902334405954
25.607079910651063
25.633018577184828
25.66959983484471
25.71747455694557
25.743029705457122
25.84065884392148
25.870285353458506
25.93689703107439
25.967431167121163
26.075848450822765
26.08854454240123
26.10341453682084
26.134027617172396
26.17664050224157
26.22862663328761
26.273469117030483
26.29142755869173
26.37765858726981
26.41161729370404
26.51429449729609
26.560784078352697
26.57519344565197
26.65312528601934
26.66467803576041
26.712639094788965
26.756137682730255
26.814307221131184
26.84658480943493
26.874748279107113
26.93017120196906
26.949039909390912
26.976278638693092
27.018203978875977
27.10218252212785
27.156790232683317
27.175677686746617
27.25083543356988
27.31693060014916
27.38122508445688
27.438849553946795
27.45375085869919
27.474599078713737
27.491549196685998
27.542354749948494
27.563146603600586
27.641739484147116
27.683054916690388
27.719329644981457
27.749667711387538
27.813069762051015
27.821497589806004
27.85520255394848
27.911928930439977
27.927931916203498
27.97339809965358
28.100100748836923
28.118915065578687
28.15223014339545
28.23016315072885
28.286773945021732
28.35928366453921
28.433223702836823
28.461630001317737
28.558118057553504
28.589358245388166
28.64183993704888
28.777520218664076
28.855997646261837
28.900335780914673
28.982878084372523
29.077700725919456
29.10207350351469
29.135554463597348
29.15575298025333
29.222950906373512
29.23702541830101
29.28212451349706
29.338350549622348
29.439841824305734
29.45771902600877
29.581459977958335
29.686762265344534
29.723117440671647
29.7522420889376
29.819114438652093
29.84897616162361
29.905358246329712
30.010503008887678
30.072111907910738
30.112812393400333
30.145639915856954
30.272940416653142
30.358612214957674
30.441950618721524
30.518316766260238
30.590840085976353
30.690693043344357
30.70801957849014
30.731154134653817
30.85483572894761
30.934759398559287
30.969337245083246
30.985557331744428
31.044424723779343
31.17652452312077
31.212948993601398
31.348097395192923
31.54564219663992
31.6120261219637
31.774605847527027
31.814213520574565
31.85857233338631
32.12241459767043
32.25575645093971
32.55592227644362
32.69692051785488
32.75624920276501
32.76228792792322
32.97270719539772
34.0579776653667
34.28623927678483
34.416953062651075
35.08730957149051
35.55894692845569
