0.8499061327330503
0.891093698253609
0.9680584828326769
1.042598364052385
1.1781543063950333
10.166127338350996
10.906647810251048
11.232692953825511
11.61594669716734
11.66590578442761
11.705597727053494
11.752153423487922
11.759498733349439
11.817137079950237
11.987869172488564
12.08141434536132
12.24713868872151
12.287665063519409
12.313604034320843
12.452694649829004
12.498234712623548
12.763286305385268
12.940147971305226
12.984853302084527
13.115672159717416
13.175307423978456
13.212291429059277
13.236859613050317
13.344426850543188
13.389577817709256
13.440780329110927
13.501736442350161
13.543233108671249
13.603977668753078
13.614428101994578
13.652891916146984
13.702638877075676
13.724926119129929
13.836131487838763
13.892778526523662
13.97960902505811
14.02523712461346
14.112374210816188
14.158695359208188
14.194878616689154
14.223955236998192
14.233536099961253
14.30405730103102
14.319053562151074
14.376546777942563
14.414152356712698
14.455320354756545
14.50304822531271
14.554213598474885
14.58690953054539
14.619828603993692
14.665763121084815
14.694689388146836
14.750976112777643
14.808777258167286
14.825058690866289
14.855534096912631
14.880762966586671
14.923501849710808
14.97721833020696
14.991414447315373
15.077652137973114
15.097925713021844
15.15878691105417
15.206166606723206
15.22926795343988
15.33892566974788
15.342799569009733
15.353766670451305
15.40065586550253
15.450806939154674
15.482766184997697
15.52071966005989
15.523169289542627
15.58990957012798
15.604562467956487
15.65670228202171
15.676296313970452
15.734596069265903
15.788470531046329
15.817603162426469
15.837604658421707
15.878924891436391
15.913057268160857
15.967551485336784
15.987082924375555
16.005423280284788
16.055592831300075
16.105281217276453
16.13455614676817
16.165437975944815
16.174525714445018
16.255828828378107
16.30228046933198
16.357882468613557
16.367582769662274
16.40463318018088
16.44501439064026
16.45709755416474
16.501092966987734
16.559393670297023
16.633227150182716
16.648997167052148
16.701860344262737
16.723843747983118
16.757139203810112
16.767571323012426
16.810055998832983
16.84026075841761
16.902340633096472
16.957026186255977
16.978710603247254
17.038022171932393
17.08042092680031
17.10930288489802
17.129103136508835
17.171358585955204
17.195286476258296
17.263444595911253
17.285804033802847
17.291295362574218
17.329688871513437
17.390549142481543
17.447775325587934
17.474197255591207
17.548733682889083
17.614512156110337
17.614852163820434
17.67112159155739
17.71898444547276
17.746677627558924
17.75901208539684
17.80930058479583
17.82442374370896
17.867623964798337
17.899012172783944
17.90127023271807
17.920157267467204
17.950044311079647
18.021533928022798
18.05237681555737
18.076237545039028
18.09032540544781
18.110659029216194
18.13283822852556
18.17023967798901
18.211507133376756
18.257569963315117
18.287555478725334
18.320622923638265
18.351066775874447
18.363928851721223
18.416639962669176
18.466665917563372
18.505261376834984
18.531477955860705
18.56931132584929
18.592499401373423
18.6243178012382
18.677973688747127
18.722178203800876
18.741396876386883
18.760781886756
18.7849810079974
18.834747217467893
18.863775586286724
18.88669730211159
18.92646431582261
18.94461987527967
18.964677886732833
18.98650659866974
19.02108329648957
19.05605492947738
19.09798994045939
19.114995339740567
19.15041355536797
19.202620045818936
19.241909602229292
19.275262935278384
19.310458908756406
19.356065035400828
19.375692367626357
19.394131396717103
19.42943127963466
19.438992220250558
19.499760293397564
19.54202895592567
19.611430440072084
19.638353776988936
19.67032624696222
19.70119984091895
19.71672612468239
19.77449190568206
19.816531471166844
19.829732248361424
19.902809905511617
19.932733976803085
19.966620387859958
20.00111223439255
20.047966607543096
20.059721221788806
20.13817071905341
20.172206080370714
20.2341510706668
20.254689293227205
20.285153860755827
20.32096122421995
20.335858020672607
20.367340973071933
20.404056726411063
20.444992481480657
20.476280862468624
20.493200067888633
20.521580857533152
20.535527623191463
20.582094968857003
20.6159695552505
20.646808721621586
20.697890363735826
20.728479574153276
20.75810245684402
20.786026883157884
20.793627792647893
20.879142255520943
20.90192008569242
20.9530240143567
20.987764759339342
21.013639281401357
21.041364901442392
21.08825315570935
21.090741009568465
21.149171298525218
21.16878045284394
21.175516710898208
21.203245783911516
21.253283756707997
21.287468890358202
21.329364722293118
21.35814615494259
21.375689907243597
21.391228634661744
21.43774084253193
21.45524970171199
21.494836655055185
21.565596618332126
21.598500470374024
21.606624439085895
21.627798570536953
21.67907123360886
21.701949802652
21.75677070594718
21.777980734991903
21.805559121384128
21.82324236182836
21.881019700741458
21.923817630529303
21.98310680015469
22.010219045316695
22.02112437027696
22.055825565150574
22.107943242725227
22.12228559074908
22.148534347915344
22.221620730909077
22.250572842913556
22.279292171733594
22.318213187377403
22.342550098235694
22.367692303102384
22.438111121505727
22.475312355942503
22.488902171358454
22.502929785133357
22.55506354853136
22.59852471949768
22.613192529607208
22.649057964071467
22.7083605591792
22.73826956700501
22.749517777977097
22.794607589249242
22.799191583912364
22.829054260515758
22.89862946824385
22.936516944250613
22.95452002344062
23.04533028665714
23.078469321921055
23.103277725486013
23.11011923208737
23.13727670144332
23.154649187128324
23.21289542244449
23.23341559269184
23.32633538710019
23.349966627132332
23.4170673143431
23.431697244815073
23.449145234392912
23.506713374056705
23.57377252082842
23.58943289651396
23.62159447978151
23.650334773788178
23.68377147921571
23.694646716058674
23.721953835928417
23.768756520086104
23.770807989458838
23.794319070938435
23.86223037338055
23.878439641105683
23.914905155599875
23.92541169422925
23.964735102835515
24.01533881815954
24.03033463235085
24.101868006756373
24.114212643278023
24.207811795946462
24.222936127046992
24.248635480160182
24.2878658242469
24.31645274103327
24.33278984945719
24.395019951539517
24.41159246346076
24.460558941699006
24.50940834650017
24.564962654481526
24.586216961095552
24.646208302129722
24.703211856741596
24.741958392480957
24.777776740505594
24.81442336281253
24.8711805472153
24.906744143292684
24.975526283526587
24.99109617611647
25.042267629044606
25.07079014231752
25.099389263312993
25.179329796490684
25.19078807360931
25.243385896146798
25.26472948718322
25.32699916310416
25.376644618286676
25.395318789844765
25.42827667529252
25.466093715860765
25.514630923561157
25.53872735234518
25.610314421744445
25.63099928515014
25.71496253085241
25.729846828047563
25.758030447991935
25.796312382973582
25.85691674373809
25.901182743714916
25.93277200629987
25.943890452026125
25.983795528789788
26.012313190646633
26.054670854383247
26.081696414201303
26.138821894479907
26.189920645655615
26.240766276123978
26.286612332960292
26.34402852400555
26.39069227980448
26.41432409135704
26.458693531432974
26.502793110017983
26.51906329426905
26.578767502975435
26.637842273112838
26.683461167106287
26.715156967825962
26.763499476510617
26.805670998066095
26.821505413104312
26.86956175313055
26.93399249060476
26.955974292626163
27.02168425822945
27.091228170207227
27.10924294127847
27.180762750445048
27.226858769679534
27.316031500094976
27.33078244274678
27.37970553151842
27.43222480515036
27.515609398690444
27.533214012833493
27.5563986556423
27.622710620327886
27.62703532956354
27.66707190965836
27.72230466849398
27.779373290217084
27.803462357753173
27.857907232781283
27.888512962222375
27.953762119766736
27.990991063488526
28.033271619185665
28.133122373389085
28.135531233088727
28.18775927515292
28.231807492227922
28.291661205792895
28.31524294752294
28.381789862741876
28.411130103348057
28.419706393783386
28.503960610349196
28.57858122904063
28.594669937594194
28.66593460806705
28.68202550636858
28.804221605021016
28.868341855963003
28.89892757102901
28.945665316642398
28.991431398458616
29.06132854140991
29.122101027628204
29.156882905990628
29.182084592841882
29.238794246615612
29.266985651388552
29.339322381634457
29.34841754949262
29.38481439644627
29.438269926968637
29.49922414148382
29.62323143948374
29.651218679474695
29.727819434125426
29.811930995988185
29.89992524116689
29.996864433311405
30.039337063593575
30.099255952384663
30.269526736587856
30.32225290500108
30.35038539883881
30.42898512887694
30.520714144455077
30.661698719206992
30.68084364751238
30.706466502204783
30.745838213947007
30.796777777721267
30.836925648758104
30.89310098506353
31.075633221294844
31.132523331040673
31.24771095305199
31.369463979346037
31.41537002156189
31.486921516191185
31.57136080191718
31.687791920610394
31.85680446979321
31.924573071946423
32.01494252342186
32.07795049079796
32.08710911958936
32.14931910199685
32.41604879856167
32.480356870066586
32.5351037233321
32.555847519130346
32.65736787889795
32.78627226528695
32.845100200536386
33.016527853483986
33.21138917911832
33.29878004598725
33.533008987963164
33.712462837479805
33.80535595256916
34.122478391599294
34.20524638096461
34.441548209589435
34.53547244640969
34.694580018641716
35.67367264276466
