0.7310003969772958
0.8614834710445036
0.9541059359208526
1.0217856069796671
1.088431018429479
8.351748456045211
9.325523308936148
9.612234694457294
10.73602258050568
10.760549670277959
10.81090714732065
11.102841060589235
11.575734490394444
11.628704996841073
11.693859579699522
11.793118266432092
11.863043101676492
12.089423038834154
12.23434801570231
12.296727882952865
12.371609055692842
12.514771281466752
12.5724918635757
12.605643623338857
12.63481752857828
12.784321876008384
12.902196122265163
13.017556807882697
13.072948368183196
13.155697089949228
13.165104148580665
13.193022725804973
13.25849131378757
13.347024743437183
13.41709083626461
13.446253082567196
13.576890080104777
13.595275279528543
13.643534428609312
13.672583756514213
13.700608369558607
13.741834868970923
13.763261787141076
13.81287239068794
13.866985271246364
13.911509743860202
13.947936813280972
13.963134469819323
13.99693450010099
14.044514618181115
14.169539310807076
14.223753923938142
14.299979685376012
14.373656293661279
14.421765586341909
14.439107984846387
14.53125450050126
14.589893473316794
14.667721822038514
14.671979795365942
14.717375183933791
14.76971971346556
14.790264533632607
14.812866318562197
14.867439546901364
14.934589579051915
14.972158577723604
14.999052902468454
15.0316681966241
15.095547421105271
15.158962860894128
15.218188816200412
15.255125760999913
15.351045198621575
15.394690515946188
15.413044345913713
15.428566746586284
15.49988062367827
15.528059954146174
15.580285493127837
15.622244695523129
15.660592860869986
15.684064649948093
15.75023949061823
15.824819387182588
15.828110553958057
15.85278610962908
15.90859937272287
15.988250039202823
16.021848725538334
16.059119137307892
16.089836425294834
16.123850703187884
16.131358071256457
16.206687125660014
16.229198698532294
16.261837520964065
16.32359942237582
16.35160854818774
16.369972621027575
16.399710930526126
16.420264175637243
16.47214145682254
16.501144788902632
16.51459418067206
16.618301097518522
16.64275627653453
16.667246717957074
16.676571560176793
16.788407749322026
16.82783797468758
16.85621954513137
16.90223319057252
16.93242606790815
16.958696792247117
17.021047279236033
17.045655199007776
17.069732499761802
17.14212026621987
17.165364898307608
17.209882257263
17.237473678892716
17.28080175844904
17.34329663698293
17.35351817857169
17.413213467441196
17.447273977493342
17.456990272340626
17.52323618299605
17.555986663500423
17.55763472373761
17.659516073444088
17.696354076770145
17.736176030486625
17.75565573542979
17.7713645954226
17.830056177399854
17.842002689835734
17.85637130341361
17.899803175001175
17.947894754081123
17.98572560108145
18.011962462739724
18.04260162284162
18.06032203545557
18.175954437287608
18.186232729880242
18.2350986157435
18.293686219333303
18.329675703649094
18.374737208931915
18.385436782107767
18.421843017855732
18.45320321987693
18.4801767006419
18.510095369927768
18.552701866027736
18.620439409071363
18.634292560924646
18.687575285242996
18.70950546316468
18.744953939829262
18.793403411236195
18.818456544854506
18.845976008923838
18.89415668606876
18.914089548476298
18.955326344116397
18.9945889219233
19.02326108801254
19.03768855232116
19.06229029486938
19.097179580236606
19.123193301524122
19.164754943628616
19.202829737551053
19.237947015659532
19.239917787173237
19.26876222227537
19.29458170683589
19.32146984313863
19.377375164276017
19.408886667501587
19.45390707475323
19.461327908471677
19.525149354278273
19.56723381171643
19.579936442180983
19.589695353890935
19.604391272556974
19.665799143115684
19.69697138233029
19.722806391385546
19.754166717340286
19.83773236769461
19.879810509122013
19.903989501182583
19.943547537615448
19.9752359473872
19.989505840807606
20.00886630869251
20.05942379299938
20.131887446969287
20.16520498436134
20.212564522265424
20.24106650495876
20.294392322246683
20.336566074324512
20.382679965280776
20.39973375043356
20.430962498670002
20.452577611453954
20.476798042996553
20.523576694156805
20.549319273344903
20.58462741501421
20.595394325719564
20.639653208799693
20.68109407243424
20.73872726705295
20.764615458189983
20.85352880854271
20.864522419700542
20.898788286680844
20.92424504757524
20.93269723455542
20.96247608752053
20.989085571197474
21.039339078759976
21.058417612195107
21.06528627401566
21.118075462924704
21.13903114420413
21.157230030859925
21.20488794933903
21.22723891771011
21.273330971311456
21.324726872128224
21.360285909789987
21.3914845536514
21.438036118270077
21.451213786550802
21.47280885251449
21.50450846203188
21.53382726497892
21.585146092290056
21.623067681241544
21.657209982273187
21.71012815625816
21.734935696213288
21.758279264080535
21.801013403430797
21.840018614558613
21.871613632888412
21.908659653454276
21.922210816364537
21.975894456104967
22.02823153594384
22.043628427113394
22.056483411416583
22.104935361457642
22.14060998671702
22.16737925230648
22.19125567906134
22.222652765862573
22.229988797058272
22.323043041407402
22.345964065571522
22.356316022514033
22.415720876423382
22.436401999231258
22.453609852659593
22.510875943027433
22.566735165124943
22.603996781119548
22.635951846142266
22.647978282712877
22.672592356221582
22.681639307560125
22.75490451890728
22.803497545676112
22.825747585815975
22.871974090116616
22.935480803818926
23.01326207410036
23.03387255257574
23.04397057834605
23.07478882935613
23.1287399034902
23.185195947029097
23.24261963640995
23.27287352949051
23.28480927298888
23.32378224894871
23.3466150954456
23.372879984804364
23.41250846054365
23.44797740109458
23.477854654834438
23.510361498479636
23.539164006015582
23.549130568030776
23.55858067015646
23.63372534723878
23.651848845866756
23.691856985452596
23.748114280943298
23.77412851083806
23.827968576683663
23.870739263519063
23.873658151452627
23.88182505532362
23.981057128934243
24.00350523634567
24.062346223565136
24.08628688298357
24.1474390280509
24.18762409259465
24.211655346924573
24.242659205936437
24.284876954277767
24.29389560464536
24.369574733610012
24.4060989036468
24.429355637656958
24.49159756846323
24.581677156449377
24.620087356286202
24.629461623238473
24.67109033127847
24.709736640520273
24.786666454922305
24.8043502469577
24.860796032171585
24.883213081837074
24.908534890568212
24.95518092257177
24.983008603699123
25.025486256043305
25.079752902799374
25.094111294773096
25.113956736415922
25.177998270206153
25.189460860688246
25.214841534117838
25.231459750812636
25.29598693454477
25.368488973434477
25.392861045417714
25.405714567268475
25.431492811890877
25.456595403514164
25.5035364891395
25.571374453718423
25.620238633738268
25.626716264264267
25.635041445840084
25.70086298507256
25.735160764338257
25.79193149425556
25.821842209011216
25.832496097534854
25.898690607773823
25.93063226964117
25.952963888065575
26.008211630111926
26.088951306191863
26.114389573034032
26.136977321016175
26.178979951831298
26.233590637800933
26.26193349752309
26.350784062656597
26.38874587763184
26.41676172235196
26.424413211837113
26.498270608857517
26.509191425034235
26.544943173971543
26.57715681098667
26.627750881942745
26.689333397325957
26.715422296375166
26.75863769191909
26.787234607304438
26.809556430715336
26.855439310319635
26.936490354787594
26.95520199366288
27.01670256668585
27.028698883707435
27.046551156418904
27.183533248732775
27.22388149727064
27.247280866523592
27.356234445300178
27.439540058140985
27.45624842913723
27.530155263213807
27.539930193642167
27.572335614036497
27.62664061635014
27.66475405209767
27.6910968357703
27.742611301720693
27.791202721524673
27.8098462416464
27.949628349045895
27.958098154156414
28.01191388295835
28.072821297886048
28.087181277882966
28.131854650978486
28.18316467860167
28.21096699958002
28.237044835077075
28.306324523676807
28.335189959694496
28.372555075616766
28.523994616607254
28.597088854480813
28.62785925697569
28.650325158261214
28.694347244139312
28.734800141216308
28.81442168121325
28.86850228157124
28.875098188584083
28.92489131974874
29.024667395471006
29.070305113196124
29.151875625803193
29.21600168589282
29.26589703450055
29.26907604692874
29.321896637319384
29.414770779237934
29.466329857218415
29.503423290347786
29.51671029991326
29.57141888312573
29.593693985008816
29.634190245542726
29.705300584357527
29.70824745253277
29.737891985049544
29.800228119116543
29.82988382301292
29.886824016495865
29.97323123358903
30.019485602498325
30.074264029803025
30.12561829247147
30.147615715706063
30.19004132150328
30.23686157451099
30.36990905667583
30.43121237794679
30.44486927940834
30.54263842614427
30.655591243928225
30.777925564818588
30.801515455366967
30.83233011444877
30.968264014232396
31.113787206967245
31.152481090606635
31.229804283670564
31.302828494052836
31.355890438626762
31.420249896338333
31.465375814256866
31.517514598537165
31.699655440909943
31.812307720880614
31.8536825325812
32.043461943085894
32.10663710270164
32.14634528337978
32.18455131037509
32.279322132838985
32.51758625140939
32.59582150726658
32.627629065078835
32.703938348719824
32.83301492619458
32.855572029419456
32.93348343769245
33.04186183859165
33.0873026420828
33.740339733730295
33.96174352849662
34.30747786774571
34.97395189706744
34.98575173327313
35.658190319666495
35.86951954317465
36.25979442316619
37.499679865874434
