0.0
0.0
0.0
0.0
0.0
8.428305269378333
9.280396968380044
10.173305631546745
10.253008440150595
10.384896709077841
10.526258677005442
10.76752778956156
10.817269383681902
11.060272741195666
11.207222427265357
11.258531807764165
11.261872461632805
11.3721022691134
11.421090706373088
11.454308081454533
11.474053212043607
11.530524013766609
11.54854823601593
11.563955880731847
11.720240122932426
11.736108636761857
11.848468590968938
11.884383014406945
12.003395320124932
12.062581574168185
12.090205045386156
12.179324185902365
12.203720899090083
12.221044730411364
12.298445282279205
12.4067385728344
12.434816554817134
12.46838412146176
12.508410116820308
12.525059267772109
12.575067781095358
12.585748225929988
12.64394488736946
12.644910659574716
12.70379922430664
12.722787585221397
12.787646653596946
12.815393342987315
12.906094283695538
12.920161670660113
12.99011351838902
13.007726190031748
13.019589440885238
13.025800130806791
13.17616164943078
13.18814656254565
13.202169793756006
13.204404667786605
13.209842600061943
13.33945911844703
13.425243536159716
13.497520738708568
13.550238379393441
13.57833339634334
13.631692529097073
13.64227464283087
13.643449942360265
13.6577466900477
13.696093624353509
13.795700151783791
13.815746176974702
13.823423797675645
13.867806049455458
13.990519474693947
14.027160366795858
14.126489936378603
14.138919037224019
14.230941569605184
14.237785826818106
14.245590594620017
14.275695006150167
14.317500680848818
14.384533118426813
14.423418114777874
14.597510462729945
14.607274551199547
14.660783276104976
14.680067204593396
14.770778778978459
14.770947761217574
14.797822459217933
14.821224057194527
14.840354215235656
14.848925903227588
14.907587767109886
14.97327888628166
14.991651793492595
15.027908072075267
15.04106386550411
15.062957467313637
15.080424656666121
15.121309961696793
15.122537935514659
15.148577370936888
15.1751454544557
15.194268685442866
15.346173314237934
15.353271494308439
15.364239827745006
15.3700598926519
15.397210778370217
15.49074140591065
15.544915865666113
15.55308625290394
15.6009579192327
15.619249327802686
15.684853299987065
15.722364042451444
15.792807942701323
15.794611483285813
15.807639081023675
15.86997849872525
15.947318686785264
15.963306322837427
16.033611998341016
16.063098491051303
16.103876696784667
16.11396047806169
16.17132299851165
16.228303905496112
16.232723548367883
16.260512200687185
16.26542994523152
16.280900603252352
16.3940085458121
16.408086635486914
16.416532997400424
16.422435990462528
16.450419642741227
16.51005628917182
16.53968023428415
16.545309434328846
16.567962130094443
16.576611303540368
16.635964930211284
16.691594965861775
16.716950700899535
16.744988865539217
16.759462203871077
16.769142757643166
16.919765563678048
16.920518176224896
16.94409789967303
17.00705988490323
17.040625624259356
17.05824057431533
17.104426857855632
17.113691157436623
17.200238474398745
17.20523202329344
17.20571218415107
17.213277920109803
17.248163712635453
17.276487473010445
17.359061232376206
17.394076973603518
17.395567536399135
17.490928385486775
17.561741252081234
17.627927398958025
17.63248627190277
17.654052740598075
17.680978004308976
17.684546290297344
17.706331042969172
17.7551351640974
17.767685009832277
17.793312921032168
17.838224350561042
17.88628127903142
17.900237208142133
17.941618913358507
17.969511159899437
17.99815785441367
18.02699897316945
18.09612926889387
18.21629646497252
18.240416586627415
18.24398740745067
18.275619411328556
18.284067054747496
18.2928381277496
18.31243747068238
18.34785183239717
18.388461345689485
18.433251304685186
18.49004961153377
18.501872515092007
18.554162556721867
18.601026066309466
18.65177851730101
18.668643195658166
18.68582098556019
18.702873869426178
18.73821458772972
18.744583859975464
18.818621620078044
18.863985474859952
18.902350012998003
18.91632383362338
18.952661342853027
18.965408492774625
19.05340905485891
19.073949378321554
19.108734573191825
19.109267885443522
19.116619961313116
19.155973940330668
19.219228572147365
19.22463814652821
19.240922917962973
19.24771044974374
19.249331923528782
19.301203575248397
19.32097359911361
19.32793480337875
19.337930861613774
19.354757123820164
19.39857151937373
19.42603732188326
19.452522876695625
19.454659657751787
19.652346030021068
19.67716203748888
19.695446541486394
19.730161911802433
19.781176878491863
19.786485658491102
19.799612528018713
19.809758844876146
19.835576034859937
19.892354839875736
19.89676527044424
19.94561356228899
19.972398605020015
20.046358067441073
20.051727493738177
20.076985183192317
20.086380475537613
20.098600095106242
20.10904839455471
20.23004701749887
20.244408172442622
20.285823268271436
20.292231381781516
20.31698493273495
20.404546707028263
20.47865611013336
20.486161404638054
20.490160398007024
20.492169406633117
20.50696969769975
20.52776850541337
20.66284173468773
20.700425792040065
20.762044140327642
20.806494101976604
20.82148268185892
20.85547547553962
20.864332071147835
20.881688529492006
20.884391180424988
20.885988060788492
20.97934547156595
21.034340391617057
21.084159699468294
21.09242765683666
21.093706416097344
21.101326486539527
21.15369761334555
21.155645842698902
21.236883057597165
21.299843079690312
21.308962149338907
21.369508787542046
21.445098193550084
21.47756372803197
21.504760460437804
21.514012214429222
21.539735517065274
21.587310349017326
21.615979400892268
21.646820748000046
21.6632318575811
21.68193918714319
21.700838072059813
21.71576540904931
21.719756290153228
21.837705222534886
21.83890018577931
21.86640711707829
21.869477620620376
21.919301645619303
21.975293492599025
21.982302833675192
22.01788906842979
22.019738198653812
22.069803289485858
22.081505975389184
22.157731913814082
22.180874121022793
22.20437092975612
22.222592859607413
22.291673223499817
22.300420860034755
22.316591626713304
22.33559135395245
22.439133834592663
22.445632380566323
22.477788348170986
22.478867646624025
22.526610169498728
22.558739916915087
22.594256781083747
22.6272585575278
22.643871210781505
22.687239979023435
22.729085109700666
22.73105567718009
22.740826206609757
22.783157235880875
22.788279164762972
22.856239956801623
22.916589025279496
22.946433063861758
22.948884755425766
23.000538939291598
23.090755416609202
23.10510347853334
23.132243605855823
23.135964770397663
23.224767692740993
23.294739000624812
23.294793979489715
23.317346163854644
23.327210332843176
23.417182366028555
23.4700715548835
23.500661732604406
23.53563782186645
23.54447150867467
23.564874813915566
23.66386925475025
23.675658455014197
23.689113991531954
23.77233612848696
23.779198760122053
23.858964038620186
23.87204130612053
23.8798445903772
23.895602652688215
23.89704269238628
23.910683903644472
23.91959901918302
24.01622512332784
24.08606248527847
24.09115661851704
24.112389229136923
24.123824413425126
24.27219478676936
24.314021519271925
24.365244087332567
24.426677617181912
24.4272020771306
24.49607501055299
24.501756696570048
24.604104472865142
24.638997780264773
24.725916177372543
24.726703065100708
24.728476244674162
24.735054151674387
24.796090087666723
24.873755799697353
24.950999696504354
25.02544942760615
25.036806645408046
25.097195879017082
25.122049207265487
25.13088197091447
25.14560424837953
25.167431383120597
25.217143812366935
25.2521732436818
25.299966230314087
25.333432626858084
25.386935714434323
25.447284325698128
25.4719583375867
25.482585456629376
25.55192293981016
25.584447229096913
25.650162890349407
25.68283109980405
25.777007104347405
25.781857543919624
25.804359330812414
25.93504086168436
25.944247628850622
25.963305390900224
25.988563770506207
26.059578346397362
26.068623178357207
26.138764677978713
26.169107630648032
26.23802502034316
26.25784912367085
26.297344696739252
26.301133048837144
26.301283574765115
26.39752235964151
26.43979389416527
26.48837249887796
26.528721560581022
26.54381360299118
26.60773916167354
26.70319033796074
26.780229803292965
26.791516258170564
26.84675137930537
26.87055265790595
26.923812443274137
26.96008140601642
27.018930163056826
27.072538568075895
27.079171957935408
27.141655956676
27.21210302234821
27.21252487301342
27.235385042408534
27.305209848177334
27.326528441704006
27.451932757187397
27.518849226484992
27.540229802350105
27.599124143226575
27.644936184108154
27.765224123709014
27.826674336050555
27.868919405698342
27.90738620525638
27.920823918559634
27.967234492879147
28.02576654025189
28.193524591823216
28.19410780631991
28.24631320121895
28.25584656077066
28.286177741526018
28.421031842509592
28.490069250821023
28.55035322653323
28.65711794103115
28.880309292903984
28.90525705527331
28.913783356512354
29.064447085303343
29.104042502815194
29.154392590392575
29.293273143820898
29.302237858126322
29.358352565096656
29.45906448141665
29.544487200406113
29.599624608761875
29.66621687018517
29.741726362115532
29.80988723676513
30.08025046020014
30.106277864261422
30.2441563774931
30.27874379795172
30.7285121031507
30.81435857931938
30.819535248021566
30.911088401649327
31.1088909348742
31.12939354659502
31.15812143833102
31.4641037276735
31.509255285298803
31.632135226752087
31.662691013884324
32.00817621868386
32.3210543011027
32.41696548008878
32.84555924013786
33.13036301342304
34.141839350724375
