0.0
0.0
0.0
0.0
0.0
9.27996639620988
9.512522226014504
10.037827845759855
10.211200783689788
10.223264092078338
10.684393177307058
10.732594733993173
10.76486121940075
10.83518929176795
10.88750157426531
10.942224543901554
11.253875327726805
11.302813695585527
11.762105342748928
11.834045130585011
11.916340905432016
11.939321497939348
12.023163220482171
12.072926107221997
12.10818965668231
12.203425232419644
12.340809398316063
12.381475866953956
12.453173315182527
12.456408253649455
12.5394725725927
12.605776916441688
12.620765948752492
12.687380636454147
12.81846879918068
12.861685759942578
12.879075637927635
12.970819425275534
12.977157540416828
12.981009817243727
13.015725117439686
13.101957686909444
13.18058241240722
13.235651509654422
13.375954751469976
13.42371747602028
13.572941144983407
13.58869477041089
13.600588221527596
13.637300517128804
13.676551775671333
13.708785729457846
13.778243497723697
13.82340161145213
13.829596860539786
13.881184397220014
13.904565364150958
13.978814484401147
14.085854239543142
14.168804664301454
14.193215248888984
14.231049570356886
14.266149727694822
14.266403984350237
14.311545903170506
14.313772267156063
14.324971707622135
14.355337081863523
14.387990461379113
14.412150738869618
14.486206386409025
14.561007589378058
14.565192079104937
14.60400338707054
14.649125262069564
14.652257802019548
14.678887390536325
14.742534715028043
14.776726393243681
14.83257136352334
14.85804007859656
14.885907532796006
14.904919293880406
14.982486047958524
15.035320503943586
15.089374268097862
15.139874785894449
15.197459915770667
15.22089965348147
15.319620000588055
15.347601960004974
15.39078620893777
15.393839121287554
15.412417889634426
15.42401382954072
15.42637150681027
15.440611180553248
15.513356458580716
15.59130955977999
15.612655459222696
15.719037726217834
15.723018419135455
15.723716635155156
15.819850971004513
15.832726282579808
15.862014086540514
15.902716300405432
15.967007870521105
15.975821087543753
15.998373879420908
15.999030317836283
16.13534622772463
16.14690363761273
16.235188882811702
16.27811475246995
16.279190017841177
16.345657307925503
16.355029295865194
16.367597156849154
16.459143996128567
16.473412529824206
16.49897315759645
16.595132891590215
16.625929222348226
16.67725609888568
16.68245949928497
16.696910176370167
16.701296567922878
16.701481526972223
16.728823455740837
16.759169052145715
16.780107530089996
16.81063989924938
16.852125198785938
16.870260245196494
16.941842131679415
16.951996393250372
16.978522061648484
17.12960904760305
17.16546390888822
17.16651020755677
17.20053032470517
17.22736111471329
17.243477137908933
17.25791528173395
17.260815167748312
17.36293948562964
17.369565657423017
17.371499164615678
17.430615121616345
17.489840030807553
17.492637068928143
17.52890172089909
17.542640260208547
17.566909220816463
17.658647747550646
17.670708945570105
17.672031778163298
17.733903958616725
17.736931438740754
17.759389605726156
17.804108019238278
17.823139328627807
17.90255257870796
17.904523240844323
17.905285124252632
17.923641621207118
18.030126947309682
18.05005126717695
18.05273946967591
18.06877273759415
18.100921923640897
18.151822354609553
18.155546689044986
18.321607632678923
18.37720513989234
18.393484096967907
18.395233291319386
18.421780114273258
18.4243713624801
18.465417486209287
18.468584578045007
18.54715141113717
18.5685039864268
18.583226707184963
18.612242015643577
18.6519850330266
18.660876308292522
18.66877314302491
18.671453082918152
18.73382977005547
18.738762894678047
18.7458224885165
18.74754947853898
18.816754316000733
18.90144137963645
18.93331084293448
18.961942616223592
18.965421427477718
19.00804548563919
19.072060391998452
19.117489055669296
19.12277152519976
19.130324964313033
19.231264741503352
19.24598089175826
19.247155767246745
19.32920924984136
19.337376742244135
19.355857038036188
19.42314925042693
19.46998397582853
19.47129427543039
19.523914452487524
19.553594607862888
19.558773478170178
19.569807834923218
19.622352469176107
19.675467172767146
19.686588445214028
19.71442508548099
19.810830418521455
19.816138856727054
19.856352937947534
19.88385925673159
19.89756283871332
19.906180534019743
19.93773450859522
19.95589995513847
19.98368482733666
20.018114089892418
20.05949283045255
20.067881736179746
20.07312097623898
20.113533352429304
20.187222713062287
20.22136776197416
20.236747361181628
20.27982966096493
20.32122803221332
20.341543448269253
20.349588525506565
20.448524392732036
20.451555742325645
20.514589113990763
20.55755957959095
20.569913040435985
20.702891541862193
20.727961419803105
20.74613695986128
20.788907712169845
20.833824674412433
20.835903356982353
20.855258448172144
20.861767061049076
20.885294120718115
20.890573233522655
20.904221267108422
20.93960739580708
20.95880403256292
21.08410049359839
21.129463295845312
21.13600061993261
21.16526125209461
21.22921510621718
21.253675087251246
21.288432700117667
21.317592016810202
21.3648178605014
21.37547107223098
21.39245760012435
21.446203727268866
21.483408947061744
21.606938259092257
21.628251433744666
21.68835461710471
21.775302199741073
21.79493965785658
21.80568824431256
21.81151605053417
21.81525709216904
21.84217268959707
21.852640089808457
21.89572713596744
21.96574109587602
21.98567082185311
22.04688347575829
22.083969308378503
22.088840542436746
22.136150224764542
22.171569131509397
22.19550852248487
22.22255529540397
22.278594120692922
22.308588904499146
22.311461833894317
22.345582605822795
22.373989678052617
22.44567837739944
22.501530535257892
22.50591330233424
22.51603024494127
22.563043268060035
22.57563310701573
22.611205051875135
22.700155027856553
22.70431351855652
22.731306905769337
22.761988247750946
22.80402193341537
22.827339243485937
22.911701234956908
22.93029663778858
22.978258278324244
23.03587282115875
23.047989750920152
23.057897315517103
23.079466123188734
23.09817323706151
23.166787299590702
23.17414618760136
23.21931337623621
23.241623472531565
23.321732477494834
23.349919866613728
23.416651256918446
23.48569174451887
23.532301782602048
23.533004601719043
23.536147685305156
23.584389816598712
23.679847782907416
23.68537987684577
23.693159270496068
23.746747655392788
23.772907938946325
23.774586215116486
23.80419416320856
23.876604668922834
23.921799747543364
23.924487315428994
24.026125943343885
24.064191275875878
24.101860167234353
24.193345421855692
24.196598181000702
24.222052146198592
24.261371771872312
24.32193775974072
24.340524448550642
24.387929385046093
24.42942942217348
24.44844084410101
24.464581761162414
24.479800739004446
24.55025372183307
24.557053391153097
24.55716543858853
24.67920316695677
24.70167120710425
24.720504418182163
24.771796439190936
24.84060338410058
24.89247140754014
24.97702946815294
25.02566553483422
25.029487740566573
25.050375528377018
25.073576945647385
25.079931267589995
25.118891879212836
25.124688979174262
25.168634925543966
25.25078512450764
25.253690912235705
25.295689144294553
25.35599333682078
25.40071148178805
25.40562423491754
25.41347830423406
25.436610124058888
25.508688735403933
25.527293859845027
25.603472640708453
25.664116607959663
25.747724053507874
25.806299930344206
25.82762328284112
25.910962890568307
25.943528131785456
25.9530370231323
26.00471912153936
26.03520729074249
26.13893971140102
26.177466532018887
26.183238048812168
26.24480336427678
26.25937090617101
26.287671568127738
26.31074647607714
26.39959350667962
26.40632386437508
26.472827756009437
26.48176955577828
26.510977727190774
26.547275706850556
26.549496352457773
26.59547920367104
26.781930232014435
26.85066264766059
26.875587918809742
26.886861403391045
26.937662481689188
26.986829490398552
27.063213228416615
27.11377857483771
27.164063395740197
27.198129902461265
27.26641517224325
27.283451461424228
27.44252379241443
27.530829438673017
27.536904725498292
27.547532885035057
27.598528891602317
27.60142142930161
27.688277103143765
27.731510779649398
27.746043674207193
27.753031074971762
27.857095172215168
27.896781242245964
27.922602136577495
28.004284002310644
28.037688413199458
28.17553313117787
28.20139840143578
28.20744848859956
28.228037183084854
28.332268553992677
28.356592163761164
28.370837606355515
28.47963269426472
28.59791006321861
28.610834955237795
28.750927921358457
28.813349933252805
28.858255384569638
28.932103597204776
29.047815774500226
29.067624463077028
29.084665809284076
29.147263266624595
29.165118437411422
29.21701935293775
29.22522620417458
29.23939671133682
29.34797949162587
29.352163441868385
29.424007477994024
29.46928273112509
29.581956686243306
29.706118866407287
29.712316087776728
29.783779178956685
29.798516695975188
29.848297580284335
29.858770463371876
29.951171735947316
30.038518160720816
30.164672953829385
30.301717381342524
30.32411203954825
30.524558745282896
30.535950243371374
30.55301735970746
30.601359037232946
30.66486000132286
30.685602029051545
30.99590230303733
31.150732427831787
31.3798357704344
31.454453671927585
31.477662949668538
31.621479623593004
31.70418592214497
31.783716982177708
31.982971618659008
32.16198878013866
32.25146932869943
32.390168483707235
32.81918135048615
32.974783291901936
33.15175680796223
33.31935295852291
33.65156757012239
33.67426182548586
34.77558305725114
35.47481947731816
