0.7125419677589134
0.7897269610403318
0.9180666856758907
0.973482981676281
1.0836710577606647
9.189584111361341
9.259739332179224
10.149197020315889
10.953758211035252
11.06803424149023
11.228621078985215
11.355713834833303
11.451962095406378
11.510814579043886
11.54407300382929
11.60085987465674
11.789942336344525
11.909063222198622
12.021693446478936
12.071967908935925
12.129707474846713
12.187894267542662
12.234162067895452
12.365120319575349
12.458060994063763
12.569355913223422
12.623754791307157
12.687993253253143
12.738319946581901
12.796288087780919
12.849590678573112
12.972723791790099
13.010566844883165
13.063259565558074
13.103032977216994
13.139034084066584
13.171400884327214
13.219494179262139
13.297730204604843
13.369348822925854
13.421733872065813
13.46127422248582
13.500253167009639
13.513950969303865
13.630594008591943
13.654940304653044
13.747826295174296
13.764658806929814
13.779784709256887
13.829204309227352
13.890991602370848
13.935037381679834
13.995301080641724
14.003016028881865
14.072592148632461
14.102953950260176
14.133700011061947
14.176902807575154
14.214302325922615
14.2761487950508
14.301139014651518
14.329033947384612
14.375550696681213
14.38659204492647
14.436629619967485
14.490300950470559
14.514715790617164
14.547332667756281
14.582562339432972
14.636162792445855
14.6669077156992
14.699329434154809
14.800382860443731
14.851111331982281
14.88843949482162
14.900858350593008
14.950565612348106
14.967163595995162
15.05649447071585
15.065090054895798
15.096676851033578
15.168969105459155
15.199806451302265
15.229189770910605
15.277600158655519
15.30684661589895
15.315453239198552
15.360092157680148
15.423015873279054
15.455998316860365
15.48271663059427
15.504384076188943
15.579152626239836
15.624162725396609
15.644612590441405
15.674314135621023
15.706851582125584
15.725366720960963
15.79630368059676
15.82136952246554
15.866433504324306
15.910109448439185
15.930018338506173
15.94367405124435
15.97005041523345
16.004920466028345
16.065272388996966
16.09154347480431
16.11238984987252
16.14824258223163
16.20226303460516
16.230907464346867
16.29090496083295
16.32290614875684
16.349563701585904
16.382055198706794
16.408953026883022
16.444939410433875
16.500585540439275
16.50626195312809
16.52176692940798
16.567942588134315
16.596975846571482
16.62149018004787
16.675813703041847
16.678781995404634
16.733435201598315
16.77589740588295
16.833288982437548
16.84206145073064
16.874356445254705
16.89979269097092
16.96473352938692
16.977997778926074
17.004738577671535
17.032516989652713
17.068188996090576
17.101510313181382
17.16071258734833
17.172397218121922
17.192071118131768
17.237981819301815
17.289499148362214
17.35244554636723
17.38086771459792
17.432757102498293
17.440018589821168
17.477140797503985
17.488764043538414
17.547690523864503
17.56187710450031
17.628358240832853
17.644883141362868
17.69386784243299
17.712709931376427
17.745790083094352
17.75772463838544
17.855925814708293
17.880971766901745
17.90851073761507
17.955214667972292
17.99101841264481
18.004607384593776
18.04202950487261
18.095502472781682
18.111936541503972
18.122379583244435
18.164049230382084
18.195415682557257
18.214653735574338
18.292682380276432
18.335829335105117
18.351667984479302
18.375242014830807
18.43501253029626
18.46097604099032
18.494930256829548
18.514534058329605
18.564494062139495
18.584611001386712
18.603550078394548
18.666197555276064
18.725312192149513
18.73149453368728
18.74680161860371
18.776880911625316
18.804251690643166
18.84218193090502
18.85757137434717
18.91389247846905
18.957934856526123
18.984188911639993
19.018378758418564
19.03428118388734
19.060368199096366
19.109135903727065
19.126192357569145
19.13608609640187
19.153505369227133
19.190082308974564
19.245442069831313
19.278349734122223
19.308998705102038
19.339898863069145
19.394963227135637
19.419014443392467
19.46295268142735
19.471472208429045
19.535685688557894
19.551289759138957
19.581624062414516
19.59772747682673
19.62097525148247
19.66563920040126
19.72817500059678
19.7600755678044
19.816885089301724
19.835429806986046
19.871139829896258
19.8979906275454
19.9366847676083
19.952197868330643
19.980388244101878
20.03056434529037
20.083610261958402
20.094455165761456
20.13356505915214
20.152157868152642
20.199967051472466
20.219403720260832
20.232113385662757
20.26815729888647
20.302403005831017
20.325040532897525
20.35583720562796
20.39027186393935
20.396754524115437
20.423947454044995
20.450050921549234
20.519556647652227
20.581196758158146
20.618212402425268
20.65390978302435
20.67258412491851
20.725361224405034
20.813625930880434
20.825128747368105
20.837822078924628
20.86544202299844
20.92137910761529
20.95172741637438
21.01814967762956
21.02391716393643
21.03035296288044
21.077472662603
21.129220138087348
21.15188755007424
21.17567592804386
21.185772807048505
21.262005200717017
21.301618225087488
21.327778310465746
21.33935535866627
21.36757710078222
21.484983555661064
21.496843825846476
21.51709570056597
21.539530502171516
21.556297779098312
21.622265714208353
21.657336421883276
21.70241895408778
21.7127800760069
21.77316571628956
21.806387239060737
21.837026223282987
21.895902746239397
21.92197269538599
21.959494647812537
21.97067627465432
22.00423276804197
22.057509171582634
22.087016115729494
22.109474703257153
22.124935336381668
22.15468463127509
22.18151609508194
22.22868693091081
22.253927714035513
22.291561690878982
22.297354803083003
22.328122570126602
22.37218028878439
22.43315054506021
22.46086779785805
22.470460983818917
22.49989138955454
22.540331367971106
22.59475227282067
22.597191159298312
22.641168996181054
22.66234265325245
22.73809885704176
22.768291982109066
22.79650896911734
22.851529106924605
22.888099997228576
22.900390784335013
22.911843955751607
22.969514265677866
22.98249866943096
23.05393898784516
23.084640889946566
23.12975922215316
23.143415186220793
23.18780384857245
23.201898669513277
23.275396478993635
23.295931470323247
23.324436678907777
23.356887110409676
23.398687605752876
23.43258423815983
23.49490920599444
23.53157513421159
23.562864250518963
23.575567504613694
23.60572523178421
23.621840754235727
23.67917596477923
23.73014357440437
23.776567787045835
23.81755779149048
23.836027243933444
23.878347179756165
23.964367469564987
23.98444342158321
24.045763999063357
24.065182332133553
24.128961174631574
24.17302169325391
24.20623297674979
24.250117335367257
24.272355537011098
24.317937054227414
24.327453574980556
24.398600554253026
24.492225277356447
24.512093658765
24.536568100157584
24.60562099076344
24.63855144594523
24.716787699643838
24.744474065264484
24.786141332133866
24.805100288484862
24.87301917223229
24.89900338918662
24.93814225876189
24.987777235430855
25.02764029088669
25.048106466157424
25.07886018564721
25.137169088446417
25.1896750089494
25.220074689531323
25.247709801436546
25.295684979776496
25.33007632362239
25.38193735428785
25.396807572104525
25.45887919135191
25.47930665637905
25.501862450375157
25.565469224538088
25.610310548215573
25.639217693436194
25.7112111262649
25.809136334325782
25.824310777907275
25.842915800999574
25.896014868952513
25.939999639622993
25.98196469298902
26.037223136225418
26.076971827054688
26.139188053252308
26.174784763391163
26.21419052922644
26.247817550310717
26.274377272051968
26.298335529131737
26.37296245220631
26.395485763566786
26.436015692552168
26.4627302192808
26.499804113116937
26.544449977396372
26.586708612971968
26.62972993064529
26.67481498697503
26.69667456801152
26.80517908944347
26.85870618380637
26.92751289280653
26.99117455171894
27.028087036778786
27.08065513643655
27.11282903233858
27.229181132780003
27.251357110043138
27.280055635961716
27.30832788547203
27.31098291472664
27.354341011936974
27.392148917698748
27.407900548342763
27.456254207748326
27.56617305879877
27.63299875563197
27.66007587405357
27.69283375773419
27.784112967537904
27.857735872173162
27.902456878936583
27.967849310602553
28.00181184221764
28.043972502658633
28.061906748117547
28.078242728868965
28.13343244145877
28.16734023611944
28.207598106587692
28.309159995086667
28.321772157648812
28.368208236799052
28.427369923257963
28.47945553935423
28.493719747996032
28.577147753652966
28.60677901909011
28.744090403588615
28.772130264167398
28.924868545802788
28.936863063860013
28.964037055243747
29.066263740980798
29.091269974391007
29.135300175387396
29.207163288406733
29.258284256677044
29.318520268044434
29.380119986514117
29.39682612645331
29.47211019379957
29.529680871360682
29.572817855086146
29.676758349888388
29.709258266798066
29.743634288418317
29.76165875931245
29.813505260215756
29.851213435085857
30.013784104582903
30.054096871211634
30.16100165558694
30.23871588092743
30.33177352591317
30.405054379999047
30.476223047015633
30.503242343739057
30.562515851685568
30.645591270584553
30.748110078475122
30.929029361688325
31.01578190926557
31.12155436510978
31.333285643449532
31.358389601794176
31.379672128946478
31.481366869325598
31.773769519539236
31.835307286437022
31.873527482600842
31.922650592036582
32.216629377761606
32.40278379588118
32.423597071798895
32.787563408020986
32.971041620286215
33.059201800854396
33.25191388797075
33.37884541149928
33.49667747387925
33.66195059603905
34.3485613002932
35.55559106988752
36.019688011663526
37.140625849756724
