0.0
0.0
0.0
0.0
0.0
9.182763604965764
9.187613822369132
9.608796329094634
9.902913110284427
9.962673632401705
10.211319749780815
10.471144657314023
10.49552929177228
10.61528698468528
10.811366879982353
10.820359914897837
10.878867508290515
11.019271737122011
11.096463115395043
11.235358388971223
11.355323016756785
11.363747676548542
11.406484266463037
11.427943846370795
11.547123639828948
11.5479271164076
11.63251248981083
11.675231413116114
11.682893907798876
11.687087040030429
11.726647006159112
11.978802715615869
12.013880632264348
12.09717057892709
12.180678935831093
12.21994778156456
12.220634583093114
12.39972191356722
12.476845412839545
12.48216855374929
12.508072949742639
12.547528023212221
12.643464804485365
12.694941264998086
12.720622745566857
12.756774506247691
12.775983527174814
12.778169031493059
12.781559058873395
12.791558275542366
12.860555584221524
12.977530066243707
13.014809092474705
13.047121381357561
13.131064181298708
13.140871295331737
13.244883589663598
13.287845236791686
13.355140741711157
13.386735680069052
13.420752028331771
13.536205253329964
13.72039937793525
13.730697789793924
13.743696248804035
13.763763501077072
13.807787279427194
13.88900640974962
13.89478304377522
13.916166101058955
13.942676116285801
14.045543136066263
14.068373734074635
14.133486724308996
14.158344712787096
14.190305152092545
14.200427286630926
14.238649814722512
14.297171572441671
14.424951545970835
14.443089341134556
14.446070046778313
14.534792566618135
14.541690498676326
14.560867824627206
14.567179047156653
14.579237592020458
14.591214424323928
14.603026730348986
14.642398401868421
14.735139826765277
14.73811408526364
14.779333075538315
14.807261032314623
14.913696816409718
14.924251985520993
14.98624448576576
14.987017066588317
14.991052667024475
15.05696695138253
15.100601257577607
15.210259708386863
15.246601957119339
15.247994279600963
15.343625111934454
15.344626490133116
15.345793866450572
15.37781299466637
15.422071777762554
15.432686589372334
15.472764904476398
15.47524442170492
15.487972805507642
15.577774807014224
15.617631933176735
15.658498867911188
15.667769598807597
15.69500508030065
15.716499332645803
15.7529623007397
15.800611210950754
15.839668945413148
15.849056992915447
15.872945216777323
15.880967872726215
16.008741323793096
16.094894768597108
16.184141629701166
16.1959927360917
16.198341656042082
16.256034602292164
16.257632832857375
16.290699863768147
16.323205459754835
16.427680042693698
16.453501913599446
16.501236709532797
16.55725008665101
16.563400323467498
16.598845693128798
16.60870597225762
16.643908994334094
16.718836584848848
16.721291486083675
16.743363330182927
16.792610668586683
16.817021973259088
16.921217814719167
16.925632359875102
16.933109498806452
16.95950841464252
16.983536440673152
17.028871566073594
17.046784084760297
17.099370666960517
17.1220130851447
17.16746287250142
17.18958150670752
17.272278640881215
17.295380917306147
17.357961792980387
17.36636093513019
17.405698686951574
17.420834171684238
17.47576106868927
17.488117220075715
17.506077586128676
17.56675034575865
17.58510252173222
17.602090078673807
17.608068943003584
17.713154496036598
17.823724039570845
17.865943825013048
17.868709216268456
17.888060971529953
17.89841865784692
17.9246201753172
17.956212443413328
18.023670237655978
18.034793385471694
18.070977095273015
18.13727412956233
18.14754510272688
18.153412592542267
18.177433385299796
18.181003426240476
18.1938251950421
18.30407925720206
18.315807239118655
18.351879158952357
18.43307452062404
18.44318939250586
18.460637483206536
18.48445065649159
18.484774549922932
18.511977192965183
18.583137486608827
18.59228486554113
18.668390868215024
18.6795310548865
18.754025706657742
18.80053444823421
18.834102505778738
18.863568626420275
18.90165912055524
18.904240225220082
18.983420393098257
18.988527544334023
18.993287156429638
19.012266216325894
19.027102735833584
19.033929749322223
19.166630803783747
19.198230248076385
19.226064835040308
19.25369369559358
19.348229043753165
19.35343108715771
19.40156368351926
19.446339488190986
19.46829970585355
19.477008347508047
19.480657575849335
19.502458678144812
19.507973268702738
19.54852855668204
19.598114655385864
19.639438838604782
19.664965744171102
19.702977622002365
19.70740414376119
19.753132598464077
19.75757640411607
19.822544277766944
19.834073221018425
19.847995383403912
19.880613196307333
19.92470685024116
19.936297512653866
19.965899610557237
19.980945532274824
19.987042438902975
20.00702701285738
20.086834816052747
20.09816274748156
20.102242875592154
20.116147418718608
20.11915337666027
20.24183780467541
20.27074316655004
20.303945293549088
20.323932190289163
20.335302172034137
20.389431576179675
20.40057301219364
20.4615075151631
20.46445993919923
20.522253273033492
20.55913943243031
20.575430697197174
20.616676090983365
20.726843490661903
20.736072524793133
20.803000888487578
20.889128511021806
20.92653838154644
20.931430337477245
20.970538872038023
20.972897957500304
20.988113924454513
21.045984018458647
21.065266831175144
21.11615926666649
21.117144098319432
21.12138489904581
21.166150105502755
21.177114258430954
21.183655602996783
21.196414372859397
21.21117986489844
21.223599143839166
21.34965586437382
21.375946164244635
21.476880061991146
21.501180701912755
21.571763071507508
21.645136459892317
21.651899078663998
21.67618354683284
21.695477487892695
21.824401472153635
21.82928691330177
21.85716484642056
21.857844968471255
21.89636559261998
21.97550705054504
21.982541288619654
22.00200404701092
22.0297936461807
22.064841055873448
22.0778491006559
22.084141054946357
22.089393975601087
22.131094701156474
22.153783777989965
22.157028389742166
22.160160719647553
22.165933966217835
22.184768917536534
22.28997820404928
22.329462358322612
22.355774897150763
22.359808463319332
22.421595392257252
22.45058710250395
22.450880454181654
22.4693178410179
22.49690413016017
22.622905212348755
22.654842306450128
22.664953589542925
22.67134703017771
22.727445791975715
22.77819928238376
22.78700721275828
22.797576460617545
22.850836237615095
22.868833231423846
22.927969274900356
22.96175410891243
23.0472906916711
23.064899905530883
23.099073436981456
23.114371405558686
23.142779760557254
23.207651637164393
23.218926986695408
23.28964924967106
23.291253286903164
23.31574712374184
23.319365761292683
23.341991532818334
23.363448589511467
23.371544337151725
23.421475814980425
23.422752125663035
23.51006031175457
23.58913956894393
23.690068024713447
23.71388858518381
23.872845055363754
23.926198669350804
23.97150850808893
23.995517595426985
24.02168479174639
24.042967311969797
24.098448804665303
24.122234065691604
24.145532227890584
24.161334264903203
24.178700109492205
24.22164949968846
24.334362830354586
24.341256676694826
24.346365069613967
24.40478821360738
24.431620362653387
24.447154230990687
24.467479489675977
24.538813057203182
24.564010971255897
24.57783298429264
24.592252295115905
24.692711610510216
24.711207125593234
24.734812013272766
24.76500530176241
24.7780704720713
24.799394494434377
24.829551411398523
24.835986070410186
24.893207798139727
25.007777376833474
25.077089476999788
25.079072732355588
25.105581496933855
25.122877926013157
25.13906510679585
25.25683702916837
25.273670265625388
25.340187725909015
25.36302905372443
25.376903192287067
25.418829930104543
25.430431265622328
25.517865776440434
25.526439789936138
25.584985310606577
25.638628260277763
25.67456281314134
25.703151236930935
25.746746283134154
25.780909602405497
25.78711635501027
25.849228157832652
25.882002332552307
26.00429169105991
26.017440127025218
26.06087178196352
26.135062329311232
26.162647498269866
26.336463713077002
26.36438568239554
26.36911793724298
26.397157909488932
26.400912534185967
26.433930965514215
26.43839488836841
26.48332865136388
26.529063535512456
26.6653267291962
26.67022758103928
26.75420723529448
26.85704109852316
26.892905732134928
26.991993152387913
26.996845716493056
27.12265962954419
27.240076175327772
27.278859494501823
27.298426107084996
27.311841786993565
27.355640035068507
27.386411987718844
27.387262541869763
27.433798829566808
27.55746693393846
27.595643652161204
27.69752755694142
27.722021747130555
27.776905311619608
27.81010471259035
27.850985962267988
27.99386271871216
28.052399548731916
28.112891354227436
28.16338617637046
28.17502178472197
28.284265874372103
28.286218909273124
28.345148447541646
28.35119325006713
28.428543554241795
28.428820425030345
28.50248642253384
28.50474388038709
28.568563307496753
28.731914868201677
28.791674782370784
28.834167301014666
28.904440733658493
28.98401313003896
29.047517802310413
29.068624687553562
29.074942778556313
29.24570936539006
29.288218618238005
29.30862635646927
29.362747226419742
29.402763881313447
29.45553198729265
29.54938232149599
29.8317223035454
29.839584445183178
29.964299648597525
29.975347299868854
30.100486118197487
30.240333159419492
30.27400389684427
30.388085220543182
30.464500814807415
30.54420683432476
30.674367928420274
30.956435280633976
30.97273075800113
31.04573297346146
31.172871922517864
31.337466559917658
31.58155110897734
31.67617281130124
31.70073825227675
32.21357306002375
32.350514558306294
32.657761352572685
33.31316285689571
33.46349561248148
34.2668523917364
38.733222743827426
