0.0
0.0
0.0
0.0
0.0
9.076353152965549
9.083962803468488
9.890795685567797
10.248278848383366
10.699063017688404
10.840217681013351
10.863686203210733
10.918287713420808
11.12622968739276
11.189128680302163
11.2771478284051
11.427886683531092
11.5011050461053
11.53244146616379
11.551684069502365
11.5640535654544
11.613665871669365
11.661189343502892
11.766198083638631
11.801397893511693
11.83823323819888
12.060553918470283
12.15524719374289
12.19344692687456
12.267817889465388
12.427397169966433
12.476851886433336
12.482122280785955
12.609541733691394
12.614997137748889
12.66935802644404
12.690015952606023
12.749186453081851
12.82113049676054
12.828842615043554
12.83796345311075
12.844750447172691
12.874912542429515
12.882374090486588
12.895091311279296
12.993060419011268
12.9989125443618
13.063684491353124
13.106594275592233
13.149646691442275
13.181380952550848
13.290576453667414
13.305606460278081
13.353357375361867
13.401495864606003
13.403800295404604
13.42572061128107
13.489877250781472
13.51391811019676
13.730290478418363
13.762932080372664
13.766267044483643
13.76773746997344
13.79182597208311
13.816874841201217
13.856392583789239
13.904775828337531
13.934210945932309
13.984580006819908
14.006456716268989
14.022369837759726
14.062040102202138
14.080113708488092
14.091517336887568
14.15269033465402
14.173884454205
14.216145580376207
14.260354359410853
14.392072158012109
14.424905510052524
14.428851973235002
14.446855331885784
14.553927566531778
14.56801046561929
14.592432767588186
14.69016076519444
14.721535259632198
14.75441436320861
14.79348759583534
14.84412271530493
14.86209602621366
14.923280909772881
14.932079209714198
14.979149446051533
15.023305696967997
15.027950178644996
15.04603081913973
15.06779556850386
15.110132869063772
15.159938503346506
15.172272344725602
15.217264211313188
15.257820443594968
15.301785772733881
15.34312365275752
15.349128746024393
15.363903079700142
15.423909039536326
15.43642232781576
15.436899807794592
15.511982192515637
15.51789446586233
15.58256351783379
15.60312793017815
15.604240788844308
15.683645796885557
15.702822063840598
15.756746539215392
15.761882075575981
15.83988119405996
15.84973484756841
15.873261084199642
15.89691236776628
15.901758422611916
15.929200168350256
15.984134273174512
16.04110530645116
16.054950369962953
16.115311426830587
16.127257386001688
16.170210557802502
16.20960660816348
16.239659755944835
16.27388032925285
16.2966817163793
16.298822083669446
16.3570797177854
16.444561472641098
16.46223600050331
16.521234824695807
16.591822548606004
16.615305979691144
16.64108921320995
16.66938788603842
16.6933642448382
16.72314288653497
16.82154454086762
16.834639030749887
16.855540945955582
16.878767114394954
16.895251876203517
16.91717041395648
16.93305245816314
17.025629570982048
17.02751791198388
17.143985606152587
17.161617164270595
17.228666420147626
17.258830490672228
17.29123270846951
17.291675007959007
17.296685869633464
17.31126683633931
17.338732088144447
17.35811308528591
17.36158619605059
17.378315480501513
17.422363691197383
17.486706129081817
17.510330148091317
17.543878899082856
17.545136577141037
17.62951248903539
17.637003946071076
17.641530132836625
17.705812572325147
17.74741951926425
17.78503935081482
17.792705728831915
17.811037529121506
17.82548082589743
17.850747007561107
17.85871896573844
17.919778624273622
17.929629047563186
17.962807757733803
17.99003309057164
18.00750223420518
18.103871153151008
18.11254190670598
18.1391031765259
18.160118474686026
18.180104806989284
18.227925564774342
18.250289571869907
18.264949833936605
18.268888808397193
18.286899831433182
18.386680095488686
18.41598771140239
18.45905917170078
18.493879292462115
18.494875686370136
18.532114335537486
18.63218581734747
18.699333876896013
18.701635103535928
18.72237208485449
18.727273601952668
18.79407939857007
18.8116197209305
18.866963104545945
18.877906881442062
18.893470389949027
18.998843066001466
19.000902561963024
19.096836269229666
19.108990570357115
19.110478724323794
19.118244223374486
19.141275471246253
19.147420962875824
19.162985377457428
19.210335138941407
19.339885358731102
19.354090125838795
19.381941990404577
19.427426442371253
19.4358640893398
19.439179065256553
19.469282838543542
19.528642251031854
19.57543353836381
19.57768589418436
19.593218781023182
19.602553489316602
19.66931852719138
19.681526868408103
19.731785303011875
19.7681602080262
19.785809827761096
19.795750119797603
19.852057812090795
19.862715050751657
19.913766327012542
19.935649360031654
19.950693423347772
19.959545187367603
19.979117450943505
20.104967129021347
20.11722873768921
20.14859390097329
20.162146756260547
20.166511902416993
20.18837071329073
20.213651699899458
20.250371167044708
20.311870434556745
20.324052553590853
20.3275005163973
20.35305629660132
20.38126564602041
20.410881424128437
20.436461552072462
20.568213426841478
20.642119071978275
20.658763798774807
20.663158420525022
20.735795471237765
20.793216925864456
20.82631563127685
20.84144066180925
20.884115132007842
20.919458512161583
20.934819458565116
20.938296629121183
21.02555287664272
21.027366260098134
21.051645630364895
21.078943365943154
21.08351081957434
21.16557814933755
21.200532260008707
21.20975895485327
21.3167901947377
21.328345187294016
21.361834291156324
21.399115261186935
21.409439984035192
21.431381030349723
21.459439884778618
21.526348007664247
21.54165776507934
21.672150072887977
21.67508084559399
21.680126626457973
21.6902604948917
21.758989168000014
21.786669438472483
21.813770391664494
21.833692498437674
21.862889927980767
21.864207245692867
21.946387555014613
21.9742485046928
22.04518687344301
22.078432420624175
22.13586733330878
22.169635108792104
22.170615248240523
22.19763086030389
22.208908855843514
22.20961435590995
22.306766427139795
22.34208578772207
22.380990642981555
22.460848578801162
22.474471947644822
22.510597256809003
22.523352666683262
22.531320896542166
22.58636213393535
22.60220022366181
22.626757353156393
22.667774803964885
22.67272521912979
22.747381017090184
22.758951742478935
22.79480756145457
22.804944136640227
22.832509877634305
22.9265383032654
22.965305281103902
22.992011153505192
23.020147972895728
23.083307686746867
23.09146119308745
23.112791335395954
23.20127708947765
23.30337083934537
23.33510735520751
23.33751117676195
23.351011799178174
23.441359119807107
23.499778850945155
23.52128863173948
23.53066931709993
23.583284596471792
23.58422733825064
23.590574098220582
23.706944340595882
23.739641650012235
23.749819538564083
23.75097599132552
23.783158726517435
23.869527368992518
23.87699299772715
23.91248598736251
24.08922964181582
24.115957876078852
24.12569026595966
24.133066268250367
24.18715893513356
24.278250197140803
24.287926064927646
24.288349791819165
24.33400538691827
24.345421679377484
24.383913040225575
24.427428860371965
24.443405272680614
24.45841532297409
24.483669144910657
24.5007158802918
24.62654281196071
24.638517571684037
24.687087211475273
24.705513468158173
24.8509416139899
24.85884669733631
24.90327467036503
24.990790560103953
25.005186343472186
25.020105050696518
25.045754025979214
25.07458271493892
25.119932729959302
25.123117153302562
25.130187013276096
25.296694161299467
25.33102691710816
25.35364539939123
25.37070477220447
25.384494687507196
25.433984107203955
25.468394376843495
25.477496424532937
25.503448134856395
25.545942464836884
25.54877319315482
25.64832005211307
25.669100725158223
25.76145781990451
25.78923952364329
25.851392872113642
25.863755813821285
26.046720614412212
26.109374759071894
26.123208309857407
26.18523848597683
26.196760493726284
26.283876176626297
26.30156287399332
26.324453527639836
26.326201672728065
26.340425502508044
26.411776847588506
26.482487666903673
26.488074967019127
26.545035608975116
26.54992124689485
26.554458747401412
26.59861302844511
26.62818089896616
26.64851046850144
26.82270799724151
26.910846177545302
26.911032580646523
26.98752879669537
27.08727818214772
27.164711034460993
27.179473243811685
27.222337384033608
27.250297591803143
27.455040552605244
27.473122607501143
27.491340928055738
27.522910472713082
27.579757062996343
27.645026785175776
27.726523400219463
27.806989806623168
27.80769496472458
27.860470676302466
27.910416342291807
27.991631616894807
28.036278184555496
28.045128480868133
28.202192185967384
28.21276646803064
28.29431770298122
28.31995879215819
28.412951277320975
28.468579742933585
28.562696771434993
28.613695657664298
28.665091928754837
28.805978896555686
28.85902134211835
28.866924605295118
28.94003249513045
29.14856638741803
29.155730860050426
29.262800259034154
29.280129630995184
29.329137436544364
29.40002179391079
29.418674988663145
29.524066864906036
29.58237159319681
29.587381274174273
29.959570700457608
29.965167267244144
29.970676837849375
29.986800642399636
29.987399790445757
30.174993439252805
30.195420995035835
30.36880561287935
30.482317790115847
30.554597699477945
30.76091766373633
30.77320545691655
30.80445841990534
30.808396817842137
31.139727622670165
31.217458304221424
31.260869746297526
31.57314791513469
31.644249247711283
31.672705386666912
31.747014207215784
31.945439084383548
32.47471718166006
32.482459847028885
32.646150397141724
33.23977153195375
33.49339085476159
35.05533485743788
