0.7374541458011121
0.8107846869265685
0.876765656428753
0.9656454421025599
1.0625561652617683
9.56465366787355
10.078398556204467
10.732021830636402
10.955290118602326
11.027806858841291
11.095160438661235
11.213820593139438
11.44011262789105
11.544461107688702
11.593969773392972
11.634010778557453
11.679702283201998
11.840050999004406
12.010884893478503
12.017422283474515
12.138944356683417
12.241851547468853
12.290919523917905
12.38982137610477
12.577846431817928
12.68411367907675
12.862166321595177
12.928722544356132
12.967153111431783
13.014213770321902
13.048793149464714
13.094236016816525
13.121995190499636
13.252412827064472
13.28596643234795
13.40768079306155
13.488570248641825
13.497646140120523
13.589592268719283
13.630797301637745
13.681580202655002
13.73085229062491
13.783764951567752
13.836468076050108
13.886640773945514
13.911397557886884
14.031230202126379
14.055922100464745
14.060083705989038
14.174090543748777
14.20681055734951
14.25344777995111
14.270236695335637
14.347145369743913
14.387664798956617
14.471432378357276
14.49824739516922
14.568315223648103
14.697622002426561
14.712913750407369
14.739840420328452
14.784459562905127
14.816063645342266
14.879598143251577
14.925047739759822
14.932582804379962
15.025191410054072
15.0512935201423
15.069112739956804
15.114431136618272
15.18320973037878
15.211738808135873
15.2553693400567
15.305756822649414
15.366675104515645
15.430013869809061
15.46013478195835
15.471581908397344
15.52382585892272
15.562161090913067
15.597887931243347
15.64339423222428
15.665643983178416
15.744140492344492
15.819979739996437
15.842332000681619
15.875148287813802
15.906849726553364
15.950586078042553
15.993161320663713
16.005551877158766
16.053535161358553
16.091718325664853
16.13834351378448
16.180142110102075
16.201052854521873
16.25560722080551
16.278629439657475
16.329281869626726
16.375445248586896
16.387637264884095
16.42432906825732
16.44870057389802
16.52020432078782
16.541165268291458
16.586498550529132
16.63195979577198
16.648001629214985
16.68092579535789
16.71596332633522
16.738583505879504
16.778127164069833
16.83426706196818
16.85465173166262
16.872297044032766
16.94674949070204
16.975363532099678
17.008209849829022
17.047484317985223
17.071106295919574
17.097544159150047
17.148903356029876
17.167854927603166
17.21120505987401
17.25722705736988
17.290965142091704
17.34248643159671
17.380410772577612
17.434888114834635
17.457777887848383
17.52445484020154
17.565646621371677
17.57507471038598
17.614530214229692
17.652525803788496
17.683994729120485
17.699061989322573
17.746622584338404
17.773410435326312
17.836753197156174
17.86682718004269
17.899746967108136
17.94142017548042
17.986231559085347
18.004767974825008
18.05675740739592
18.11931728981795
18.146797465879807
18.15934338792188
18.190734694975173
18.21804496361641
18.26022715630324
18.327430387641673
18.359581612374395
18.387100846852988
18.444330123046242
18.46884327778939
18.4957127471893
18.527071352259945
18.552309802458023
18.60533193282155
18.63171450216769
18.645167908056944
18.704976640461282
18.728145068559233
18.7655993949292
18.78586558985247
18.822399685374602
18.85495196088682
18.901320161766993
18.928395123517635
18.963455775658318
18.974387626270314
19.02094493419424
19.071156593720392
19.103629431429862
19.12475947211156
19.185101013730954
19.197363019636338
19.224141469402706
19.27445060740329
19.32712069417105
19.349748378374652
19.384275851022757
19.404102839786457
19.429999986435785
19.48243416952478
19.500257715105896
19.529509705001928
19.563146484759564
19.580125333791898
19.64626979670003
19.657276574898653
19.717720073162052
19.780824692307245
19.810701064748304
19.82107106427669
19.85194861248236
19.89099389342558
19.925023566162814
19.957099711629564
19.962041013141594
19.992401724558462
20.059192648734268
20.08338263452874
20.1192042375885
20.147489461737013
20.199074461512573
20.22143640654557
20.283453926022826
20.29793670217318
20.35210735005703
20.371121969069005
20.39823552570568
20.446116360414116
20.482512625661574
20.514083348635015
20.5504383812124
20.61327310360504
20.637684780141687
20.677410787455546
20.72982176172662
20.743583016111664
20.76793801741643
20.805670293910627
20.841453430771026
20.880647826798107
20.90733664039366
20.924704762891256
20.98265145038335
21.012188761188472
21.05012063109276
21.07034891170904
21.116085288038818
21.138764023507495
21.17924210787983
21.215870057289354
21.236227825687216
21.277667543955005
21.28381222781257
21.352492027076767
21.380408825273257
21.43404114647406
21.469659565081223
21.528071737994424
21.558867621670284
21.59199287871226
21.601348077635386
21.614472278748053
21.64867941104213
21.66220639840828
21.71302699439076
21.72144113272554
21.743547489326453
21.774379258420495
21.8210036614634
21.84466570616514
21.875907669802157
21.921871839151986
21.94564632513349
21.98582287926981
21.99579410161353
22.040906092664702
22.07046953730247
22.106949140441497
22.13614286087313
22.183243269538213
22.23247704170872
22.26710739340906
22.279963925740258
22.300271521866275
22.355598082154767
22.38304809155456
22.42342819922862
22.448400478151036
22.471530548126847
22.515632164657706
22.541329378258524
22.57662046936614
22.620488913046536
22.647606253540186
22.660072085096527
22.699078153852845
22.723734668416434
22.761236109223027
22.818244512365425
22.833423475968715
22.894473974570236
22.93506394294614
22.989665019985768
23.070974712711497
23.077614945401113
23.111944293626316
23.162757375471834
23.168792723424275
23.204204698645825
23.237576262086797
23.269121534283286
23.309266391533455
23.35152781091177
23.42018090483447
23.457144704041387
23.482731323089993
23.50475389293328
23.539001695854793
23.584058258257514
23.617562568986887
23.650826753630586
23.687767197096935
23.718242184557386
23.75645541201453
23.79351889431732
23.814863372828505
23.895075590052183
23.907891092858456
23.930631346000414
23.965953313716415
24.012218827702526
24.09891645871402
24.114561376728222
24.125636636601637
24.174735829337585
24.29960062708873
24.311757992644456
24.33065219355446
24.34858514199348
24.388261146607878
24.45954121665306
24.523008764866603
24.542355319840077
24.568006874307823
24.599049997194726
24.631826873757685
24.677003422793664
24.700943261525335
24.71868837500057
24.770360936282813
24.792223436068006
24.81381337562985
24.867059231107515
24.89019150672647
24.937994026444862
24.944821213862497
24.975006589349537
25.026168457683358
25.07518221909264
25.162811352340203
25.183413737747475
25.213192111535424
25.23310460036185
25.25487956844675
25.313831039116074
25.35488352649032
25.378907482464662
25.436682499033406
25.48312759835063
25.51539454995115
25.531580318086206
25.561675204588823
25.657400017914743
25.666025269782768
25.714736171634627
25.75676451543117
25.813139656645454
25.846563885356126
25.86369077282015
25.917171006405773
25.954746224573828
26.053961009910964
26.081283380128955
26.101053407240958
26.11889633361004
26.149767426957048
26.19566409074466
26.24051151183848
26.33929201947934
26.352639213638398
26.385747686216497
26.47945596495612
26.492990589540984
26.551287963631403
26.60405100740106
26.647416289336565
26.68380116546078
26.69484310128804
26.77313067211239
26.83010901158195
26.894187915714383
26.929186682284087
26.951122464022927
27.006087535641782
27.025094872183573
27.039472521699466
27.112319732523577
27.130809638652973
27.185229949924842
27.29120551180847
27.31491496966264
27.35665480454356
27.41172769884186
27.443802335339107
27.484658045676618
27.48929205705774
27.555540108771517
27.62549100942737
27.670441114633928
27.709080195919736
27.75442084559154
27.845262563812852
27.89684952115438
27.965465828296754
27.999211344625536
28.048644928559614
28.07226725424845
28.178081554238574
28.221558570421003
28.26861150684843
28.335495283124008
28.478066121773868
28.506313379684503
28.534201500330294
28.606331349701346
28.65003965784032
28.71153467663294
28.726588208679665
28.764496527566536
28.818721369483097
28.881633072462794
28.92764698730225
28.973601350585355
29.045893740804136
29.051279138700156
29.12628161435829
29.143582717669034
29.213771353915664
29.244689147345976
29.284847968371963
29.338870095379985
29.446179844574118
29.487271205394126
29.56259037673614
29.6333680201329
29.698652804929463
29.85720786568329
29.874652049564208
29.955615850218898
30.01704311037878
30.121290884908646
30.142629976137247
30.275737466866417
30.286888132567803
30.309999164617658
30.424998705409415
30.511294395387697
30.540907241719
30.618723725442145
30.72177389476925
30.908728203331655
30.916658490625725
31.03079269281126
31.115165649704302
31.1470622025347
31.266223121533198
31.322584976866867
31.40870437192237
31.49316690492836
31.518721203451413
31.55525907330577
31.58775953731898
31.66559876371557
31.85040426588676
31.886581601521925
32.01716707352845
32.136557487231464
32.23162594152801
32.3688109224582
32.496935119273886
32.547203133653696
32.686911899321956
32.86194784153044
32.88819570600383
32.962501775311395
33.06992673704764
33.09683810981911
33.49492275078197
33.602879730093214
33.867913806941914
34.030394845115445
34.29564792758804
34.469348530667084
34.65841541141557
34.92411651941948
35.21631896357057
35.690460977900294
35.981303904871645
36.63028394040625
37.13771363307095
37.38718724364487
37.44926779520815
