0.0
0.0
0.0
0.0
0.0
9.627087125840989
9.961168614689846
10.047282366605444
10.432713353641564
10.435422002175041
10.675116119630355
10.697766087508652
10.89035236860158
10.999397672922834
11.230169170035293
11.35428865700077
11.398716619565592
11.454826904468266
11.661159078347163
11.667359550127644
11.66945116138175
11.7542123887214
11.845111738522032
11.992660038167815
12.09085403988297
12.29291459115981
12.346803239802563
12.351113495192692
12.473530884749122
12.483115545598944
12.542144320449466
12.58438872563961
12.764489716867171
12.884484043681546
12.895035344918858
12.951720561241856
12.982659576582051
12.998401435731259
13.057287719021765
13.076340315843233
13.110954085391587
13.180227308438749
13.217534915902426
13.32286343524798
13.351310928352024
13.36528705796956
13.519964092153318
13.539999488397891
13.581496625802835
13.594967646207575
13.611130915764438
13.668466033876236
13.68115526711011
13.685134718965204
13.697793720621846
13.811512719405261
13.85411683028408
13.870895415529054
14.01020109440286
14.062671223065943
14.089535439202754
14.104889432828225
14.127324368399405
14.138324081002498
14.139862020147575
14.30923220673388
14.338374043025398
14.405968291245701
14.430901448630925
14.447775642618975
14.482627502673981
14.499568622864308
14.499572398890093
14.54377998645477
14.574516173831334
14.618077605644366
14.736810608144047
14.900315730348103
14.915001782333958
14.915628016951182
14.931838702427438
15.02809047959983
15.047874915056745
15.048811182107887
15.057251454372636
15.077372765209269
15.113575640670105
15.213504859033756
15.238749854331035
15.332857725632104
15.334981247925612
15.336376976588001
15.350132878126352
15.45667910630766
15.470466295154983
15.474234325764122
15.474615014301158
15.514511269009962
15.530553438858671
15.542980224485186
15.592176296411722
15.607390677658314
15.641892830538385
15.648460973808001
15.797789818762135
15.806506571092552
15.824169914366488
15.896180840212065
15.902739411088781
15.93843954487283
15.96312187295276
16.083959980641882
16.134801209200337
16.14268933354058
16.17042493494578
16.18640495385789
16.20896161715964
16.212284240039182
16.229065431181944
16.33779921658547
16.351970292167888
16.365137130959145
16.378751000784153
16.45887045349319
16.529170760971084
16.548153781771834
16.553833078547598
16.573264490952862
16.6808537069578
16.70067831683432
16.703672923520312
16.72813664875733
16.831014397019608
16.83603356054316
16.91323332237773
16.948821123620267
16.948971884582836
17.0143617309178
17.060818156926356
17.12531987332132
17.13555619651031
17.13957731951329
17.152790584537797
17.201813200666262
17.279511271321024
17.33023928054265
17.346691274167775
17.374461744897303
17.41810641742662
17.47470122960584
17.479090490916636
17.492072216949634
17.52360415231224
17.572577191056585
17.652164722615876
17.665941868786543
17.66875793167547
17.66983267193466
17.69674459236474
17.703362222876297
17.718559418061822
17.832426740264918
17.84932336519862
17.87630373686082
17.883612560753537
17.900556774758076
17.989143691637825
17.99147682672763
18.023578298495107
18.06430288519731
18.07375148236035
18.102361824000937
18.133443465346883
18.141774219414945
18.169136144675207
18.202957039913475
18.25681313654747
18.316404724755838
18.349244606416626
18.375619049949865
18.420873357831244
18.440475195297143
18.44252723450985
18.446886416953923
18.455505455634768
18.484507861100283
18.64143597592314
18.704913262656795
18.713646974833736
18.733632170529624
18.74254270782721
18.816224206947236
18.851650732080074
18.92055057608309
18.93713131908844
18.945764029317072
18.9519423265272
18.978034191009154
19.066150654866203
19.10435448954564
19.15235004253234
19.189306088869525
19.22085578849129
19.22385162609362
19.270529593455073
19.272051033628504
19.30551824772048
19.31255765550502
19.376775260958784
19.38703491712801
19.396855487869257
19.436688004196277
19.46640896286466
19.518507062611413
19.55011719547213
19.583826388820334
19.627571754014163
19.672251603893685
19.681534611189115
19.701531475789082
19.722273642213096
19.77008614216638
19.811008903920023
19.847738516878366
19.90002499342297
19.910222287003066
19.95162837623206
19.956791330657243
19.983950699558598
19.988539915519258
19.99785569591818
20.003153213191496
20.105752896350783
20.12774616025096
20.132584783950374
20.201130921565564
20.218365066457025
20.249663800757393
20.373269083887465
20.40091274763892
20.459467438414087
20.471119775787546
20.513041834335255
20.58483363379205
20.62087100699766
20.621579701917994
20.649269894760444
20.657876316757857
20.664565926046052
20.68482819720454
20.73546868485864
20.79695954423189
20.820779283734296
20.83348010099432
20.887049090643135
20.952046937882518
20.964169781829593
21.003968660798975
21.03935007963963
21.05679918965458
21.072644897010726
21.094697456575002
21.09837125451163
21.17399672411992
21.188883941889156
21.195043715408325
21.19748983218412
21.33301962807177
21.35190920626862
21.42828075219177
21.432947910692622
21.47419014131435
21.514888408892578
21.5689379126814
21.599339617508683
21.604653304823476
21.626874080054748
21.65934029735765
21.70775062930059
21.82235024495756
21.84309010206082
21.84910389624695
21.878167733523338
21.882140217117275
21.90553218003483
21.93685549674586
22.05128237062577
22.073598119273548
22.081107957383374
22.11470018766507
22.133381929688422
22.17267597713635
22.20066152923608
22.235723000088708
22.2447046825355
22.285570930527374
22.319549673434906
22.340822022967973
22.36526439081761
22.392486901280527
22.41747489593963
22.461750635542266
22.520378399036485
22.576518405041718
22.644280307741305
22.682971389378398
22.69215362017139
22.69474698006277
22.70904735764844
22.73866865684093
22.844188823112116
22.865737881930865
22.913760028876176
22.965016644526422
22.98826290133198
23.001362569884083
23.034378582226488
23.105566901693493
23.12319286341374
23.207293182194775
23.23644885991586
23.24082155168677
23.28286136294128
23.29040057114725
23.316029869813004
23.37309262840247
23.38195104231467
23.421471395212322
23.447865961258195
23.448017153754858
23.465487363986657
23.523161818778892
23.566175915361143
23.631648090932718
23.672066743468623
23.713420996350294
23.751855721662537
23.833535706751018
23.842642541316923
23.873212492463786
23.889065161734905
23.937988810388838
23.952495749710636
24.021349547574133
24.045686759744846
24.133881908740946
24.151146682325372
24.153989975700263
24.189773971451896
24.217900833899925
24.23259977179482
24.29197345615889
24.326924564850362
24.413419679691973
24.435218580836878
24.462265209264665
24.480710123260728
24.534382499427693
24.621174076396017
24.639239890470193
24.659012868423282
24.71005565137733
24.751009513433377
24.776349919476854
24.830189879078425
24.84122033650154
24.853711318727512
24.88525646025919
24.934564726893157
25.02502873737789
25.035068611473605
25.101187978286557
25.108424830445685
25.166653427469054
25.1893866870451
25.20783353042516
25.21377938312232
25.33091305469996
25.42894013716149
25.451860536020543
25.528677554511667
25.56452632238075
25.573727614102225
25.59001975218516
25.63429801198338
25.653298455587866
25.67074019194382
25.676100746639403
25.73743357924829
25.806695295547357
25.850493696751396
25.87772212033602
25.900707279015943
25.976710150579937
26.021150819948904
26.0420468875667
26.043365878300623
26.061715458366603
26.21855900684953
26.265354502167106
26.302232462103316
26.31655558042768
26.32276934848442
26.36672289381452
26.37652722813635
26.547113343154038
26.66146449627163
26.664774358986794
26.683364587324686
26.68721046658595
26.753989003331096
26.85335041882138
26.87697544559787
26.883723732806438
26.92373040810341
26.996258539868762
27.050623516237003
27.10242643506102
27.170135366597506
27.177172734050675
27.21772170366082
27.223960846923525
27.25058909463881
27.298539475917217
27.33439659418606
27.375317518229043
27.47837573206984
27.49448229474092
27.617215226247776
27.71309029635962
27.829570269233184
27.883383111285994
27.929856921383497
27.966366134552413
28.010357438458342
28.01662800335872
28.02504323941764
28.145966119519088
28.215010652043173
28.239901358716843
28.291244851824096
28.311506022201876
28.326748697484106
28.399708759463223
28.492713538841915
28.52729835129605
28.57238965443968
28.578755067794244
28.726775676305294
28.728328622552695
28.820923686840747
28.829543985396835
28.86389912469226
28.88150197595058
28.98043278959167
29.009624133030975
29.035320767740153
29.050349862117795
29.096338470273274
29.17439298640308
29.241623970132533
29.287240263953244
29.541606413879798
29.59024855455643
29.694670515758652
29.70521418259989
29.93241658404716
29.958397015598596
29.98233510508208
30.037783195092878
30.17217802440438
30.215558708462154
30.285417255079413
30.374996205780086
30.390826075652676
30.52886394521209
30.589500225196332
30.644494650488898
30.937032621278007
30.986656099735477
31.053297578345116
31.193833974396757
31.239024500319406
31.28063147827642
31.362860286511026
31.47514636588569
31.535105381511265
31.915875640497777
31.958700456890483
31.961898880491045
32.09168676640629
32.25786286612467
32.378569027075535
32.56399916885237
32.605987264041126
32.821631835660604
32.989813105592305
33.018014522208546
33.52180470693956
