0.7472030257490858
0.8454533761894597
0.8538679150300926
1.002776009070953
1.026852946676963
9.661075846824087
9.918261331422219
9.928922891650107
10.39273365078122
10.553356572306228
10.798446956859143
10.833706601160738
10.914017297232366
10.944666817113454
11.427645762373727
11.47763414523856
11.572089608204104
11.595715637232965
11.672701824692359
11.850711952312983
12.117611834958982
12.224015237978422
12.259012213652074
12.34453449997562
12.469956808447352
12.513644238649261
12.547636261936498
12.559463655730443
12.632572801102448
12.678503858165628
12.685860250565591
12.716578639628748
12.827721989041686
12.880383630202966
12.957020836135527
13.060528328203105
13.10856417806858
13.251757970983789
13.28649009809288
13.337708065665403
13.357568669316084
13.402189464338727
13.454220539507151
13.477497809100342
13.506109872888391
13.520080250502312
13.543706869729139
13.64848961348224
13.667019917851363
13.740951605644511
13.775056722261528
13.872515610356993
13.960603727314982
14.006585010277709
14.084961056840934
14.100201110227186
14.125188510022232
14.175267594224296
14.207413305277129
14.30174537463251
14.31826515711609
14.328167209544487
14.387436954475273
14.427600755069781
14.511841518449463
14.550961494671173
14.631924752091093
14.691368033336502
14.70978259457373
14.75819257194298
14.783994667266853
14.838010704875316
14.862470669088898
14.88697603860856
14.910975282174356
14.982674096018094
15.023789777704692
15.061086428403799
15.116355649156919
15.162118515851
15.202357541640449
15.251144286261374
15.302170201998948
15.33944202676093
15.388752064980459
15.414578068354933
15.439217390078289
15.482144027455444
15.508697758874167
15.547954396628096
15.623751288659959
15.661451663104565
15.71210924613443
15.725493549129927
15.742697504436263
15.793224877801284
15.831209158032104
15.857643217568846
15.896896109023109
15.968800464883364
16.001544755292628
16.00524258049507
16.08501970882761
16.126810519234407
16.182167383931343
16.2232339759081
16.29280334452265
16.316129386939732
16.399903442040205
16.405983186532897
16.44707124219172
16.47887868634329
16.528971074195024
16.540390995003865
16.608652076354993
16.61152193988616
16.654697911749118
16.666426895134283
16.737970513678427
16.79082357034152
16.83601008931946
16.86037597985871
16.898928780083196
16.91522185683226
16.95964902203432
16.977558375195336
17.046268939874533
17.083255556632473
17.12662368736055
17.169570773846797
17.176521284511747
17.22716513801462
17.260965365280835
17.29801638266142
17.310411120810787
17.355957338498314
17.372625361660802
17.386548449895194
17.41060342479533
17.43392710897566
17.4793246246657
17.492355080298072
17.531100834544976
17.565977907594277
17.605803917362444
17.651521531795954
17.669913642165994
17.70256713097649
17.736104670734868
17.783746878289115
17.825196379699385
17.895889093417534
17.92832057346888
17.956330431406297
17.993982074243274
18.01675933509476
18.062767648488155
18.113016838653493
18.133613833472516
18.143782798640327
18.21288535332292
18.255589112687424
18.278624934345547
18.332291198964178
18.349162121845968
18.389840144828618
18.41718271886679
18.44552859098545
18.46517761452783
18.533840060253365
18.56732420695652
18.662437909510604
18.670108952245034
18.68111016470987
18.718160896522352
18.755090810305404
18.80669495813681
18.84786412799985
18.849231054165937
18.895157304511677
18.90406767170228
18.952075945684705
18.960380766416193
19.02315507254752
19.05162422376837
19.077043538269454
19.095559853904266
19.129853805478515
19.17189848114632
19.219367357263177
19.236857522593443
19.271060268723605
19.302856557518563
19.362073216261926
19.399828202576362
19.42763565405947
19.493033871804776
19.513803063091213
19.536019387021348
19.565252397348026
19.64398184283699
19.66411590485639
19.678009340255212
19.702669278012205
19.72718556357631
19.759511428336392
19.771889315819436
19.803935707151137
19.871560946328135
19.874250731817977
19.920290704579127
19.924126065350066
20.012304648186767
20.040396877808963
20.068600935793754
20.14305997103719
20.183555012775134
20.20137448806287
20.222722280556372
20.253869425317205
20.29179359424236
20.32033273200113
20.3298909548614
20.340900989887707
20.361981274860803
20.427917315863255
20.48380106989007
20.50398878756273
20.5096796341917
20.556777482813235
20.599819674453578
20.659313549676263
20.678207064055343
20.699183592449756
20.77514060668675
20.810971741528704
20.87005454822985
20.89376332877826
20.93050340633991
20.96786640471705
20.97412761771313
21.016997781229726
21.070977343910712
21.11795852975331
21.144794627924192
21.18506665878756
21.19820139311753
21.257605136991433
21.27005154037602
21.309975110611774
21.32882228765223
21.36261736684975
21.401785024273735
21.4228775686549
21.476552030646932
21.50900111591435
21.523868870454013
21.541649511272283
21.580356951015588
21.621120824525313
21.62912801621848
21.718648483206373
21.758834006483696
21.79462895549163
21.803198520323505
21.83716262756046
21.85984750333368
21.871175471085596
21.91335850986117
21.971078160298006
21.98610218753594
22.03319559176393
22.082893869558948
22.10605384771584
22.14276404819006
22.16771149615876
22.193235498220115
22.24683664927988
22.266342656540957
22.316297520427117
22.336250472453717
22.387855682051775
22.419289238661143
22.443771575287094
22.4670993098235
22.49322399399892
22.550697652676057
22.58417550834442
22.60570182422652
22.66513354125074
22.734262647778873
22.75684031867315
22.797449555356945
22.80259973793893
22.83936746390519
22.852827701949543
22.918169779128434
22.942285720895864
23.023728890412723
23.07921303379509
23.092995272067697
23.09865091554445
23.13459235550408
23.156439123686862
23.210605721160096
23.228773996462856
23.28910933039689
23.3127837546984
23.364865581993133
23.382657268319747
23.41998069498966
23.44422897496103
23.47841493237787
23.525056551007214
23.58915992807858
23.594329498010076
23.686555423834314
23.74232193483273
23.75933561582875
23.77951716598257
23.850417562038395
23.87279941009786
23.914670862386703
23.94282722355065
24.027854098892345
24.048005692753517
24.076366842467888
24.110316191205595
24.123512909356666
24.169807865741983
24.207296071870015
24.265822170249105
24.275076741140374
24.296770237624813
24.351152295120034
24.35785623801095
24.396355216972985
24.452876564019068
24.46334435835295
24.497119472908995
24.53440516928213
24.56724764118785
24.60524341854617
24.662266427676727
24.705454617736827
24.710595692089633
24.75381907390718
24.83155850840936
24.884373456897126
24.89529858279259
24.97980717727395
25.011999163799477
25.06414087369372
25.06701150628437
25.105998748687213
25.151404198034395
25.16444309062723
25.19740789849096
25.271883039062452
25.346463687034895
25.35933054446186
25.401518516576047
25.47470947591653
25.527818380435207
25.541160045985617
25.599210643987224
25.61527448091035
25.64877580290419
25.688978916780492
25.731476010702092
25.77563038218203
25.807802864035022
25.86417682224142
25.895813698351525
25.96187721618469
25.9820043905659
25.997772451123396
26.027402975234537
26.12373481354039
26.154014202900793
26.175959967710003
26.222334363516968
26.272027375808733
26.339056866078025
26.3665864117942
26.386595108414152
26.433481533674072
26.44670679816594
26.47613755170537
26.524946204048355
26.562997227738464
26.60772401875496
26.721986599767643
26.746642733822537
26.77582649118807
26.813151363126696
26.852369368057577
26.96600356445112
26.999091890576135
27.023587853939983
27.060657565012864
27.114870213225874
27.193859024825475
27.231938943954994
27.25168169240721
27.278040271634847
27.294783762213857
27.34512960682938
27.42084219702511
27.467705550125054
27.52915695155438
27.58792108805628
27.650794682172318
27.688765157839164
27.712862043365323
27.74647487584215
27.841506708827172
27.85309763542271
27.950291165838582
27.981538259389527
28.033501115320732
28.109074810346264
28.160174701831323
28.177348132131552
28.182406417570228
28.251140308749914
28.268622547544116
28.308590419261453
28.39327414529264
28.476003342534433
28.536542714508354
28.56740686152041
28.612063443120434
28.657508553048814
28.755271984684466
28.815569859550596
28.85422436439442
28.89881641463923
28.922206730670066
28.95455663543781
28.98670813446785
29.04627218485785
29.141848815742865
29.178753862259114
29.32861686113129
29.413912599328604
29.517354859073567
29.54049918930233
29.65959090794835
29.719259448760337
29.797691165429047
29.868255140119842
30.045416063333494
30.07020971603035
30.093007390336947
30.1639513262327
30.214964599146906
30.263809842816062
30.361716748984964
30.47437586487562
30.5425350633222
30.57817652655274
30.604135971392875
30.63616982306455
30.765178881732712
30.797540317269096
30.964727499912893
31.032137233250996
31.053947127342315
31.167057844447513
31.308159395494112
31.489722568996473
31.711115254486653
31.798297721202335
31.838312194463594
31.885858930331064
32.11540421386504
32.143610089068495
32.25984867803511
32.331721944713685
32.38076768684612
32.44138123027409
32.57293917604639
32.60010291487253
32.8112958467954
32.871770246016766
33.217213720243905
33.40075728310319
33.43701613813193
33.475866813954994
33.53415692562292
33.68481936916614
34.19435168997597
34.275852253598934
34.43445886573072
35.03528775438082
35.078990475180355
35.600047860901014
36.957770653904554
