0.0
0.0
0.0
0.0
0.0
10.215236190402855
10.491788076245488
10.67485460814714
10.847277508210917
10.893398317496326
11.153818809755428
11.25650146973158
11.38914265862408
11.411384556046807
11.414860782640007
11.537226378744222
11.55292434754141
11.779840150011072
11.805844496484388
11.83289406581504
11.84611531080955
11.897533413253864
11.94333476648685
12.10043330686205
12.10627033245064
12.117213946230686
12.214707418306192
12.230584970820134
12.305638356382865
12.317387021742029
12.390126918457533
12.390426099967451
12.459550715286706
12.531948839562755
12.589814133084321
12.595363943014128
12.60326842213996
12.64455581921324
12.73026365514458
12.801746950392813
12.833561823699897
12.924585694294004
12.949146911380243
12.971207996217402
13.029500496949987
13.089700389571975
13.090192158802605
13.117857611968542
13.120394086979285
13.204512411327809
13.231043769622614
13.277738422714137
13.426262203764379
13.475762669564787
13.488189978818912
13.544083473089112
13.564241960013673
13.585809202866882
13.645208039085322
13.652167110599127
13.658336080990365
13.65975160125431
13.684584122648356
13.769208371440621
13.793584010595493
13.80673513607585
13.819829465761442
13.820922135593705
13.839476457633891
13.925358410817983
13.961852620311586
14.026056137711155
14.185002300414508
14.190331409973552
14.194661610301784
14.302479972837293
14.378723567484833
14.388687664550748
14.391598740247524
14.432001044031898
14.49548175623893
14.575690710104496
14.603013412481861
14.616027698202542
14.618195084289601
14.630527588818671
14.638606748974691
14.693440814094574
14.760077519627572
14.842538713850374
14.894768930044675
14.910159067706225
14.969543201770216
15.022182420406134
15.055467233386013
15.117699860678238
15.119581092576643
15.131025689654544
15.179267004184002
15.241487002855612
15.242480969891373
15.279978561754428
15.328020965012511
15.329961305852398
15.350275996141283
15.358829317583233
15.367461227429583
15.419724777311231
15.440969813145294
15.44993470513128
15.57820524282609
15.630665269003954
15.65150280512731
15.679360786128036
15.713471232460586
15.774523156982664
15.854747234355559
15.860212883406096
15.920761823768508
15.922756858430615
15.945154120056873
15.991937983797092
16.05220258549958
16.06616284010646
16.070034823451234
16.0724847331067
16.10871400653784
16.251273557784213
16.27239327115883
16.369279570893735
16.43855927458267
16.44922800004285
16.453401082653556
16.453543824317872
16.48118254368294
16.49709081933817
16.510019081558703
16.555535223091994
16.64847335265485
16.673601317656225
16.75986009788869
16.798300333318437
16.809588394986957
16.906043950941417
16.927720876893186
16.989425473033577
17.020962767405102
17.036186305297043
17.08959624366749
17.093071962761474
17.104385729345886
17.13489962233984
17.151947266832746
17.161829924801353
17.22222247593416
17.30398651882124
17.309213322877877
17.32854258471475
17.349955084767007
17.388035483103632
17.42250060790519
17.431099004523166
17.43604356135741
17.452864651277743
17.460368399977295
17.558869037549073
17.583159162432153
17.595390046179872
17.665126185412568
17.695526952956772
17.719988220258166
17.75812506340964
17.789960412432514
17.79027304536169
17.844042318579337
17.872964120816405
17.998915649190828
18.014915045093744
18.031427295516277
18.048592238328595
18.05152348424638
18.094082211153975
18.113067696593887
18.12372355096506
18.214317806713606
18.22125933739374
18.22384638552703
18.271663541438883
18.313577572663394
18.326252462434848
18.360217492361777
18.38300041333739
18.39019467630594
18.392285555366538
18.492731956516668
18.54503812488117
18.56242435188937
18.57467796774318
18.587558553050012
18.650858501338217
18.716120569965053
18.75890809817809
18.77670109813283
18.851090674478
18.855310730543888
18.857225719884788
18.867210100001152
18.926297770502735
18.970094414737286
19.03008589521653
19.0775204082434
19.10132843999836
19.127633858600795
19.13818346615205
19.166994912070518
19.208731820259818
19.234859875729203
19.248516468811573
19.323645566097365
19.339985705026784
19.344000230765925
19.383796274869322
19.417529219682667
19.47414123190441
19.544105005965385
19.59602620029368
19.610196748292186
19.61583145380717
19.658214505808534
19.68082468237405
19.708685561547266
19.74175048035124
19.779171948726923
19.80050175415416
19.843653230613747
19.85675610960667
19.87070439585545
19.889180943273544
19.9244486866947
19.989247438194845
20.01790145917205
20.047787205065877
20.0758720095497
20.12710534785031
20.139832373142898
20.142860804728453
20.209742077367594
20.265039916072958
20.285913059231394
20.321594015785244
20.39122673170159
20.473125450993177
20.512672867878585
20.515377881621397
20.519366346476637
20.5653771458683
20.61804691947174
20.640695459301224
20.698267168861914
20.71859061823612
20.728127043575473
20.733105646073025
20.804128613280735
20.8339203569439
20.856859934938512
20.910198022080067
20.94567727703329
21.02710091429797
21.086653545893203
21.0869159368087
21.10926001532523
21.15595622173785
21.176910594450305
21.184899672965056
21.1900783601497
21.236384029708233
21.242117610668064
21.299998799223733
21.413237253150626
21.449699311337387
21.478870854539295
21.515796792238028
21.52226453883907
21.52819084211559
21.615759643519237
21.65819486313854
21.708389268304813
21.72127664756589
21.734676628690575
21.773322688239936
21.784911023303497
21.786996615517577
21.79915426144373
21.891636036476132
21.922196607742677
21.943875631825335
21.98009991846121
22.03092834616199
22.053757013434232
22.05960875383116
22.147268910079205
22.186498883016515
22.200987448958145
22.22853814863098
22.30278395128166
22.38638772631382
22.392421229385498
22.404138287258792
22.420195532396303
22.46687412805114
22.505205805481552
22.53818426531515
22.546650378674688
22.609305500025233
22.64354934422372
22.64442399117697
22.674508247548154
22.70033281404436
22.71551874501583
22.827442323962348
22.828478070104616
22.860966945551322
22.901274485691815
22.952909242354714
22.996690775681998
23.030031263618834
23.08187276024649
23.127119404865123
23.12966981356978
23.13797791908718
23.173799758099683
23.227558308308232
23.341931954164313
23.370118032974215
23.375395573613808
23.383886546393583
23.405323342683655
23.405560817604847
23.4947029935297
23.559605143299187
23.587138187878924
23.606148291691163
23.625376200624896
23.722649887341035
23.73733591713441
23.77735817040597
23.78510198195622
23.785575484105742
23.81835642305089
23.920629745554532
23.951444429413694
24.05075103455402
24.053022283149698
24.060734211250338
24.08247021799049
24.108097700800215
24.111784204388805
24.177499092960893
24.18565023995689
24.247127911887706
24.28348795960174
24.324262417615408
24.33301954079566
24.357135405267513
24.401867026259957
24.461302491346633
24.461628506415256
24.46545305554288
24.662102655801093
24.691265563681053
24.725701842956145
24.758595909482466
24.801906969745325
24.899549172097757
24.91632210104812
24.970913417511394
24.97509891434554
24.99962068503254
25.067151941575048
25.10815189758016
25.152453970315324
25.16873727152329
25.197003914868752
25.20957443918807
25.226252689253688
25.318324118310784
25.331381172477073
25.372739746646122
25.442570145534503
25.44391432433607
25.45174630453553
25.480990099552795
25.597602766605515
25.603640729935314
25.612165878891894
25.727413705579497
25.81393119894156
25.834304143295203
25.86873689538233
25.970181523320893
26.04091440657638
26.052128338354038
26.158610537332414
26.241905434159076
26.287893080506475
26.293083749191158
26.321275437160832
26.323216457915294
26.36916262574355
26.408586026060917
26.457355318356896
26.474545130592944
26.560618313287637
26.59682544154499
26.635362652512637
26.772041647314392
26.804240955569924
26.86633477427112
26.928488535778516
27.002751347664624
27.03750905991179
27.057992901864374
27.084969989158072
27.138854831913847
27.150173006037864
27.216401813964165
27.30401875913331
27.307974088816085
27.34265180458399
27.3817145799621
27.579518774436167
27.581261678361187
27.581291454320947
27.662004229786344
27.70971118350878
27.71105446064572
27.746212716102963
27.81528474599326
27.901305628058136
27.939982018542093
27.945136721442953
27.992229234274944
27.99877684847672
28.021562231428888
28.172750328352976
28.23876288656948
28.315939446284577
28.321164414797906
28.38460499354483
28.584297845600233
28.59464769571936
28.623160149138847
28.663429762051877
28.73431791878361
28.741721675798647
28.87857459834279
29.011255585502767
29.09953288631437
29.12275247499669
29.223948714651428
29.277961344664735
29.31411551135125
29.43329659918594
29.4731668337882
29.542524125482345
29.584732721756446
29.67093696252238
29.699253352961552
29.918737000545732
30.110064586596266
30.222105767948005
30.22295386213582
30.2601299526079
30.357452476243985
30.36953367595543
30.37985638996755
30.541823253129497
30.69526255639574
30.71484914182571
30.866029638698762
30.933201159623227
31.13307184533425
31.285226368577447
31.31207956564214
31.45063858698713
31.706372809234026
31.82187534276913
31.861455710399404
31.940434817455714
32.06527278729788
32.09428714330339
32.24567129024887
32.30034119537271
32.39225232973986
32.647972734517786
32.87803735519677
34.07076228816763
34.2986247865008
35.51180655202137
