0.0
0.0
0.0
0.0
0.0
10.384481915969733
10.59172236018439
10.652507869763875
10.865742332998082
11.077356691938443
11.14589995537515
11.201303514781655
11.215563414012516
11.246120983938287
11.371334671643437
11.54857628415311
11.650284565527118
11.774421729505548
11.834880198650733
11.870004560849202
11.934746549784105
12.026152119988
12.20126304839537
12.284017869831628
12.318020443118575
12.331823846123623
12.36674928314532
12.555165121341485
12.56254796294201
12.566168539131455
12.608433160884383
12.627293386709674
12.794195932861092
12.838619385447432
12.952986992843813
12.977113671424652
12.993376914324571
13.044949863313999
13.060932032974064
13.1961487500704
13.23221399060422
13.352852083358282
13.41256119222811
13.418341097229726
13.477903975837693
13.48886151848786
13.52065102800373
13.582943013979513
13.600088719638574
13.623376871343991
13.639940268578718
13.736405269195107
13.862615996259533
13.87877004931295
13.898717579382279
13.967822779190149
13.972687102723757
13.99369348825625
14.01329086844511
14.022559362696589
14.046498154953282
14.098986938003069
14.104153328160198
14.12112000652898
14.132856610959749
14.174265493888342
14.2531805420518
14.300984167160154
14.312582572976487
14.467846284072104
14.476293508512917
14.482363906282798
14.52423042560849
14.564569786285231
14.621318106909023
14.644557137091349
14.680593179619153
14.702245694674493
14.785164363493635
14.801369101781198
14.809523755381887
14.810835307931857
14.89297185558071
14.920059173755398
14.927135865047543
14.963391752486258
15.060977877323673
15.0749004682338
15.113445964000201
15.130765893111596
15.20964259969092
15.245158575130306
15.283331987843848
15.28568038740251
15.302801140692775
15.324162805585187
15.415779007661538
15.434830077330194
15.44550201774715
15.454129843106127
15.651668668870297
15.692109301183947
15.707087058042198
15.780103950949528
15.78511713098613
15.858960972672717
15.921581041347002
15.994141096203261
16.013239768227926
16.028129401961166
16.03721351610259
16.047833236384964
16.105543868195625
16.133840198721458
16.223873909865343
16.252567098074316
16.254421856714593
16.26412344395837
16.301628686424085
16.33099747103515
16.341599339211594
16.360903449490753
16.410918573888406
16.415487708186085
16.42234966545677
16.438474840212884
16.50316651789333
16.55045180669795
16.55660585877725
16.567552329621133
16.608184946276673
16.61744594107502
16.65396078241889
16.665788163292806
16.67715506589732
16.83084003730002
16.840805279073585
16.84207959030214
16.868642031946397
16.869502087008456
16.878838883524942
16.942083336757545
16.96730421426195
16.991314007236713
17.046266126618054
17.10095569169107
17.104405569055388
17.169544808234896
17.20466618400849
17.295040577519078
17.298579650945108
17.320032237804785
17.449027048795227
17.477732483202235
17.48724015538799
17.497858136525988
17.505959542885154
17.541973996064502
17.54234271198123
17.569812957609624
17.60908678888608
17.61767938673917
17.639005509871236
17.686343182196982
17.778712239164655
17.797166452954887
17.81599630074437
17.82862258445312
17.87969813535358
17.884555683101297
17.90834994294854
17.92211238682065
17.960309507843085
18.005605658884786
18.03299697012317
18.035189584794864
18.059232466579207
18.096413626204548
18.147225335479277
18.176126923873557
18.22270448060855
18.28933795939515
18.313298551386392
18.371341005003277
18.438349440659167
18.491372810204894
18.502232741836554
18.504038903227762
18.556956754792097
18.596473255098136
18.613378886590198
18.63550850311606
18.648708276618486
18.711320317505955
18.72554769962975
18.734991335404747
18.75348025295726
18.798752786299048
18.881358670453814
18.882346477305997
18.891672121772235
18.902343672683376
19.011394816590638
19.025066451940265
19.080452629470383
19.108282513982946
19.116594665402317
19.21591717393544
19.21809450247732
19.227212150087574
19.231497166799024
19.307757678352367
19.314646890161736
19.31517009013501
19.37451836226235
19.390794561280224
19.42313294052114
19.436008410569933
19.44320963194825
19.4754256975584
19.531826769019034
19.559489417758996
19.609986200488784
19.61304971713406
19.642662155243972
19.654124908871243
19.665116680892037
19.71504545547099
19.71771053849032
19.8151179254825
19.82832630400226
19.84114129123274
19.910079770907284
19.92802596405142
19.928061146409753
20.00272120090626
20.03555275704851
20.047638419948164
20.118377220918415
20.127553387565545
20.222346146377912
20.260562797494057
20.322524663169855
20.32316764480144
20.328515611220702
20.35269604511831
20.37302540594211
20.397608059589174
20.398841175970723
20.44766535235592
20.45323863700647
20.5424759802652
20.577574555513966
20.593820297625754
20.600770382556153
20.63109259652829
20.67615553947895
20.685027528883108
20.78701059647701
20.841102162328074
20.847708990178614
20.849371721163074
20.853191486491347
20.878588230038094
20.95632524069784
20.960419304024384
20.999277232202182
21.03899335436459
21.05726495599573
21.086319951194074
21.091441634862253
21.115663711579593
21.131883613094356
21.1699443373461
21.187549567486837
21.26270406633763
21.28341360112125
21.317061852973076
21.334017498216138
21.39355055738031
21.493926913917715
21.55993766862225
21.566918770894688
21.57146695022657
21.661380839923552
21.66878147486418
21.682649514653903
21.72938472910977
21.73124850906541
21.73141252690909
21.73465050573788
21.8260126879673
21.832436294375913
21.88452250230335
21.976433900184848
21.98820215769695
22.033035779000535
22.042253806811047
22.059661185215408
22.083994664530312
22.085572038463766
22.118755864677006
22.12841018010227
22.147112808694597
22.19038331910618
22.29137921020612
22.356103951083497
22.362616093950827
22.436272940350477
22.438144848600476
22.46783746166665
22.54636154949431
22.56714348498958
22.611214504160714
22.669849821415596
22.744944390270224
22.81429225156011
22.81886156950437
22.839643599572778
22.855681986242207
22.866932763476584
22.885498971512348
22.92972972953248
22.986435171580307
23.085950882840685
23.10419364160962
23.112376901419424
23.13982297308332
23.21453323526606
23.239956363596672
23.249271122082135
23.252161971928885
23.287222375134355
23.41854960993077
23.43846635170692
23.45452309363768
23.49048651402377
23.559335589144005
23.59822707000575
23.60633420820177
23.626309713761128
23.69272715379869
23.700714187634603
23.814417170763242
23.860222899445247
23.883212238203928
23.887838000774543
23.89452816097088
23.964030012318545
23.96574660354343
23.992197600680484
24.04137924743967
24.056494035229107
24.10749065844779
24.153239393586095
24.175949211639868
24.22480101565259
24.260511269649168
24.263313973649446
24.32328726735132
24.44813642733106
24.450424863936448
24.47350282591196
24.507333829471342
24.541553982654786
24.70527945852689
24.714262964531073
24.71638473628265
24.743177968516857
24.762991892674332
24.772751090432127
24.832950600937988
24.859063788599787
24.89206191596859
24.90198144178528
24.921867234332982
24.954184411747057
24.96333629427804
25.11713303601991
25.15631438605091
25.221743413974423
25.256484042310476
25.29479559022544
25.310552040572112
25.316029447546473
25.39505731470586
25.40917586477354
25.440353639809242
25.460186517518796
25.467621296426422
25.54426873783125
25.54479241987871
25.655430979988875
25.674922924146
25.68728706208183
25.699046230142987
25.701144690541373
25.717468941328423
25.750801229817885
25.80048541970422
25.846326605887914
25.880693026930285
25.892494094225103
25.925347428928827
26.019537521049095
26.02523616728785
26.094072194562372
26.233894976365395
26.24798903037462
26.32476163058053
26.456094487944853
26.543959479800407
26.57116532672232
26.64900608365086
26.71133953296942
26.725345041521468
26.737864643517025
26.84328666111722
26.854772260246285
26.857258430600695
26.908643177363444
27.009048158301354
27.01425987161908
27.034525694725982
27.04404737493294
27.128192981270335
27.134270868408688
27.138981545300787
27.172516123060475
27.207431700183452
27.319193591155205
27.37673295883802
27.47608017375803
27.5123016975324
27.55775844183014
27.79075960340723
27.79321044407872
27.844283754063984
27.844409869155395
27.845033610853573
27.86544403246534
27.942223049329513
28.02505322009592
28.12746256990358
28.219606721591106
28.28877815351218
28.291021444074254
28.336803488088776
28.355277761721183
28.471821485244714
28.574543834271537
28.590569120616973
28.708079057931897
28.722286386214975
28.828008601750618
28.833617742380103
28.934084416997102
29.04459524260645
29.070921784715974
29.1240774904748
29.174540478457768
29.21262528317889
29.29756075688889
29.3373468008051
29.34501536566374
29.438133328538115
29.55669282112871
29.707315781456643
29.739044130026986
29.813896961373974
29.819023908203146
29.881817062378374
30.120158807469473
30.205067684326202
30.394669698363764
30.470047569581624
30.536687271540504
30.561874297415336
30.580340742074426
30.60754666482411
30.75879765171776
30.801770074326445
30.825302604836065
30.966434018127483
31.076077207304415
31.15712642951977
31.282786465622234
31.377333637926842
31.608102720786107
31.80484664291405
31.91832993965462
32.30586142161533
32.63782907543938
33.20469413451372
33.56476860641648
33.72632620802214
34.023185650537926
35.106161983919975
39.60168460815735
