0.8188768996019611
0.8793045194125155
0.9140089386152139
0.9681814949756992
1.0887121036017855
9.138350055043698
9.604587775249586
9.75817561001297
10.510018284825135
10.583771338728893
10.875996341188474
11.295660982675704
11.363097975549188
11.409133399088203
11.498661461169428
11.634137263330622
11.701163940847515
11.769224675778982
11.812495577987645
11.938330365646433
11.965656633731314
11.997843096741788
12.094396562873206
12.176486736130604
12.206833809417931
12.444232705032835
12.534653822099807
12.58073767369341
12.629134596435259
12.716897125187938
12.774502742875796
12.874936282607784
12.923228469305267
13.082738304146583
13.108397620244315
13.135742601692627
13.182267829230012
13.306259011335017
13.353819292226095
13.405114631055998
13.42110330994673
13.488352404398391
13.508762851430571
13.539589969267212
13.59673169815561
13.678247886700355
13.721695382402672
13.81959849157125
13.861965080804207
13.91421258500554
13.93373042403378
14.076857951646236
14.125522584962038
14.14079886221645
14.202648687738288
14.234291192850211
14.298150555804158
14.3332810245797
14.353165507593271
14.37666530988179
14.429336397722825
14.505998760298805
14.542914576154569
14.564651385475413
14.632311477266976
14.681031529913893
14.705740590560392
14.723467229153227
14.785901118569802
14.794820347397271
14.809388882837519
14.849020944026943
14.906642527968717
14.937519595725654
14.940637353662582
14.99546186172577
15.021981791350843
15.06556461053074
15.069916273800782
15.13972198304011
15.197394146821413
15.26230858254778
15.31363126241565
15.344254201273326
15.387958474869128
15.426977597321226
15.461576277729625
15.511461112223774
15.535284189455329
15.617368827068448
15.66403397724361
15.697840299234668
15.73019359978851
15.771720596913571
15.78535968410011
15.840400420028454
15.893376447124382
15.912142798456603
15.919992067712888
15.962386319571033
15.993450331621501
16.079203838227595
16.10827239642402
16.170351286685687
16.186165738824663
16.234315775139876
16.272550978594374
16.31997584850094
16.350101860768564
16.374466585229786
16.395760709847476
16.464745842211887
16.483469649327645
16.537942769338347
16.5668597329517
16.581607300069
16.634000371286362
16.678582903636933
16.690873333647623
16.724990104802995
16.797152707410742
16.842046042337216
16.865760920954852
16.913893710558554
16.92626595330045
16.99997176141116
17.03252722959778
17.039497373537277
17.089695791858244
17.160796472914114
17.17217109492866
17.228715809210517
17.246055987071674
17.284956780180984
17.308555012957562
17.337985138900773
17.41630174867781
17.45141759196871
17.49256288389683
17.515029006729947
17.54894324535092
17.56371690094754
17.60650472776277
17.655028731442155
17.71009495673744
17.722045534436436
17.757423051959776
17.788005405095337
17.81308344655839
17.89025838315383
17.936041423156748
17.96050150044182
17.999817390654698
18.079062893011873
18.16941136533784
18.179591049564106
18.206720868014784
18.21605675405157
18.248559905955744
18.324541024500554
18.36249490542813
18.37489151377114
18.391934929027567
18.45162644646541
18.474356418826698
18.52109114367453
18.567390209967957
18.589321454811888
18.605584452089627
18.649991571179445
18.691839875246686
18.727822525303626
18.764857916650577
18.830932706721587
18.860263209880575
18.88295415575697
18.906476411715804
18.939885931779415
18.982944915626035
18.997957721737723
19.047692355365065
19.09265511795612
19.09861677372121
19.139741909015285
19.16081633134549
19.215105652735467
19.23184248033852
19.287724682427626
19.334599473356526
19.384544657280887
19.423368855945554
19.430672335155823
19.46435484322548
19.487119736782216
19.49469034516182
19.541172162463393
19.588505951345084
19.59238418192435
19.652508091676033
19.691270868642313
19.738554726252456
19.761189704495536
19.792159544580958
19.803045125976126
19.815817357217114
19.847894923567782
19.908418632409575
19.98016535553065
20.005044393012476
20.031371327120926
20.06365541711362
20.1117513320729
20.115370714585094
20.157748573154585
20.182631015620967
20.214258799458538
20.244275414223555
20.261152348940108
20.31621141301986
20.343066914222366
20.35608307071403
20.392261060655958
20.410010708032097
20.457428543159224
20.485981639152474
20.5135591588905
20.55877982583518
20.587132602543583
20.613391975313235
20.65453302502572
20.673598934310284
20.72998441379589
20.769516639443747
20.778884044565533
20.831948536974437
20.848287424889516
20.85385034696225
20.910607328463236
20.95174629146887
21.004582059621608
21.022241981074696
21.05562753345797
21.08074072022133
21.094225804093846
21.125637662048817
21.16763594114014
21.20141266025594
21.247579432499506
21.306582280456357
21.348116050419748
21.36794311271767
21.41354258354169
21.452567217046965
21.47715563316593
21.511340482195195
21.53537942774316
21.577921346001116
21.608686696807407
21.65086153367814
21.6718503826151
21.735346826055675
21.749476147515285
21.78612996460333
21.82368632343007
21.87940999836814
21.906261294934524
21.92350963305018
21.972095710254873
22.040014892042713
22.09744149580481
22.111715257565894
22.157610712821835
22.177395978780293
22.19363947841985
22.267009430401558
22.292317955952942
22.382336036102693
22.385061147285057
22.420723548182124
22.460559210065085
22.486766125967343
22.526738927558092
22.541818001222005
22.55587094841201
22.617646603909122
22.63456856490987
22.663251292701297
22.715716082497266
22.735389057561814
22.778523336052753
22.796001704309436
22.812564762745758
22.84988750317592
22.873647484047645
22.901244203789428
22.921356146599553
22.939280223815118
22.979764660015032
23.04870849428368
23.0885156496682
23.134297202918937
23.16325193872918
23.20327673371941
23.218093433285333
23.289681411123503
23.341540900862533
23.371766594256044
23.428194062364668
23.46297404205442
23.480460394360342
23.498826660393785
23.519910630316822
23.527366852010456
23.5680489421888
23.58058829200336
23.613167562660244
23.731697219885135
23.74653474474342
23.76390931266159
23.80677010146549
23.855166915800982
23.86926204162175
23.926108137839904
23.95733535619859
24.00319086037302
24.048682717168518
24.102156545368718
24.13346263356675
24.168843168287967
24.19679211070298
24.219335366457315
24.248985512221193
24.291977426928135
24.30673537380746
24.349111766722615
24.404721658339135
24.426487935059278
24.464817080237353
24.530771250625136
24.536117918266008
24.572396143605214
24.611579000570647
24.681850382112234
24.700566141550873
24.711763451948208
24.781512874675702
24.788438257615883
24.870402978908796
24.89785328940029
24.902769000672652
24.950795618061424
24.966987651679233
24.996201460909546
25.070590148098294
25.081404685014615
25.125480302158962
25.158831206130237
25.197898011180047
25.243011621458177
25.29326207975631
25.302260243825458
25.327379785781943
25.374353199634484
25.401338655599922
25.430186207797938
25.481033690031293
25.49900326156248
25.53603049733465
25.546967298698345
25.592773332708354
25.684058529393337
25.71938476479824
25.771837163291977
25.797000384048967
25.809652098416198
25.852803814970095
25.8805455408844
25.926228710042817
26.003505149220363
26.024504063784747
26.04379979051595
26.085800191520143
26.139299483932476
26.191469363375912
26.230345903428272
26.3099806595545
26.318813708295643
26.341596505644674
26.39435964882921
26.53358804118157
26.552300365414425
26.659024618908134
26.66940615174106
26.71120964094021
26.728509397547942
26.818266247232053
26.859082824951305
26.88486341146062
26.933532997942013
27.027360717922758
27.03602821527277
27.105526940519997
27.144823099579433
27.18121818044546
27.226095357415126
27.282709338397364
27.305462105287532
27.32778985150378
27.374239246878677
27.42940319768393
27.458057754536743
27.520912418320673
27.613447051177985
27.63589512281851
27.71917002475946
27.77861071049008
27.793186966941583
27.825716912365355
27.890835993991082
27.933525368029507
27.944412749215573
28.01878353939397
28.10889056728967
28.146618115086596
28.17890988475962
28.209971069305595
28.233499589546458
28.304591499470806
28.342077038147817
28.394878573723567
28.40523637442074
28.5218544410337
28.587371899272924
28.615358015942
28.640473587133638
28.68105380995103
28.730331557549352
28.803025969536627
28.92952782286112
28.97960327256225
29.048846357938636
29.081330175751887
29.148661252375085
29.19305865328706
29.256869609819862
29.321529704681694
29.352994172258082
29.483953779845947
29.548188419851908
29.586222278043984
29.603598041496365
29.660357481711987
29.721749048228855
29.751538937163804
29.881909957092414
29.912419008596743
30.003703608776647
30.056301772577747
30.065632139528276
30.167145151301323
30.2323387052805
30.327498133738043
30.3939199566749
30.502772573418945
30.62871754568035
30.675067431936213
30.753068366920804
30.81324821066927
30.836690270423848
30.887285786637467
31.062712440422906
31.098863262016486
31.12200969469784
31.222818868047096
31.369548519181087
31.419200752851008
31.45961384908956
31.54151886175907
31.61521679745922
31.690222892709983
31.82426660412119
31.974242893653457
32.102517669017104
32.19777827351198
32.32715815890679
32.42166948069199
32.63217655984319
32.814120679136714
32.93453548376357
33.123410367802194
33.43003371124664
33.51371125564449
33.69734601007527
34.03138879487009
34.37068667509703
34.59696683664606
34.84454566617281
34.96058250129691
35.33863695755564
