0.8390516098424634
0.872275522226171
0.9440067255839194
0.9915699351577215
1.0486140887760569
9.273049680885556
10.001236134281102
10.146333312322351
10.167604980644796
10.816394604681472
10.936523442775457
11.324272451473622
11.394060994527205
11.423067874141925
11.551226267379832
11.62492492310726
11.973419520873279
11.991290474380438
12.125399385801423
12.197561385257957
12.268012967882273
12.38314925466102
12.408694404073318
12.547470421058255
12.72057556193922
12.767898227080638
12.814858535744646
12.877092330215472
12.9321137956042
13.058449751882177
13.090725140312962
13.161168508129284
13.218672640233647
13.247110593927653
13.304358295516094
13.378743039182472
13.387725650652255
13.467445063959742
13.499125450856729
13.590159417290211
13.63027513604196
13.644714409152861
13.70441265641519
13.780961311396887
13.815367788875514
13.85215240305959
13.87398658034633
13.906636716425947
13.933579460555176
14.035944113729359
14.08746077566516
14.118917173951896
14.16727671232851
14.184906224489541
14.270577100440343
14.292937569047783
14.319350392929305
14.440039612204062
14.46258301272509
14.46544198929608
14.486804777205878
14.570586744557096
14.599130243375182
14.623440604377446
14.696313445834164
14.72137135461668
14.774933734868556
14.82400211672339
14.87159106258861
14.873820490620576
14.922359348239281
14.958881233695307
14.976441093105464
15.0442515005983
15.05079144230075
15.12212035145763
15.146393422979813
15.176588631718712
15.218432211341797
15.246170679804901
15.26649914833528
15.31501188823332
15.377672651016827
15.387154436063062
15.461736783127659
15.473699032181203
15.498005172042456
15.544086136550705
15.566749644440838
15.608821271984667
15.683368549920848
15.721222259489139
15.750957520649072
15.835427128653178
15.931120810098749
15.9590872541967
16.027738593485413
16.085679404295494
16.117880129568732
16.132767337419182
16.174446308683976
16.230660262418457
16.27350856481698
16.345392242661955
16.39632928360893
16.41214919221684
16.438009486931456
16.482874721562286
16.53725686382754
16.538158110551247
16.57029067319061
16.606881189048487
16.63827659392951
16.668496607197987
16.71138664532312
16.729697126425712
16.770909525597844
16.802669736511604
16.827366552578024
16.847409436098065
16.92728462987523
16.931070196918057
17.01478529851891
17.020478795060026
17.10071871987694
17.10601205893984
17.135624949821068
17.164765189483823
17.176191415255815
17.18278666504091
17.205665978979418
17.27638992461535
17.315589857806444
17.35908032574666
17.396478862897684
17.49586044631524
17.538532203948545
17.558154177722383
17.595420041369103
17.633874240741008
17.645867826394284
17.6698040945977
17.708076938689647
17.720886603371333
17.80257713512854
17.830239102651113
17.837932172248014
17.86162758547089
17.91658929815104
17.994685525539794
18.04031448460873
18.07657469962592
18.110930771624016
18.143927622052427
18.159308361107186
18.193792374524403
18.210714279057875
18.247617436246426
18.27745965215674
18.31583166493546
18.35817336788559
18.392999026728713
18.396186263621008
18.43089904697479
18.480259630129844
18.494870805088482
18.51090129576135
18.56834306439573
18.636672207521286
18.64398441143064
18.670262739489836
18.683691427429494
18.7236177741745
18.7783111712994
18.787612998567802
18.83450960665483
18.900136082781504
18.91614676214088
18.949957772696514
18.967971928641745
19.023629144362218
19.080818605961223
19.110064768374748
19.178058473487766
19.21123334389992
19.232502933479108
19.25573869609801
19.257844471527996
19.331472277412235
19.380032869095743
19.395683696623372
19.43011131064216
19.451186080201495
19.470200425888702
19.495546156297067
19.545326676534017
19.570691339516436
19.59880840202278
19.63613103741411
19.6839149195099
19.719640168829216
19.741350660839693
19.764728742895805
19.77050475378136
19.80984479963213
19.825837390598227
19.878242349316714
19.89857626052504
19.912589322740388
19.960743273135108
19.999710536700324
20.036830748933394
20.061868297727216
20.071759321732745
20.0968872827657
20.126118766480367
20.17376955652547
20.188340825404453
20.208971511432733
20.24710638457632
20.270513500201233
20.308812783413977
20.34639341942412
20.402243935769224
20.461632676788366
20.50457855482416
20.56937541797569
20.58953701968628
20.62820990148158
20.657045441512988
20.68036406205325
20.73026418253576
20.76757020107075
20.778847183447066
20.80366488479584
20.847712615441154
20.865176431798066
20.89555334163035
20.944479141656867
20.962522364991745
21.035437511318477
21.061868987693316
21.136760216971425
21.170172837514247
21.177368146811652
21.20643663278222
21.227539926343145
21.23816216038268
21.29371305863662
21.315740346412316
21.348737807079033
21.367200209979725
21.395978753593123
21.4453033364095
21.4782751025065
21.503679290914107
21.52563401263303
21.541344267329652
21.577154155701614
21.617698819740777
21.645976083681276
21.669888971186317
21.75191364240612
21.77477222017101
21.798957389853992
21.834820822482126
21.874820747908675
21.88000527910611
21.9373581510817
21.96019126229537
21.968086886667365
22.01274178394222
22.034581722344658
22.075554582997427
22.136659918323726
22.19856513146779
22.216821068894557
22.250783936798314
22.287304293092383
22.32510611826936
22.372900002897104
22.414015307667533
22.44668239575056
22.47647071757692
22.508296323989942
22.571408880568523
22.58942094524873
22.629388256644997
22.65925586486349
22.672034408420007
22.714825914494927
22.73624051934104
22.789368206233753
22.801419127350613
22.826519188162006
22.87286576486207
22.919376787576265
22.94057396444897
22.958409028848788
23.024053603982015
23.077875933960133
23.12351282433686
23.15497399439292
23.20343896382277
23.220912470850397
23.251138191375805
23.267083807405434
23.336878375803103
23.3537050896758
23.37504195929435
23.432589813385484
23.45922020401226
23.48207641148539
23.553765377277912
23.594902157771717
23.609362933628724
23.65912502688793
23.709475674372303
23.73668992240939
23.75405677761123
23.789487055287413
23.867118559925913
23.88588298096987
23.894974198126988
23.922839848060445
23.976546014136456
23.992034578019904
24.045146113402936
24.06041249073252
24.07788849329964
24.145767313476078
24.16254636431664
24.200946194124562
24.225220789101517
24.237520289028954
24.2451573973876
24.32068483896241
24.349566814989586
24.390457767483944
24.435831617939584
24.4893607701983
24.50175122997899
24.54510063488645
24.595275233144
24.61924649820737
24.668185081653633
24.710141168985885
24.734998000442292
24.763827534127902
24.80182600503582
24.862093787610746
24.881184018109106
24.91107524550507
24.949301554921178
24.99582892601953
25.037533810893574
25.06970624935801
25.09065751368374
25.16852846276038
25.219077104907182
25.259096923231308
25.263938696760544
25.295219884681266
25.312447640738558
25.399272748245906
25.478216183122132
25.49760825793492
25.55277590105007
25.601517834772398
25.678664861406673
25.706710565258213
25.758698781266673
25.767479018463955
25.79812720753126
25.82853867950005
25.89887363282491
25.93038990795201
25.96383759210171
26.007353451849276
26.034361991202207
26.06409170791841
26.067286606363492
26.115309170774452
26.142000953504567
26.187890611519414
26.243973966077014
26.251780676574494
26.34364912379293
26.38361614811271
26.386907429421463
26.460332914680283
26.531983041384347
26.590193131936683
26.59891461890591
26.703410800540123
26.7707105253908
26.7870063827748
26.82656923848344
26.84920373110561
26.878443953733594
26.92311491484175
26.96109514531789
27.03895412013814
27.06235315944734
27.093693734320247
27.16549624335229
27.203694097924483
27.224185582112412
27.239444315449777
27.263170877074806
27.324373643862906
27.357593672987353
27.4793198918299
27.565245970860637
27.585923405005236
27.63330834658471
27.673975850446425
27.720766232938434
27.757850920389924
27.80240761453939
27.8055100343694
27.889935238051027
27.933412037215884
27.944209102901677
28.005703541292185
28.057430312215043
28.085495036592526
28.16267634152161
28.269728748555142
28.347397263746583
28.40450460267972
28.43077083395297
28.536832707178736
28.55392667023818
28.59988055532486
28.618120678834803
28.68924482964154
28.738400952243754
28.744562698248156
28.824445043616898
28.855193746820245
28.92541606730931
28.966801374810206
29.004092686110265
29.04783376776697
29.158487617381624
29.293344741902672
29.345776735645405
29.407714354551185
29.529135697544962
29.591130516882675
29.630811271112822
29.655289067948548
29.689480150956058
29.733487126439336
29.852566441486438
29.93644265683591
30.017438612685513
30.144529698547444
30.21594916142707
30.3004419444174
30.41352348778596
30.448974348605724
30.462042748415904
30.565978934724907
30.59708124560414
30.67983732420979
30.78451373449465
30.823490747031162
30.870868068585676
30.92391723309128
31.063688044142307
31.210944714314444
31.300557461893803
31.424809532789492
31.61173779748991
31.664527903817532
31.820801684240962
31.847154549774352
31.910346257927277
31.94289168604545
32.023677448790544
32.05288916369193
32.100198891937836
32.196028833071395
32.22662474604867
32.6568008915418
32.81209292595411
32.8655670285433
32.93271340848269
33.05663594926553
33.189270526763096
33.499308875688875
33.70306095684528
33.77880450152455
33.98186453242817
34.203562212309606
36.453467636176065
36.96845090273242
