0.0
0.0
0.0
0.0
0.0
8.232124332784352
8.338887192349869
8.690159128938335
10.556438205163355
10.705009331589718
10.709938491231956
10.793434455705869
10.885980779928184
11.121434049777589
11.158171273386595
11.392212298657231
11.478511758981751
11.516484821862527
11.634867066455504
11.661424296003311
11.68250789933915
11.690935641021268
11.803050087915572
11.83501473299717
11.843903598775245
11.941761128965721
12.123210832104531
12.141686271191844
12.201830994199643
12.24141212433024
12.355140580242935
12.359080185032065
12.407234146023736
12.495177623939226
12.506076431027733
12.509941706555594
12.529142578386574
12.544324278595232
12.55166390114303
12.703523631780467
12.755349224432761
12.915794318722725
12.938209768097977
12.950339963694464
12.976922610968003
12.984828941131493
12.996759234917503
13.03527646519866
13.070129765669021
13.079054266998632
13.165188101137982
13.180699401142595
13.182253929255555
13.217270691154948
13.23691501505739
13.375564894228429
13.428294692359405
13.5101494404635
13.514396993593282
13.581477424216594
13.617476958438814
13.619782869701785
13.62148610217809
13.626721857015077
13.708216849712963
13.727199404862084
13.852427857068312
13.854986340592719
13.89999318816107
13.951071156237465
14.105255495843874
14.172478373898356
14.19710061699537
14.215037276590554
14.235488071613366
14.30426264623004
14.318773106045196
14.319811541959643
14.325998536080508
14.335170661565616
14.342574073465359
14.358149941792405
14.385111742724177
14.435983081070782
14.531838349003722
14.540486558565386
14.543409888313207
14.600729134875625
14.628747643932607
14.725100104341703
14.804873591799456
14.826977411522558
14.902019856670563
14.950473169479482
14.98901986508282
15.059715778298683
15.111633470485092
15.167933500620963
15.188409869765197
15.201857771899233
15.208014124719975
15.220457186546794
15.235928591757615
15.363573347425787
15.44888689946393
15.469066922488095
15.49463548658225
15.517834209077217
15.609324484842945
15.619909081595907
15.647284133607549
15.677359976336025
15.689915852190085
15.703838825691813
15.738122409233013
15.742373550158113
15.77200016176566
15.810166773281798
15.839844143720521
15.879142776598304
15.92172409859834
15.963510852903608
15.984622351153766
16.007356681463524
16.01033483208572
16.02687804043623
16.080572895220367
16.120954786980576
16.14050310287452
16.146869399359623
16.191362094705116
16.22123469390737
16.228676506514265
16.35671131556896
16.367005495734745
16.430793480147422
16.53700018312283
16.56346904198766
16.589610528640392
16.63425815373074
16.644843458575952
16.669617004540925
16.717911056667308
16.76019603354372
16.7616243541976
16.769948181453074
16.791289264386467
16.83642942468851
16.894531157010235
16.96668853274157
16.973554760350574
17.02278001173552
17.081861471288814
17.130327944906558
17.175173507249575
17.209821871643975
17.26143481844217
17.26273337763352
17.28181704144955
17.329923959262125
17.34693235792197
17.388432957177113
17.391792330342263
17.405616952849233
17.432498447753602
17.43424082363666
17.47464964395475
17.494106978065318
17.582370351239312
17.59213518363305
17.628450188319196
17.636265403827547
17.671320354447875
17.754781891813842
17.757688787351125
17.78509174941788
17.79055412210482
17.910810770365206
17.92273226513569
17.932447587020732
17.936651098122013
18.010979720202204
18.02792947771101
18.072981701797115
18.103484401199967
18.225227872935022
18.250701523441727
18.262682898691153
18.284758356815452
18.296501634918176
18.371939933033588
18.379782159767927
18.405757167410727
18.465648263931953
18.489974433365177
18.499958851244322
18.530537822956347
18.574775627747616
18.620750870087093
18.6602803912484
18.66610445336421
18.67192865259151
18.678479187774965
18.797664075111104
18.82592905325471
18.83703963209247
18.847644769877277
18.852544931727746
18.93516346919438
18.957046617691148
18.962204074668243
19.034663621336264
19.056572317742877
19.072486447809432
19.079222208875933
19.152306023555067
19.17509773977889
19.20324938516016
19.236916289493614
19.301858290782373
19.329985070296
19.348186265140292
19.37891613048527
19.40390340754726
19.448848660495724
19.479238086457997
19.534090133913775
19.55483766968955
19.559637728966546
19.625279011386993
19.633650793690283
19.642989689718767
19.733125047206617
19.773234602844923
19.80900574761633
19.842899661689927
19.86417071191877
19.87907303196215
19.886036446150367
19.966223933864836
20.019319797548093
20.038768843160685
20.0426094087947
20.11518490339258
20.12318922783205
20.16232884119895
20.166176222531195
20.177304794738262
20.210675574192596
20.25990577501316
20.344329057940964
20.38880929330069
20.400903266514913
20.413713121910256
20.491042114708417
20.517440278811407
20.521707696601045
20.530409431181553
20.595068472162353
20.618083908147966
20.63112340263711
20.65690073898042
20.71779062260368
20.805062770450828
20.85286331215011
20.87069538758378
20.883651484135648
20.909980861190117
20.920854478160376
21.00831989332522
21.04026135927692
21.046174202371642
21.068966277780728
21.131769708407344
21.166836345380723
21.216911312334318
21.255131033887462
21.2612793516975
21.35257284649272
21.39376186627972
21.397672655549204
21.411833900464416
21.429563981907567
21.475081358711677
21.487167235149236
21.563172337725874
21.609534948872824
21.612162596599433
21.621268253515566
21.645124927346565
21.64790208670777
21.67559985993758
21.775408473078468
21.846655189693674
21.860690917189682
21.9265670707326
21.97896100113597
21.993759405180207
21.995473869516854
21.998873825391442
22.06842598944345
22.118791842104926
22.182146110816706
22.230244105824276
22.233756304425306
22.241791418848408
22.31913356452001
22.328358964911125
22.35946921290492
22.368846583104073
22.416002376666498
22.43992402828635
22.497235618871205
22.557719005150577
22.562255493415297
22.567411860884665
22.591818041691454
22.631305311221013
22.64794512078343
22.670570158868262
22.73832268148495
22.745525091695168
22.745806547185058
22.844940320511043
22.857180464511416
22.885245434916488
22.896610389557825
22.97373031819863
23.031592912735885
23.044772238706543
23.078330984583715
23.09513529954872
23.175800887217143
23.199546929963788
23.33549374745022
23.35606133870164
23.374822113989076
23.401321119416263
23.440320102273315
23.456611935371956
23.5021302644933
23.525126128212747
23.53009002257938
23.545284153735437
23.649278709483017
23.6834754289984
23.68872650945562
23.70363465045031
23.758881610240675
23.761850746903864
23.800473637653287
23.843540574914467
23.862837691104758
23.917302266510735
23.96810705187327
24.000644796778708
24.069480474007964
24.113590858685427
24.127081129012957
24.198419222949482
24.20057453023519
24.309496170559854
24.36077177220627
24.404198044324158
24.49563313727293
24.510086838822968
24.545654087804493
24.548288914814126
24.574550023375554
24.61861308475918
24.742600027381428
24.75909462636112
24.86713893151557
24.876956802085353
24.879527885299794
24.92248167940663
24.941079565211172
24.94632988105523
24.954451770656753
24.987505016559886
24.997374108367552
25.027085926637394
25.06669466802174
25.073041088265786
25.134110768496665
25.167079054105454
25.16798152880446
25.30315312096684
25.385180485848966
25.40494402233689
25.505292300629677
25.546876971194447
25.56544848932118
25.573183745504018
25.644372497375837
25.678392855452472
25.70860356464028
25.726060799281445
25.730450339514555
25.796556462943833
25.8466351775618
25.93790979919386
25.943661875158796
25.9928731248644
26.009826365390186
26.159646403150887
26.170247565621374
26.26405591155577
26.28555280834708
26.30107207718308
26.323949337328376
26.405431919287096
26.43563054224813
26.45597768319388
26.492257277057643
26.524383624607122
26.53543757172155
26.548113789192932
26.60235567922262
26.68451158988018
26.767899664588008
26.77202037051995
26.80972573757659
26.843410815155874
26.855584286450696
26.881192394227483
26.954382322000598
27.10319016239825
27.15926648614429
27.225837246063982
27.237270131738864
27.327452784737797
27.38482289480704
27.47896792929437
27.486900187129077
27.500641754888115
27.526170567842073
27.60059632388702
27.75323715127691
27.788608300375014
27.821663976090747
27.853798879534324
27.901735362061835
27.92218369243034
27.958857156674576
27.968706942721905
28.03072908480844
28.129679262858325
28.251105890646777
28.257742279893677
28.281511713224184
28.328387743182425
28.42754943271256
28.44207804050815
28.564192040159988
28.565447798115663
28.62242137669266
28.67323157659899
28.683343750439622
28.88891733667939
28.960133849665173
28.992776195935317
29.01260557122083
29.018006796401483
29.052942663806377
29.22009123261284
29.269582515137326
29.470223108932384
29.515835624574652
29.542332627655973
29.71493857983677
29.791536109052934
29.849338898716795
30.026041834264092
30.045021090209936
30.084836386052256
30.123229986236826
30.13597180246347
30.5602104194591
30.64079825372018
30.68764727022595
30.732692378311352
30.90702953921396
31.01836267209429
31.31306624485156
31.350343645689623
31.444795982564603
31.500176667648628
31.53706096325196
31.705499307432376
31.75979692289576
32.42770357954059
32.59277892934322
33.380193713585705
33.41568637933735
33.77951451015483
34.140899948939705
35.12642524872811
35.98067107265638
