0.6118718140397769
0.7611146627256989
0.8820007245107139
0.9381003348556205
1.0321457904004299
10.329975668704085
10.74486354338806
10.939654864709558
10.990133344657357
11.212190591480216
11.392303081282288
11.417586708428882
11.52173860012957
11.563255824204274
11.564461878659705
11.606554857016453
11.625187758370513
11.736882924345908
11.774478070443193
11.986020812568661
12.111187387845401
12.295487264622022
12.356225607040447
12.358817602904224
12.420194710654203
12.431181272610772
12.591560636963163
12.615805620122256
12.728352044606803
12.753510859726871
12.816292430475785
12.854225096536444
12.875972257021859
12.914145931111866
12.951423246935722
12.994526151276308
13.120613762636792
13.236806047866672
13.38265925588747
13.407397963724634
13.427252360239043
13.485775613712395
13.527346857073951
13.580321499128514
13.691666975016167
13.717361552102592
13.78269563754607
13.854021110287038
13.879561737775072
13.931239947603688
13.972528058704109
14.067966667944546
14.082243772042224
14.133615285147895
14.21191252778403
14.255473985767267
14.288823089960626
14.322423584548508
14.410995847121155
14.438233511546121
14.493987048017342
14.52676870012201
14.552191748712687
14.579683425828012
14.61365951685585
14.69313727479553
14.720515106090058
14.7322282968884
14.82928565606416
14.85950722657979
14.908432556123078
14.937070355177802
14.972635340616364
15.00689655708059
15.065485741062979
15.157738802194404
15.228678098734484
15.265327159279114
15.294877646496374
15.34559682854629
15.377034673346154
15.399853814511173
15.425627055431399
15.470678691303688
15.49439348046956
15.521519754495133
15.592281048291577
15.6113926592241
15.63086814559535
15.658271106517912
15.716234183016526
15.780279736075059
15.826123295293971
15.87804073566714
15.913950713857496
15.965682482780263
15.99178192732255
16.0813822558553
16.090094956705336
16.167962649401108
16.19549117012546
16.213645233938564
16.27060479137015
16.307608920157612
16.35695107787134
16.405407682777007
16.433438379658018
16.47415013108234
16.48903673913495
16.513603214606587
16.564715984228144
16.572800067344264
16.668233449717484
16.702893391135593
16.7134713807954
16.74610393216401
16.798017850472156
16.812316454382547
16.864038125508934
16.94159240456628
16.967366052192197
16.97755808804854
17.00666254072692
17.020335590907486
17.075655581136004
17.079796915282788
17.136345702252125
17.194910798980597
17.22146159155552
17.281113392664643
17.316482072740943
17.335946429267587
17.363489504872586
17.396834714904085
17.46163397095485
17.490093107143654
17.503840380197
17.542433405071392
17.587993876203836
17.670481281578425
17.71285715678106
17.751428900944397
17.78346765141376
17.79126442180448
17.838811558515424
17.848805835498215
17.88619793553147
17.90303808591175
17.923416563099174
17.968069281243597
17.990737968940646
18.05007580058868
18.07069896822343
18.12363414753462
18.137621075421126
18.18682224764125
18.221734752755417
18.268811967481227
18.32075922725802
18.342230497762056
18.368600992578674
18.416891208697642
18.440577944973892
18.46189021182423
18.490097374130745
18.50226016764969
18.53542795477131
18.581632075939833
18.666616991694866
18.726715142014843
18.74538960286511
18.75557029893205
18.79735150702795
18.82146440023542
18.834506318459937
18.91513311368728
18.938068759021892
18.962634312726177
19.057305706399088
19.07247079889725
19.094962250237472
19.112702432123722
19.164897673332593
19.178478636354935
19.227922670231152
19.27609122995208
19.282140422696585
19.30556164358376
19.338275875996377
19.378361763144078
19.42406590963876
19.458767040983933
19.472414750789365
19.47276881343617
19.524167998563566
19.560261316539446
19.597152557523895
19.641020279648544
19.66979992103228
19.70381766803826
19.72197145768264
19.785111060386054
19.832944091172024
19.857859943071478
19.888187591314775
19.91124599303898
19.938431130053143
19.98630522352885
20.001221628026077
20.01540809748916
20.046817097228377
20.07840780946008
20.132004383000375
20.142347432586043
20.2111237902837
20.250446958158015
20.306974529869443
20.324201715434793
20.363390445125287
20.391562697019342
20.404579584931643
20.441043390830327
20.495179108258732
20.51495579074725
20.529765207962907
20.56190629971566
20.63051163348251
20.690211217512193
20.732136570208553
20.73671580858023
20.767080063390342
20.785379306982808
20.82190071448142
20.86259388709825
20.89609504099092
20.9376152039167
20.94339205327112
21.008961056267214
21.045553005514396
21.09044740917415
21.138664746474124
21.147549368438973
21.18596001666744
21.202905339796814
21.265447198931245
21.2758723242433
21.322603479898568
21.331157651087526
21.362271093400047
21.411532337802683
21.45461140695222
21.4631260182513
21.49785427038113
21.52279856400573
21.562986909414544
21.566497487147323
21.601524477020142
21.659286569456548
21.70797488570871
21.748499172624086
21.77737867723023
21.811903208151904
21.838996911944434
21.905895066033988
21.96274056574508
21.980777688297295
22.01169937096138
22.032655430992765
22.08145387334464
22.126354482461508
22.182020640235635
22.21169199720394
22.232278197518404
22.261974850162364
22.311310399952376
22.33621836390933
22.350791059465234
22.369797074192643
22.4330320975543
22.47567061043666
22.486466194266715
22.541938778047715
22.581189896138223
22.627676918456963
22.645236549929642
22.696428128000573
22.712373839121714
22.79625088499214
22.805445136721417
22.851889111660917
22.870718739746206
22.935818691766233
22.95321836911231
22.962580119647562
23.005359744224602
23.04360223439271
23.09562258578136
23.12397469290999
23.1627638879758
23.175524060994398
23.256367186128422
23.309288057356245
23.35316838936905
23.35978398177267
23.383082622531767
23.429295674582175
23.46632936345991
23.499515925264614
23.590903679922757
23.613928480997316
23.646106796637547
23.672350804291433
23.709289159105953
23.74569910018997
23.782925901735815
23.804675696562537
23.838215044602965
23.84532062884684
23.890923174525046
23.946316219965222
23.971332726726455
24.024695055449893
24.04522707810575
24.11097870743203
24.1396608436065
24.17701896596505
24.20008071864769
24.251004063066198
24.293512715069827
24.318446070778826
24.38984440246913
24.413317060585907
24.48213881220544
24.49848530742501
24.54853278069059
24.600087138912116
24.666177663699646
24.67486640999502
24.70726907560234
24.750177272573776
24.779799125267758
24.815977790177932
24.85931205286092
24.895673267093915
24.92267471355716
24.945708309793524
25.033490599682473
25.057613188587062
25.09308755447127
25.123068624885647
25.148537389490777
25.19347885598345
25.266033807259443
25.313848230894507
25.33539639133101
25.36607568257369
25.392746586022074
25.424127269677516
25.478053282545147
25.52095635907536
25.55266075156459
25.598499002990756
25.624348573917892
25.671360812499007
25.687981137984522
25.713249219990907
25.750171464706426
25.780858152835027
25.818567389367104
25.844890161144388
25.934224485890052
25.960296922972038
25.99809701059394
26.03809263617463
26.070683291895126
26.09329138185008
26.144428118309904
26.177449201448578
26.21418516363035
26.279932301745937
26.31842511223978
26.356335799292523
26.381422620983077
26.416351514816096
26.42830653967383
26.490175528861936
26.539176418719112
26.59462150274937
26.6272150245106
26.693950209280004
26.697232941868197
26.758894615013606
26.802053005322495
26.82472224749097
26.88381675234704
26.91154830005688
26.93709013765177
26.963258791075376
26.97012346410626
27.052320120418752
27.07084116305665
27.110170237292095
27.156464796925615
27.176288044764387
27.21628882409977
27.279847002989328
27.334747584991227
27.355199224301845
27.399795562778106
27.467446086165054
27.491657242778206
27.556081159725085
27.590602225767224
27.597198022508067
27.689178833886984
27.76652406802368
27.808705152401146
27.888299774524004
27.913124367419258
28.00943627269221
28.06047301057252
28.092034253046922
28.11938481399473
28.212798230016773
28.231836390137104
28.284384853528184
28.380010415967863
28.425211549500844
28.481306532154843
28.531326154111106
28.54406145960109
28.660271575596045
28.695177571684358
28.821500102898728
28.876610630618956
28.89888681039111
28.9181647037621
29.02244765366012
29.069125384672127
29.116421121135648
29.168463695781398
29.299638613316574
29.324020280441257
29.37578247186468
29.421822719213836
29.475984281870424
29.547988850791562
29.58582644968859
29.63253371725515
29.668497770893552
29.786857918349906
29.829770051603656
29.864032563035167
29.889632449790422
29.919599428386682
30.02071986050354
30.06961355841771
30.134839002433406
30.226885758134287
30.299643155653285
30.36701781014301
30.522328714031055
30.569647389528203
30.653364359936162
30.757747793385025
30.868413601246928
30.936299923096144
30.979953940957337
31.03225295506328
31.131947635744147
31.18848664024769
31.22541486980331
31.28647628157202
31.524189925840037
31.634193661310317
31.70461184962804
31.74471509571066
31.823124437597293
31.845576802006324
31.918059527928495
32.05505948999192
32.09788370628126
32.125246713827565
32.18342596068865
32.373198332873095
32.524740517709574
32.57454268526463
32.7419054737792
33.045230446241426
33.21409632004298
33.369274745200585
33.50396863783608
33.62221315237811
33.70529844470235
34.008510885010764
34.27106157207455
34.80767499004859
35.43518845695837
38.45924301663382
