0.7562624736794751
0.7942018989507366
0.894389148118749
0.9674241039965963
1.0365987130079595
8.383671491928453
8.77464367129802
10.740025545997788
10.981543342032953
11.020561727847664
11.27757257142271
11.322058383257845
11.50998973507666
11.657227184949631
11.713479412402487
11.720198472875948
11.740676444103505
11.765970773051782
11.889632817684326
11.98345795415833
12.158810628431436
12.18630052000597
12.306432558462463
12.346664254295245
12.41980876964442
12.50699924472381
12.531128889056
12.552785246830409
12.748039300162741
12.817600685249564
12.839223441785068
12.92661585522725
12.933091689345977
13.013818685048351
13.017140371614587
13.074621492531687
13.111996641962508
13.137381873547863
13.238485407938304
13.250319716966104
13.284646765492456
13.379605253967394
13.442807398274192
13.461216415857441
13.524491899103452
13.567861093849636
13.605179882252184
13.634215709287771
13.711386044528219
13.744123173834314
13.790601464559662
13.807880807712332
13.824074678742079
13.858804087076477
13.9022894111568
13.96020403871053
14.013863831896925
14.046804814505176
14.088849900234232
14.118795124122352
14.146764896755077
14.233184801157611
14.303118199463887
14.345114967669286
14.404725582262612
14.459819032909076
14.483821164903688
14.50635989607449
14.554752687417556
14.577440002411677
14.643095792481585
14.654667615092078
14.6787837944461
14.778621054467733
14.81293300501103
14.857853321717846
14.901705772542456
14.968248897218285
14.976532855040155
15.022355613288413
15.06367487815465
15.068619326593991
15.116228631842286
15.17369275850754
15.221372067347728
15.25681279170566
15.309727145206898
15.334574545378095
15.435175751075844
15.452393636125121
15.481721582346475
15.5098575326178
15.535263216775158
15.595833425190722
15.62817785662306
15.68278011660906
15.74005594095005
15.805027770648463
15.851345121678287
15.911230453201997
15.918873789534633
15.93720915617526
16.008512203938935
16.061608314792117
16.083432037061833
16.1134230128101
16.125802258477176
16.167680216990895
16.196710620742344
16.23735978289522
16.284882820727823
16.376266127037425
16.38587242417109
16.41929115137664
16.438725193111274
16.47617540441899
16.530782575889933
16.56898819537302
16.60358512296365
16.653794838118415
16.66811471591429
16.70836861390522
16.712162789741154
16.744653079859283
16.790317915982897
16.82433011948416
16.832735718869127
16.895468621266843
16.909070639829235
16.95605855627747
16.971619379282235
17.013485970905958
17.03895851205471
17.083955606715495
17.152188705215707
17.18810573397098
17.200928803158302
17.26940858692454
17.283661497346635
17.296002008202795
17.358146865186406
17.39182340711669
17.423810436746642
17.46933591833869
17.489236272993658
17.531516737095476
17.60402233757543
17.65246467778061
17.669966063361656
17.709895597798155
17.73668782889877
17.783192455006038
17.78379322392591
17.83417029045159
17.859510330997942
17.914242959986115
17.92439922357186
17.95279292107756
18.002005981632557
18.04202304190875
18.08797616095077
18.145999479882235
18.18564014052317
18.226915488902197
18.2434130903387
18.276476072333097
18.30227064858553
18.339360270169703
18.362253699688598
18.386789287788666
18.41547283781241
18.437773731487646
18.479912972677223
18.529388183545986
18.568746510442868
18.58550064936345
18.61965013404252
18.652363898744166
18.67994387012128
18.71887251156061
18.736787397968154
18.758105669341788
18.826264584129163
18.859008728000635
18.874568235057872
18.903363227783377
18.93116637939298
19.00267551953046
19.017384047980173
19.051121637382238
19.068764489346453
19.10760547620065
19.163953622436626
19.213085905883567
19.247277903156995
19.263078798568515
19.318740148797485
19.353913292828032
19.36007377764346
19.38251711116708
19.410109485618968
19.493098469337667
19.53975573220648
19.547937760692417
19.60113590051182
19.62261214425941
19.678156419386692
19.709809011191048
19.713601873075536
19.741855269747838
19.776093640845758
19.821643473350278
19.8648284332383
19.877686321992318
19.907083687620037
19.960347997556397
19.993999681836762
20.048101149900425
20.086019082094346
20.13543016343011
20.15159204149901
20.16682309906117
20.22204578579079
20.264590105539977
20.298741369094913
20.32176581055816
20.370192966870288
20.388923643315696
20.411649218837002
20.448823847019423
20.46815663536613
20.53057264363334
20.570921898617303
20.602450299608662
20.6906175091559
20.719471831240824
20.736470123434334
20.812858040463556
20.8607643511899
20.87027281686471
20.899030169229636
20.939822474998433
20.965882445100657
21.003283667327064
21.060094053257316
21.09237828541338
21.102156639767177
21.13416083139538
21.187401161186006
21.189940741284396
21.2444425784686
21.273261236268578
21.3042047768761
21.351639839187897
21.37326893613001
21.39698368173592
21.45566978265046
21.478823864492064
21.530138282787007
21.536923256577722
21.567642409802986
21.582854209400512
21.60250307817177
21.645776419767145
21.70430130342532
21.735999602230134
21.777802479149077
21.80102564332709
21.845693356811125
21.866937819131287
21.896387856057025
21.943167726392453
21.974671479174923
22.02503987324695
22.044129824536512
22.092083457043305
22.098640846307358
22.131371088073273
22.145370528455082
22.198167793075807
22.215287643986148
22.27129066172875
22.353137240183763
22.355912814383764
22.36897637479007
22.387467352434328
22.416539764131002
22.475843755855816
22.495943147406148
22.515948884536808
22.56650372801122
22.60472227428198
22.645671525253515
22.734731431906454
22.77606530893094
22.815405337186252
22.833955913110135
22.880581208141784
22.893257721603153
22.912256971380305
22.939643065117124
23.026568108879772
23.039428192767748
23.07429775686954
23.155678291351848
23.19097230553097
23.221683672940955
23.244560985495824
23.275757634257364
23.315532719409706
23.362015634756467
23.426600074264087
23.454024925375005
23.48398218701971
23.51150555658812
23.548091333024104
23.612665085710717
23.633493617510933
23.66172121549891
23.71297527932856
23.72327573501747
23.758929835996636
23.776362364568143
23.815549955110285
23.864326919014868
23.887582512979844
23.910947350145
23.9384366264876
23.99533966059523
24.02777089788906
24.047031494419947
24.13240897494766
24.157121116347707
24.178899027113875
24.19285074122453
24.28717795186549
24.342013140592226
24.352856106943815
24.38975470210384
24.42031962236163
24.447915832274248
24.45492880608742
24.504828856755307
24.537945589663533
24.58028594034115
24.60496958402752
24.630381756996407
24.697901415133522
24.71485954957449
24.767562758552206
24.789298973335303
24.838328386685856
24.906546519265508
24.92054125347228
24.941031871327457
25.029356767357868
25.05557886844239
25.09478920427036
25.142713403794374
25.17683746348963
25.217490026126217
25.248904463722532
25.27456526438577
25.2996708779588
25.377121753689693
25.404605247470986
25.42500946825567
25.525710063369203
25.56878045669769
25.578641780751862
25.622128665204965
25.638090486545703
25.70674585976261
25.74268337278756
25.77180951054216
25.782532629396098
25.8386645852878
25.90363116509618
25.912450494584046
25.931257400391807
26.005391334101024
26.065460493720643
26.11566808766391
26.155460223229518
26.18555168202845
26.27058928857554
26.324022990707572
26.34296917686689
26.40368699261814
26.442127736291468
26.489774497560436
26.531325630942128
26.558020619930037
26.581145558393477
26.623444050089972
26.677161141048472
26.703564073934057
26.745351436843134
26.777911233884954
26.802753334940107
26.822523427045212
26.870933002323724
26.928953746722016
26.978481069324104
27.00074546259504
27.085181546180802
27.123466161395335
27.225717446194974
27.270956669356377
27.29875312338202
27.33903054200302
27.3749141640809
27.422412715981046
27.462236206908717
27.49671734448328
27.556589423620842
27.60211586481957
27.653512109818024
27.676080837918377
27.72026738678825
27.753057359402078
27.840963822239363
27.877895718386004
27.9071299350722
27.941637631030606
27.95478013008155
28.018810888231982
28.13893970389759
28.18466441660584
28.20866859956059
28.248688318047247
28.264621592228835
28.273133452710322
28.349166293642345
28.403602865962373
28.478284994118738
28.53158551247169
28.594532071100154
28.600838997449458
28.69285236183283
28.722729720650175
28.779364044902366
28.80031352454476
28.87575806535228
28.98486109985615
29.032623640855693
29.093707931852997
29.128885325513572
29.195385142276134
29.322017851196243
29.403645571468186
29.4512182560153
29.510578988170046
29.517376149476558
29.58308909057227
29.627182496257827
29.679953799649212
29.75709443416372
29.816014774371247
29.922112304938963
30.047638025634097
30.116267232817297
30.220265686881884
30.24205504005871
30.264824468747385
30.34578894056373
30.458301353583533
30.55061112151627
30.680145797873166
30.744891642707387
30.829892619510566
30.950316334586997
31.007378348518557
31.014593599543524
31.0668251341917
31.155655359917542
31.204503458486684
31.37480804708555
31.524700352767397
31.566605211605474
31.687181831032863
31.783484055013957
31.893585414158586
31.905144803029927
32.02613037072662
32.09708106894578
32.45539190674573
32.52273676741951
32.54551320163789
32.60051507187325
33.003584684052534
33.31478523557349
33.479797291497675
34.113849751561844
34.3481719721102
34.77446725604841
35.02168275230904
35.159077011861235
40.62638660576777
