0.662960359758564
0.7746836766887716
0.8232023351301412
0.9089233845726112
0.9659482259946194
9.360598221759465
10.29073764550111
10.673924385972192
10.849238786577613
10.959470039623989
11.046766321648194
11.173105206777334
11.42435016526189
11.45456766928481
11.639210205872988
11.66622951549545
11.986523265870181
12.013582677813078
12.06461417416238
12.164773533303856
12.191659336243736
12.263178718686984
12.305787760515772
12.376812761437728
12.483977803451005
12.616821075183083
12.667138282310752
12.681462786401253
12.825868733720664
12.891796876177628
12.96151218952613
12.964891456262908
13.079183884926874
13.118190319424263
13.15486820324552
13.197717470103036
13.220671031507706
13.256011198602197
13.312564664980142
13.41820260031765
13.463750035450296
13.514911808949245
13.54533287868267
13.56536884938938
13.615653169291305
13.680608775257527
13.757256145556543
13.775933281869715
13.848557449114141
13.873017790313343
14.052717896295345
14.12275617904119
14.141962703131412
14.158856574826203
14.221666504592864
14.267115155652291
14.384458755073842
14.425381271757914
14.476952991138798
14.525714063493375
14.547593931712779
14.641175143221107
14.669017056835694
14.694857761608896
14.734838676719175
14.7906034262469
14.828764405368032
14.870373333277234
14.902999522089656
14.995859699414822
15.025604496697486
15.064107752612637
15.126821568048062
15.149121868469724
15.167001002100998
15.188394622882802
15.239214169124542
15.280424747637445
15.30284020787986
15.358780595662056
15.421668463748645
15.452159628422864
15.48938050425002
15.539894800639592
15.614043219151606
15.623364627284445
15.654166909880143
15.664154331114025
15.706610668937131
15.77939377932893
15.83989973065428
15.867574562242584
15.898112485900885
15.921667670077728
15.93342536251745
15.968310754371494
16.017616984025636
16.06845081902401
16.103546788934942
16.130581505140995
16.174494873724182
16.1753040731794
16.21239389912921
16.299348764416756
16.373233265989935
16.394332858098956
16.446636564901603
16.504067936519135
16.544941471021723
16.568461151417672
16.60044122267392
16.633494007018825
16.6669281438655
16.684813725243075
16.74451940322784
16.760704750928877
16.80521803760434
16.841057449249888
16.872779546519954
16.89058529222455
16.919782897049032
16.9733515968511
17.038688562821317
17.083672121688544
17.120161925290006
17.168745221577872
17.179970376097796
17.21803364807229
17.237123318234943
17.26439404098614
17.290905616451255
17.316795440530193
17.362540711091064
17.36664448121775
17.382426152797603
17.498108598043565
17.517512205405783
17.539338498635892
17.572079270576992
17.597260175206728
17.64063271559769
17.676934465607072
17.693886259607996
17.737212345993647
17.76069593486718
17.82050368157636
17.839616294527687
17.886230901939978
17.89981559759908
17.910872509506405
17.932651955877752
17.981426528143924
18.024454498763856
18.048582858945558
18.117634248496554
18.138252705448206
18.165813992234526
18.17620526336221
18.20869066307556
18.23806556896237
18.29248622939544
18.346366466851475
18.387166240685822
18.400584248816667
18.456092945440314
18.52200967218631
18.539241955138465
18.554176768208
18.625987210088244
18.637511480986607
18.660103931442453
18.68447247937221
18.756574274283345
18.79609523661211
18.808495847128448
18.84855751606586
18.870548772042458
18.896100440823474
18.94027494603189
18.975388922811813
18.991133888649966
19.033748000508876
19.07828684440887
19.093900916290334
19.131209720038242
19.14599370556908
19.178190412273107
19.21783912466565
19.23010837346404
19.293006194028933
19.332330526772505
19.346762158980926
19.410614447928634
19.438337985417242
19.458670246356483
19.507322644024295
19.543870677622074
19.586549685818948
19.6318631551414
19.66189118736891
19.683445914454957
19.731332202572602
19.74169856624157
19.807073020944685
19.85563528400815
19.90764385464069
19.932276618337212
19.9824800982979
20.02560529044275
20.046044636631137
20.085783345410874
20.118853054676993
20.15431050864594
20.187150336538433
20.201940591644252
20.23187256719328
20.259396341324937
20.281360275764914
20.331124271303583
20.35952284603661
20.41450915788834
20.42774275217579
20.456633067888205
20.50015632169349
20.50716759794892
20.554375262964076
20.604025883103958
20.6284739699353
20.664930058030507
20.688189337265317
20.726957221995903
20.771203933180157
20.77931571432873
20.79381223349199
20.84078250843938
20.8707630479985
20.892984249340195
20.923712601226768
20.93820716040355
21.01509859109643
21.040435881414155
21.05025435865743
21.096034632305866
21.12534806484164
21.14162452664011
21.190840365444018
21.245869606395356
21.304570453443954
21.350919234357857
21.361530325143097
21.396045972305288
21.43535830419883
21.450556373912576
21.477208133190295
21.518076351611157
21.52304329810547
21.563978858998592
21.60927797760982
21.655595863140856
21.693692083228967
21.736715293532445
21.801207315328504
21.822833703107964
21.83228463231912
21.858267845942123
21.88626296135243
21.927579931676863
21.960843770525866
21.992563085489188
22.04442565515457
22.063786608399838
22.117181093062708
22.134710743753544
22.19343353992939
22.204058550661546
22.249281287979503
22.287317254272068
22.290005649545858
22.33487960851968
22.378287794761157
22.43703884456537
22.45954757700361
22.512471185655286
22.529735080011974
22.552984116625343
22.609489591500367
22.648143924257653
22.701167437427713
22.718856382024402
22.76583059178493
22.81228922655929
22.83657933714731
22.86051362726687
22.88533310839958
22.92776440610555
22.951906580144193
22.997312458935706
23.026055954681336
23.08033755717579
23.100132329556494
23.138216325853183
23.205948111906412
23.21413907323296
23.253811971842193
23.28374234738954
23.326187990893565
23.360518734186414
23.424446022187926
23.45116839662249
23.513485045720657
23.52779239704776
23.54872852392432
23.58984251862807
23.60549782511942
23.661692217894135
23.706237375428508
23.74553621494035
23.79433451513371
23.86510532688584
23.90946865681862
23.986261561919207
24.00243856471187
24.020334622359382
24.05836371875938
24.08097104265368
24.112894248780023
24.154610717409987
24.18463583252547
24.198771750948396
24.218240165877685
24.24860105663494
24.305043187262726
24.349822655081333
24.39392597429406
24.42301967057105
24.457711704016678
24.510140412475042
24.549589474259342
24.572667215374892
24.635346644380416
24.655366513449657
24.67984762767727
24.717972988803716
24.746923786490637
24.791041435254954
24.811644585377405
24.871372368233523
24.914469773324623
24.98530383588183
24.991086823840348
25.047354480977102
25.093055428265497
25.150832508382763
25.192193110057982
25.219498032466024
25.28122690946427
25.31060623408998
25.33114405747286
25.354897077882253
25.406998957224705
25.424763480928277
25.431035028602878
25.495530562420065
25.51448690287611
25.558935923025217
25.588502354298413
25.619615202519856
25.67573969378433
25.728542459814854
25.77796594078912
25.82988487942568
25.85077106586508
25.858053935978823
25.92565362687957
25.976997460090942
26.02715874209469
26.085080937927334
26.123113518685898
26.154072351392145
26.15993669083977
26.265723508457487
26.346810321245986
26.352082461570436
26.378318272054337
26.391617790024725
26.41360647185813
26.504834478796923
26.520574080860623
26.557664877855892
26.63999935821803
26.657600755152853
26.720696279500512
26.732843867255564
26.76919821782614
26.78167246063813
26.861372812256555
26.894435619776765
26.93739982715119
26.98316501238159
27.006243843811333
27.03686941664559
27.057612575987392
27.088596203876296
27.158595777076364
27.221838106341256
27.246237051339573
27.290337212440637
27.35911136060013
27.407457880686756
27.46585307612027
27.552560855242916
27.585791120755513
27.63392776424903
27.715419477846073
27.730136510445572
27.786433755333118
27.820772565211694
27.90524081542163
27.937359752130877
27.963827105482768
27.980649822142166
28.02490589526093
28.03556995285182
28.092962333349313
28.171644996705442
28.261217861786815
28.297206772988346
28.318430250061027
28.36818282917997
28.453351632696393
28.516477650322674
28.571272955289075
28.654024768307654
28.67792539776878
28.70602780769525
28.824313560459146
28.865984732149702
28.937004543952852
28.9608733207042
29.04831450258327
29.12225514826844
29.1872071647797
29.226658393903175
29.293604337460046
29.40599342020183
29.486089857999517
29.606102825694865
29.661859167597793
29.759932806355433
29.790951952678903
29.818213845191938
29.89556690783858
30.003115494672006
30.029033610477466
30.142598374045257
30.155315008840226
30.190658324155752
30.24503627784214
30.34944753880336
30.379362956059946
30.450369770602283
30.560420120595374
30.616166019599987
30.642847749734507
30.67997664216963
30.78667175116316
30.858954064131407
30.937137831820024
31.02464840800689
31.12042635089775
31.217163973906924
31.441450614258944
31.516642178502632
31.613435946288643
31.697974963889784
31.88631509339876
31.96143457042579
32.059276183472136
32.1760250406615
32.21803404746544
32.318500389280665
32.370010268351336
32.46619830322645
32.52334984318
32.839886848872055
33.16795081141463
33.21859745734534
33.31534215182857
33.42464539416221
33.71208857989702
33.84018160416935
33.98873743052835
34.130027542892826
34.7235165195048
34.86733630685134
35.1401375669966
35.35661953621606
35.65613123865963
37.0175009014959
