0.7035885625502319
0.7583792665248537
0.8959212908500405
0.9583376781439036
1.154980975945495
10.073676139677048
10.115234695630406
10.70298705186371
11.059374953056562
11.081206359811173
11.458398995634608
11.546993839192146
11.616778616105226
11.737831977881566
11.788514010360968
11.842076693441141
12.021841662961908
12.036356472670116
12.143345175642791
12.22024048588702
12.265233738629322
12.35912718106071
12.381976346863546
12.449769084092244
12.515428310168458
12.636330586514495
12.671632926889624
12.752478840473932
12.855528893952075
12.87543607979072
12.937610846054318
13.083071441823376
13.10141314845444
13.166157321117726
13.224338042468018
13.337465646465981
13.380087439135433
13.40501596904371
13.431360656990375
13.482133234851805
13.548766878242722
13.702974563203362
13.755431264703377
13.763272529796627
13.896087005609498
13.968743955203026
13.987772072895194
14.037468779925177
14.080869505418624
14.091841758434121
14.107949983009982
14.164938755260154
14.203548361251668
14.237135302267822
14.320735289046857
14.393543019551785
14.453971469331679
14.460014675138389
14.50071648244854
14.53314303353948
14.595456025461695
14.60540272883498
14.640217568648184
14.675188029236663
14.74332241697601
14.773498346666221
14.807419315465912
14.819024637557625
14.860836060287605
14.942652573909102
14.950006649266248
15.027467666301987
15.03939728236463
15.068341856932255
15.106067895060686
15.171410329364194
15.192186040560742
15.230068269262237
15.261048337266136
15.301033625194771
15.324881428841518
15.367113562309413
15.37741317397373
15.434020124635456
15.476687544728788
15.50946189332801
15.558702989750467
15.572811279184615
15.615060670226853
15.658147453752065
15.702319190370812
15.734303453605433
15.798548359871743
15.839868814388737
15.858732614080335
15.9202714899563
15.995785759716197
16.013445151096825
16.027142339394317
16.05814819614989
16.106841960515386
16.17291372502378
16.187330091249187
16.24965868576342
16.258176351086096
16.33203536723901
16.357493103793043
16.406029757792236
16.43005585460541
16.445504772558078
16.46809538745994
16.480557207392945
16.530975730345574
16.566869999360634
16.596477634481097
16.63306784615231
16.648286138902066
16.710073062782424
16.748805174860376
16.768744817057485
16.801133745390803
16.865922046141854
16.930102526601868
16.936238391649617
16.956659347932103
17.017653669521415
17.02449468001808
17.07948704435701
17.090836717810422
17.14828180710536
17.169357153124505
17.190639830125445
17.23553045874477
17.29505312181697
17.32318396525738
17.377666214322616
17.38238987332884
17.422657872640357
17.46521330430521
17.49446011804501
17.518253388124155
17.54699924819127
17.6219244811826
17.635198300755892
17.648454448541624
17.670682766545134
17.701793779690696
17.73388881593744
17.754700507636464
17.799383305384616
17.825611606384186
17.85159082831212
17.886619230572077
17.946747256682894
17.979315202351046
18.00400260107237
18.058017046819874
18.072485302944653
18.102758751803353
18.123575609778538
18.17892381498084
18.203919589356055
18.238397189162047
18.268431372574053
18.322918431475344
18.33735366685732
18.38856719963454
18.434052869506882
18.470450569204356
18.508965995884783
18.520682915507635
18.551207915650135
18.616446152412898
18.67993203037558
18.728613229970428
18.73101277808484
18.746817739318097
18.800770919772383
18.81217493150535
18.860144441215322
18.88377301983998
18.91674578240268
18.943161959492567
18.97539517380308
19.029434055333773
19.061332440124833
19.0898200034747
19.121419934691115
19.159329989027817
19.167024660264705
19.213897162059855
19.24812421436609
19.2675201206325
19.310278500177233
19.325600601730276
19.36951951974345
19.40621287327064
19.463805311798414
19.510435994475348
19.52376928344589
19.566177047662283
19.58330309225958
19.594889168166286
19.64915126230691
19.685584945065386
19.722672823369372
19.761681275638995
19.77102304065243
19.818408744227206
19.84436583919491
19.883407464308416
19.92163967846832
19.945603814045757
19.970140265221847
20.011061303364773
20.01674174930276
20.041668995313668
20.05832988044349
20.126670741184306
20.156667874831545
20.174837305456652
20.206915154573064
20.21749213255623
20.297455826701224
20.319938252045294
20.367290219617708
20.400624829730603
20.43277356876077
20.44306325623689
20.508874422023855
20.52167890126641
20.60424738790924
20.678848972289938
20.70048257082205
20.728485594314442
20.753575184299635
20.779675663186104
20.813528981602364
20.82426123986323
20.865160095074668
20.89869613805071
20.92765380220648
20.969299418128845
20.98943739895131
21.031917082917214
21.055923153356154
21.085393048452122
21.139672120468532
21.192955890768275
21.20957079048546
21.24021544133642
21.265082588271795
21.319470651644448
21.32699881116852
21.40130949083623
21.40950530663437
21.423290193744815
21.463907348409112
21.513283673098528
21.52181782680511
21.537598892276787
21.599807439548655
21.644535853063914
21.65306259766046
21.677321960199517
21.707102335021553
21.765644851662806
21.784997349588313
21.787283285317102
21.82986325357118
21.85642121177667
21.8890641834561
21.921710567701076
21.94971807115268
21.990254164620467
22.010652332446522
22.08603073391401
22.087251215453225
22.156778379643594
22.173356462679987
22.202263941123835
22.300694984190887
22.317817497665075
22.336879626964297
22.34904407323117
22.370586842296845
22.394953621483737
22.439314811703007
22.45863234988627
22.49137751302327
22.544084499987452
22.572263844485253
22.599629548222815
22.650229940334526
22.660395185077814
22.675697625048816
22.70679806110408
22.776134734963257
22.8051881957392
22.829815646597638
22.851942983047294
22.881613642979328
22.930327922733568
22.962311385920195
22.99554764883224
23.057787407957935
23.093435389764547
23.13534850401013
23.15600644327497
23.186268500579903
23.21229628102773
23.240319017398434
23.337167555131508
23.349819050192757
23.397677414377274
23.431391068632994
23.491689146801725
23.522949417576633
23.535743739644627
23.55950685269879
23.605954840489666
23.656122689006335
23.679517264922545
23.70611621525446
23.760937585986845
23.826160176446585
23.850548347209795
23.88660241684313
23.89597914760249
23.906562924870954
23.968720606719323
23.994680393170373
23.998633302942764
24.00626982021388
24.05336316371305
24.159669847461338
24.17044229950055
24.214197366445593
24.235141352051283
24.300097940339246
24.361583234306835
24.368012569398733
24.437843584109313
24.46253465936875
24.49583842558655
24.515412700804774
24.54716106151109
24.615171276014923
24.649994145208854
24.695812559289738
24.75278509474519
24.785787751275844
24.83038488405762
24.851898103147462
24.886734571983798
24.96987417456857
25.008298764417177
25.02572908475398
25.064967237238402
25.09545383735103
25.134621813448845
25.1776056931912
25.2408421661152
25.308132448612092
25.316506290567503
25.344968323111182
25.38418170197098
25.42416162457911
25.496719847048375
25.555942542925422
25.5972491200482
25.61645015936546
25.647767875312283
25.712252838012528
25.751391055071245
25.77614976066576
25.79819837431552
25.86573527122416
25.882007843500617
25.959484804581262
25.996946922441893
26.0113116880359
26.04311061795621
26.065677050269723
26.090481816940095
26.137878093013395
26.215716779141626
26.227334212129612
26.254884782804705
26.261149547779393
26.336193505818617
26.386107661758526
26.419402684816916
26.442738655628293
26.491035035938808
26.545876647860627
26.61731895842931
26.678453571700732
26.738423023176914
26.769514342492094
26.806930385395578
26.845914950351098
26.874481103186948
26.92702359397486
26.963960424250224
26.992725379897728
27.023070500594407
27.09771052407145
27.106297985633223
27.169947313296166
27.19137000154337
27.272242724857882
27.328596491736093
27.354642283916554
27.41119001166702
27.419666608526267
27.47396582606995
27.51405162767976
27.57001152225391
27.599816453649197
27.635215813744278
27.692172416236822
27.716078696905022
27.77158024568929
27.80307662207214
27.892867608646323
27.93610554744488
27.969850251953986
28.025691273284085
28.048149824563716
28.163777718753543
28.170743565460427
28.234501418756903
28.343113844746703
28.412013991693037
28.48647733286305
28.50300760801046
28.58039317621925
28.658597859465164
28.670021390479246
28.700092121926893
28.787510827020032
28.822820357909745
28.849243939496965
28.892268416933444
28.990107609195352
29.032904036080318
29.098661093296304
29.131464802691692
29.17232474680119
29.220362856135967
29.339407515004858
29.436878473622077
29.449143114444958
29.49827822792532
29.573411304906912
29.609258413937834
29.70716537258963
29.72891860949139
29.805740825053824
29.899421356141442
29.955118000487854
30.076356406293744
30.163080712401467
30.272850787437157
30.340734395928784
30.36826337289479
30.455047318730074
30.510318801353247
30.564091988187332
30.599241623387933
30.62378298052383
30.769369424035354
30.854724654053395
30.972626655122788
31.07528363146502
31.180971520275627
31.32726029666383
31.501649954703037
31.567093903843915
31.593490454717802
31.71447687818018
31.766019986695962
31.798020532000933
31.951200921329576
32.05602589225469
32.254607742990764
32.33514649229775
32.47038928219283
32.62769995255893
33.12520918962528
33.38681559878318
33.40046075637588
33.479640983006725
33.77358856924745
34.22739786313543
34.81844981856588
35.316352778613094
35.97173971690219
