0.0
0.0
0.0
0.0
0.0
5.655179338004454
9.483760963305988
9.906624032187954
10.030404257106659
10.076481309268697
10.601839579187
10.713708104526402
11.019405886335448
11.205694818007824
11.233525246365499
11.298564719919874
11.308947779897057
11.403977575509888
11.423509994649057
11.45281300272567
11.486931252971587
11.606469028979697
11.633053600128688
11.803363546970482
11.858574672793571
11.874185677435289
12.160307245058421
12.20170217614176
12.260141748019121
12.29407910526533
12.294734260109896
12.3339951825449
12.361307777037577
12.383266871500515
12.393636102361073
12.629351477304859
12.663807716095599
12.732162873336563
12.740481961926228
12.805745799219936
12.915332372037906
12.962165125565688
13.037460592291874
13.108519151170777
13.144308411151224
13.165120970759268
13.173755133652106
13.214897904265015
13.239643496321055
13.265052571700123
13.410673999574435
13.446895004678874
13.450592761585781
13.657091922535365
13.691799434041963
13.754035949733996
13.798266836342934
13.802935201884564
13.845313739079607
13.857058722889947
13.941408478833896
13.984359297717608
13.98702908655945
14.04923206199417
14.110312877373932
14.179317689755733
14.190341531501955
14.211350009473735
14.264147302268336
14.265550351467894
14.314963554767823
14.335629841828458
14.34789891903817
14.404706793801537
14.405508653951316
14.478577658161633
14.519635875273602
14.565667881552905
14.565818227068258
14.59153004861875
14.637620105767217
14.645310916313251
14.737781682782932
14.82431074673964
14.84446581217187
14.851564580911031
14.892560329430928
14.942443423742397
14.992778734944906
15.002802302895077
15.077283560351674
15.093290433512342
15.26284571011308
15.2667077430383
15.276034527876734
15.278312731522192
15.317255144445905
15.39490485737894
15.430202857691059
15.458486652745563
15.513750155095535
15.52769220856945
15.612375782726039
15.691223010690504
15.693569211525864
15.733679944323148
15.751905944944113
15.8032939669747
15.833775264614339
15.968836087633164
16.002189482782537
16.04102091288264
16.11876025696164
16.12704582309564
16.15940029694299
16.161282298692907
16.196171540588463
16.261747854380218
16.262410398313282
16.30306077222015
16.324391085261333
16.36948808223133
16.401378341261793
16.4280413519016
16.44399450597857
16.50720986580101
16.538834250626035
16.54844053128747
16.595205862479485
16.704159415971475
16.715056119148777
16.749144955766326
16.76421705069165
16.782311585797263
16.81829559443725
16.907831980080932
16.92403296627497
16.93510094523983
16.989975134776333
17.041461593330506
17.052202248548852
17.054268310086908
17.060274284989788
17.06043655097752
17.09290512189685
17.19395521026097
17.257038622988595
17.340438729585863
17.36945099289956
17.379399748006346
17.41689934567037
17.441482848853337
17.44438085862581
17.45602234183945
17.477026018747416
17.488234722485235
17.55457670372402
17.56174201890673
17.64340693461529
17.70141717289575
17.720078371855937
17.736437510368155
17.748177223294714
17.76328873956143
17.78146875062785
17.781656541488015
17.85903521822856
17.872311189763757
17.876312838753798
17.906315041925065
17.970033043388256
17.991407347789938
18.078220012342864
18.08126278827971
18.201522126239116
18.231592701902446
18.299424332458532
18.33229426220184
18.37668455716172
18.420411285081023
18.484346244223225
18.505418254537943
18.59452878041163
18.616859180526
18.648622155462263
18.676450573716426
18.679199634565904
18.737589030905756
18.753208806567116
18.79822961924595
18.83527252839084
18.85310377663241
18.92252047784458
18.94407726377213
18.948112594081117
18.951976645948164
18.96726752593121
19.050778517317106
19.090006138103323
19.169240721264188
19.17497010662851
19.187450709763063
19.19722438346962
19.19946255104286
19.229236116293475
19.289758660823175
19.30589501627356
19.3571487042878
19.393455395400892
19.404011753090426
19.455497863565853
19.46374259644217
19.471589571274006
19.560655251312813
19.626597726383512
19.628097535430193
19.65970312585543
19.76126244051951
19.77346079206362
19.827712921226993
19.82942809009364
19.868868051010445
19.945056171692645
19.949635824037202
19.967132395198668
20.01331250414302
20.068949582231582
20.081625550457275
20.11051850185981
20.134753916909602
20.147367749069083
20.20711141351618
20.27302384342728
20.27418898253936
20.29617573637773
20.310603782241436
20.32061791686064
20.35116073391673
20.354770163821033
20.36005758037117
20.438222325168155
20.455987421690562
20.487424047148078
20.511018422082664
20.53158420655524
20.55516146828753
20.642531942037998
20.67006803212628
20.683081820669674
20.836813293138643
20.846003751446005
20.866181370530686
20.868449996538438
20.877713688584585
20.91912107981798
20.963313247268058
21.013352124484157
21.089794735688763
21.095727941581867
21.099361191788287
21.167373180216472
21.24215960669215
21.25036819443297
21.251987370645818
21.30944044424779
21.39638403149984
21.433106706495007
21.43564728121511
21.44972515442539
21.517198642403915
21.52980278544115
21.541525079857475
21.562947194258676
21.66303540240249
21.690043591790907
21.751412108366672
21.76928660729723
21.784709101597578
21.79256690481228
21.86073335286484
21.917667263724194
21.96105544354725
21.966826274026726
21.97782631137941
22.024149909228964
22.074716048783568
22.096020000269238
22.110508720210188
22.185888840831947
22.219278127845786
22.23372301654012
22.248012907595434
22.260158114564263
22.297104404338135
22.426674861796535
22.455898212291324
22.489486511547664
22.49324318067497
22.50064062797053
22.516830914130374
22.527770699284275
22.55900797982551
22.66357303003472
22.6651968175806
22.690296856862968
22.77943513492613
22.80578829455054
22.88141269478862
22.90226033121355
22.94204303183189
23.036941336531328
23.060528321731677
23.104470516908975
23.107856894891544
23.12285417147732
23.151270257311783
23.191438213243377
23.209308301973117
23.210982048585986
23.252702465841583
23.271112293288002
23.289696125212355
23.37123335054529
23.42690754870729
23.42803279346297
23.43654959715293
23.474059159451244
23.51293900594523
23.52360887271364
23.52725162625148
23.536995506866198
23.669244814474702
23.686664438198097
23.721144724034755
23.732533459985454
23.739573741594437
23.782700953506563
23.841855869608114
23.853982918313854
24.012943055626447
24.03317570283684
24.038235362974124
24.053412470898724
24.23133628268784
24.274417492334283
24.3273545639705
24.402091929280783
24.422822486071443
24.445947893548052
24.47345568377745
24.517337671598167
24.557729987474318
24.559390681458837
24.612557061759855
24.639102392563387
24.66719838821464
24.722310760575546
24.7599314623856
24.78193806871842
24.817202215773005
24.82967118779536
24.834139330731976
24.891335505377985
24.909875453328443
24.970000667050076
25.05443304072155
25.095501473752346
25.1991101602404
25.238384341204775
25.242671880999907
25.253779236427075
25.27561552978678
25.337791840652176
25.390931881053113
25.422123874539757
25.442915209203818
25.48771834834821
25.496273939617197
25.527600869594412
25.549553577006943
25.57399022804905
25.628547907592765
25.726933184730928
25.7352071839189
25.848753663135266
25.8760617974096
25.90873847180738
25.910047848576564
25.92753534726724
25.957171351809087
25.98202973834311
26.023366014791367
26.035072438435662
26.0828531940858
26.175384678193844
26.19405801277758
26.220297657192773
26.343732052651713
26.366688029946882
26.388725992205654
26.535611651764246
26.537628927623924
26.563266782985565
26.639209421078807
26.66859771935367
26.721703310057805
26.814285599358772
26.820524064805248
26.83011843883222
26.886871163890344
26.913998723897816
26.92741930623701
26.938215704288105
26.94339079374039
26.986462277082953
27.06253001244267
27.18307602379801
27.27308190781025
27.30250937910208
27.335691301297704
27.354859155836895
27.40788012769423
27.5247516156141
27.53753846627473
27.559014264108285
27.600454736428535
27.69106342425297
27.709094359455094
27.72581205516952
27.907904464502362
27.921551216545627
27.96066309351955
28.00177169211763
28.00466874430329
28.05264817343935
28.091446755358685
28.177705960215352
28.216218555268696
28.236858451087382
28.290022331214182
28.325691719005725
28.330491391660736
28.381868000465502
28.47413752899174
28.4989828960584
28.718362072194527
28.74095998161162
28.773905494648506
28.77423942838866
28.90686564940431
28.919262474041698
28.939797737218672
28.979897751198536
29.036407149547536
29.194359532318668
29.21809600549647
29.274168136389026
29.401614845049444
29.42573817397636
29.452084351202704
29.471550269056728
29.550688905547645
29.719687970539148
29.776765016524326
29.810901095532955
29.84376502178915
29.89838642335149
29.99863013708257
30.108438963913844
30.18516625000834
30.352961719401716
30.5005144574408
30.512942259313196
30.66568282618928
30.69041159410936
30.73149570702916
30.879786214072496
30.89869656070825
30.92877992738288
30.951338210849418
31.164490252168402
31.204593188500553
31.238507842227627
31.259626348739204
31.277374196247756
31.569324159562097
31.62072294993004
31.92436591590137
32.06740317103562
32.095071267883945
32.35508380630695
32.3860676081267
32.734664610230766
32.81493690596906
33.233560172596576
33.61930784329468
33.6250208906366
34.4177071516388
36.994760965120385
