0.7864563732881438
0.8701956572121151
0.9153293643699899
0.9452106558962355
1.0316857660722016
10.04737717703621
10.755912327387307
10.799789841016723
11.142950012657536
11.207750076556124
11.245009289239949
11.549941937391527
11.618368184998843
11.743033801265952
11.807546953910848
12.000632436109658
12.01246184708822
12.030287634263107
12.069241096364443
12.271837361487002
12.305345794976029
12.35321229404679
12.406359619413436
12.412445001731719
12.437500361322446
12.468379227658733
12.509593790138434
12.645456841672456
12.690051391422129
12.770895232319727
12.853367834248715
12.863614007246921
12.875439472777884
12.999914806994472
13.035831869476718
13.131411879197943
13.148730772383837
13.171800892877808
13.235619426972848
13.267214858961655
13.318108133874569
13.358642266891575
13.387342394584744
13.423270270353216
13.510302631047981
13.546607369249362
13.573616436273946
13.67530347052405
13.695948271278494
13.782826445644249
13.835310084621048
13.896120419202585
13.945369675001851
13.986230399153586
14.018132517188551
14.051240040731866
14.085947995642076
14.151962973798858
14.192663595526367
14.204863569291682
14.226583374542082
14.258920121041607
14.318528984150584
14.340898887192159
14.37476726812436
14.443166748773079
14.472760433411413
14.568719997278736
14.594717454271649
14.613601394716456
14.634315030730573
14.665229197213188
14.741334969737753
14.761383255290824
14.774960878301677
14.796843101130046
14.854544480356367
14.881860755975726
15.007569335960568
15.062656472292307
15.087117017197198
15.13041774498648
15.161499708235526
15.16976159728668
15.279645842431238
15.324689678612705
15.334030760898768
15.358791549652869
15.407958360020594
15.448464777980664
15.485104866193627
15.511001669912828
15.553623596959003
15.567520485451071
15.62408919836436
15.665747559001492
15.679089303093372
15.702065329524547
15.755195067110348
15.78563994154021
15.803336401345934
15.857249397772211
15.884628886787844
15.937745755532617
15.961864220080347
15.996273106720398
16.041902704976405
16.10259730279644
16.143551672477706
16.163803221755256
16.194894940003902
16.259942092969794
16.29259610846628
16.363950276588167
16.397236735532303
16.462937043090438
16.48759698974706
16.510087728701144
16.521697838201508
16.56053753495411
16.622882757767517
16.644020318570515
16.68272384740152
16.752414802282487
16.77293059522509
16.83483698401356
16.870154899801566
16.897972242454177
16.945012824380267
16.970950221116375
16.996088399083433
17.023037657393324
17.038880068956338
17.086076212996833
17.097794764206025
17.17244086860413
17.256312682817295
17.26511916353083
17.323837873042542
17.35457910714817
17.36668195260439
17.44347786439143
17.45373565044708
17.49665647185424
17.518521690832205
17.556032557546462
17.574322128876393
17.635671749111527
17.649926471807706
17.65814862539856
17.71699518810992
17.74179847275732
17.75630944508303
17.80896230966281
17.857883181936735
17.885357061546568
17.95838258997984
17.98884369821321
18.011272087419872
18.05624499613128
18.06649084894204
18.091073483008433
18.171130309630357
18.179576903499925
18.198250328893405
18.238761094844406
18.28156130190323
18.308106578080054
18.339719232555034
18.397917498079163
18.42476325019897
18.447694801473794
18.477418328488028
18.520163876781755
18.54264338914959
18.568141448971193
18.591935452990004
18.611557365758753
18.62930706613366
18.70461547411897
18.739266499421905
18.768038362526553
18.814206689842294
18.894596112933314
18.913094318544506
18.934789516207537
18.93763897011407
18.962218984513573
19.015359893593317
19.06257714420991
19.075216310016682
19.120514611880566
19.14614112465455
19.157205444412558
19.20696149802671
19.222117803325162
19.272756579868926
19.27543555055263
19.334075746147395
19.376152789796837
19.42106894717616
19.437147902652207
19.443811052612922
19.486498023607357
19.494172383080578
19.537196270906456
19.569088232784534
19.62149061177457
19.67719325347079
19.708877468402797
19.750848779244425
19.7857229010899
19.811979022800266
19.856886388982385
19.912441461888875
19.952150316024174
19.969716941069503
20.004135971511825
20.04728411593905
20.104360563142283
20.135365920463684
20.166812602953538
20.209397545430075
20.21856736373327
20.266333959617622
20.31680534651715
20.338366072801215
20.353380663483392
20.41670196542732
20.505384231201674
20.53526045236562
20.56029926712796
20.57733946471445
20.59575454316175
20.611661776608315
20.63924104720249
20.724849197886652
20.754229817898384
20.759747782504544
20.788167428534518
20.854118943222673
20.880465163944397
20.900511040035408
20.910218455904094
20.956575365253634
20.980229610769882
21.016731368476975
21.112887493266754
21.128493819040557
21.147402568998128
21.175783690776235
21.20181516147841
21.238362157177935
21.271081278035
21.28929061941554
21.32253231379286
21.364815702074683
21.432247185439156
21.441240927737507
21.488266264962032
21.49651246087188
21.562205115755535
21.593873480741227
21.611343604183695
21.628891678753728
21.63352462950917
21.636834093812453
21.724383707948075
21.738482321887055
21.825655325324817
21.86598912867258
21.914130517956284
21.92919535463529
21.967916064481404
21.981154014858262
22.017363389926647
22.04543525318928
22.05448556271264
22.18215548847619
22.20176678295499
22.220760970840693
22.241727862268853
22.273982055025574
22.296729085442585
22.37874769871656
22.403456191947768
22.462189974608695
22.48139743587025
22.49291845451172
22.534932893391822
22.547528540080737
22.593006439751683
22.619531156132
22.675314964144714
22.707368250830797
22.731291994004927
22.781834211339635
22.80207156512055
22.829752392760035
22.865019794302828
22.891782937989856
22.978685451830863
22.99922672722037
23.029012387624203
23.043713338986418
23.073252552924426
23.1261625859878
23.201500308991054
23.2037677937246
23.229850331069954
23.29009423021442
23.309446439005896
23.345828778135758
23.389409093270626
23.408237853816075
23.44798445486793
23.469141020455293
23.52688020450615
23.562377781383574
23.593974415087317
23.653266908877455
23.684643562383016
23.726746300389536
23.765495031561272
23.80982309606686
23.896959905749153
23.936129151565634
23.963188217044525
24.015887173281648
24.04422530000687
24.06952093328105
24.080368471801748
24.106982908403474
24.194313500811198
24.201318860190423
24.261268396173556
24.296715846675017
24.327862980989003
24.349585415373074
24.381243300445508
24.43661536246196
24.444438326116337
24.481114533691034
24.514829595956424
24.565826009978355
24.585664579305046
24.644230644981455
24.68711575993038
24.746915008171218
24.76471202234494
24.815742008415654
24.86653703901611
24.904635346516148
24.92924393950378
24.980184775422096
25.015688826546235
25.048988329218805
25.07283369834574
25.10018984373955
25.169352031550055
25.222670967616196
25.245616349398443
25.297839619737843
25.35381226991458
25.402382949146602
25.4185246353019
25.446887056158303
25.47417844705872
25.572498032392495
25.61145570240265
25.643964582674844
25.693709625079045
25.750927304052855
25.776111769934648
25.826336629044025
25.879801220292464
25.91089794999666
25.927861438026927
25.983210201309472
26.031068725932744
26.062399753964694
26.082604572353922
26.10979810792218
26.151441031001262
26.206559268138946
26.25042933529367
26.26418949404762
26.291042095525818
26.331028336579486
26.368454178395982
26.43032961608039
26.4783836737538
26.55390564205363
26.584904915030112
26.631142547406277
26.666897937621656
26.735857871695263
26.805021618120456
26.808380776044707
26.848693707856835
26.899056502082207
26.96631545924811
26.9916033987636
26.996417282998436
27.04449935767633
27.166040400013113
27.214034490731397
27.275880453067796
27.320604404869663
27.353269916440468
27.359566878094313
27.448131275132482
27.4673630077147
27.541549506286014
27.6013701678915
27.647245789085357
27.710970095699626
27.733530030734844
27.81533887377671
27.82968067812525
27.881883003662985
27.922171754688847
28.00823542902957
28.022660195203038
28.070140673935335
28.08784120203066
28.191554590711238
28.196531836188672
28.236273884409247
28.310851863844416
28.365588847111752
28.421365934038487
28.53872004693645
28.568292408469297
28.579610121433213
28.62726164002206
28.70481254970222
28.724249861277972
28.760146800497033
28.80477955803021
28.830088966881053
28.91416979097946
28.976725364272063
29.020359655887066
29.091063722998484
29.14799539952689
29.168356759494127
29.18372009624539
29.311691851218725
29.347157575406165
29.407866261272645
29.4233790581361
29.527611259989172
29.60511503036916
29.621265179280336
29.669319539893944
29.80777209938123
29.816778227129152
29.877306068669945
29.97353555882371
30.023626261247284
30.12277670478872
30.153727245787607
30.20407766689965
30.252794283018194
30.421539405457175
30.429896475907526
30.476487718042645
30.593280983775657
30.695683407146156
30.756169149688596
30.79503514123224
30.83609405425439
30.852293939566014
31.048483482778693
31.23952078904181
31.3442813222453
31.473810360902608
31.58850609772893
31.61964870959767
31.775373313754052
31.92383532402449
31.9565205249279
32.255576684140415
32.548131256899815
32.71953856579823
32.836461591726255
32.88961673344822
33.141638553349964
33.24152053954457
33.31893043378506
33.49024796069328
33.59430496768442
34.01657399948324
34.22970524004472
35.164236596238496
35.330171106514904
35.992563979207176
38.79424336367473
