0.701676830043503
0.7845680992591917
0.8293725548373535
0.8905517505329854
0.9867810964760443
8.462788261964862
9.293017059468273
10.093790424287677
10.542227490342134
11.138174550184994
11.508427804000744
11.68497348061181
11.730531555377583
11.836274385244907
11.999494822092322
12.281137731896148
12.385851809405152
12.426677683364181
12.464855635594562
12.484965079592987
12.493867973322223
12.542827476738092
12.576293848202182
12.706738632669117
12.965505816056673
13.090293028281959
13.230057357999707
13.24262520641709
13.395912284300655
13.40113811438559
13.468912500668722
13.508160786326597
13.518205619277483
13.577307676890388
13.63311154815588
13.657560607478624
13.755892591171746
13.807775016614949
13.896808624117423
13.9431595292713
13.971132169144951
14.000684236143435
14.051995456090122
14.091953299412944
14.094394064862843
14.148330409897268
14.190101853351909
14.264253207238726
14.354693692226453
14.384345360934049
14.396802139777016
14.45052882002108
14.453080994960855
14.558201260973423
14.591294194570578
14.623751342849545
14.676621615012097
14.732255588873342
14.737924472655797
14.769748561707551
14.833555221191743
14.872492026705784
14.907902388562182
14.974039971987647
15.017962653056154
15.080870505527288
15.111287844993825
15.159396349089636
15.206330217752289
15.221809021995275
15.284922473186258
15.351000433985579
15.377942007587654
15.41182028667486
15.537802078498487
15.540834468237357
15.577134820054706
15.617616042726898
15.656354323387395
15.713679511197991
15.728488575632483
15.744756196759473
15.831797598385934
15.88055428459954
15.891601654105319
15.942176730819302
15.96412234465291
16.01907660410932
16.055624110688164
16.089480781992155
16.11702258741647
16.147147048713375
16.17199120843943
16.208553952771478
16.22655904257003
16.26109883951986
16.305139018269088
16.32583396219031
16.383742642969914
16.41102159635638
16.461051118289443
16.499628347526574
16.511301986599076
16.562733006457954
16.59371755883604
16.656815932450954
16.722104307280386
16.763111632435553
16.832659326372173
16.880209125200203
16.928523840923642
16.957064456828217
17.000275058888626
17.037544528546093
17.098642237214875
17.1262531632886
17.13871076486792
17.180439514524963
17.19643191693525
17.209540959317128
17.231023062220704
17.3020134880663
17.343309663658417
17.368819872473157
17.392072388417834
17.40894009908653
17.41779465917324
17.469012418654923
17.502016944368727
17.566308221992955
17.569148214534092
17.614148864801635
17.649378654254832
17.717012627659077
17.76647021805318
17.776279308163193
17.79782055226415
17.81170495317279
17.871949701705837
17.930779324935592
17.967669362295275
17.976942781380068
18.00546886056672
18.021202937253122
18.03691276331948
18.061074160785928
18.123354982423297
18.157555757305655
18.203508120967275
18.25452983289775
18.274645106150103
18.27999636011648
18.306882619152073
18.345771451488492
18.35967612653471
18.404722308404942
18.447070153796393
18.47893777065097
18.495748288890116
18.541621705470476
18.591651450899803
18.644440068121256
18.71492409315592
18.74320057397502
18.769581585647455
18.788707753413995
18.8433578863472
18.86194290640842
18.907114943390468
18.930357873882144
18.937769896541102
19.026554550326967
19.081976751860303
19.09187758512047
19.111914620717297
19.135058803828326
19.18568553959052
19.209264940659953
19.217050973129908
19.23207111886219
19.30341221053562
19.327979450732098
19.34093497249386
19.39732740459532
19.425836945282633
19.441548331254012
19.479036844864893
19.503283843985834
19.545004063790312
19.5665832205611
19.57149480643185
19.602666536570123
19.650326984896736
19.690462187486656
19.730491367171958
19.745074682081793
19.784379052562173
19.807247561791193
19.81901498045263
19.85362507701465
19.891556684938593
19.906822322205674
19.985071476115657
20.058209254310146
20.078911169911514
20.11657406681176
20.152140018070437
20.169135182874005
20.188914307320704
20.19841568687357
20.242214296278878
20.316628882239755
20.341737068937842
20.395042002965646
20.42465864737068
20.464142141585246
20.485969470191595
20.549182666570257
20.576406523846657
20.58355482415351
20.62678121050741
20.637311582635924
20.672871865629546
20.71827589944096
20.742910875785494
20.75803644210915
20.782757090767866
20.886895096235225
20.92854042768072
20.948843055988455
20.97816582701141
21.01009381420829
21.04926335001507
21.120648998303526
21.138734671384213
21.1591193574355
21.18663556408325
21.20071593354864
21.242906885216687
21.269925607115415
21.294120072067127
21.30675616677722
21.348236135975935
21.397139629146967
21.40633858708276
21.45512516776724
21.478922068387742
21.481153344215738
21.5233401196539
21.545170406912444
21.609060919681017
21.63004704548457
21.699902464159354
21.709505260570786
21.765265472252665
21.784674377745176
21.818830729053573
21.87574873773611
21.904582165682626
21.908602151204462
21.95748622454086
22.026507239762665
22.04747851287393
22.073314845607367
22.11759365267464
22.151172191414844
22.1536891260737
22.161765414000733
22.224081071479976
22.282250075687205
22.293157711145412
22.3272885724504
22.363375354375126
22.430688702640225
22.458782360244925
22.523509850507523
22.589565336754408
22.607954807415545
22.638919969242686
22.65018753481916
22.658303056304508
22.728484335756793
22.74677599509357
22.776460852137344
22.85334404290507
22.889673258197607
22.912167809962455
22.928980487256652
22.958575656533537
22.992996894396487
23.01650246507039
23.04720639923954
23.14616372076765
23.172744360647705
23.20102716993455
23.256139098834154
23.291252162076766
23.315630566713683
23.372793041460948
23.386940920186284
23.437401511749155
23.493813828926115
23.515649520589267
23.5423965029491
23.56224298250815
23.601472420883866
23.64337917149967
23.686902433641112
23.7136919435234
23.776236453449055
23.790850664822067
23.857869447789472
23.871475993930733
23.90301181058027
23.95803157528483
23.983507309888374
24.000970072231603
24.03868203270948
24.077044111714706
24.132384983105
24.146868217767253
24.217242386527282
24.220197283029016
24.270140946352655
24.278547252931645
24.370395548678495
24.394699877711858
24.42709392186818
24.47002729384436
24.53314887574283
24.5528179863143
24.600458106254383
24.614568329878544
24.656026831651218
24.674194313611288
24.725999043528077
24.756612509673353
24.79068810695614
24.828270959899108
24.898053950491175
24.911817842818895
24.945564287982815
25.0572522683642
25.08938343702233
25.111014655500544
25.124982399142933
25.23549115552188
25.24642462308934
25.26334275999711
25.272451932831153
25.33051402397641
25.347179797659955
25.37917445534257
25.4445046864012
25.48677132338878
25.525483577135883
25.568720243481728
25.596717457281027
25.63243662328089
25.65290623121109
25.680863628125206
25.69199845330617
25.770104254671526
25.789059007622733
25.82730102207489
25.889495718391725
25.91053077038925
25.96668555584198
25.99123893705676
26.04034778345602
26.11722713849316
26.153988624440295
26.199117876239075
26.241003685657017
26.28215991628339
26.29675878891512
26.312906012736427
26.37991327899279
26.418301023010276
26.46379816447855
26.505374899259017
26.56774228335217
26.6153810199748
26.675357876085418
26.697191801624264
26.753116692231032
26.792101268032827
26.823635150801802
26.857222014778365
26.88309124034024
26.959890441785593
27.02052768624641
27.04781942076474
27.093943442831993
27.132372608642648
27.176223013754846
27.264391588112872
27.293599924388435
27.31321799270602
27.37011820467138
27.379393430009383
27.415356518440074
27.506567071324074
27.519900777639524
27.570232389590412
27.592500135904313
27.611787431944524
27.670086221001263
27.691440128534953
27.785079017700877
27.819703959101144
27.904501035166113
27.92883635002999
27.94831575968887
27.999905200213803
28.044103123721083
28.137967873749563
28.173003723794892
28.209808043115245
28.20998917964721
28.2683822778838
28.297988250733436
28.346089830676622
28.39063512389119
28.42998551704061
28.51287562213762
28.54500522374438
28.565225415862702
28.60992102819231
28.64797963817792
28.72395783439171
28.751496569287742
28.787742378618166
28.879895781162002
28.95620173588121
28.961024410931557
29.017016865378395
29.063798350300274
29.101776314009847
29.130260188985385
29.18378604762835
29.251769655316636
29.28348623632758
29.33140129155286
29.388894047282804
29.450813212221163
29.490923038017442
29.528165758815767
29.62611550394522
29.657006163018398
29.702497426103356
29.73411326394239
29.830025473139084
29.958926409717144
29.997025719028144
30.073964655268075
30.111787382763655
30.202208531873296
30.277204757846764
30.394200340068647
30.45278522567066
30.489384372073445
30.640148228726037
30.724809366238304
30.78197711704041
30.98014429043683
31.01632048551271
31.155016967673017
31.285144431633615
31.333049188569902
31.33579256974938
31.57925459191224
31.68780354763346
31.7532762565075
31.767330398531964
31.846051598943287
31.945041929653513
32.03039538320838
32.1993434759437
32.2835691913237
32.42083383455273
32.46492803436759
32.61507105969187
32.7147178174283
32.84011395660199
32.865539303642144
33.00884702548336
33.11581027302844
33.30191605503811
33.35309743506672
33.45558122046924
33.94498279132124
34.2755669440406
34.35443658193971
34.89058101924949
35.2533897178165
35.46122436383363
36.68163046036464
37.89933780198521
