0.0
0.0
0.0
0.0
0.0
9.12956790047485
9.156664849609657
10.243341005763268
10.244332888400345
10.248872105749008
10.734907089799792
10.80230418464168
10.851894051585917
10.865144856040006
10.999777243468788
11.072160309442644
11.201790898175766
11.334228306610704
11.457780886108095
11.503715503499798
11.54280605507279
11.797372900006344
11.809751884170266
11.968360494579017
12.098132747872944
12.122859452517627
12.386688028024132
12.452594908767717
12.534454886469257
12.626684052781192
12.71236956256285
12.730494513793502
12.774180898685556
12.863712273619816
12.935670137442685
12.953613957413216
12.990352190807934
13.095995349237702
13.18378296299697
13.189452901093242
13.217684401270976
13.292527366925746
13.329274850486982
13.342178914873951
13.344685483903076
13.374528873406458
13.42365218199727
13.427318895430444
13.439877984605475
13.502280320131986
13.609135454785832
13.645097865990477
13.700703552651879
13.721499890665472
13.851100801067446
13.901154688408077
13.975708025683012
14.120871788662555
14.198132229623594
14.212199568605227
14.226444676789733
14.303086039870442
14.344733177869305
14.386603555106094
14.418231771067953
14.438356332542176
14.484939958978893
14.497035410657137
14.59124987027281
14.635881579019296
14.63802566041358
14.660953794295208
14.734761038530026
14.754368949989432
14.7675006984281
14.799985720061752
14.836071264186856
14.881282147256364
14.904353778666184
14.928275702925308
15.0312705662299
15.057457772159976
15.148019940280642
15.149411184920783
15.21637747475526
15.298055028376707
15.314052509151999
15.342733487021345
15.357938516170632
15.37700317003324
15.39521238090452
15.429090521060848
15.472754264207389
15.505569660675976
15.534301289042295
15.553930018832531
15.605072738518325
15.65403627195131
15.654815238414495
15.66283864916348
15.719892127341042
15.72340928904048
15.748397942628246
15.784414101285286
15.806510339776985
15.849504600486505
15.861751542525504
15.942170937256721
16.00459810643641
16.057764783106965
16.087877116925643
16.102837717338694
16.169835002926977
16.20531728529843
16.21906498767292
16.233235035258915
16.286751801285376
16.30159551303425
16.3645435495647
16.38446602545159
16.438557567419213
16.464082803673286
16.520997533649787
16.572239842485416
16.594927335254017
16.67435418850054
16.6824783997486
16.699508619466947
16.735155392443954
16.79878976601036
16.84119323709572
16.879223164529627
16.91688557262733
16.9325473566655
16.938851215005602
16.946136471004703
16.98056795419894
17.01064296303752
17.048302398729568
17.151497240581474
17.187668422335637
17.21213024849244
17.21905097887728
17.390565346683225
17.40186956619909
17.406608211771477
17.40882292596133
17.432855752285313
17.51743275461311
17.579617040362645
17.592265423787723
17.605408301758857
17.674129512155865
17.684382781472674
17.716173846634646
17.75601224107077
17.76932442472463
17.804624317615023
17.821124325892345
17.867165392564434
17.879009429612367
17.894466242055778
17.91635984094066
17.98227488231601
18.037069326531714
18.052327340316673
18.1249329285289
18.126854125931988
18.148014120713704
18.150770370339483
18.170643295139882
18.195316564892234
18.307164629232382
18.31661828157904
18.31871365384055
18.354524176704885
18.3980940533835
18.444730056655857
18.464779230950665
18.474142765352365
18.514267147135534
18.580405427403743
18.6628678430564
18.713108531992816
18.754170339231017
18.798612892373338
18.829391579337752
18.838617926009594
18.907067032537324
18.945679444081453
18.973018760120848
18.989935766909095
19.0462763602987
19.046365335521816
19.050059394202464
19.077973772018257
19.111085452484566
19.198373267480495
19.217170745667158
19.241830998493242
19.245830008595163
19.337051880169394
19.37914174894956
19.42332350690265
19.48042998420768
19.484470714323596
19.510485266397932
19.52224378133863
19.57003272078963
19.588140481824343
19.62202674344928
19.67126787516562
19.71906572783
19.7633499665778
19.77235513421042
19.785310706351208
19.831491190150015
19.83773546859477
19.86159570811715
19.900779946067043
19.908612493433658
19.977747088021406
19.98680157866056
20.005000601902324
20.065828385387004
20.092675580078524
20.154829046015045
20.155054818870067
20.177405393758395
20.21602738775783
20.21703795207967
20.22191047273393
20.297126337281927
20.300368725312435
20.371270889532955
20.408814057369117
20.43442877144175
20.43527020293208
20.502704743056306
20.581530312825212
20.596880820722895
20.658175284783585
20.677690986529075
20.698949663902052
20.744455804358655
20.794602774260767
20.79917960538089
20.80169739989749
20.825717771209984
20.911924573404733
20.939221754994247
20.94438960754754
20.97260143787648
20.983963794994995
21.019020266903738
21.168875185160648
21.187738634587472
21.1974893976463
21.204700150258326
21.214053033260875
21.236180523804713
21.246466763978038
21.253578745515636
21.261868004273662
21.288018160863203
21.320381116861288
21.37700434071092
21.443503490475702
21.556870538454117
21.570793195386074
21.5890074217692
21.6048666033563
21.673433846970163
21.692408023824665
21.701074086058792
21.722394203870234
21.732921336329568
21.850083204720676
21.882345067481392
21.883926060676
21.90133842522038
21.966623878652946
22.03138700010853
22.06796086067714
22.07690561594073
22.080403893125997
22.08892047538552
22.147510449145667
22.155251390418716
22.257877234253346
22.268923772715382
22.282337784235928
22.299848995074246
22.309159091757394
22.35109140394533
22.40618543025011
22.40832135533063
22.482917924169932
22.494624282964427
22.507774393817506
22.53896475960624
22.55318590000809
22.563172388392566
22.563305265452847
22.59875077215185
22.602544158818286
22.664403663147276
22.924073224566467
22.930924582708357
22.955180293614948
22.98492984464607
23.070394592833996
23.091141856707992
23.130294768273572
23.137877323312896
23.142125263145005
23.162377223275698
23.256900279885848
23.26465419979507
23.295577253964876
23.3159195933219
23.388742163297113
23.418695058920747
23.448595235053197
23.453896490839092
23.54040248290274
23.599887356518476
23.644664375631052
23.6601839763823
23.674473849251598
23.714350422099315
23.718846838920996
23.76465045406364
23.76764131373808
23.772063872904134
23.840176956598988
23.91125684171663
23.9131417236545
23.9395969909866
23.959839245403835
23.973010636178948
23.99134074325739
24.078056429904223
24.136339985569254
24.16567326705819
24.19573085143952
24.292929298650602
24.351941620875355
24.366615334873337
24.414814066241682
24.41851571629492
24.57140205588696
24.595261807552166
24.603027858424298
24.610799627940615
24.64125890015342
24.67117508352519
24.678318186663645
24.709748976328363
24.738888060153574
24.807644977899432
24.890499396239612
24.89264110869648
24.907166145438783
24.92632163535891
24.951815790731242
24.978105516325687
25.005341182895748
25.10980250346754
25.131735471918226
25.234709154500912
25.327049247091168
25.42719845368983
25.42722279364967
25.43594709532448
25.457403171125012
25.47888052755625
25.56962079725988
25.59931115951143
25.62631475539394
25.666867101220024
25.728826620649023
25.755531205492545
25.797979681906913
25.802917059663823
25.803792067915325
25.89526352324991
25.9219681858411
25.93379318730264
25.97027996259788
26.06205641985399
26.068454178192702
26.18507554364351
26.219726920513555
26.261346692927216
26.30957249144588
26.363610999990996
26.36710511298426
26.389801669552245
26.412104468098427
26.455136520792838
26.486515137422188
26.55282906777423
26.584137075484314
26.595528523481274
26.697838985790334
26.738898111347456
26.766230623517067
26.772930997626453
26.972452745952523
27.065018470165644
27.078875978024744
27.091619070751495
27.113552746640675
27.125827013974927
27.1652215654548
27.18699607150737
27.36249542019771
27.363510287494176
27.38008683164579
27.420296181265996
27.55374945846006
27.627754345267828
27.655398429272275
27.700511084337464
27.701216364829754
27.79807138912812
27.801223450125214
27.80829590111887
27.85018396508627
27.87882381741854
27.918463827538538
27.940172811002704
28.20113160953218
28.215397964347602
28.248364791703874
28.250156358067954
28.363239874245412
28.399254616018403
28.413774456107358
28.441927008936442
28.674476235117346
28.67666056132301
28.69019887412237
28.74344171429514
28.746242603383582
28.904037723868345
28.92146999797497
29.02298308284659
29.050684003897874
29.055695146934333
29.190088899591792
29.20576761676677
29.324044595089756
29.355593691855052
29.39036973653891
29.407541085381503
29.43004354779855
29.581395181193262
29.71712710462137
29.755501589131864
29.782715981710744
29.818143004618385
29.847459854537906
29.867435249341128
29.94212545176549
30.141632036557734
30.15773563756413
30.234612594109656
30.243771041619553
30.256021610899936
30.532469702080718
30.64383878292272
30.68633800998359
30.744446798043413
30.75734568565963
30.96689180332004
31.245301393500583
31.416720512043515
31.50064571633115
31.507107186921406
31.5091975598663
31.567983509568617
31.755229061938312
31.868402561011322
32.06807107749762
32.252797368592695
32.34030450843239
32.71576441010856
32.890763959921536
33.40140766108739
33.41334331967873
33.46317020314068
33.73377008902196
33.82174886282694
34.07046554627166
35.01847485591826
35.084826414397135
35.11250479862387
