0.7000079350503039
0.8037099657201559
0.8546569789790677
0.9083693988559505
0.958266764529564
8.340498500786468
9.364599861549996
10.796189596019982
11.107696679296277
11.376548736480856
11.476938437750766
11.539482244642738
11.675888017116232
11.732434350843779
11.911732997172791
11.948814294496971
11.99448271895437
12.02524136384685
12.10243782960843
12.111841238790443
12.210795335486534
12.282399392028916
12.348928331552742
12.407916777592911
12.443660127333064
12.547711485700194
12.600535741253474
12.644337416060361
12.660437871119255
12.725450629816471
12.88769076176531
12.917908693549498
13.024524823653977
13.045885633409002
13.163512303613055
13.211549221534188
13.238291833007688
13.269906128722814
13.352064493214575
13.384159450296924
13.389254593325665
13.442348118532127
13.487457842715402
13.491380972850036
13.568741426723854
13.589765374668044
13.65283800645825
13.697042223360372
13.712246918104107
13.733851815106435
13.784617910319648
13.834771981788062
13.912678783051048
13.940921318879179
14.081740579454143
14.103237739639713
14.159408440585795
14.195503523183392
14.219359365976663
14.249072217822503
14.269503875386928
14.32890778345044
14.354019651099792
14.380999899246094
14.416564972545888
14.457640108107762
14.472946737516331
14.546617547227097
14.58794426562058
14.640123668015837
14.68259134915491
14.7453673119772
14.75570426377603
14.798339594016577
14.81651079744666
14.866742122535847
14.915746668519335
14.932650318256153
14.981531246003527
15.030865814484725
15.03894258842548
15.08798892226946
15.136052183692415
15.183429213573072
15.217072487947128
15.249618883469958
15.283390547025325
15.307148326254556
15.376756186529887
15.390529353514161
15.401164443360903
15.48078517363794
15.507381977375
15.561942690414432
15.568195115372585
15.596704078316545
15.62945309602249
15.687225560732388
15.706694961999043
15.73863529913834
15.7714427269783
15.790448454712955
15.818186400274712
15.884028721775278
15.897304700418292
15.962027821922108
15.96565542446168
16.008744366465912
16.026226837269192
16.0603249232383
16.081914995731463
16.124977575098917
16.150411654761008
16.196604511882803
16.22671187596732
16.254676027823773
16.25977320671832
16.33696828645755
16.35314661682439
16.411437955900343
16.46423608053016
16.485874851190474
16.508718894700994
16.534353352941675
16.553841101025366
16.617108016976925
16.66689684755929
16.708488988545948
16.744408691478494
16.776626750377204
16.83924870751254
16.859995493773873
16.903652837509306
16.91786108585175
16.963108172878
17.008711619133077
17.037318228722867
17.097897758696735
17.10955958308231
17.169655923740628
17.177974828680515
17.21062864429889
17.24332610184557
17.262200098367593
17.30030829064092
17.335943372404568
17.3842591061216
17.400347489266306
17.436226078432693
17.483801631047772
17.513666227463496
17.542588952556564
17.603755368344224
17.634874911698965
17.654612396193073
17.682225604714212
17.737784585879293
17.74238311719421
17.764714839685777
17.82119277734028
17.877343807942594
17.944202430216624
17.95008635447663
18.004647313613336
18.012494879109365
18.053212663875104
18.070009271282224
18.091899324962377
18.09959289107351
18.11078337158261
18.174035607786855
18.209908300383205
18.23290218488854
18.251705922233995
18.257148015157565
18.327198378224704
18.357502195924543
18.37764059339984
18.457614761619524
18.46891238267637
18.4809435791808
18.502430854396987
18.53524870185267
18.599422529428878
18.61095199750858
18.629317817915002
18.703119655284418
18.75511084543407
18.762952578969507
18.790849080223527
18.819654439599788
18.857109108767446
18.87731374018066
18.907008735214745
18.972126458862927
19.013490776868245
19.066129249023774
19.10253917077993
19.103549195388585
19.150583090463854
19.227633867034022
19.23264458593513
19.29582088714424
19.328866455061423
19.39736235927279
19.41032510622218
19.446889175979948
19.458340885491797
19.481759011224096
19.525810308930623
19.580929382914807
19.624901828283893
19.63054111951609
19.681628305976894
19.691685534946807
19.697546945439232
19.75249574460936
19.773354419257636
19.786522523094657
19.854499806776598
19.87787147382739
19.895778466368686
19.9376841602206
19.955133793699734
20.009500263707626
20.02895557718283
20.088659235928805
20.139751780782742
20.157430845623743
20.222467209094777
20.22948474702966
20.25140771241548
20.27872743645641
20.339447544844433
20.36414468802663
20.37094698935341
20.391602075242293
20.439764619051502
20.458636417593027
20.506109577951392
20.542377606595515
20.57431190893363
20.58956882205395
20.681106185737946
20.71411673875024
20.747627858312022
20.77549123486581
20.796355932483625
20.820267093305947
20.867471697447275
20.88902092606642
20.89583224953259
20.952118785282043
20.995598522970646
21.032344963111516
21.1098902693892
21.139177016336344
21.155206282138177
21.172219079512807
21.200910879747145
21.276142872345506
21.35180019568768
21.360440850325208
21.372458267624644
21.373223350069384
21.401196504254077
21.445953503655453
21.46848773114797
21.511536780384535
21.567364523249665
21.58516186712582
21.60807435511105
21.63980268310763
21.687152633489145
21.755907415950254
21.7656274332809
21.8020163840064
21.873973755128315
21.880174776876405
21.942084483517743
21.983284894976464
22.005306291860812
22.035410231911705
22.092763825910207
22.123347400316216
22.164839210276334
22.214700807273687
22.262140218382548
22.276103629596836
22.300745147417448
22.34623468957276
22.36825412402872
22.42780388723458
22.43893417101011
22.481343398329287
22.52610369523191
22.53476076442593
22.574313049686037
22.619564159908883
22.668883102452092
22.718701071786846
22.723938231955543
22.783565673299442
22.815184361902677
22.84633404956089
22.89694314563823
22.93420823441034
22.973004875372922
23.007305856379247
23.083918869229404
23.114104027851184
23.15654979956653
23.175792764266173
23.23747468369445
23.31297282980363
23.345320046727224
23.360402109782065
23.416523192367723
23.42915635704968
23.502552567972128
23.537087122206326
23.572771877459484
23.602384166979643
23.66091024965397
23.691371421954788
23.77001229820856
23.785919502297837
23.806408322674304
23.885041689984437
23.912151303676676
23.927793750862797
23.968311290543266
23.975884060667966
24.030079484333967
24.072395314723575
24.107890879594347
24.131758985805376
24.20968693288695
24.236180166900816
24.263744472889076
24.311643273136987
24.37076240674338
24.440685906773002
24.44361988800018
24.47273514866556
24.499067003776023
24.56423904407092
24.578684006359214
24.623669897887407
24.66360361078383
24.700265329696897
24.72071164491279
24.746040998077515
24.77484585559815
24.812668403962594
24.845899793890098
24.8738690116509
24.907281167844065
24.9603878830096
25.029965679561307
25.065994814535998
25.08048013719729
25.1275627114194
25.15318595713067
25.195857822649852
25.243518478342285
25.297806141131232
25.380280512091375
25.402301185349078
25.44635347568213
25.497107322397195
25.519695728604887
25.539039722377193
25.55196821235157
25.621942380979128
25.679518809021147
25.731336405337746
25.76394984461307
25.819065127787855
25.861789861861187
25.952043730615962
25.99310461559633
26.017899199823287
26.055860768939873
26.124713904788365
26.16733563941821
26.195107372412004
26.22602156447273
26.28086583530231
26.34126104401666
26.446403594261792
26.494021922017385
26.526117515869977
26.574714301144965
26.59157131853551
26.62271747007976
26.67028195869536
26.702524744659595
26.761485781625456
26.81224894382722
26.84603635893549
26.877618251905574
26.943406898515978
27.01986995885954
27.038759225742638
27.057545073923666
27.1375228902199
27.20445531749817
27.211964533157143
27.229295510414055
27.290958113550502
27.338056628362175
27.379731446000328
27.40307487395742
27.479571852024282
27.573411317910203
27.596459726071338
27.640446434944042
27.712503506969014
27.75559767175876
27.902964948292386
27.95166556425949
27.982771834870594
27.99908631613571
28.066770892149577
28.132851211673266
28.169424812385788
28.221007016181677
28.26165991034507
28.32216413850562
28.33966222222064
28.443873508937077
28.472042508170087
28.582291570618054
28.650593088065218
28.685890129389584
28.788242665753554
28.83013636972172
28.86028063509169
28.975369556876004
29.023258735400628
29.0783563337602
29.15256172237656
29.233706405783607
29.28071171112242
29.3293564118382
29.382206799014057
29.45151375316592
29.47304916026695
29.531974984273162
29.558820127507513
29.73412715049408
29.81217998702704
29.84786793531351
29.86064072494331
29.96389859053619
29.993057980713694
30.018714684837867
30.05456294329174
30.123865475108744
30.220087974731072
30.267653630524297
30.419882912833422
30.463434713397266
30.578400249297342
30.691821486442066
30.77904548765698
30.80435378012554
30.949276611962503
30.98660721254461
31.023651076625246
31.143495830148012
31.234738701341605
31.28210319803962
31.39443927644263
31.514539918397745
31.574435546276604
31.598366934201092
31.62591483704828
31.67007549457257
31.744883207256997
31.977879624080256
32.07868491474115
32.224986551276714
32.248192400263335
32.543697866849534
32.5869609808978
32.63839916004482
32.99812596233944
33.212071997921875
33.26461259000313
33.36240586067094
33.39382781457711
33.7391901920982
33.810847676098305
34.29234135995597
34.42711907764834
35.37317132032216
35.611623256631674
