0.6605235694782542
0.7583174506308715
0.8097946099831219
0.891926059915341
0.9564439939777578
9.830394601890639
10.815470735168216
11.328615722317775
11.62053666501937
11.682992814541985
11.684989512186293
11.769941514162596
11.833110385998905
11.859788060474989
12.01425591939937
12.026775861245138
12.115054768124887
12.342439277642343
12.415342875053419
12.448599902350784
12.486996534286543
12.5606958069127
12.66234041842074
12.684641101855568
12.74435961095057
12.763042792559487
12.799255272997494
12.882131386646458
13.007515096725852
13.057626360132947
13.130794090860826
13.16403311348369
13.213606357117866
13.268680255684476
13.33337470972245
13.434198737827321
13.486593491435004
13.508634933320549
13.53786114851724
13.578780160275736
13.610996193715723
13.630636318816068
13.693289865124147
13.748471137714652
13.79131995903239
13.809338132068191
13.852692705975445
13.876897682360008
13.900592957478432
13.930566539606895
14.090016528505878
14.111530232346636
14.147113893251683
14.259766188231202
14.266239541891114
14.288067497864926
14.318505195261544
14.347845675382185
14.43138585547873
14.485509251426288
14.512320034617606
14.559955761779054
14.571880339309093
14.647520490961925
14.655165208412077
14.700357765320549
14.81279535215184
14.851324661944743
14.899418317838956
14.923657802443946
14.957474599502083
15.033864401751881
15.070183607609188
15.12021760073091
15.146179176156915
15.197056187718172
15.267732861822862
15.278278931562822
15.306889973393698
15.333087300367964
15.341339820190592
15.398599940902177
15.451155585708811
15.509644098419471
15.597618307505645
15.609586426570822
15.6363095762035
15.676216799870044
15.70191711444531
15.71082874808253
15.735115242495148
15.76387912297816
15.791529678603782
15.845114556304262
15.867935320988044
15.945387008626897
15.988892381839252
16.040745801784663
16.074998318172646
16.10704861753182
16.142358863730287
16.181963642521325
16.18808182832372
16.233263708570796
16.2539700125294
16.29205091806534
16.350526785186123
16.413401777956604
16.46628633294396
16.48817799369484
16.548013124714466
16.58124613914332
16.607218338449467
16.63196557468006
16.692159747114165
16.709872455899834
16.753038587658146
16.768713353827312
16.80552274643899
16.87547521451817
16.885057681258935
16.91348902582085
16.943026995544276
16.982596026639825
17.013208361856556
17.048740760471688
17.06665342191634
17.126163668694975
17.16051386987386
17.186014227118736
17.22021220547989
17.279636990391996
17.330351346857647
17.346102232630784
17.382464790574556
17.40054578214128
17.4370488976142
17.452066537756046
17.526652602707124
17.53163766522498
17.556111132426437
17.566292533488014
17.639824268833582
17.713269587787806
17.753944757723772
17.78450425710297
17.828259030011612
17.859704008735328
17.888923793980606
17.937317182997127
17.997169808216324
18.016279516144845
18.090473825029715
18.11506724938524
18.118396030482362
18.16130792609738
18.169866923735896
18.226342460507443
18.246833120980998
18.286811259516277
18.332964431166566
18.36524140327346
18.387978769684477
18.430564293432326
18.474071702356174
18.48992225803557
18.56201329363079
18.612817506682813
18.66102908447064
18.670837502360538
18.694542675267883
18.723940920475467
18.742021688455335
18.782031263043958
18.802119109130075
18.81661521196103
18.828547801576665
18.859450137244668
18.92288769805683
18.925915675598972
18.954442649409657
18.992754208581736
19.041244488686914
19.06966305570995
19.099825211750158
19.115757223975113
19.14382279930288
19.16827693040577
19.247835287154995
19.27470457348588
19.297765656860737
19.318721143830818
19.34493099655572
19.361662082357373
19.405022290499822
19.436040797501377
19.461082640075734
19.49113602573653
19.5187277048014
19.56508866439612
19.602312294765845
19.61222392865931
19.665386990299705
19.705609698917158
19.715996436261875
19.745587042993645
19.785656029699272
19.8057801109658
19.865491061657472
19.89971784453572
19.9307639596264
19.96609256348669
20.0131746726544
20.020878885476204
20.053858610659745
20.082983182357967
20.1268170238455
20.14954493705351
20.156535652652213
20.217954119674413
20.297210653541228
20.322455101802543
20.327452042175082
20.34919870855597
20.41533717935424
20.469724634306452
20.475806300254202
20.50637813501957
20.544225892861807
20.56681842979079
20.615638384093092
20.630572131217377
20.65172883769819
20.694808321270838
20.73120266150816
20.757758003587533
20.84321761052902
20.861487148152484
20.88884560401244
20.933156829577378
20.969363390419215
20.988275979631858
21.02018018512417
21.152554673836658
21.15911511291466
21.201551040337048
21.217909471200745
21.248904850795007
21.30633061933099
21.328264170840065
21.359205563009255
21.40290898409528
21.412843824030375
21.449021748438717
21.461571269071406
21.526728255574323
21.555918300157963
21.58277961991071
21.613784334894056
21.64667289652335
21.679152804677404
21.757204238064915
21.76696777919615
21.796946966134943
21.820405698425823
21.88485413642566
21.920343798281017
21.94547949280005
21.970703098162286
22.000374769345424
22.03073366496452
22.065567042136063
22.076964336171773
22.11841202580619
22.15127322797824
22.17955060218765
22.243209743721753
22.281518787251684
22.284759087243394
22.348924129571312
22.404808472526412
22.430270608357436
22.449054832518627
22.458628455615564
22.533620472117164
22.590450404563658
22.615519629265126
22.643814343239995
22.67827705562884
22.705598784790553
22.754297557414212
22.818411549774833
22.842271261809916
22.85565855012075
22.889067720613124
22.9086101600088
22.984917291953323
23.002027946253797
23.051120213958555
23.088658263519747
23.093078181846096
23.126482455727
23.14600450243807
23.189510297277373
23.26387872532109
23.289816606102043
23.307419876541672
23.36335949329205
23.373033215479413
23.442737818933164
23.47975169129397
23.51880866501029
23.557846141527044
23.587733153840585
23.61296973366231
23.673681047256256
23.69499562248296
23.71950397369946
23.747999065051847
23.819469435434794
23.849832186721063
23.864383390960853
23.94456258297532
24.020027649102907
24.03035421151956
24.0851522628899
24.129931051163624
24.168661823105168
24.27229201591906
24.30329468471151
24.343105621824275
24.371826885013338
24.398191698937183
24.434164069184856
24.45090550874903
24.489418713742463
24.533627239234356
24.56411182644921
24.629113704594715
24.642146612404844
24.679407300770965
24.719758001651016
24.79200282107271
24.814152633330046
24.837111816961784
24.892485289779238
24.90172872090923
24.936121855700286
24.962408035211013
25.018587964913387
25.037993172625495
25.096190363547706
25.15136356355419
25.199104444941085
25.251911564831108
25.27903621552252
25.29434421756451
25.338442062283004
25.40068650620446
25.442155820471967
25.484047610957663
25.551562797576285
25.580437842691754
25.626791432606517
25.700693034846843
25.744763872624304
25.77423665955192
25.815775470127107
25.886611958325528
25.900105251560785
25.915832244550373
25.96538777888641
25.993910769663465
26.03710601444871
26.090675585964124
26.099047058220382
26.14139761137066
26.163371470150686
26.242403864452097
26.33564256058388
26.3720529446729
26.37934885377461
26.437188559661212
26.494083879248034
26.52313903726652
26.58293077908192
26.639662935692616
26.747848142869152
26.765379092879428
26.80561951663154
26.845655291183146
26.973429114526287
27.018757512675307
27.042283227880795
27.088254640597235
27.13691234771076
27.167226709812084
27.197547237276364
27.260997187561557
27.282573167946595
27.311995074653563
27.380631113481115
27.400221635044854
27.415798357132875
27.542116230640186
27.566644921798204
27.638117650065812
27.662101477294147
27.730526551577245
27.833536274103057
27.847099878164038
27.9690102769168
28.01935180117079
28.0689633886295
28.08758169734173
28.108437266953032
28.183433462664997
28.239048067005463
28.303465289890514
28.348428147074802
28.406288940495692
28.446462546462897
28.520851068024694
28.600104589773554
28.679693678586123
28.7034519685079
28.719545111073305
28.790320419076842
28.83550829414267
28.920343350100207
28.962856784714337
28.980002649186005
29.035512048138497
29.055787988693424
29.143062684677854
29.199626106187278
29.259590051337096
29.308141803167576
29.4261901038335
29.47045519575472
29.602347271191768
29.656108005431083
29.67990941977249
29.72026838556976
29.808059312826046
29.83880812991719
29.85356391556863
29.928259032744677
29.93700201228695
29.976083352084885
30.04554010153709
30.09861421992705
30.185840839685774
30.192333719133934
30.2847053063067
30.319424926314966
30.400430158921978
30.471508085885873
30.53343179921422
30.701282555860093
30.718732751957926
30.89045850454018
30.929623736755705
31.05891534473575
31.094857008989674
31.209617002775403
31.27073264657018
31.34053988069273
31.387868261810727
31.497590668943033
31.586599580449374
31.627028003237793
31.65634223949862
31.839350421278905
31.963317187845877
32.110923787762474
32.1370365147338
32.19907773328424
32.326469245951074
32.39540378309432
32.43200928016624
32.523211677353856
32.63321343796394
32.74154755734155
32.98569668824054
33.046775745578685
33.30875332494817
33.34989438312327
33.57210807917031
33.68255740979512
33.799754816288285
34.03017587976362
34.4045350158548
34.90973843739352
35.009652650331844
35.336629278999155
36.287870170125125
36.29280669373931
39.0655072053844
