0.0
0.0
0.0
0.0
0.0
8.993981531410247
9.129433475870316
10.229641111198841
10.595459494634474
10.727848272210585
10.790314947308518
11.007583143224274
11.063812347330995
11.198991627488423
11.278180983263056
11.292501378967202
11.500608457627408
11.55500686137378
11.66350315762038
11.791739124803891
11.865209769860149
11.905525976607013
11.90776513189402
11.969356875853048
12.056063530624202
12.110022367871169
12.24817252553544
12.279856800384424
12.292496580255861
12.466546012107754
12.48999948125681
12.611640037971565
12.634267566803365
12.774467635748605
12.858221263906414
12.891194983718094
12.953947020491709
12.968585886094953
12.99208819146495
13.00033032777651
13.018323328686519
13.026072084098407
13.05600053558767
13.093560654980521
13.112091920568814
13.198838368960084
13.244367488262855
13.252693245701803
13.302175892644902
13.352921963537494
13.36479952479548
13.381325661940995
13.460183975545519
13.581631461989264
13.591942877704332
13.653223990649453
13.674892253394978
13.731188060310009
13.7905953167528
13.796440283874981
13.801381036535767
13.824054193186374
13.832312566068374
13.908072168983754
13.98762660890172
14.082324758223223
14.12395581790046
14.14509067668351
14.180092337734088
14.21908025439678
14.22767420509983
14.301472091891965
14.393021856884891
14.46362808227125
14.474599677803111
14.500679364526464
14.517862739986372
14.62710781094487
14.710955280081606
14.71216441642993
14.716703902169964
14.726995595351688
14.763939557513707
14.764846066564997
14.882254881740769
14.898971446060875
14.949566720750834
14.964981556429178
14.965836066387483
14.973210962460366
14.995295219356379
15.028219449908484
15.061296351005621
15.101901712178401
15.115667117203502
15.149432218977593
15.180599759430065
15.307916811550589
15.34782440514974
15.353367730738217
15.417804956354722
15.497225852579037
15.528306853742773
15.565994241714428
15.569301354791317
15.600607609169378
15.605790456972946
15.622901300778341
15.702071206081312
15.709681869900212
15.738610198375083
15.74292360316963
15.812183355034367
15.87202352057749
15.977073430398884
16.037094207039004
16.05389582018864
16.07435715431209
16.077916351915047
16.103605385558332
16.10424781006868
16.192810282351164
16.225033128329002
16.242419038591205
16.26990759593602
16.30410334230375
16.393343481797245
16.423743223298548
16.476527364583287
16.503989811492115
16.52359911577746
16.55752003363244
16.583711649369267
16.615707344062756
16.63339769430271
16.65776312567066
16.692683044317846
16.740211048370718
16.765558710829357
16.77245005930835
16.77374585346955
16.860141117096234
16.87605460298486
16.88513222523109
16.924132900186514
16.932084589871064
16.946935610501725
16.962907731271113
16.97339087180392
17.015965215627585
17.05350934447351
17.080303751235395
17.172260747767716
17.198537925553563
17.223466744002263
17.300799987736966
17.30435761300347
17.353579776212637
17.37139252597749
17.465657771918536
17.48544379496404
17.491734820818223
17.492047220901945
17.54346157333643
17.571164364579847
17.594995270090156
17.59541241638228
17.655928561292836
17.66119429855241
17.71951162445772
17.761287134392717
17.764005614870477
17.79292909694699
17.89739760379761
17.909079784367098
17.93680613910737
17.949564765749134
18.01255048470982
18.019251822146845
18.12578762836936
18.176503299127056
18.19811048766554
18.20741555054495
18.271247056910354
18.276879063043456
18.303035308634268
18.31990963693361
18.339845697226153
18.390146137195096
18.409255071554483
18.446734879186426
18.47919342596003
18.518537789897334
18.581765811156213
18.631979392533708
18.674073511000444
18.691397797467392
18.727736945159414
18.752153384981757
18.796334557498685
18.81032446529741
18.889699326431753
18.898091540270322
18.89998120442158
18.956420867249815
18.99373518962391
19.037247116574218
19.084709226058393
19.13150136690252
19.149725997381832
19.168479546173163
19.265713977258386
19.27699288769134
19.29579900660928
19.320591223001426
19.34851215005941
19.440351126973322
19.445686039885704
19.52596307368509
19.537231964065377
19.553706370366083
19.584143551523837
19.628598501459237
19.656196223372234
19.66059540079137
19.746385467459426
19.76785422491582
19.839864432117814
19.846600297320563
19.88864570376689
19.961116883357537
19.992379983197058
20.019286948515987
20.056989324287436
20.092954570231694
20.13877343999927
20.167821498835828
20.17464013558608
20.189678787744867
20.190295842655505
20.202195932684194
20.224341118997152
20.255608532936545
20.262538154314342
20.290849469491263
20.33707146479925
20.345526171050576
20.42517454027571
20.465377518459036
20.512315253235208
20.578411434249833
20.59453575846614
20.599551164248584
20.641239255534394
20.730220428661553
20.77036542980351
20.794326291311954
20.833998993771655
20.848112268452827
20.851648226443487
20.920647495412545
20.960411016770305
20.97524356260195
20.993337855919023
21.05299283899871
21.11081507305172
21.135356112986805
21.138988409468944
21.15180269558449
21.17494147358976
21.20984000918053
21.248295026375548
21.267631203868294
21.27495954434404
21.347086778475727
21.356871392735865
21.361349976342137
21.444365754256296
21.471861460969162
21.507334424425935
21.51572654784779
21.524857557282324
21.58783593527877
21.594151964446088
21.603683262079308
21.648379604049182
21.672372186305957
21.72959022818313
21.78941063440758
21.807948607603542
21.845656241342976
21.861846380635903
21.898898859367858
21.9808985825503
22.014995496374436
22.069964708017114
22.09266036104862
22.150117644475998
22.180811960942396
22.204471787092256
22.219795804889305
22.287931130739846
22.298546080020323
22.305189946273067
22.314618185653533
22.342589494364688
22.39950129309195
22.403793907701125
22.441900411215535
22.47812069339206
22.527021706459365
22.58117499375557
22.596164733221283
22.61398262499896
22.644617773839098
22.664946443544963
22.70239918167316
22.77370586508398
22.774037812997268
22.809696725796787
22.873117173145772
22.886289772415214
22.910211374754695
22.954205274742666
22.99031949400588
23.022361898686754
23.07160305609826
23.1050692313249
23.13514187207385
23.17934431043192
23.18283679228027
23.187994908969177
23.24124690732523
23.25078287654015
23.402533941537808
23.459035862849365
23.48449894910703
23.51386121534519
23.52209492358861
23.526279764910235
23.57859951160268
23.60753254134616
23.687343793259544
23.689514780376374
23.700211959977686
23.714987044164722
23.756162626517135
23.82716704726782
23.835170730164943
23.856052392816203
23.86276389214794
23.89178206078822
23.94620731509992
23.95019770760937
24.052159669098348
24.06255355249817
24.09405392067373
24.17395491604742
24.261879874252944
24.27700975513952
24.27826446403146
24.417156720260024
24.4432798608192
24.452283967165954
24.513929857558796
24.518219632954878
24.59004206839896
24.628991543088492
24.641845162969563
24.760149559647207
24.763976443372425
24.79616233273432
24.826101658275643
24.837484181606673
24.91183172096016
24.96603746691545
24.985412269525785
25.056982656072723
25.081600311036294
25.093241914848942
25.158233254186907
25.17604640540504
25.259043797920803
25.260328649652436
25.289218245234963
25.394847540743427
25.41113295608764
25.468393586927984
25.473482536634528
25.511895148248357
25.53601201138702
25.60072478063319
25.637862773011793
25.64358961980886
25.668696599321905
25.776197965324755
25.843681234052102
25.879201935544884
25.932489163080383
26.019505667059445
26.022407923677637
26.105732454340114
26.17162896084527
26.186595051681124
26.18972732166536
26.195915327211573
26.311044394379124
26.315336639534692
26.356149203294645
26.39402996225753
26.48833028744673
26.52574373412566
26.536122052573962
26.63404434177806
26.667418622693134
26.755842003651445
26.803109022336674
26.85001476539185
26.889243673025817
26.890624533009138
26.936783305279942
26.947414491938936
27.070705104963537
27.13215566003871
27.14154380315539
27.179399527141907
27.295586395041855
27.32708867365677
27.39100901486676
27.43255536527929
27.46812994350553
27.567744358413147
27.61932781651415
27.695871457852633
27.72711834255046
27.759910216080446
27.88108168561855
27.881230159104575
27.920189301473805
27.948872620057124
28.00028224442507
28.09594536850489
28.161271987215805
28.299765829717575
28.35314154567592
28.363330934206495
28.416153228704818
28.420073019696293
28.471023055543014
28.480424675124887
28.533345023852693
28.577776430839638
28.602255582495978
28.62683914777046
28.74432145074639
28.75894087146992
28.78015477306756
28.871110336184696
28.963369103134287
28.977895273613992
29.038515828770286
29.06756018796765
29.06947503601152
29.147229242261055
29.210888815713595
29.228345257285504
29.269342607780622
29.270819849240908
29.423097283192238
29.424966326192667
29.55374281966364
29.589464637716322
29.758155269975116
29.82404119396887
29.990754831871136
30.004131498447336
30.048036981119623
30.0686983676372
30.19509693973116
30.246518748700055
30.57246126314605
30.591733522016423
30.656656933511982
30.708469864754232
30.8301712989575
31.00804506501277
31.045601068032386
31.049068574721996
31.373196759754425
31.669399961898677
31.67386814699656
31.711212267691895
31.8163851175852
31.81705901270113
31.83558356587737
32.65954107601747
32.88122825137079
33.281073816786865
33.90373759478938
