0.0
0.0
0.0
0.0
0.0
9.98413391999308
9.989768579720204
10.064713815829728
10.159574979461265
10.51148543923638
10.61832694895648
10.684197892504594
10.838033803340775
10.98349501454038
11.165113670003654
11.293983019565923
11.33172026441314
11.37818411451788
11.410324484509687
11.63098065277528
11.756015036432379
11.92277471722735
12.023544482138783
12.03487117624948
12.062520783921924
12.183696942774331
12.184131104699306
12.259246340249138
12.292437972483592
12.318094701145656
12.353942353360445
12.45112414183108
12.457007840015624
12.479170680959593
12.613309386812043
12.626943834544521
12.698812643677869
12.795565186973153
12.822709548636219
12.922043811103714
13.032733137534946
13.068907842459494
13.142170072750602
13.2353250909991
13.23951193295344
13.253582299580215
13.293262244785366
13.349352735031536
13.418364912492502
13.422050437554713
13.444447657886808
13.535479535090206
13.600513407509192
13.692079956201136
13.70721387986847
13.73488555866685
13.79100511519054
13.825396218987466
13.84152432784185
13.856619150224018
13.906633624614944
13.913117375797851
14.012717946823997
14.038938421635056
14.114229350338512
14.200887521341079
14.29825868963477
14.335366755559505
14.335517578500026
14.344843936640034
14.382009196131492
14.389022847501154
14.426742613462986
14.511974984206676
14.555062536013736
14.591477328640613
14.61542228631845
14.65694140211752
14.701934714041256
14.722936991986879
14.809604028652847
14.837245568990548
14.88797361703185
14.908589055320446
14.974635132243655
15.002549019681492
15.040921845478106
15.056162159022078
15.062412379083792
15.067283740878253
15.16982098636442
15.171637245965357
15.24329268980921
15.25191813181165
15.26594163589882
15.312861909508412
15.34009793411359
15.4878680966691
15.520579855589594
15.547390793567308
15.607598146158963
15.613375579474527
15.652635600808882
15.658703799610945
15.709956299558922
15.79374550217029
15.847147636145014
15.857039195076915
15.933413843108335
15.973741209214595
15.978317854439341
16.01783476990413
16.059841561492735
16.063405505386317
16.064669486434315
16.162594763371985
16.182456500561003
16.195900234393534
16.244404916525273
16.266462838515103
16.283373428990018
16.323382336618124
16.329435115158315
16.335236104760607
16.397290956980225
16.407694868102414
16.514528231770527
16.533977795015616
16.557132856368636
16.580490593281844
16.60062914596875
16.625784748618848
16.632117808997815
16.64015168803927
16.671131956568292
16.718409514193198
16.72022448122777
16.77411936681451
16.816435541407408
16.90819040915776
16.90935165209718
16.929890217076583
16.977756530235084
17.00448214896294
17.08700018506066
17.14006436845238
17.200615462908406
17.21651915925946
17.232960409645514
17.30052841953798
17.31621643126142
17.316910472862926
17.349669408255917
17.387823532131574
17.41757570792662
17.489454822408696
17.550011216000108
17.560503630364703
17.58066380214187
17.602970953998344
17.6232982302784
17.62426812513398
17.63762345184744
17.679129796943062
17.75336701979445
17.819409915932717
17.900014027352498
17.907932068850908
17.932113543603453
17.956646237370823
17.97909920250572
17.994747365405356
17.998727393111132
18.001798598904234
18.097816302159856
18.11615923261925
18.11775938870662
18.213696403685674
18.258665310373992
18.30121300282778
18.30298055992796
18.31733936113324
18.38891905022641
18.409167825763557
18.448463471587278
18.450404789150145
18.46168370828444
18.48309209540243
18.51832832226918
18.553587934466023
18.644445902483238
18.65769929144118
18.691508598291936
18.766821506783426
18.783110825578046
18.8002840574956
18.849482910592865
18.88487524561169
18.90748918183436
18.914295586484634
18.925861012205242
18.930187427334744
18.963959975624196
19.01366701700156
19.044710062469857
19.045291853678275
19.09553492520289
19.14262292418294
19.146050166883242
19.151936848353518
19.1550249232712
19.292514926429604
19.295867431008833
19.334526882272673
19.364507000576864
19.38199080675283
19.43309890314697
19.45841680526259
19.459296006374753
19.543405290218537
19.552244950073383
19.586334251198664
19.601664826995076
19.602690386404568
19.668692878059353
19.715783133863916
19.78939855088314
19.802817796329546
19.80725426914256
19.85883138161744
19.885444155404663
19.920924538474356
19.952261906998228
19.96091135117081
20.00591558147913
20.010768940271166
20.093899007641998
20.12937442994238
20.1427221293223
20.190937120571306
20.214066465658714
20.239742775088246
20.2716764926836
20.28243932344767
20.288964390002622
20.34497748155396
20.34714216054314
20.398433104345695
20.4151489199595
20.42643139362269
20.526184064611748
20.55555886601647
20.56975014631182
20.609185944786546
20.63037655001076
20.676683000275272
20.693744870200554
20.706285275807357
20.732414291943993
20.74404233765566
20.800968057962464
20.83177748802905
20.836496902314504
20.84040600013812
20.94010518617925
20.94191942354727
20.961068137843487
20.961097853742938
21.039680425532858
21.213647720634743
21.235495371186147
21.242264084495122
21.243886934890647
21.26457989056965
21.276157542320988
21.328442884723895
21.35509449912098
21.369799667796595
21.37190080524357
21.37622911810991
21.387897790961375
21.405778684086034
21.41069136041107
21.549826617078086
21.627067582149245
21.700578393028827
21.71341941931609
21.79316066027086
21.865871895864238
21.879283031769177
21.888955865005894
21.922311473779754
21.95889639894295
21.992091167029937
21.99957424648778
22.016639301888112
22.073361847782195
22.12841669959402
22.216697413014128
22.219367833226165
22.226045929039152
22.234605412518725
22.258270408401966
22.260401298836396
22.363925147847567
22.41990875180728
22.43057054009617
22.448661167925476
22.492519372486967
22.531601874186233
22.54149726363649
22.568357366760214
22.63189874261119
22.652526443354766
22.723830379833142
22.733047721096963
22.74981574919148
22.778633192028764
22.791224085867622
22.865563006060214
22.873918174317495
22.92118265030581
23.00082481119168
23.022633081309422
23.096985947420745
23.117257983000645
23.150903131857316
23.193730299416135
23.205667180780768
23.296697943371353
23.381192176262477
23.395256282475415
23.446164026173058
23.456132739934148
23.488478852981522
23.510758468899773
23.521169668123317
23.558275869414942
23.661963605072184
23.68699288799672
23.704992671464524
23.737959614038875
23.745802725083205
23.772424201635086
23.78000156198499
23.798853824050077
23.799268588954874
23.873283317931605
23.886149860771116
23.980574539950105
23.99540385115243
24.030662510172288
24.031482703330294
24.074180199663132
24.080327546745657
24.08283957933831
24.11249130963818
24.135607806057866
24.23755346648065
24.327186741854344
24.348843202157468
24.402480466955375
24.493616531743633
24.52180337065944
24.620278844765625
24.642031146723305
24.693937369741715
24.71432580842049
24.865546212162332
24.875600621545146
24.895331197021807
24.92466547507388
24.936955376466173
25.009278619490168
25.02882781206927
25.093074108405993
25.107524372491664
25.10853959655254
25.143602910861144
25.18387498783497
25.274872694660264
25.29520648902375
25.402712173258067
25.425357483517804
25.434865648138373
25.455433826449717
25.539800444852393
25.56974020761155
25.583487363721556
25.631532143868593
25.755925699381002
25.76277727295951
25.773293262162763
25.77631661657079
25.806056512050763
25.808395722465672
25.841398504185516
25.98563953104139
26.08751778254265
26.10391503319734
26.12852515542833
26.187761884951424
26.269133389373753
26.299427396482198
26.321741064808048
26.367234282492557
26.41678218291566
26.426103763626156
26.434455428470326
26.50578677744078
26.50724463611629
26.530444930073628
26.601949460207752
26.62694814381199
26.68300742788146
26.763499075753625
26.83775807577932
26.8938889796363
26.923351132744813
26.979562433112324
27.045234738060756
27.073501115395473
27.15153327017282
27.22510174227104
27.225680301575796
27.285779895897953
27.30341033642241
27.358281199925003
27.38120048670657
27.427015877110637
27.48204560668809
27.5752851029166
27.604828659347362
27.621177282632544
27.635580647493928
27.679544205981223
27.682278111478087
27.729667299256622
27.771909861958022
27.863632428548403
27.929375703354157
28.031342136939767
28.08517215772356
28.167245846979913
28.17860997861512
28.187416097677872
28.28438739947184
28.32461170382059
28.357933569035588
28.386658087165433
28.558245628896312
28.59024031969989
28.637537683319376
28.69303609753285
28.738454746277508
28.821298905232833
28.843716836635764
29.06311494847573
29.113525744219213
29.13629827128694
29.208010774958396
29.24549046864934
29.336268607714143
29.39898084626889
29.446276238443915
29.636418722974945
29.714591070933857
29.72411071117289
29.834740078444977
29.846746866758764
29.925681068034407
29.940756428944376
29.992661931657103
30.293596787134575
30.330151381397208
30.419464440201562
30.532102469501073
30.555469315651845
30.64132352862459
30.7478008483186
30.755229248691954
30.94611145066873
31.03352788985055
31.121111105307175
31.124721341397546
31.264662476147798
31.313366305109554
31.469885026820435
31.96052876527686
31.972911676495368
32.3578660933881
32.559480939620386
32.56088490103565
32.875980974045895
32.94801910019218
33.35089068064261
34.30112904836423
34.31510886170138
35.15974858607715
