0.0
0.0
0.0
0.0
0.0
9.225196237970103
9.48429264296528
10.143804169759235
10.15376948812483
10.617616510434495
10.696798774059346
10.849209885101263
11.051805125478563
11.105491900639487
11.150589618537381
11.181827466226432
11.390018109404071
11.442741184631965
11.493441220309114
11.545636783802935
11.675891159197098
11.762822775197662
11.764163000753626
11.994277284077208
12.017317534934714
12.080791786192549
12.20752430111209
12.251155590868672
12.293132812647194
12.386256041752997
12.51320349827163
12.59433616023959
12.614416815614224
12.646168591315817
12.656088909928572
12.738902159499514
12.80221331971352
12.85995837074465
12.918793904666956
12.96873561519572
13.03650140540834
13.073348405189511
13.086740721457604
13.113855604914137
13.210015004770208
13.388945641594844
13.398692995444181
13.416891434730738
13.428054169680644
13.459154627600311
13.472321884782705
13.49500624753234
13.511309809892786
13.604243344559423
13.656570500622154
13.810693567362069
13.812334778637217
13.821238980310637
13.93246685368448
13.933872186975746
14.023126267694044
14.129994927305576
14.15003307320804
14.176970844604206
14.213364535855877
14.224672766169466
14.301084883267428
14.325222492030086
14.372231813381525
14.394708499046656
14.459642535747712
14.497222726298462
14.535837683551216
14.543814705003856
14.56737844773803
14.574264759015483
14.639974813505601
14.671894119983342
14.755962956827178
14.878556494307396
14.87871755034544
14.88347997843932
14.902453908916032
14.979289143320871
15.073356882751039
15.082547872411162
15.0917765541031
15.151432648686118
15.159335194334925
15.191797074776659
15.218543573383165
15.224394847649076
15.317579127742686
15.318239609549499
15.341034952257147
15.371647722956846
15.391297791551981
15.423570426842033
15.490136098131533
15.520741913431696
15.59157674217828
15.624372731832295
15.646842849315535
15.69960349976347
15.760766800815395
15.82488656277008
15.841904027539309
15.87869641213705
15.917358522180132
15.92769374699164
15.932799282157807
15.965141206252545
15.979107841269542
15.979592154866662
15.99551664681842
16.06891749046173
16.19321366402192
16.205705135207296
16.23213818756882
16.28936754326185
16.302191453440408
16.304718940133014
16.30485199022627
16.34878864010758
16.349895869639074
16.428838456033635
16.47728022998082
16.55253953283237
16.562861260781297
16.59170554222588
16.65043192203155
16.697735909227884
16.708865238696298
16.70995966603472
16.710665977173417
16.78050147189543
16.797536880789252
16.837258430002212
16.848325583502305
16.957596622942628
17.042039699488257
17.05910847341668
17.07062589168472
17.19233661444323
17.229444001485344
17.243046983742364
17.248500277369043
17.254399691448704
17.306294021990304
17.314429275897897
17.374411930114697
17.465513753855564
17.488759736703965
17.506380266126175
17.53284167788075
17.541238561271925
17.555744351821993
17.62053038856969
17.685690638846392
17.75355780962328
17.759174215044077
17.770482741407296
17.774859368766347
17.8079743198726
17.82827993650402
17.874752590775508
17.898448198296425
17.899922975502434
17.91408520154403
17.92183020544137
17.985748793738033
18.043223055724795
18.057400879630165
18.09720554397337
18.128369781826258
18.235951307975633
18.29898771502662
18.35212266223952
18.383982247522177
18.45503288837425
18.49492689601231
18.511808702270887
18.517381307721013
18.522475579081487
18.524866591627223
18.646235158595296
18.648758823763504
18.673908811370147
18.693431063206056
18.752644295141536
18.808583643384413
18.83546875010026
18.889193839944266
18.890574645071336
18.89480560302513
18.920899084881167
18.96606966695579
18.976192296467993
19.02927790994969
19.078036113349203
19.08273459869872
19.097540713417818
19.10516338947202
19.149124208932328
19.15559164107345
19.21364223278276
19.277407430356945
19.3067339613193
19.34073395316808
19.39535264776996
19.491171152093862
19.51584198964649
19.523215964020494
19.524555699038235
19.616087611238704
19.66008386240847
19.68318434818545
19.699320702226657
19.728437122111
19.775247411408444
19.87431503830551
19.878961110903873
19.929832382269336
19.936421414798012
19.953489655106857
19.995046000195632
20.02281448682892
20.069530673916432
20.072716284032
20.082140370820788
20.124065520595973
20.18994079118945
20.254221276551526
20.25699581240819
20.263590789095478
20.288007099037813
20.304126642565777
20.40740260735723
20.458406561103875
20.494899126713317
20.497945043017907
20.577317651177246
20.59487147554872
20.62431037729672
20.625086593261997
20.661188515158475
20.701022388248838
20.727038573850255
20.805981097158035
20.838415687559703
20.874419402305527
20.893480159604223
20.90727333771011
20.931646014138014
20.934678780622306
20.949695574603584
20.960598435764933
21.0237817929029
21.04522812949265
21.062510641117136
21.112721376396845
21.15997321294138
21.17525368983143
21.176720371662558
21.214426737585647
21.21728147688031
21.266167359551375
21.27794628723945
21.312134772060755
21.339100052097162
21.500088044421044
21.50770799967435
21.52033967764794
21.58558164898574
21.586704164902343
21.59211807972382
21.592174475826013
21.615862982077417
21.808097713551106
21.818030470823757
21.82389570933421
21.86886918136701
21.89197927190859
21.910935459054524
21.928580513557023
21.97743202410573
21.990678424049438
22.031099873046852
22.091770870629635
22.096265701703807
22.106723411997578
22.138460096004117
22.338153101226172
22.365093661504975
22.379600187184703
22.409695435935674
22.41944382424323
22.42075754544577
22.42859311127503
22.450409060124116
22.476021994619142
22.563436986088952
22.650854075786995
22.65374821540651
22.657979244142595
22.66913271106322
22.758038509119576
22.781866344430593
22.82640262902072
22.8821605402339
22.89774559557487
22.918393748051137
22.963064873439656
22.974101592375195
22.985889887295947
23.02833895448805
23.06683292937244
23.07098469817954
23.07319842555066
23.136424015398486
23.1620509610951
23.18186416106828
23.201893197757528
23.33179733404954
23.33281154448109
23.33929779186016
23.39076805270189
23.427772687194942
23.531459020683915
23.545364242370812
23.595476039985947
23.599677709768113
23.722557301671586
23.726585191133793
23.776045516469996
23.832929291635438
23.857317514625635
23.86355843521786
23.932430962360694
23.948212228986232
23.95984533002925
23.98635686841768
24.014324261171197
24.04033916317635
24.0417417428719
24.044057350581053
24.23681457819666
24.242117608680246
24.26514793998678
24.276424112409217
24.358875530904157
24.364926744219886
24.390242405640628
24.467796716177283
24.481983706690485
24.48358244080429
24.49061664997782
24.585687365498394
24.61164610129854
24.612177790733103
24.661691284407453
24.66555362753305
24.688535163801834
24.712747812090413
24.725259329453372
24.78804944410844
24.80210885252766
24.82525090035659
24.855163811117496
24.860722151831204
25.0267885809978
25.048047584741234
25.07099441630161
25.15491257546997
25.16612740064021
25.183623172728055
25.286080595544334
25.29174401625879
25.33763486381103
25.376563266816774
25.430638753998707
25.46362305978048
25.482696467024965
25.513624678514383
25.555278866070594
25.63553005582738
25.64110962923032
25.680312617949667
25.792698494169834
25.825934407602343
25.876453228220363
25.90409292898282
25.914234030623433
25.98455301189279
26.043567295893304
26.048867257442172
26.049027804876385
26.063286812026938
26.078246687193673
26.102381416236604
26.171601704612186
26.23011860344239
26.28446435930025
26.37846751746607
26.455538066670886
26.50584577912947
26.515879128472747
26.53555602273423
26.633925985467048
26.654748331269083
26.704593922016493
26.713714079607303
26.735139048976162
26.821185743470128
26.906592316144664
26.92332825321375
26.986600505272207
27.030783051757332
27.102546334029835
27.110036338647575
27.17360723162451
27.18221642586156
27.235443833801153
27.354278807967056
27.357011720060076
27.413243827514535
27.45406515718671
27.4804177088263
27.5722507043253
27.612635743202762
27.6715054724413
27.718784191950448
27.868919170249118
28.025327181549027
28.069381704052745
28.09051336580877
28.152583477965067
28.160678633078156
28.194403628266215
28.257209083782488
28.306670597471143
28.368185455938285
28.409063593025195
28.479787707139003
28.535524950081253
28.594233456478477
28.63213401916982
28.701643663661194
28.725013927945582
28.793717614361217
28.85919760458938
28.95610439994813
28.97396500710571
29.03934562015458
29.087488758459106
29.162636435699042
29.278041203646143
29.284266628173917
29.415720358387265
29.4196849167093
29.439069696803244
29.450752020101344
29.535374186926955
29.626291689812028
29.66831199586414
29.67928218779982
29.76653208484522
29.804188810088164
29.922594372895812
30.057101259814683
30.06093969776864
30.27650995078472
30.30748317288035
30.328527590634536
30.6166198416442
30.71617101185047
30.723555767356068
30.748476733949605
30.787870102303078
30.790083648832915
30.871482117603446
31.002086582874693
31.153150230356893
31.155135160892332
31.39938876553787
31.44207714471033
31.567256544601317
32.099446545198155
32.47890109042936
32.67540895396465
32.8927710658937
32.91008645315567
33.04810604022381
33.17986791580442
33.49955282225884
33.6498849044497
33.98069648180408
35.14141291899948
35.181590178698166
