0.0
0.0
0.0
0.0
0.0
9.046815399869745
10.22288917764408
10.466893989004697
10.506485413189397
10.875166708568306
10.899291875472553
10.935467125506287
11.021452050424466
11.178296933781134
11.292393025535285
11.514668052009956
11.556119890438792
11.557620483951823
11.642498470690303
11.655700927793719
11.749190176236393
11.754420971836593
11.814887048847169
12.346501734719372
12.39452411077881
12.397541169263436
12.416922811855432
12.466359883941077
12.518295716899788
12.524914978009278
12.549377076373954
12.679776608417205
12.733436744025695
12.760671986629236
12.776809820535862
12.794630701782612
12.871817306135828
12.885012333882715
13.10134759423757
13.121702308194868
13.15100935149689
13.160358263520294
13.215299651311787
13.28515024032913
13.33399585273317
13.338534865859792
13.369310802181436
13.391936060050243
13.446537932799783
13.527399914145674
13.585915170281488
13.611240948710261
13.651170675449693
13.671406356029909
13.693317865434489
13.72064381835728
13.7530410164176
13.777586363178658
13.827140485595939
13.885299856484908
13.917193978162157
13.981449135267445
14.013179909726837
14.024407863040564
14.127977713100854
14.154256765267618
14.178844352117924
14.203464922336009
14.245242505985347
14.256711342854354
14.289041492096004
14.31879846272181
14.328144496558615
14.419034012639905
14.506819732051637
14.560542338012853
14.578658932059067
14.618535785797736
14.673724985555854
14.684516462610562
14.720423609624165
14.818023674567844
14.849377817513531
14.861930764541276
14.889524139916626
14.917411663028979
14.919671044079058
14.921444501670829
15.00390301776802
15.041850839604791
15.101503475451981
15.103237986524691
15.163514659149872
15.167800265227886
15.231795796481718
15.273463567318418
15.297777176942942
15.33925000318392
15.3874703389829
15.396976349021331
15.404691649125954
15.50873165924121
15.52765852622583
15.629264602651668
15.639627863541788
15.697808984182398
15.749846751765102
15.768872985622458
15.77171984005714
15.797994755074999
15.909752476774969
15.94168596533051
15.969640323875183
16.03091853633914
16.061629974806458
16.083776229010173
16.094697691438913
16.140871703320567
16.181595949312488
16.19676442101895
16.228080511671582
16.275683318248717
16.302088110671125
16.325127365328967
16.370107359445033
16.39685788701344
16.39950388711873
16.41625024815317
16.517149164956702
16.543604732587166
16.580059971656308
16.610382363108187
16.618713661750174
16.66280960252128
16.710532732208364
16.79455861161424
16.81303510946012
16.859235500960512
16.887584048781616
16.937744330379466
16.9388069058718
16.98282694311307
17.032899531923526
17.070331356182898
17.096377065396126
17.13424919608397
17.1944521545784
17.221967640136413
17.224057948396513
17.258234875389817
17.261587110092535
17.313826892956847
17.370216137893596
17.381225225134973
17.392672270222405
17.425055614938806
17.427351007077867
17.53021596055566
17.56683662823067
17.577402849583667
17.70072584952136
17.7707024994163
17.791931585691177
17.820304689618673
17.865217360991835
17.893202117744032
17.928901351524924
17.933747164493035
18.015483561653625
18.019151761397247
18.085838273377245
18.096753187109144
18.156953253132198
18.253276102691878
18.259352844683665
18.329572797123454
18.335935248680546
18.336154449314883
18.34808611516716
18.41168926218556
18.473071363901976
18.52969646173077
18.54957281464621
18.598716304950997
18.612453463980064
18.629035494460027
18.660933004136368
18.66102543653608
18.674551555217867
18.700965974704058
18.769557447402047
18.799495354339033
18.809787924196616
18.856286448265244
18.857632026715763
18.903088433861083
18.957028964765854
18.964015138652396
18.97421281945748
19.00663800198194
19.017924779118747
19.030443417591634
19.060089610167157
19.062396142623303
19.153630705329782
19.206217351162998
19.32059919889336
19.323601753434087
19.330311501477237
19.427432219714948
19.48111080933185
19.498363845206935
19.50295733780553
19.52676246919763
19.541295148292544
19.590856914813045
19.651829110858888
19.662036341419217
19.710917898794804
19.716500140214247
19.72984742097683
19.744869589261615
19.775431295198928
19.80195264653871
19.818042251863083
19.844132712162736
19.92123608443188
19.923728747831504
19.935505633137243
20.007129031324617
20.022682297134725
20.03523955441059
20.09642510364626
20.108080184136675
20.127481231426096
20.132543717920786
20.194740258998827
20.23244271528915
20.30474208360303
20.312716421172976
20.3665533041132
20.391629760377576
20.424021917032178
20.441801603009093
20.476626123439598
20.479302604964353
20.488492965747795
20.49141242761448
20.544649480820567
20.560483984186643
20.58433357840919
20.588077035236587
20.73353038370484
20.787002255913684
20.79425656667562
20.81289421032598
20.833715806394885
20.83448915486095
20.87393422016184
20.946129377907436
20.97841989651524
20.985643747749865
20.994546457177307
21.060666109065284
21.140032857678023
21.174475584760998
21.18569110435835
21.198772548584568
21.20990390030051
21.250638912006934
21.319270233820458
21.3587955656348
21.41417347043125
21.477775326538318
21.519449493366565
21.541016958723695
21.54590300866441
21.56489881727735
21.595990585564675
21.680241772413947
21.691155891005984
21.749881816931698
21.79232534840309
21.82642621751544
21.882351788947787
21.922679649151338
21.931878217139335
21.945592632818414
22.047711692776858
22.05267666262232
22.052819390044878
22.09922795287071
22.16092107499014
22.179709758888315
22.22152398217738
22.229637207187384
22.331990856351656
22.383625287239855
22.417709655498978
22.486305373803706
22.52889645725005
22.56428566691886
22.6020416522723
22.604121332934664
22.62558800640302
22.669995361408752
22.69174121413304
22.725888478475312
22.74880583099372
22.794543549863935
22.81922005963955
22.819562209240466
22.865954387792076
22.907541899611896
22.933460221900813
23.019076210669425
23.019555651558232
23.03203817479191
23.03604552255472
23.12000814196554
23.125780186049337
23.142594979144373
23.17450367997783
23.205774626199297
23.235179099394017
23.239246171413424
23.32494996942969
23.40721530095868
23.43134797072184
23.435712846557895
23.48478306663636
23.544665609149895
23.545379438132898
23.59806815615954
23.6473587652243
23.724130375222273
23.73171597124944
23.74306375453276
23.80288543061442
23.86582161699336
23.881963928524172
23.915842869862043
23.91623509934831
23.981003508879304
23.98136627985747
23.991533025616295
24.022503838200947
24.111985276606056
24.14845203627281
24.19045377639994
24.25409399596825
24.299320732353802
24.332638123511522
24.33703955502019
24.368210919524824
24.39170433979785
24.41647791251448
24.473619623592793
24.610637001775302
24.69632308732748
24.702261920931196
24.707536620394006
24.74643393911448
24.785319947135207
24.809280840087844
24.817214510240742
24.904934466308486
24.921823792049693
24.92753014539312
24.980588068804074
25.032137137401364
25.05110313493789
25.059807081780637
25.191651728161492
25.191909625484907
25.26161232354855
25.300291025917076
25.331674423449417
25.381037770197654
25.40038366342273
25.41237377021829
25.45037610189862
25.475572929715057
25.49776563882623
25.547678431554836
25.607971371942725
25.661986468856874
25.769916430889825
25.774140858046472
25.79001373116903
25.79393850185572
25.814184178260057
25.90437128294033
25.9058758743382
25.938058488540545
26.011395666257837
26.099629789175406
26.133151963784
26.155298884381796
26.16739748638709
26.196831186724175
26.356038833408675
26.35711937391941
26.36137526619098
26.39068678726039
26.40490896451476
26.479698041213737
26.49884805858953
26.661490839669142
26.662587046564745
26.669487842760468
26.715116265475935
26.80664173157226
26.847419405786077
26.853922898771447
26.873702593079518
26.893779578416858
26.99113698800309
27.06115133955212
27.122156591120653
27.146628313350966
27.235562343067
27.30008896887074
27.345796093555748
27.376295887282637
27.40575532109074
27.5068762366597
27.55601050024398
27.598755411168945
27.628514519777053
27.660965162795215
27.69379185869448
27.719566272942025
27.725335165686605
27.760600334764835
27.777912852812126
27.846613613163793
27.95045649696442
28.026802689752962
28.03966608485629
28.099610588363536
28.236214252082164
28.242019805709514
28.390603743607837
28.42632050261529
28.430443380204384
28.431584589973784
28.54058230071261
28.565729541440234
28.647074430251237
28.715811215374988
28.786609671710497
28.91538419449268
28.922289694829228
28.954503285404243
28.971039279426936
29.14883438552861
29.172704261228255
29.191956584039925
29.274110918914612
29.298787927117658
29.305114812833605
29.307743474550147
29.519777044136166
29.522894949376
29.563653703152152
29.602789996473103
29.80587824851722
29.916019381838318
30.01500001460575
30.124589061475042
30.1720097952335
30.235292233501504
30.269431080589083
30.301085775826607
30.327612061761727
30.365249487364334
30.436636073613933
30.573804152108238
30.64661935490215
30.790848001088833
30.91172272308755
30.929517451098246
31.13054308198557
31.301095237449356
31.349642274101626
31.38844042474847
31.409463873346496
31.56501671029216
31.584347850780347
31.67710701157458
32.26797606064115
32.549469803930066
32.87261996478676
32.956932717771394
33.14481762316662
33.302694733299646
33.49840651359978
35.263119090622375
