0.6861689584872132
0.830058697959941
0.8803059128451158
0.9959487476574934
1.130820310863363
10.303335468162077
10.757795434162542
10.82942617918389
10.85183102342682
10.907384897425953
10.97668845474969
11.154959744131348
11.309606117095662
11.495805482672912
11.508013071308868
11.731468386522877
11.740331176637776
11.79980291289376
11.828391443142273
11.921797347501009
12.150138194614147
12.245485098601211
12.292834799506235
12.319687909396219
12.348555593928342
12.4491109690693
12.467933798129428
12.511850134834237
12.574804297733134
12.647419016751487
12.81021199132112
12.854643330646304
12.92686408307677
13.080074261298284
13.093989322048866
13.13265919280314
13.152821770093334
13.203772034991907
13.280298639731035
13.34458447949663
13.428161137169806
13.456211167642087
13.475657135804187
13.486299733350124
13.538630071141224
13.618573010438752
13.675079996776358
13.756754829759812
13.784298370798602
13.873080232899328
13.91063293932973
13.929427635245554
13.939969813001362
13.95775570935235
14.006812749462771
14.034944419843432
14.071930873006483
14.10684152081666
14.148373330322938
14.194384643425087
14.246875654789541
14.392583914683703
14.416151437242442
14.459969463887804
14.520565505680151
14.539152833834176
14.568578408195705
14.59106389987073
14.670003063580761
14.693665014434346
14.720922594903033
14.772143084078262
14.816845638053135
14.852914071900193
14.960013242118869
15.006485306183633
15.087435915439853
15.106410498933139
15.119614606176226
15.224630457652388
15.261122756581418
15.280159315206328
15.290081648956248
15.314177749419414
15.329371352379505
15.387813125960657
15.43898531917515
15.451435391235
15.473034888879804
15.476840349252019
15.534904463594325
15.586402895710982
15.599568958759944
15.63109563971699
15.669477190499283
15.7624944934702
15.782103736037037
15.791669282692848
15.84681969705207
15.898326511448222
15.957177155829909
16.005188300427587
16.01973915685116
16.049686526544697
16.07054411459952
16.112931525030753
16.17254662651059
16.22132781660773
16.26281930730231
16.308785295076504
16.319394217094473
16.372388722230625
16.383588237535893
16.42860976770658
16.47021323176601
16.507501323102048
16.537977344165974
16.575086975086094
16.58913434768602
16.654408543744665
16.669097333154056
16.71721295065351
16.7332519417079
16.780234581881665
16.801800617464767
16.80674512586148
16.850732258359706
16.92840978385884
16.941474223225118
17.014728009394407
17.036700052016815
17.055499819498294
17.067533736945947
17.096650712157427
17.123935835542103
17.13530733077051
17.184851945900583
17.224615126089763
17.26825130555463
17.285463526454272
17.30582906563858
17.37025202975812
17.412112343354522
17.436285867883115
17.465639643705895
17.479784289485302
17.488904403004437
17.5544465045796
17.577097665141334
17.643248669866995
17.691832740080063
17.716327585777126
17.747075671836892
17.768706708487542
17.83516337069962
17.854606213886267
17.927427472427485
17.9739751198503
18.013539979094183
18.02350327521979
18.0674629525448
18.089239266518124
18.127499087477446
18.13062820903879
18.179667015299543
18.220458210450435
18.233812828988775
18.27050528559352
18.30013759334758
18.329031697337168
18.352243108727826
18.39395966028357
18.428961035953243
18.470599297412782
18.54610783450024
18.589378823153268
18.635983556739284
18.68748494655069
18.69978231375845
18.744196565732906
18.76646375512942
18.789564795713375
18.814063116995545
18.83978649464405
18.888543007869057
18.95782202788237
18.994881156968685
19.013737682669067
19.06045014224835
19.09004868195321
19.12549665670379
19.139318078353945
19.17477599833946
19.248256941480314
19.250470676528803
19.322985718665063
19.34263291958665
19.367856773979064
19.429459981732908
19.46251014735501
19.505026084091515
19.52771704810105
19.55347935607461
19.596845399229657
19.650203022683034
19.673026434293433
19.692060394209616
19.712727318919235
19.73770024613607
19.815898825691846
19.839796466149892
19.84473376695079
19.866218202749597
19.882918415183802
19.933425479309932
19.969019222788347
19.994652166361966
20.02851915298216
20.050184347561466
20.121059089009133
20.13981573915116
20.147803990292832
20.186014678020154
20.246410563858447
20.295856731645017
20.374320195841495
20.38855238823364
20.44592060282921
20.464850567677157
20.48830685337998
20.54580793743844
20.57452479190844
20.63834092898964
20.652107349838708
20.67982126502954
20.718732513514368
20.744693434180412
20.761221734042447
20.7896680147607
20.81060275739336
20.861014927884995
20.878854812709033
20.895691158099066
20.919367748039264
20.969692269331627
21.011600795305537
21.02853364128538
21.056089054142596
21.10150486197552
21.11480599115193
21.154412404592904
21.192132081972474
21.249460624721305
21.29582732725281
21.307629804043152
21.331931895115122
21.385341101085164
21.39494982098823
21.40589703095558
21.45774784392076
21.475165014375136
21.562901278601238
21.575444305904362
21.579696203223662
21.632597078081822
21.691804389697865
21.715206893485124
21.775776875700704
21.789564016836522
21.813863799475126
21.85387189688079
21.916622986274103
21.96866207922117
21.99486380938297
22.041905850068535
22.094800882985396
22.108020321026146
22.153356252655964
22.19393982568666
22.206654483931622
22.23269374193594
22.34022610131465
22.350597621229003
22.408939595008473
22.430550282931364
22.439437471081046
22.470070259490065
22.494633973118106
22.526821992077647
22.556586634335513
22.602116077022124
22.624812590268263
22.72600653475214
22.740017934006417
22.804642988492336
22.824922794157665
22.840522225957145
22.903053217919027
22.917232011727
22.94736248599598
22.970079491844793
23.01379068765778
23.061991652638742
23.098939484996997
23.12454837444724
23.150912168152793
23.17057099643752
23.227257536151388
23.237181738584862
23.2690470676737
23.301509084814466
23.311700610068442
23.34015480342541
23.396362361325092
23.445031599897852
23.46186967831797
23.4870187680663
23.535236724745733
23.56705466228368
23.62867336555179
23.641382396524893
23.676061554203343
23.703294325415964
23.719273501794007
23.77780293051459
23.813892174112837
23.851236314495324
23.878280120384876
23.913628387346773
23.927293321889266
23.980276701327796
24.021986131935797
24.04386347330313
24.10354510309431
24.135774078108653
24.165166340412963
24.194606226936553
24.279313825420612
24.300751780030797
24.334403879710102
24.38688521904165
24.400371651194156
24.4605259524359
24.46554412768626
24.49822191978665
24.57445036617873
24.60295233577588
24.63959110308304
24.682760432386218
24.699927056596554
24.751511451114375
24.77806135880178
24.82166352795036
24.84785707134059
24.870032734150495
24.88596389568919
24.89153046251439
24.989375135613024
25.033214960076982
25.07615273657833
25.10610289041331
25.19217439642605
25.2405763878664
25.28497267034833
25.311741368456655
25.354204123888177
25.391450779563378
25.445786946167605
25.476996906964782
25.515732740173842
25.5562793557458
25.559558950875896
25.583743805981676
25.65528365070335
25.69803131924361
25.73055182839512
25.771208909992293
25.791627481614153
25.805948289389754
25.851523171469733
25.904970497901314
25.950558179042396
26.065391870730952
26.137306005363275
26.16016461156592
26.18427292613093
26.221435516902716
26.283406985297383
26.318540549179623
26.353499408887835
26.402165328586445
26.451532009192995
26.48317714804084
26.49234641760329
26.552825225751047
26.622804826713168
26.66072311684187
26.69470855620139
26.7024475296819
26.779198951924027
26.80549505422135
26.820153361588556
26.839986489260223
26.88901286737408
26.96755544782415
27.00471248682763
27.053306670030196
27.09516203430996
27.12977120567645
27.154008177329306
27.173970731880964
27.227267050371903
27.271811663779808
27.337357656820416
27.42126311673883
27.50205841584015
27.542099424020737
27.59936135004873
27.63391011420153
27.687925269946366
27.741812891574448
27.760272568296678
27.84388654047551
27.853595695020548
27.917048801259234
27.977684944173163
28.000855974290772
28.05616210984539
28.131376339882983
28.159305620161994
28.172534690102104
28.254382276930663
28.26687659669084
28.364475014852793
28.41392714982717
28.481908343576027
28.541375777798972
28.579951480390534
28.591138426554938
28.66533044646663
28.756767229378468
28.827798478890404
28.894135248738138
28.991633914975147
29.000894671697413
29.103661889438186
29.169362738570502
29.183538111054872
29.29745426130149
29.365182962306218
29.385381989389252
29.410246074323435
29.525766027685407
29.57186687566155
29.69065346126041
29.720393444302204
29.777747737130735
29.853744989872148
29.9050497665634
29.915359988614977
30.02596895722213
30.058680265873665
30.127664397647898
30.182239735392606
30.2292699588465
30.27239953392698
30.36911342521225
30.423136474845514
30.512573493005
30.547493023007924
30.571625956027876
30.644154564662987
30.75461519592783
30.910647079167422
30.9667204604167
31.09518581534152
31.112884403018302
31.20002395808155
31.306835286905233
31.394683436433294
31.44154667070284
31.56774521772572
31.613378010936643
31.768162510763602
31.9149539094041
32.09542468584654
32.182442415539114
32.227548600649754
32.3473196132646
32.42714496995573
32.60956187424247
32.72984690223004
32.7806613778284
32.937756624731634
33.06148709336093
33.11421221437471
33.91917451236757
34.033617760283306
34.35903267523339
