0.0
0.0
0.0
0.0
0.0
9.007513397821128
9.204192503856047
9.723449780261575
10.35886077363296
10.851939931352598
11.062212880295505
11.068420206511469
11.186134790112154
11.277763533690479
11.372336742209765
11.428351328918254
11.446056891743217
11.56159686942918
11.569694448387716
11.59274290850817
11.621519700231838
11.706295414931802
11.713274464671299
11.855926233397431
11.912922034935393
12.17019876242902
12.366733859734788
12.417047542791673
12.418248592040158
12.421855807008104
12.489950348575798
12.496403834374558
12.691180920967584
12.709172957940797
12.78956056886798
12.796786108323657
12.827141258371785
12.839044092553559
12.91525977025582
12.919200541037924
12.959099659554253
13.01494371693734
13.076795315276808
13.183263807362058
13.186998780714978
13.19241201527926
13.31086356445484
13.330386811395746
13.34878217808317
13.38688203213731
13.396800536595459
13.432271664782522
13.542982284435165
13.552909239845809
13.578892811747382
13.59700724476217
13.670513807017567
13.738040570987794
13.760566724094478
13.839646924905695
13.872048928021211
13.902560852684575
13.903484748820661
14.001958806590812
14.014465137296051
14.038505939183981
14.06326070956031
14.083477096898996
14.103630190408584
14.191950773435824
14.237590441949374
14.2511129992088
14.333366446505028
14.347140745015613
14.388117988383243
14.423329411098344
14.430144273450052
14.45314273850604
14.60369045924389
14.714816952980003
14.724538551109198
14.760955358634162
14.772173321779725
14.774447532536884
14.788071258732218
14.87166521333769
14.87535929259898
14.90890965463676
14.963620956184723
15.075929455838443
15.100969498366148
15.198678198096053
15.216681568343406
15.23172887850066
15.2672209579796
15.297145208386365
15.313840201352427
15.334984361206937
15.345466001132415
15.382425644264833
15.537546260297468
15.542038226414313
15.553220063898104
15.61340124641224
15.62042964921506
15.6338181773051
15.64397077312412
15.677828191149127
15.763552526598033
15.777724362655094
15.793479784311813
15.821804442273052
15.904455551650937
15.908002375727305
15.956596680311419
15.986165625384876
16.004543896411587
16.01447734148489
16.04571859576795
16.05784495450831
16.11323633521441
16.180280790466348
16.19886057080845
16.2292186448093
16.3104738221725
16.331073987112394
16.34002687035934
16.37772666831009
16.535156370749778
16.546191849425067
16.558754521526808
16.579085211873842
16.58444462377586
16.599624238825978
16.599742174242024
16.628016795280327
16.714253902822282
16.76459595346117
16.765488827496377
16.7935530551658
16.865953495640973
16.885547312057614
16.936360262851817
16.966869269711175
17.049005779183283
17.0494808927445
17.100119932007708
17.118303125354046
17.170684749567478
17.175666044303835
17.25176782048666
17.25628071619855
17.265494504454047
17.317630619897745
17.350545238370817
17.388922027217934
17.428845095578126
17.437336011718777
17.474057757930243
17.47896408839727
17.53404546783826
17.55313662033237
17.574712471102288
17.616845697991398
17.650335268866417
17.74721256674108
17.797092170481253
17.799718345918613
17.830250885551596
17.84963406295591
17.86578248292349
17.880864132237292
17.888156378803505
17.930013658227782
17.940244113821667
17.984735833358354
18.04028765567928
18.12047705470068
18.17702394191266
18.228285660367245
18.25157341685209
18.27214365957058
18.292834691006842
18.299632728015013
18.32223488735556
18.363133189388794
18.374672025154652
18.381644358150417
18.401217924292375
18.459660919812382
18.528245639188842
18.532483602094597
18.55815239917362
18.577336685964905
18.65870414989138
18.664491767082428
18.711925585191818
18.742181664610456
18.748089110209925
18.830541016503066
18.871969560658115
18.87878060990574
18.929029551519992
18.967760981733047
19.00299827319659
19.072292247140737
19.09527505890181
19.09841103783195
19.157890177603655
19.186654474795997
19.18981508867002
19.19361420376294
19.222713683964287
19.272510601807095
19.314918217245786
19.328804825468787
19.33573491234933
19.379195771090163
19.38344792631233
19.440707190697832
19.446517054392427
19.495434022759987
19.60211236023242
19.69781957033069
19.715752858671067
19.766932315873152
19.780626300004474
19.78089356362272
19.806290059728575
19.828773374110888
19.852925754490283
19.927067122015696
19.953129123690836
19.962820465376414
20.050502398682667
20.053975139511387
20.06285189276122
20.073589092817237
20.10559481205701
20.169711217037097
20.245881443850134
20.295925705547862
20.342391614035744
20.361017756177002
20.40104883483213
20.442406334864152
20.5020699507988
20.570630595026575
20.57370006173069
20.59961731193342
20.605459282584153
20.636548238739703
20.64010889271013
20.684446081355464
20.743022199752406
20.744129919684113
20.752925921929968
20.78933148352285
20.803510238995713
20.823831660395385
20.90874555473044
20.971330693349714
21.002638487279604
21.003045862724502
21.018627702645936
21.108161857436585
21.114921124214177
21.129589551478123
21.19953556686487
21.20905124903354
21.218720930820318
21.220978134109902
21.2370677392247
21.253648652958585
21.285490010860308
21.33300764382564
21.400943347380558
21.42838127896061
21.47719954399167
21.56999057336002
21.593147472573303
21.663724582072543
21.734006434701577
21.790323537783156
21.792612584837507
21.808713673713648
21.82159767137023
21.85817736164375
21.906516039477836
21.939149663034527
22.01830155434736
22.04711032808421
22.099827084805323
22.138933441220363
22.175591232664924
22.188259048763772
22.193603854188645
22.216474722599372
22.232502727013312
22.279990801829804
22.31168997858212
22.315061025905642
22.317105185292704
22.329457861185066
22.423748261045347
22.440252796710524
22.461359265817094
22.486568124577122
22.493414341539772
22.556462486649586
22.60842986119321
22.736995345952653
22.776428356518533
22.78480051541662
22.879774883324345
22.894886295597708
22.913489473591774
22.94037160416115
23.018975850300823
23.048624551441325
23.051900006232025
23.139335228470546
23.14868328807442
23.163000819131273
23.17796993119143
23.207579013552245
23.24359951423316
23.279959317161318
23.291432387216613
23.360830051880903
23.45446636874194
23.503183987846008
23.525081047129394
23.54208914514585
23.602615113176796
23.614527725307433
23.678131595620854
23.708346417249224
23.714191527591716
23.740289121126125
23.828522323740565
23.83091551164231
23.836195695637784
23.87060398971607
23.884664590391953
23.996717374977603
24.00857307851099
24.08827240470331
24.094308453979806
24.14770598704316
24.169587030447815
24.193471116061946
24.200408699179224
24.25952741051706
24.329125190984303
24.399777037145228
24.430708232172197
24.43236772392003
24.529653167552542
24.551901420869104
24.594814872561496
24.607918494265164
24.61267430858253
24.614276986600977
24.6724779345392
24.693646903741918
24.7875948915486
24.80040275551079
25.00839507731086
25.038602233029764
25.043980182210202
25.051381720651236
25.21075816737571
25.240963204188223
25.255133336786177
25.301456278740805
25.305646661125188
25.318623895043842
25.353404453235648
25.40080102946001
25.51758814548805
25.538488965061354
25.578363695870106
25.65451440356449
25.68165854210353
25.72988146374372
25.784004684990116
25.853444372193362
25.87111086804651
25.88690800334787
25.91487614338925
25.948688008313542
25.968422542233963
25.998806311410096
26.117648240840094
26.117871401609918
26.154496943574685
26.239526165404374
26.24505709190731
26.294139232715324
26.358748239331252
26.40985458881327
26.44772566649822
26.501092259890136
26.56558947200086
26.579984473945316
26.597545132048296
26.64531736817686
26.71828841851097
26.787053223511823
26.872976692789045
26.935202126966505
26.958600347863236
27.003776490749473
27.01824277866181
27.048390932689326
27.053616321166064
27.07916374324399
27.226700840302353
27.235981080105912
27.265913148056327
27.346286711602136
27.365944437761193
27.44688947745896
27.472936575163924
27.49406903145457
27.603467508111066
27.63102229529098
27.63145814110144
27.651708553542353
27.65646882788751
27.76424701512907
27.774426483435498
27.99231469152029
28.005670662158884
28.070371717558157
28.109696015363117
28.166384255958224
28.175698865788846
28.357129230443974
28.437855476452103
28.45501623930141
28.529146628898516
28.607000129601488
28.60771168902557
28.706002627578798
28.755380659135753
28.811870458753795
28.831326321243125
28.898641701472442
28.97933423070466
28.998268291118503
29.01168813829628
29.069626602143998
29.096266773465555
29.21269729151112
29.425419373492925
29.428257859323796
29.450692876930567
29.556358947610814
29.785729497665404
29.815422689680197
29.83917207715813
29.931599124350974
29.971367370844433
29.976782111046628
30.07867311550342
30.30228191869902
30.353458620516484
30.428035262895683
30.460795048483718
30.46736985561022
30.503905239941595
30.62460083559993
30.663122974834362
30.898439108785986
30.921529498539876
30.92229837690846
30.942025669646725
30.946729613453012
31.316544764430514
31.35792924127251
31.43949749941963
31.557407537139007
31.743442187943085
31.97916212235641
31.990572467003815
32.08694615890761
32.2382256833354
32.26008078762035
32.65303261427129
32.66633252968226
32.75548049288298
32.79176303147658
33.05116532695407
33.23302425761277
34.15550505024219
34.3045518328483
36.105764966076435
