0.0
0.0
0.0
0.0
0.0
8.900339509387997
9.780396980019484
9.785307740693648
9.822904391201858
10.071643098335421
10.325760860917319
10.478071061914822
10.699667110928806
10.924211379597885
10.963312545704103
10.970875570451513
10.998517443098757
11.231862880343774
11.331426887705675
11.425176006446177
11.596814926640135
11.736960443049147
11.744374608896072
11.884513394029245
11.901108042013314
11.901567766641795
11.949452864182117
11.993829110252765
12.027261428050771
12.088053112249382
12.213849691792475
12.399410375494913
12.44008286370962
12.446292617818415
12.465173049039826
12.483002825766
12.545368686378577
12.675688395573163
12.777463107507701
12.789314512569327
12.7924057383062
12.800751442006685
12.815289500314464
12.88125297274821
12.977617257710884
13.048305418901773
13.085456019930957
13.17601350449708
13.208936582624572
13.248592777561393
13.25253826389939
13.258170348452156
13.309660789920581
13.366119258313512
13.403119022359789
13.435377192974636
13.52000161072218
13.529473059884742
13.600495437044051
13.60107580613928
13.603266844984928
13.632173008815862
13.685623081647572
13.782229389512022
13.92713403973834
13.927534273157386
13.937485958730546
13.940197755932726
13.987238247295005
14.07060331097354
14.091357401204238
14.099734987558517
14.116626203147831
14.145934024480388
14.289104496976465
14.339712830424718
14.341753873674062
14.350405517426406
14.381947660936493
14.461144417239458
14.503895896525203
14.533890098904259
14.547808133418648
14.55855408617302
14.5933449270002
14.628077018905623
14.664832568150729
14.719098692723087
14.723329257246986
14.727613558476927
14.738572646163284
14.76715001308457
14.849340284937545
14.880531717556812
14.904901785742306
14.927602752955806
14.938340388690388
14.961972057179546
15.031200162088021
15.105563559131408
15.177182043594225
15.239703034873015
15.350455891667835
15.362473266940347
15.453607566714815
15.461418193706201
15.546264999796666
15.548394539149934
15.566223464951111
15.57835993550244
15.634539004632089
15.664580355007583
15.682367336818341
15.704147642650575
15.705159050700653
15.73133854491578
15.80585554687996
15.866660108120445
15.904758358015968
15.910666530537197
15.913995054488746
15.965293552428792
15.972471486575401
16.011995628215487
16.051116528735697
16.055591086417675
16.090143182627358
16.112068764203393
16.17176316385326
16.221192245026014
16.255497855808095
16.315490724514056
16.324984890521964
16.400818088121234
16.412550314010534
16.423080000588644
16.44587533989059
16.450124092018843
16.547020704922065
16.626970831592335
16.62852055976246
16.65226178921249
16.701860329795785
16.723521625120846
16.726497849135136
16.791170007517564
16.809232931525404
16.823620877588734
16.91562662255995
16.930344936235347
16.951821868470795
16.9590767241283
17.041535400615746
17.084057613228055
17.088038017155704
17.10538627189146
17.157993980169294
17.162507348463738
17.177127211339467
17.214899805006322
17.285197778622756
17.290536130592038
17.305065222304794
17.322233273721807
17.322642692013567
17.347409087001274
17.435941861470013
17.43872214494142
17.488514292210958
17.560820787373725
17.574634473600614
17.57871414427294
17.61773044270509
17.681277641387062
17.782420127576977
17.807677353062054
17.810741480150984
17.813468939957488
17.83044967892533
17.864857589165343
17.92519766442177
17.94538076913318
17.946726625717076
17.959206672517457
17.96881396469423
18.020874977335993
18.148348682299552
18.210758208540657
18.25501812088063
18.26203520259191
18.28057338536523
18.33139510694637
18.345786927781404
18.347242209230725
18.376501779883778
18.377535077207703
18.48362439613778
18.5349341754727
18.584717594798978
18.62007466657338
18.67086264950831
18.676400354041853
18.699224097536202
18.71292031584533
18.718758239400607
18.748470008648646
18.819617759228368
18.844691781143503
18.8490156548679
18.909163975324862
18.924682061953398
18.97589629828301
19.00367792359192
19.0602803210619
19.062453196419224
19.09259426403719
19.11805882069213
19.16993736298596
19.214987029240262
19.239173040819633
19.29735552288505
19.300729911011267
19.38522534888895
19.407579855903354
19.42176264708018
19.42851113629313
19.473586422413614
19.5060896531559
19.512122906542952
19.55179429903989
19.583379448240894
19.654619906363457
19.6605900024231
19.67342597074336
19.674889231729388
19.763537800180135
19.765261864156077
19.76976648899742
19.82436296049698
19.870980193660706
19.875590549998304
19.892263532838903
19.954798465619984
19.99207070472887
20.00173577055246
20.01053612447416
20.05225892864666
20.088859490144387
20.099823019253513
20.133222739686268
20.14229155174811
20.230733859677322
20.262177096506196
20.29038961274604
20.387164373042562
20.38717850854947
20.39272296175932
20.498748641411186
20.548128127877515
20.567694271176205
20.582179410258348
20.594960896354554
20.62509685175164
20.63173172507287
20.685993934954247
20.746686935287986
20.801887300131217
20.81793365187492
20.844193366567346
20.870324337437232
20.890278168868207
20.892714392292756
20.976229137891547
20.98551454121326
21.020369437227764
21.043826299223117
21.06413163668335
21.12628010609655
21.176902847195596
21.218317122402784
21.327304510475305
21.33509378912333
21.377930263215944
21.38172299870433
21.386277440719578
21.437184995207023
21.444204666748384
21.668017614765688
21.668356399117197
21.676998772646154
21.685309932273043
21.715156186376927
21.761928393172553
21.763023778775562
21.76452516008719
21.866269179750702
21.88658484973003
21.913176611218493
22.017627173250155
22.029461935570406
22.056884089607614
22.060841225531636
22.062640435351213
22.086793519498258
22.127330609317198
22.168528009594983
22.17651739452788
22.197660555294703
22.214141157388365
22.234822333509147
22.274732112139045
22.282371860001827
22.296201414842667
22.381124663893914
22.39204973459747
22.411090324676046
22.442648740716756
22.46180690295834
22.574178600047116
22.624620976540246
22.63832185893959
22.662395546170575
22.75296010037517
22.837045730450036
22.918683566654572
22.960962746849482
22.97939144870039
22.989994347572395
23.041892303513738
23.056841789905533
23.13090775498146
23.138861204839852
23.151075326306454
23.215054872332022
23.219867488543795
23.321527865811024
23.331477965466874
23.348926596805487
23.42405091883524
23.450040673459085
23.46223369606619
23.48699207404821
23.553222611930916
23.72262386697976
23.75207969518548
23.800982153873182
23.80723005678741
23.813074898338108
23.864410926031212
23.884778615824562
23.889347740395703
23.901355524602366
23.930761789518254
23.93864247494554
23.990440221527297
24.00385765721021
24.025047658375406
24.093988269265893
24.161762465156308
24.164919272954613
24.206915568326824
24.226052819427093
24.249953298075333
24.290295566864778
24.32064462484375
24.361834375485024
24.363344043671876
24.3708545826933
24.385184880346575
24.44779302340725
24.46226866086797
24.50962707840682
24.538878441696696
24.636178101112442
24.662118041179323
24.711684185307085
24.766181970695268
24.840219566018984
24.847445555133316
24.95266146745668
24.989390794298842
25.110618882519532
25.119204873360353
25.13290347862105
25.17972083398706
25.212497354625004
25.21995573672871
25.29533051442865
25.30266001699216
25.320764593064112
25.431441318075983
25.438223029147878
25.4448822550188
25.51147440271331
25.51256451095495
25.518611188782607
25.530245221630857
25.741688769465775
25.871751802519164
25.87712983533616
25.935578252793096
25.97448821852107
25.991062234100568
26.011403409288345
26.03282028051407
26.064028988494147
26.07367331198042
26.163275118906995
26.306781895108344
26.306833174804922
26.328080585578167
26.443885204250346
26.45948407918164
26.52114951446321
26.58073466038232
26.610152331908346
26.67126361796779
26.715197701338376
26.7960995120827
26.873639556321532
26.897394101999232
26.910738718310526
26.95743877495164
27.013336974090983
27.055164881613926
27.07347669657194
27.114301009826246
27.13956585145403
27.141292393726065
27.330996686758667
27.34006746907649
27.371739658686224
27.5040652537394
27.590238439467363
27.616328931851314
27.72961639280051
27.761888454990174
27.768122823080088
27.81706149778125
27.8945883612778
27.97084342699128
28.042132741896012
28.060049358595172
28.107592214920953
28.14928308655152
28.187796503495814
28.215378059851876
28.313195639542393
28.32237734340631
28.338756173032497
28.39186057628395
28.436915521736317
28.455644277554814
28.483533490588986
28.597095499032022
28.60003631206411
28.677432629269994
28.733880709136265
28.90511761518888
28.94404780529394
28.964805898420334
29.014922326676032
29.048060820503974
29.124331302614166
29.32036024210047
29.378572125729434
29.538463313268387
29.569408693380687
29.59782088359629
29.598300748270596
29.719107910043682
29.887002527238586
29.93420399095706
30.006998162402613
30.06054294022019
30.061667056730954
30.073698265252244
30.145430513857004
30.303870498960553
30.365297196960984
30.509178184884444
30.607959187099297
30.79773682704616
30.86373401166422
30.995617269943363
31.05414411317876
31.07389057989785
31.089990080556593
31.239944940768893
31.395843346667455
31.54726856453484
31.86207307786435
31.88232292792519
32.05392073630083
32.22831078500063
33.27772348725282
33.39901544946767
33.73943299123139
36.15862422434917
