0.7070659305083766
0.7117809898273314
0.8851073809724648
0.902853789605851
0.9737692362153996
10.051258953266025
10.145029202800632
10.56593449418117
10.637488764180002
10.979066833292967
11.133609044273728
11.575116900334953
11.97538643217196
12.10164499189483
12.286592837056805
12.365639767121758
12.392692365007907
12.48934421788162
12.559155246928324
12.705215127040317
12.729045348282986
12.760057448355324
12.86100884710682
12.912708927080168
13.01057218507009
13.058772843347365
13.077922508335151
13.11044176950958
13.28358525910333
13.299442887296399
13.324298938644828
13.405283784312717
13.429382685290733
13.454754973032838
13.48462989972273
13.542139454896798
13.56762014032793
13.59837450286092
13.637760899703373
13.680734558020463
13.72490755581774
13.770758760333216
13.792738411826253
13.863019912165866
13.877171941036584
13.901539651478332
13.961482535481439
14.073146143608437
14.114377854357645
14.133012052558211
14.275448694435841
14.317664408357686
14.37642243494993
14.378891492470666
14.421350112759988
14.483296985497688
14.505908710039204
14.597605763606984
14.666090958899936
14.685653667870344
14.709072871864471
14.749903024060792
14.821215550797438
14.864746818474716
14.88947321289575
14.963287588087459
14.990003285321848
15.003371592559969
15.026905494335733
15.105881723558854
15.169845667369001
15.218641485104397
15.268081327297114
15.328621084889752
15.330556441770991
15.360156966520773
15.401230123778992
15.418542124021776
15.435818335741054
15.470037934062978
15.576142329765085
15.604954303590109
15.62230387596804
15.639055176138234
15.710140657123373
15.738246618708711
15.782091563613854
15.848550051728521
15.861387349594802
15.909180213803623
15.972977935276912
16.00585086417211
16.014562831614757
16.059160767593863
16.174845690137985
16.234645182357838
16.254601852027914
16.29005786350736
16.352710860493797
16.409443424523978
16.41715442006658
16.431469707340884
16.459692366224264
16.56024956391345
16.57488258732464
16.596776676568624
16.616608627610365
16.677681436870344
16.717734250169965
16.721272968426273
16.77491295358856
16.79020709847345
16.854214132335287
16.86241185801403
16.88848303818065
16.96162738835551
17.011118204075526
17.016163474257876
17.13264310800562
17.164275166582627
17.188140682931493
17.251193561788114
17.30480342063462
17.325796360192616
17.374420449325175
17.387107422487833
17.40366443805175
17.47194339120513
17.49119256061931
17.496348226346306
17.51942652499842
17.53864840087652
17.58815171768548
17.625441368000835
17.639730043521457
17.666914689158077
17.73861083831868
17.74877494617158
17.784955916619616
17.801236771518113
17.855697239000076
17.896241003014485
17.940050982378665
17.96377643873153
17.983537851625677
18.02183457581937
18.04940750112261
18.056270785267856
18.113901107064482
18.137007789156243
18.203808935300408
18.255270097231325
18.289080274357012
18.311412085331572
18.343080998342625
18.371374263335852
18.412631980659068
18.443440544605767
18.47405614869224
18.51574127985441
18.542177270730786
18.560663067806246
18.58491145128372
18.60989451494992
18.66352037570456
18.716819306521035
18.7476126041135
18.780625234616696
18.84819279040233
18.86538103719082
18.89895113185127
18.968496365033428
19.00107671486046
19.00633885684828
19.050300636644778
19.08284989847697
19.134418803685612
19.16532791571129
19.194503460195264
19.22224046914339
19.25832515962942
19.29107777376069
19.32750944602957
19.34935214703745
19.370078662440363
19.400410179702217
19.422490177290985
19.45597769169307
19.505152064944262
19.52122228125557
19.53315477112746
19.56131806274186
19.598549877368107
19.616047170128837
19.685582568131277
19.73169048779297
19.752739836313193
19.78965550659186
19.82919692021926
19.909258029491866
19.933538723929402
19.955908743292234
19.993217014840422
20.05569073075419
20.072951144772386
20.117672797954416
20.152482552046084
20.17814956392246
20.18783787104166
20.240232780040056
20.258800218733533
20.303696549938014
20.341885497008406
20.381467070197715
20.397113883149714
20.442435015771498
20.52348813270659
20.577316924310097
20.58051487856332
20.614057818448025
20.627337014192793
20.659742981442555
20.707316988329293
20.74616118045016
20.808381563394217
20.813800831348754
20.861637338276207
20.886955597435318
20.938280755831872
20.96478572258707
20.98147707592282
21.027694273163448
21.049281963771648
21.08309698731811
21.109995266802883
21.142896285219127
21.166449776221416
21.18753390264997
21.248399253027642
21.27630762439164
21.331853359568992
21.348712746378496
21.396871962122308
21.436423653767484
21.51600484153868
21.529294436587836
21.55736429812166
21.597676112159817
21.614122293042858
21.647837894251186
21.71023613550883
21.717707477749073
21.77341695795737
21.805733941135177
21.838493763197715
21.850047609977075
21.857294670112466
21.90905984656879
21.950941662771292
21.96876165542755
21.991318112571545
22.01767794633347
22.05558615820725
22.070750391415782
22.132853357633888
22.165481653148483
22.17205462540661
22.20354105272118
22.27481636686747
22.284187718741734
22.32081691383671
22.362964792829143
22.40873192482138
22.428849037440454
22.440336987655645
22.502125370422537
22.521676206130863
22.556422868925807
22.60324356862708
22.628410549509443
22.651344624737995
22.70727942368183
22.761375239259046
22.790984627587306
22.818092306211128
22.86858426841784
22.932409094354686
22.952685686630517
22.98087837469132
23.016914431292886
23.07776069418231
23.10211621205893
23.130362878296733
23.162983523632242
23.18918078193331
23.234598328308966
23.254187015133265
23.295567712879787
23.352023464093712
23.367400846817358
23.392781108838147
23.4243084841517
23.466623106541018
23.509790401042245
23.535793606103173
23.579436127111908
23.599931590640185
23.67121142186122
23.715840370941944
23.725166340301875
23.74757918464877
23.807016528097172
23.82432096260133
23.837962526685565
23.846562130257528
23.893097400682926
23.939035068644184
23.979882011868465
24.026273616662422
24.076055970151113
24.08855023983395
24.119472486430805
24.163151439613042
24.226555743648333
24.263647862236546
24.335784966761118
24.367277284285638
24.374494840322317
24.402637222696814
24.426046099377658
24.45585626455835
24.50906996591591
24.55321469483388
24.57650919864533
24.599412795733937
24.67575189719048
24.707213140796934
24.728916563585752
24.805431585517947
24.818799923855483
24.87297694966607
24.88322123261482
24.988014118322194
25.027924922006694
25.04761715832469
25.08279385789343
25.13929759247103
25.170771505221097
25.201236129595298
25.24888379858245
25.295576724962352
25.343507799591347
25.37164955555605
25.413075892605598
25.43732149438582
25.478464409569522
25.500101120277755
25.57518267631554
25.596684984874873
25.68799450111149
25.749563770715373
25.794104537790066
25.81202401063731
25.818767774840772
25.892500730847452
25.96281495162055
25.986875349843462
26.00709639957982
26.035275323854126
26.087118063060135
26.10016257017965
26.13565647493186
26.210625633318397
26.23381887212236
26.282536109839278
26.310643790858165
26.379458456583396
26.409343433115044
26.432643798032796
26.458528275314503
26.48187914553894
26.516601978791357
26.530937564960283
26.604620172850424
26.660427034088503
26.7318859559427
26.77313510736347
26.81460610795627
26.836987000875883
26.88029170931453
26.94755920311118
26.95484183367838
27.018677221444033
27.0810121083697
27.10062482856619
27.116384085669154
27.16934440690342
27.206325760853822
27.289781821498078
27.33436840256706
27.401072267450946
27.41035392379978
27.453356254946698
27.49003326968493
27.55638248275009
27.603452823371317
27.633561642439684
27.68426502294221
27.760123438153794
27.780980596375667
27.84345287408059
27.92869169565753
27.945761085941083
27.977548682681878
28.01352497692113
28.084274790526244
28.121337924093357
28.157983339183765
28.19876387320601
28.239091965173774
28.286541936678777
28.34156549810795
28.39333831936068
28.518873861249414
28.54762889053085
28.60698681473466
28.68000367379322
28.69758964190471
28.734158676417305
28.838133230722743
28.93219754765034
29.149929168244853
29.152801471047052
29.21427437113307
29.242916808062997
29.281254448952748
29.291130276402033
29.30576683993
29.340693270778598
29.389138479410953
29.474215983292314
29.538873793572293
29.583723381558503
29.642701448227008
29.65188932099624
29.746273187839225
29.803927794912195
29.831144208529928
29.913746340412064
29.938600713266347
29.97110410222108
30.070594911895242
30.12257005445967
30.167574241548316
30.27473641364812
30.346680889138163
30.399402959979188
30.475569562925088
30.51759735988186
30.60568560492463
30.659645959992357
30.735243189775854
30.77465077535036
30.85861146746673
30.904696677317485
31.080213132622067
31.227586120969494
31.25890961970249
31.31710200972352
31.377428491625945
31.426672059078737
31.456920888084262
31.557743743850086
31.648469640976355
31.701368065644246
31.815353109796767
31.818691320783767
31.997292525602305
32.04344701433207
32.23750042343352
32.24973832453088
32.273718670151794
32.39411140288961
32.518234801443946
32.62969693226828
32.82192741744072
32.95309853033818
33.17156483194357
33.306955070552036
33.53247759941232
33.53523020745038
33.83555219720355
33.943197859221414
34.10353450741376
34.23246204310214
34.490619939323764
35.256782548054744
35.30784633982484
36.54325315608611
