0.7404718417493242
0.7627782684387449
0.8843134093216328
0.9513864504965698
1.031052200988152
10.404064730960888
11.23418020337843
11.319693302446739
11.570024619623535
11.59006566581398
11.970197593841501
12.021470217950927
12.133893389872838
12.329419995921727
12.348049915354975
12.388635230481102
12.449681580732245
12.536841862136157
12.600760538802353
12.663477250888487
12.709882737203896
12.915971769489431
13.003041893648234
13.083094337212588
13.093616900741832
13.219287459347923
13.339249731375677
13.378698195994016
13.39021376334383
13.527884788151342
13.539143242223313
13.584938094465663
13.59183840503763
13.630720198009293
13.725587768019617
13.779171906934355
13.855941219976483
13.870265120777704
13.935535732195563
14.009051722554942
14.044881956076305
14.07683928971719
14.110318799601602
14.170094429948065
14.180187006332817
14.226230125061079
14.289489230975384
14.324649517012281
14.390427742797126
14.423557882256501
14.468948951185336
14.474873203249226
14.547380646566314
14.630708366981931
14.653622148442475
14.704106826109827
14.718628917494803
14.764153807392734
14.824661033281425
14.880352983411994
14.907838861983686
14.978346034229535
15.002651214466429
15.079744697640102
15.104139091818856
15.12990012736938
15.18203495685909
15.223035364184652
15.235094494433463
15.261867316870344
15.303524437418577
15.34481138418621
15.391734781023699
15.424770069826758
15.46076233889024
15.482432516428382
15.534245582876483
15.557293632444717
15.6048638037789
15.650413975295695
15.70570808005396
15.745127622455021
15.795976734187894
15.817554595560436
15.871233556034278
15.88407029657468
15.93055504871963
15.973123794457772
15.999992612991438
16.014521441231924
16.03447129104951
16.046810579606127
16.114142979962683
16.163014778440864
16.16634011962966
16.193066928151552
16.204693198325746
16.22439295297819
16.287036265522943
16.33317024503139
16.367341727307164
16.39007484346208
16.433910728154455
16.454514965427112
16.493952523070554
16.564801000053013
16.573021569200286
16.625448409881795
16.6710741654612
16.68674184061791
16.71540863549321
16.74314824118936
16.78647998054654
16.828002839367894
16.8757883238511
16.883533417855638
16.922748139419884
16.9495523252648
16.988440348481646
17.00175303513048
17.03514096333439
17.11771423004372
17.160657394728155
17.21673138172512
17.25525135591065
17.27807620871576
17.32723916842897
17.33923920432394
17.403179836767567
17.408944390527626
17.444271987193588
17.482285974453326
17.542512092744005
17.59002275732145
17.620092494297353
17.639422506517725
17.67671567004219
17.68231303896133
17.76452226818753
17.79407963854731
17.829811087265007
17.863175294546142
17.88189223030136
17.90945495660102
17.93076362256113
17.969115024601162
17.994262767961356
18.048073764401025
18.066935490850913
18.109498046609986
18.140757983373685
18.156761170348513
18.174461309241995
18.250120487294957
18.255762319752197
18.32328528649868
18.353340264568722
18.381702470062645
18.390573213564466
18.44169621933454
18.4691522003187
18.52599571440148
18.534842174400108
18.58056531543891
18.595850334583343
18.65705221099436
18.67708614868559
18.712145370184988
18.75110040992342
18.807571772307398
18.82478982913659
18.839473440761164
18.86011631599457
18.893949558745863
18.94340259897835
18.950617081246403
18.973048557916915
18.994752344596606
19.053506238400747
19.085082441802687
19.101982327452497
19.117402810036864
19.145076991356223
19.224339438824078
19.250384852558785
19.29282716428099
19.31784384759669
19.371117017309178
19.405534976525928
19.425769845098912
19.454517028909237
19.512125649251008
19.537640388037836
19.569037131570003
19.61801463904786
19.662500848814794
19.70698292763718
19.724746241186057
19.755361567052283
19.768226741654846
19.825956416472614
19.847312285679838
19.89457218093033
19.927656172897958
19.944328822840106
19.96367935581403
20.06203516056605
20.090524349450664
20.13394425855945
20.156519622857207
20.171727145356858
20.209126699802848
20.275172135909774
20.303746729712422
20.31879246044132
20.354225085114898
20.376620040493695
20.42648707391807
20.472207518722335
20.49830851273544
20.500835823713338
20.611499087068733
20.659044968457096
20.677376914836955
20.698278768208535
20.712091266984004
20.76286570037005
20.7997247410748
20.820296274399144
20.866818028296738
20.88037858051914
20.918398770147856
20.936602424865914
20.97405509170891
21.056845997808878
21.09884875480831
21.10713082661848
21.152355244581997
21.16979501846211
21.174241522932377
21.23269396467779
21.247727522672882
21.271945149569245
21.373619102015695
21.39827779548856
21.427428008576
21.454666983367932
21.487273637371956
21.50654605328778
21.547654334305435
21.601403238101156
21.63962958119919
21.645009652138654
21.67173245243642
21.715913555423416
21.783707405652926
21.825223178206226
21.834024387946435
21.876626259760187
21.894817404062717
21.915190463471568
21.96587669009457
21.98636097061259
22.0186597976581
22.06921614698807
22.100484941752878
22.107914081896887
22.160351398804025
22.199917445670305
22.230546026635487
22.27424662814228
22.29059543866563
22.363588549997996
22.368530059723675
22.387698216242786
22.436530416250864
22.463920206512178
22.525164905570303
22.54339879034391
22.58395925240938
22.62465832442768
22.661086999491012
22.694099773682638
22.696932932811777
22.779001104333418
22.81160919860584
22.86472387258311
22.889965167211578
22.94671399280757
23.006769350678177
23.013708008360883
23.065940665601623
23.079808793313628
23.098925281249493
23.101871090404725
23.17566979233677
23.18383455485669
23.199833421998882
23.25739400194741
23.290243084861384
23.342491674793127
23.35122309876208
23.40753496777956
23.428042069549715
23.467655078791
23.47482901662836
23.53863926551093
23.56928094087788
23.603121669788415
23.642440602801972
23.701188409712394
23.745995615231525
23.77440394746981
23.79674544615568
23.820122271109014
23.892856699833416
23.89752497508071
23.938921728962235
23.96519638112313
23.999568162400955
24.053603444462365
24.065633606256597
24.12660869965797
24.158718656504227
24.209748849062617
24.244522524188206
24.26357793800163
24.32188584745694
24.371210971552152
24.388063841370407
24.402393549298793
24.439063343854258
24.522866348570545
24.562531337281033
24.590166808834255
24.627447665677103
24.66582187098432
24.70200457111182
24.743916583233457
24.82997960662241
24.851767956020485
24.87245756777772
24.90302690273883
24.958377800305684
24.99454972381609
25.015835050276834
25.06133144526796
25.08774752716917
25.15872203356576
25.180717191433864
25.205476949487174
25.216910030936372
25.257764107546127
25.285040068780948
25.338259665444696
25.369293647966487
25.379539104283886
25.443367034251953
25.508947790610893
25.527511854848917
25.541380040901036
25.56705900226492
25.67127516041831
25.67721731112555
25.742470533173105
25.787026736032722
25.82208301612293
25.873823425725753
25.9069264183619
25.961316762816374
25.99582631413895
26.035405185624995
26.09532238253922
26.132675024686495
26.16563479479034
26.19822026587547
26.206241057180673
26.222838103854926
26.288406088376068
26.325038558535812
26.35583391733812
26.374062882711414
26.43445330867803
26.477418576290667
26.529700476092597
26.57972635901267
26.625857478836824
26.655973837754452
26.747570813257664
26.79507937697882
26.84237452351388
26.87596843603979
26.890926688394558
26.9290271796158
26.94937458949974
26.971097061282173
27.02376384817759
27.064983856240058
27.122046799542986
27.17035420232767
27.217791917546453
27.231270499677898
27.265879617263746
27.297103716691698
27.36692614467652
27.399089182713073
27.440477566375876
27.482740450792463
27.52719272066327
27.55003104007504
27.587302191245
27.6057386665209
27.665081772666166
27.75903820701958
27.819051222855062
27.856580357963512
27.879887878849456
27.93193815686871
27.947140060851634
28.028683947107876
28.11069048575696
28.146522623375713
28.1921478614741
28.2249056717434
28.234312700854975
28.34953238656389
28.402344686531084
28.47104087897483
28.535792499208142
28.602934486981688
28.650705361551626
28.76410518992978
28.78389248393184
28.824786146819807
28.85955285823811
28.921900044248705
28.96452212384776
28.989712565823854
29.02254633931926
29.06486851797947
29.12805508591958
29.18444721059698
29.26730213350559
29.333557744231726
29.374781622603006
29.41220134471734
29.446859839806304
29.50840676188319
29.542165802502627
29.57275929364857
29.613725765513397
29.764572040266135
29.811341162993262
29.880580482254818
29.952060048843993
30.036085709140988
30.155718750222732
30.19260526562629
30.24999534231585
30.31512735105011
30.332967343269694
30.39965737217812
30.48154536576601
30.5545026018644
30.586943557880986
30.63566669193173
30.720432225002973
30.79486604203577
30.83032391062764
30.91529818618761
31.025064949553332
31.15239544070198
31.183460423057955
31.24440618125895
31.37159644136095
31.436492695526468
31.551308631269418
31.60652253157192
31.774875189709647
31.890679349125357
31.93770809578716
32.031835108140406
32.12249985803872
32.184327062892685
32.29445376391718
32.376540120167014
32.426603249451716
32.663593195667325
32.723889009500695
32.9276685819597
32.987049490946795
33.09393983282421
33.142416268264306
33.218432609872835
33.28854368519558
33.81138198424169
34.08827582637175
34.728795599803185
34.86833521788835
