0.0
0.0
0.0
0.0
0.0
9.09506935769676
9.170068831134747
10.032120051600433
10.320304063385848
10.465774645680566
10.466326277600542
10.641997680728823
10.71719631909285
10.793318663278033
11.009450815119143
11.034876333563753
11.077941740857833
11.162117508785602
11.22321635210892
11.254602436526248
11.317006470339793
11.371094146873574
11.41523402964064
11.539213979135337
11.665100386403836
11.684457857342771
11.685257684758616
11.93079372441432
11.957178954402824
11.991566258836865
12.10618399388455
12.23944650528338
12.25525695770034
12.27737892336576
12.301425527995601
12.367068077889844
12.381530702579719
12.415900775926456
12.49225427882198
12.497623705419668
12.564286845262878
12.60500437728211
12.609157913845365
12.67043606436949
12.722405063827996
12.790940774957816
12.839916394326112
12.862003917607431
12.897689903825116
12.934587218552254
13.00681423778992
13.092321872377248
13.165793147355423
13.181786239346515
13.241629810273519
13.243630197408434
13.296581630790191
13.445330426919115
13.456099954419738
13.474234785581158
13.531338135252849
13.533596019848963
13.586529368180399
13.668651853846052
13.728224208623063
13.773615974722413
13.807684006792545
13.890602603673571
13.898805759616586
13.908910809225565
13.941313877811751
13.990527147876152
14.05872131730751
14.059547996969973
14.079216893475216
14.184690272353969
14.246923662737851
14.311775863770269
14.313290467912754
14.317618430483172
14.329080883133038
14.46954357985696
14.488040486796566
14.505401381875199
14.511228173556033
14.52332217368104
14.587279493167614
14.605746862317536
14.634596788700433
14.680116436283816
14.731991002215146
14.75842165973252
14.861766688382499
14.920051022568092
14.932222846489832
14.995774242418149
15.034179058111292
15.06661148987444
15.094292069806578
15.107794862868559
15.165226526903982
15.18691150843937
15.202817486962175
15.266676895576177
15.306496318142788
15.371392557895428
15.400203333186706
15.46619149844371
15.481857592039228
15.489022677670896
15.495627847346519
15.542919284651841
15.550238495526715
15.612299934477214
15.649401561447727
15.671313206941829
15.72214036595928
15.779037715195507
15.79638708944299
15.800623291068588
15.821902218520766
15.900701461873012
15.902655521381803
15.967295416250874
16.024720535929667
16.035995778826706
16.200138804861286
16.2234380413434
16.236876651881698
16.241154465576017
16.256207655870742
16.27896678444732
16.351933381480826
16.361510130099873
16.386162260673398
16.39327504045147
16.398467002154486
16.5029498752665
16.570033762614422
16.6140514581887
16.624414079227375
16.68404621358153
16.696140536809907
16.744051631037415
16.778996131241968
16.788518010462848
16.905764104760898
16.911280822586193
16.947948334749302
16.956815006868688
16.961395672380217
17.009334756615687
17.031623817087915
17.041649245322066
17.103946633495855
17.21793026670271
17.236902473120892
17.25781428584714
17.262030561667654
17.298792235611586
17.322136858759702
17.34170983580569
17.342073685671778
17.353730643904992
17.441973368317374
17.448082802049406
17.498098388261603
17.547297055097996
17.560476610762596
17.599556251666765
17.600002969530973
17.653589507558078
17.675061523594675
17.698487271474608
17.772805449704077
17.788664943664358
17.791350710125915
17.827981889487738
17.894001111606293
17.935552968292512
17.9440569287359
18.040125641025508
18.062285961578734
18.098851485557738
18.127639015022133
18.23405419727303
18.28612963005727
18.287772207069143
18.304778542618244
18.31142560725923
18.41993880849803
18.43467087976123
18.442030483160302
18.456643910124196
18.46667536807874
18.473381677845516
18.473945331509483
18.573608084120934
18.59524685784267
18.611764927072787
18.65544531894573
18.66274610022655
18.692863950695394
18.70245652332915
18.77492913043538
18.830271949250598
18.957454679115216
18.968685576861674
18.978165335305967
18.98983035058443
18.997819030975954
19.01105669172323
19.04846826412086
19.146272410938366
19.170869223376386
19.18702227780165
19.242438517306535
19.258527517927565
19.322457668383183
19.404132190433128
19.425592846718295
19.469535784304107
19.49183952241266
19.498127848129673
19.51064690645591
19.59988969093409
19.62734267416896
19.647240957046986
19.655997456583375
19.685402009255032
19.719400361596986
19.721376915917908
19.761995737165716
19.782356476520253
19.802576013059827
19.83698086169239
19.867191091992307
19.902070273963503
19.9336183267483
19.98098382079598
20.027929948821704
20.039518306899023
20.11127936943122
20.17113648117666
20.184311227398656
20.217031902975638
20.22834664050569
20.25333850188669
20.27834982156525
20.320590125415595
20.342898331429783
20.350533751241667
20.413387454006582
20.421503497330487
20.465275102193143
20.515575981619666
20.51789309421578
20.562613241313965
20.571245602917397
20.588346992776632
20.59987533724797
20.734779542647956
20.777681237766625
20.779433122794067
20.810335865113508
20.867107603518892
20.89070451966477
20.965050661051944
20.982584171549274
20.995781874670776
21.02924257226273
21.11898681711445
21.13887816361052
21.158766080841623
21.177841664020143
21.298296300258194
21.32090114270241
21.348867294709407
21.424454550894296
21.45902842760536
21.484051424888204
21.497542243477685
21.54643150134857
21.554242612846206
21.569908571358404
21.619307716460725
21.66781236298638
21.67127175229563
21.73507200517461
21.775657273339633
21.806044864142613
21.85127811335135
21.867531625355706
21.88700249685123
21.9046388787921
21.954844713420417
21.970786597031903
21.99075667133317
22.0345828739058
22.142685281543024
22.14857913845599
22.1710401710923
22.1815401623762
22.266013212728723
22.30634512462483
22.324960077460887
22.413644553546455
22.437151473275158
22.48511255580928
22.525651531873464
22.531358810437993
22.55243802486798
22.60404099207571
22.65513445601665
22.66467508635447
22.696931318882786
22.70473475735515
22.755027600435124
22.77900627206352
22.786140028625212
22.865835696969278
22.97187061263618
22.991237290784603
22.993669258810193
23.004478492586575
23.03184549565331
23.046014952809102
23.09174306680771
23.115375917440762
23.13647007636738
23.186039820285018
23.197813364797955
23.23077400129405
23.25276261414515
23.270191465511097
23.303563301530737
23.326893029067527
23.383472796519026
23.43495157589002
23.492761461689906
23.49480236582265
23.56810271500201
23.595757549932955
23.621859269851175
23.751742226043135
23.755853902285505
23.769622968521393
23.774651652826037
23.803854389856255
23.80949486477395
23.886135320658095
23.95812360819079
23.966741518392368
24.021834426949354
24.076855951985795
24.106445978016854
24.16596600948887
24.198764603585957
24.222971566133477
24.280997875009554
24.4028553969261
24.406179804678807
24.419444293490663
24.420258867353773
24.526586692358116
24.547505177799426
24.58902657002517
24.635398144951118
24.6950301954707
24.714440033236492
24.727477188465873
24.733474362676763
24.781696809164593
24.978643915431977
24.98172264112549
25.05393722045118
25.06205355516041
25.07300808957772
25.158679249642823
25.17513296380012
25.177726714991465
25.21560628208388
25.267948039113158
25.33511251747004
25.37830712598409
25.410595075846565
25.50476263405671
25.512167228282905
25.537054342210823
25.55002271303476
25.61162376045567
25.64473628022194
25.681197980301427
25.728664688017673
25.854549753190277
25.89902746916689
25.90520958734483
25.939804857801796
26.026929325202982
26.08894173487549
26.153065853000403
26.222695876121122
26.22768515410518
26.326393616942777
26.331192792689347
26.33744356994636
26.4097650631857
26.449469590529628
26.52874184923876
26.57635564126504
26.63259059480214
26.65059215747185
26.699468159274826
26.71370559191008
26.71521216113055
26.80935141976192
26.819090829599922
26.8565416573837
26.918588579291082
26.93997324360484
27.06958283186295
27.087829308555918
27.093516437861197
27.230752180602266
27.243406672604095
27.27015251169449
27.3464945630806
27.36727542860437
27.441423596873346
27.500892834428782
27.62519751197382
27.66943023924425
27.687974722819437
27.74365443757782
27.841940422485116
27.886124342028793
27.907228468857344
27.96883613121987
27.993106487220793
28.026927029771606
28.046232094411526
28.204935587685302
28.239535588300132
28.324808518537967
28.38204824183447
28.401631128372603
28.421243636826357
28.46759347201686
28.558410371741402
28.594907766349625
28.78570299325834
28.815857796106634
28.89996013049031
28.99128197396694
29.042104882816638
29.07807054006641
29.126069361243548
29.15799108130216
29.304268181334773
29.405407983878302
29.42456401892171
29.601236357523177
29.602538556842934
29.750676137713292
29.80417108716155
29.85964667709353
29.88081123604033
29.890596905986136
29.918643953136478
29.975213937407638
30.07404447754171
30.393978956537488
30.40883826601033
30.438870915166166
30.469516247925824
30.791681481670558
30.860545541223573
31.236776988713142
31.303990106735647
31.488912445418933
31.66604001188065
31.899839192829194
32.02222937030706
32.060826753702216
32.13396890234271
32.30627650459249
32.59604287711722
32.8322790266996
32.9616158136177
33.08193930807795
33.11006609152421
33.213004769279024
33.34359578843425
33.445804013932204
34.27966219162784
34.44410449562296
35.30887121533585
35.3200540821394
35.86983022166864
