0.7565925740232068
0.8015990060107163
0.8978992442170718
1.0427228450745305
1.1373423999070182
8.411063670787916
8.43426082379722
8.98386174789165
9.843550986982633
10.536970681526817
10.637525055610237
10.839343476883272
11.311455144246017
11.444954793654484
11.510935250383325
11.692416145784476
11.747797260163543
11.765847716735095
11.812856645132957
11.902254423915672
11.9531689587232
12.015374746049167
12.042589522593431
12.26391585442608
12.369383575773035
12.448720148318595
12.470324726670668
12.52353555163318
12.54048316801917
12.603602533756922
12.630519361529473
12.69654041312815
12.726804038668607
12.827767922392074
12.871176918475017
12.889623814879897
13.006012860947289
13.061389709597053
13.102603809790201
13.148409767872893
13.15623578050856
13.25474669277031
13.341174885732904
13.36201403807497
13.458093982090222
13.65074416824312
13.687090281246796
13.7191704480741
13.771422582557792
13.775043443661087
13.799191341346878
13.854840629819403
13.918509902372387
13.945823072488663
13.98977639233907
14.048467561815384
14.077541902564443
14.097186731414325
14.182580732049772
14.203208784812418
14.230661059778297
14.25866302967219
14.290089014843133
14.370729572079693
14.384427511347115
14.437312480398118
14.45891435136103
14.473975468580447
14.549742117634022
14.568316454964924
14.586539292433647
14.62979435096437
14.780634643616082
14.790065366434126
14.83119042803445
14.877258562786835
14.911888436461394
14.94310143889748
14.99716197009567
15.042072882330574
15.135607195946363
15.178543528610579
15.182646685542734
15.219829424639663
15.23453105426743
15.268587298734326
15.301740211410486
15.356439899302426
15.390339998173017
15.41761932078074
15.482550484199141
15.49081795120306
15.506372049618234
15.56303910479562
15.60262323289919
15.687147279007348
15.70583888104125
15.747675118033222
15.776561304369777
15.803195718147661
15.837064148145293
15.903521487949734
15.932973901244013
15.939937714445179
15.995239678330728
16.031919507527114
16.08547533899819
16.106151529719533
16.136231037847928
16.16114898245273
16.210781287421046
16.239684657657467
16.28593523865802
16.297060684433987
16.329772269502143
16.389445279410015
16.41318642314056
16.45107033105165
16.53315719777064
16.572147583170434
16.620474968043744
16.631673658369166
16.672287150080543
16.71234645624214
16.74136544256246
16.76479430547715
16.83395282586437
16.873573137527664
16.910801423913465
16.95891284039055
16.974633029701447
17.023758511693256
17.04481338654684
17.081794220285435
17.128693846597873
17.139083934096295
17.23013326625084
17.245640967729308
17.26399155116922
17.27387994374166
17.320783361006182
17.37520728504284
17.387420848703666
17.459457305295178
17.49105986091954
17.507915155908886
17.56623207090396
17.62019203569493
17.66472063480716
17.688302922002187
17.711792133564437
17.73303555743077
17.819158037053693
17.84101486254589
17.87849347568371
17.898460864354384
17.930153736039756
17.945967900114354
17.987553750267093
18.046069992404725
18.05703950317485
18.081097810226925
18.10118304983716
18.13482319453067
18.172009622272913
18.183730087981864
18.218507990962763
18.23960470159178
18.25899271967639
18.330103429833137
18.369625078276098
18.379576228759387
18.43309628665525
18.456357909850446
18.479552405306702
18.490802213326983
18.516508713886658
18.542864104592585
18.589937182467267
18.634417746599354
18.65328798832461
18.704780363908068
18.716916912154854
18.753685626916056
18.781356736244458
18.80685701282567
18.827198440743178
18.848072389027468
18.902707044587604
18.95755652511146
18.991560361353645
19.027564158523557
19.091170721496404
19.106047804964636
19.134724758483056
19.16706887207653
19.203328512629728
19.207101861181602
19.272982846659737
19.31198768758932
19.354672336625388
19.36113269039166
19.414925096074022
19.48193069328071
19.523575993792093
19.59283555569965
19.60136989472635
19.62578179276637
19.706795390173518
19.725818984094005
19.73604494013001
19.792153979920677
19.82345167295438
19.85192792859582
19.86263207234028
19.91525018593672
19.941251722308422
19.969078744259907
20.014690025082647
20.03768214923391
20.085408616017826
20.10540323080379
20.137041282008283
20.17736876699761
20.22124292210563
20.25260529103042
20.27714159550732
20.31963914437908
20.352195612738427
20.363096118248567
20.38749392135498
20.4441649726324
20.48385404537384
20.499558216106653
20.518280684942255
20.568914755983283
20.615458532943336
20.631902966925345
20.643501498233594
20.664853279851748
20.74018969371562
20.782962241903874
20.801384668333863
20.87265791335046
20.905670260265293
20.93579878132728
20.969990056627765
21.004743459378897
21.040246037858385
21.06036850484536
21.10598855856675
21.147651014699793
21.1632582459383
21.232816996204765
21.273839870732665
21.297999461373028
21.331305731179484
21.373397273801242
21.412660077724325
21.45761728067635
21.513087207468008
21.52153495579913
21.5937574302264
21.619329657380952
21.642902388049
21.659809196832754
21.68373539893999
21.70054295434647
21.740967545833506
21.801130650481518
21.81756810115897
21.84604649055014
21.857704496360473
21.895477723527247
21.927530609830065
21.979610705839818
22.010072159180282
22.019944746694637
22.080200623074496
22.115370358372356
22.155019782946578
22.21313853436805
22.24963470728737
22.271181009097393
22.282078734529296
22.37121193737605
22.39380481533168
22.43578960781927
22.447012417898854
22.46279166763698
22.517460801936938
22.545585194180145
22.591223073477682
22.639939206917386
22.65422352157688
22.680390589253133
22.736444174551245
22.760096291556486
22.768264006946
22.835804217612328
22.875958009036868
22.89062484664764
22.925776730972075
22.944357883190143
22.999520189737733
23.050025684697157
23.10815295622559
23.112192887680546
23.173799883315567
23.182257186410176
23.26603863097496
23.28887014028121
23.30784482949089
23.319048252096945
23.3526999816325
23.358554661266332
23.43349349221288
23.47044470971986
23.496484135007226
23.51343837786212
23.544695573059585
23.58156193321358
23.627880040798523
23.666116247817282
23.68196206545995
23.72798313187202
23.74542362903016
23.768066564828512
23.825312398544447
23.84059469936653
23.865667136583287
23.88288408821145
23.96206417430108
24.00803540820565
24.014756887535178
24.037765787750313
24.09239807346632
24.106455314067745
24.12914104638908
24.18697162112598
24.267576254457527
24.29012321277911
24.32849748935087
24.35020324763204
24.3921337221423
24.418429088004345
24.46541602751443
24.477740061946548
24.534029994688137
24.57237042647162
24.618883551318426
24.657855930834188
24.7330598863886
24.740009063970916
24.75274516928707
24.77596481960515
24.815503498116325
24.820299508030768
24.896804132379533
24.975000790630297
24.981970791367107
25.01582485056242
25.06502120737341
25.10045462440462
25.12545000833862
25.144075744382466
25.18738921537662
25.209321950130818
25.260257957628674
25.299921313216153
25.322392606252354
25.376726265533154
25.429212271153943
25.468789013303944
25.506032714634138
25.56467796304731
25.602690431912873
25.627259809506608
25.6388624979613
25.765605296512604
25.77384923013559
25.826932906895006
25.84264084010765
25.886793717038753
25.949106526507528
26.075867367479244
26.10535469210673
26.13561727856349
26.23115298543024
26.25316653638871
26.298148759469207
26.352498876565257
26.372005125393382
26.403094220194223
26.450004523452986
26.502604815259176
26.564957875918065
26.62386015735122
26.65176739244598
26.713780695660684
26.774541464270122
26.806551702451625
26.818147212149146
26.86818830643158
26.936527133382263
26.962866180093194
27.004155332602622
27.053054626636335
27.131190226021683
27.161219634180735
27.195618282570774
27.236259365972405
27.271491594289188
27.349646282923285
27.431463784230008
27.441643940347063
27.45438839280283
27.507995028469296
27.580808667549206
27.628449865460464
27.676782812192215
27.699860477634395
27.754229250837895
27.835392275616226
27.853164116710506
27.883651610779562
27.939150109055504
27.95860491536028
27.980255671025343
28.066390288726957
28.103795143987327
28.15702795248362
28.168296807965042
28.30782604735116
28.328842642496326
28.379604711088298
28.451065537452383
28.48334492355797
28.52657906486462
28.624509695745292
28.699933440268286
28.72782628957541
28.788320608488768
28.89827035302887
28.906033692270583
28.96363624914828
29.01700015307163
29.077809246666458
29.099357539531002
29.178783877346042
29.29384675865495
29.36006025459884
29.418897099404507
29.499807726472532
29.550957010800456
29.585380504587103
29.61961929260917
29.722895825217552
29.77976458875556
29.8148845000929
29.924098164075424
29.98500540945937
30.111544611080074
30.1870908273452
30.238212844902932
30.336372707187184
30.42830777037536
30.463023506735414
30.596746027098806
30.67119899841913
30.76600610829614
30.882840438975325
30.958958866628837
31.023198917704814
31.048664258244177
31.07154535655541
31.10275604743957
31.133259721077618
31.201643400995035
31.32795230579775
31.432855641346958
31.516941421413925
31.68280406617136
31.747551328110788
31.84419229189531
31.972209749456766
32.07329547755842
32.119734647272665
32.25447806839599
32.32017529504147
32.45057550463763
32.831296066602725
33.00138117841049
33.16470661248344
33.24204751692927
33.389315934019095
33.817868761634024
33.86810012535148
34.585588229699134
