0.7200546877135209
0.775747998485835
0.875425480754342
1.0423587679592685
1.0876770291138187
7.551177734069543
9.180826209007238
9.555912645327046
10.090980727662664
10.186516081902901
10.603489264587017
10.990410964676585
11.173258577685761
11.209880554542199
11.346647801917266
11.460381824995133
11.828075760374652
11.860384681897383
11.943402585087277
11.99242646542015
12.020828447401293
12.104550066599838
12.204046480417698
12.365398878277729
12.516866092087442
12.550360040672087
12.58754725129748
12.714096458414687
12.728077314338462
12.78826087278426
12.809689709829895
12.850510921142387
12.895862625431548
12.98397148827968
13.033379022847642
13.08862498846577
13.136403758602638
13.208969113757895
13.266030339089212
13.338593888678732
13.361584525895127
13.427598164609668
13.442384606108039
13.50458380175999
13.533761744726238
13.560554888064832
13.614391442422107
13.671868644281286
13.717102985954604
13.72683207815732
13.830639829608904
13.851515665957177
13.926515656908188
13.942541121165807
14.08229768893512
14.100937307345466
14.172273543399788
14.247032404106289
14.287038204656948
14.339262850713128
14.39332999376253
14.467671543027226
14.506670124151182
14.53184471857313
14.63401686403104
14.690380341366613
14.71484859014728
14.737869330065427
14.771628433044654
14.83259715106239
14.845360374761723
14.87631537278268
14.93597084173924
14.969139352640191
14.97435347973854
15.00603872909567
15.053164977269754
15.080894317266072
15.0993655724947
15.184434870798357
15.21964735934437
15.282513611363271
15.298806712182884
15.328477316087088
15.417385964139935
15.469982008358613
15.498161471367977
15.531770988221586
15.53252598863979
15.57672100072551
15.610249355906213
15.697745624523245
15.714005650580972
15.760970403176897
15.823680826031808
15.844758853281235
15.936326872021827
15.971476054598055
15.977995053628515
16.04645018486139
16.06697514645463
16.083597098873067
16.125038030758052
16.137159165143434
16.193546661866836
16.25879429996809
16.293512498662942
16.319636737791274
16.38061793410835
16.403444045931124
16.422633860175214
16.482765057319998
16.547885773032903
16.57694828486343
16.57828584651378
16.596244780612135
16.61267582688596
16.697938005520594
16.711120148709927
16.76210657851117
16.793687942465887
16.82158894885695
16.880022889285737
16.88963913481375
16.94663192246737
16.9781029633887
17.00035394581026
17.04029416620557
17.086944049356656
17.096482353449606
17.119965386100585
17.17562706260086
17.186520295108032
17.276762551804424
17.31194349501701
17.370828356204797
17.37895090252001
17.44084534254625
17.4695988237756
17.50970490970252
17.562084180120817
17.5842150155561
17.629450700824023
17.692617033583705
17.751995724094215
17.78827218447159
17.80982213769151
17.851255103303455
17.864013995244697
17.908100917569286
17.939816986018148
17.964096274935276
17.987138078540884
18.001579917242967
18.052536014130506
18.08072952434392
18.122768309673276
18.149418053574934
18.184954544965763
18.242336313118894
18.267098992864128
18.31084625723206
18.34687500351438
18.379080821539127
18.393098990157704
18.433747122815575
18.44234926932519
18.488543923781577
18.580012903041812
18.59437974834663
18.621063522076792
18.65081534784311
18.683017684995324
18.709482708299916
18.728178819851248
18.784942086661754
18.804123090292055
18.87546598317241
18.925502045395948
18.935952410444607
18.95412777887735
19.027108209907507
19.04723554015243
19.073892670989125
19.094892499814883
19.10802307969526
19.142864298667774
19.180910332564164
19.23219350998663
19.282424695311715
19.300778887397986
19.358270863553425
19.377212224989673
19.419505204012147
19.466077841725955
19.511059568708465
19.523507409510533
19.536631304013223
19.575679173195898
19.61918891111671
19.62581826793305
19.65856376010201
19.680062966109404
19.685802161616067
19.766609609636035
19.78485015904038
19.806574176352964
19.82639167254292
19.86331151386431
19.91838568447139
19.986713709168768
20.05385944391346
20.101429662483362
20.146040028319568
20.15599572766874
20.21770273157149
20.22623098968833
20.288481030366015
20.31450251666559
20.369677410005117
20.38564642387802
20.421297434977333
20.46055602291055
20.512458271042934
20.550280515211263
20.58893759751969
20.60010792828218
20.636883392862803
20.670456300768823
20.70516678122874
20.745866577204882
20.819412665745414
20.857389641701886
20.88169565104899
20.904712490081696
20.97279197121023
21.007386757797775
21.02266529162142
21.051639667896985
21.071408937602143
21.10304035931257
21.133778972901005
21.160906561013114
21.186531588017736
21.2577163313739
21.267863618186393
21.327664364554725
21.366405674005065
21.394420149336625
21.456615688418577
21.476983856852698
21.482448448455322
21.576665167730887
21.633936844881767
21.639999648449496
21.669669353301888
21.680391627974778
21.752240529521952
21.80015478604329
21.83390825480973
21.86769485559781
21.908303601878433
21.95157083250052
21.964936452971404
21.98286727033885
22.03808176333371
22.077332394557708
22.103489273345566
22.11626664412345
22.13360397757648
22.206975107955746
22.263832527028196
22.290555900353755
22.31051265759507
22.343192028565582
22.370691708009666
22.400196160523837
22.464782802338366
22.502162247782238
22.530708466871125
22.58619553946134
22.60875639841778
22.65779541893368
22.688004082203875
22.724895561461963
22.77402650282339
22.78965314405643
22.807861074410546
22.853798169505424
22.864663598274745
22.929485425597473
22.964424039583108
22.99448260746887
23.066262688410607
23.09820948457727
23.1331519328251
23.154612536319608
23.19617461146348
23.236777735985193
23.252800953145748
23.3039926430772
23.332324044873737
23.350123172929262
23.40904960264147
23.453764002266066
23.4761198236911
23.500589946457605
23.508653506126215
23.564295219033212
23.589006031116643
23.651248937174724
23.681156137688898
23.718962213114395
23.736118896134684
23.769056400596966
23.798539324883595
23.829853981803176
23.853870804008373
23.89157074454083
23.927247333780066
23.986994575893803
24.010872867188603
24.09849435267818
24.121849483350086
24.143511812713275
24.17674931259554
24.207299929423012
24.232877516139585
24.252479162688005
24.291774494266356
24.336869724732658
24.38290015404482
24.39599158432556
24.412352753334527
24.454723586911385
24.521971498422463
24.52945492046549
24.556535176542408
24.584867876885795
24.634098112437457
24.714207329759123
24.726665774160168
24.76538776735376
24.813348209387893
24.824721121816996
24.905056122117276
24.95421571134394
24.97444123120939
24.99524132405268
25.073669691638106
25.121877850721287
25.166382728801963
25.239719623876184
25.268452616298063
25.320898248916276
25.384083043313257
25.41874778178937
25.4722000223903
25.541543729674913
25.54619446869835
25.65500606441202
25.68038697813175
25.726865200640564
25.759779100041733
25.822691255192723
25.85093971115857
25.87308056519385
25.881629211397726
25.971544560296252
26.01208024700406
26.077001464321594
26.117081844220777
26.15580075735935
26.193179904088357
26.223384777180634
26.242410416710886
26.327486025762255
26.371032458083846
26.40766867161255
26.485453880543805
26.506842137701167
26.52803108082416
26.575522943097138
26.597017629421025
26.64182857876362
26.672021288668404
26.72135520601923
26.750057094393245
26.7590449684756
26.84844468691234
26.888251446741826
26.927689606406314
26.95833212187382
27.010349434329065
27.09365551675962
27.10957679267731
27.145450241232417
27.17200764885432
27.203350428978993
27.26874800689562
27.38674386640101
27.41327814404666
27.45137528199425
27.49136194756205
27.51795232445723
27.554110446308336
27.59617174013237
27.618923362207514
27.722017358019155
27.755925635050925
27.816591011332864
27.860412923906626
27.881276608618876
27.908497359939037
27.921530223602716
27.952900627092685
27.965970608428826
28.06416917812579
28.10418800853033
28.130322092276593
28.152693508798325
28.185879483252474
28.28272087588355
28.292115877416826
28.35566991684752
28.443331241884227
28.484277930917493
28.547569857561182
28.621966473327053
28.678476466249673
28.716006317422885
28.77201368527962
28.79573757040334
28.830412221260364
28.853921077913153
28.942031883459688
28.970718276999467
28.985656123978
29.087626325296213
29.12921986891671
29.164676575884226
29.20171069096406
29.229235047847816
29.27392380658405
29.3168306045975
29.390685255874093
29.398291917135904
29.44883859959537
29.537807403920176
29.610504640161817
29.633466369716103
29.684723465505975
29.79362422173798
29.82307569700227
29.841202206171793
29.9075455847776
29.937842804962695
30.065620226933373
30.161390148179933
30.271326403615394
30.309826944177807
30.350038726417637
30.524979769977712
30.60381742156065
30.677363063919977
30.7247704233645
30.836378143964282
30.882137794393632
30.906170588561473
31.02496379918835
31.128617527855333
31.15898816293261
31.202232606930338
31.24677374505771
31.308166982708638
31.415844046954838
31.4677016516016
31.550529438692088
31.666992069106577
31.7971860355785
32.01636631631792
32.162841321336145
32.186436880325914
32.260850240255195
32.26919990574115
32.42958575013468
32.47106608068021
32.64314649553298
32.74116807246226
32.84613484420932
32.856364077416764
32.96559069123818
33.338194501964054
33.70838330947546
34.0864330992302
34.47644469912159
34.78608258467348
34.911754310547416
35.422002916757215
