0.8475050888442359
0.8519064892320731
0.9403364767052017
1.0252214615013335
1.1610260787310385
9.3378569414573
10.280859905020696
10.654486156487254
10.889644257524337
11.100974337427346
11.4314786141593
11.464747724942715
11.531931764260474
11.595496297456606
11.60697406920371
11.827200066208922
11.945004849353708
12.018145469606761
12.15488014027816
12.193849058408592
12.284518765766721
12.360014730377156
12.468295131746336
12.529402672550768
12.607513428846575
12.655720601554185
12.74654073868256
12.818882130073982
12.831411824168443
12.883910178368538
12.925842617163983
12.947061422660282
12.98323003026943
13.034561337594074
13.181605058987168
13.240194205770708
13.258745029819442
13.270833611393805
13.339162713622276
13.374100242366096
13.40924636989469
13.454061792907446
13.500121077814905
13.600626755510836
13.63311482771824
13.664942329115814
13.813739404492683
13.852781445627652
13.902410180598716
13.938363727907946
14.045461705881277
14.058303359771607
14.127661406976472
14.191157686776753
14.215312922765678
14.303891012597147
14.346985819406738
14.384483713973557
14.416200628501514
14.445767715714249
14.511988523930551
14.587954520066141
14.616602895721048
14.670237381316065
14.693869393839678
14.721996188746003
14.751674086766913
14.802143513023
14.890109595797663
14.90190351384809
14.931145246977005
14.984723277546662
15.03466015437447
15.06060354809403
15.086855450421572
15.134162379477589
15.172822845353835
15.182469549942592
15.262232639227118
15.272267514507439
15.307259436295091
15.355199023825099
15.393064614291418
15.408293351904025
15.451537528559246
15.512803430233783
15.549763818812934
15.622031884020615
15.649600715411932
15.69527915415225
15.720814655195703
15.775778398319138
15.849436052689509
15.873630183973427
15.907806357929093
15.958321940557417
15.983145892200652
16.02105650851781
16.055708434555655
16.133725671837453
16.163148991546617
16.211650528599385
16.248957022159754
16.26421620921313
16.310312812405527
16.345249597011378
16.373961486383735
16.44017477601981
16.48658333336038
16.52379749371502
16.56866839610286
16.63200547163836
16.657127509646926
16.700744423978723
16.730811880807092
16.74127648975702
16.759736080956245
16.782353682992404
16.82188084514015
16.83043086659322
16.865620264619423
16.937312430490138
16.969207871126134
16.978529729620423
17.03177508477705
17.054237756766696
17.111767190200904
17.1803921004012
17.193278126084806
17.205648396291938
17.229862438399206
17.28056041233844
17.292443482521726
17.300820496204658
17.340945573002784
17.389542266818864
17.435938194580697
17.488983928624446
17.495778858223783
17.544961802060865
17.57861741757846
17.610536687751335
17.631939804271965
17.673906099812122
17.69455223250208
17.749836397024925
17.77055404546882
17.817027299720532
17.869447898731625
17.871638720152163
17.90480140887541
17.95079076928025
17.98199271785843
18.020223673374275
18.035131643289922
18.084921491220772
18.119425265794113
18.154694033155646
18.177672921974303
18.21984494978887
18.254090749328288
18.292182163261334
18.359877245085546
18.383859665024943
18.44320299083941
18.46791016289154
18.497130323375643
18.556507548153423
18.596001893849763
18.607802071624036
18.675656708274012
18.715424402953264
18.731649908536614
18.79141594861201
18.809524638178797
18.816171787298188
18.85683040515668
18.882528187991763
18.916975300982806
18.939914346907152
18.989554833515594
19.00443957255929
19.117202197509453
19.151953337907972
19.165435250066174
19.191830605021163
19.25293846289092
19.259161395270052
19.280037765488345
19.314497483694982
19.36433639716174
19.4019416455695
19.43419909114293
19.509454022308226
19.572231293794633
19.580311501597947
19.611727597872385
19.625389567844795
19.660374512579175
19.702987344665996
19.71482590150406
19.747627024265768
19.80881532776999
19.820272045166522
19.866476054096847
19.87954797472209
19.915848095349652
19.93737958259449
20.003210654358643
20.068370065671626
20.08114620529568
20.091118315078454
20.132660584932406
20.156773750214906
20.19883679907076
20.23929042951299
20.27242237282005
20.302214608530896
20.3090591427529
20.340945414010875
20.363862155752138
20.419787188636064
20.45719739507032
20.50294793490061
20.551386125992817
20.558183485039276
20.60898535764764
20.654835611072965
20.657441867984545
20.67959166473503
20.713110303442118
20.786391555684105
20.80615635970708
20.821817159383087
20.852859429625305
20.912835467741434
20.98840617580665
21.00357495564652
21.022481987597544
21.07329174449303
21.084395043894965
21.102946558648693
21.136876955185553
21.19491044440272
21.222701317492177
21.276400781225796
21.328159154393767
21.376739620719242
21.39755880715457
21.404612951745914
21.428328278991604
21.482496903182486
21.505443919859758
21.535824542505637
21.540988219007684
21.577572100921888
21.617189333070115
21.656487985953838
21.70663524923387
21.72074590062264
21.743109616537637
21.819209590786198
21.836585483093387
21.878082308284334
21.894307173311834
21.928551064522097
22.001328752990304
22.076138755020025
22.11258656106125
22.122031216021433
22.163772856399618
22.171873473902313
22.236899995778433
22.29473721391926
22.31921812425436
22.364444921646076
22.38117375739074
22.414927165624494
22.44982330892923
22.46332877195475
22.49778471509547
22.540954447832252
22.570838978747062
22.633353049895614
22.668688403372933
22.690443102848118
22.722249382410237
22.75123704385754
22.797998118826627
22.831839971804513
22.8634554046369
22.886319085021803
22.935629963544876
22.96720979042802
23.00181588730497
23.01534199861957
23.036652590919864
23.04795410485541
23.119081294110536
23.170892230123513
23.177191972158234
23.190865350906137
23.240412266799602
23.27866385360133
23.31372089200677
23.37804750502084
23.449012760524838
23.4679794927397
23.51611879252075
23.552252666519266
23.572870419045007
23.62940558576654
23.651277273695975
23.65529223956448
23.745439184666534
23.7753112858659
23.79186924640299
23.83947037994794
23.861629165856463
23.897085745351934
23.926915620133506
23.95049372954493
23.996254359806365
24.02564041573445
24.07664620402454
24.091960911210467
24.16347672498246
24.209970623484892
24.23326164607039
24.237201208916687
24.27689937526668
24.299158821819177
24.34823618573228
24.39006629557468
24.41197406062206
24.450030749334406
24.45608669674877
24.506106693588244
24.55023456269188
24.58296869800226
24.61034654891211
24.649260783208547
24.70152090872674
24.736590183188838
24.798937137412803
24.812254814459692
24.893223953850327
24.908477964526114
24.952213361119615
24.994622993622002
25.059669296118262
25.09777197463255
25.122318649298645
25.12977912138662
25.182480188732885
25.22620813840678
25.26285432781288
25.344943980174776
25.371909754582482
25.402452060739503
25.444294387462264
25.462350867172596
25.486838774825028
25.51858868155505
25.541724703882014
25.565260265736416
25.632023352240495
25.654407417461936
25.72061413712508
25.743470596071703
25.802609645664372
25.839586543446735
25.861390055811096
25.9222159172515
25.997295098943283
26.02303228551779
26.07032359064334
26.07626381302835
26.122849866915427
26.189640186120126
26.214523065092425
26.259137965333046
26.338406957755645
26.36376943440688
26.375435882380994
26.42036334661083
26.494460962249246
26.51607101707253
26.547400747735463
26.666456302275012
26.73114756819915
26.765019376794605
26.786324791200204
26.84032139774023
26.86652930254886
26.897665996802882
26.915406557041866
26.984599797850255
27.017627743652717
27.06580512160468
27.094734023446915
27.126325347860487
27.1808853484522
27.216059411140026
27.289561952060158
27.311493071340376
27.361805670103188
27.38693393364222
27.416079288281203
27.428913864503777
27.499772624818
27.555946659403283
27.598219515304056
27.679569217575732
27.749352465212972
27.800961697799604
27.834919655364168
27.895811728092813
27.910105050916613
27.937613019703697
27.94929568898094
27.9657009344769
28.02583157643405
28.03261583896531
28.084865893606157
28.210802814948945
28.27122505632478
28.348995538501516
28.41855730662145
28.4295756344754
28.443622994975673
28.497552510524343
28.517882832304846
28.57771560568712
28.613384006922026
28.65647224858317
28.68510195996999
28.79141029696313
28.817593230779526
28.891545580664772
28.92119798267472
29.009748615785707
29.037823463125676
29.131108936277197
29.210141310359543
29.283942478425825
29.340352798427578
29.386324103903544
29.431299459420902
29.511388704324283
29.57262012263679
29.65948072594938
29.767222663034367
29.79210932145228
29.842382424915467
29.885796177003208
29.995401471713443
30.039986278223967
30.069115815710024
30.157495839968803
30.218056229160087
30.30086591893014
30.353968767156022
30.37840196712911
30.51047957127784
30.57837731916542
30.6770260705558
30.739444660511143
30.89946940177818
31.061802497464928
31.07666622354946
31.17308442087785
31.24710704909112
31.289949258154582
31.39807490104982
31.447797596155176
31.564428901160156
31.646398377738503
31.81261671733182
31.884602846429814
31.933940615160672
32.01967992635246
32.11586707365575
32.15945930168373
32.23265910395321
32.311050194094385
32.916152131053956
33.106030579694846
33.19210666082769
33.23337257971487
33.44847352279759
33.82356938112637
33.889179554746136
34.32951724182561
34.724755103406125
34.76440122492554
34.8660018547442
35.51154166672965
36.38312147741627
