0.6224096175182098
0.6846325800955617
0.7800564259984449
0.8535570506904986
0.9743222566336768
9.647798947205144
10.09360872214574
10.148347719962322
10.491061257459304
10.888164674861123
11.001679428411759
11.016419155868334
11.097396914658203
11.34872331130518
11.457757316772048
11.590534473259135
11.797151100678732
11.882016045657211
11.940229993197452
12.085754673475002
12.137607480022178
12.167662001792165
12.229383857772083
12.251536711203158
12.33747424098484
12.461688199556091
12.468649683578544
12.510127581004705
12.598286420532062
12.640569089789562
12.672551072802612
12.692269199714653
12.7684085428509
12.81404401084293
12.842435113489891
12.92553516865463
12.979378097683636
13.053175106477084
13.078016030562415
13.213427113794186
13.256793185621449
13.286476390242576
13.313571646090377
13.427834876384534
13.453407456675647
13.492514902122718
13.545715410096115
13.571534657730123
13.591731297317878
13.639354318139096
13.66754007148374
13.684584890947777
13.706774365002522
13.81287331693571
13.882672456062718
13.944938505650054
13.998686338828051
14.051507778367052
14.084903769293778
14.140450977520633
14.158164003472942
14.191358704036853
14.26907710815116
14.293420322022296
14.300488500589998
14.346684917403339
14.418227628419505
14.481399942107219
14.5075256549347
14.557051799186656
14.626371111905845
14.64146927909908
14.714167719649904
14.736573721655992
14.777294019936303
14.796928301903595
14.815920823028636
14.839027668981009
14.894795799702871
14.902077066872897
14.92643477751306
14.964900996235203
15.03913959898466
15.084681666349487
15.093031462744905
15.134981262664915
15.182471337332808
15.2462532190385
15.270942202112721
15.298024290437139
15.335555924739175
15.400190980312244
15.480634615384691
15.491299830453586
15.525986004803377
15.57488853560036
15.61865038845422
15.659967613914128
15.70976121179182
15.738015261567982
15.749569261881726
15.785968882866618
15.830260543346041
15.837581677266549
15.884578613162537
15.929677593930592
15.963028363007954
15.977017430532198
16.037110056532605
16.05669088893531
16.157080280798596
16.171582152393654
16.18742359303247
16.238381750965033
16.249383821071387
16.336831606292172
16.34464582371777
16.353016420381913
16.451059851043574
16.50905651262796
16.54831114055028
16.567514475559786
16.59707062975885
16.64857328491936
16.683929231378666
16.70600097936463
16.713839300250466
16.750504354947186
16.82764509650754
16.856849252752827
16.898399976531138
16.96804610386849
16.997358299474197
17.027160210915635
17.055768654265272
17.098863977545964
17.11923619057604
17.13242942453763
17.16950486785269
17.204464108880455
17.23551158641611
17.275883364580153
17.306237096614147
17.335655414189105
17.386455885309235
17.519948775778627
17.531692492372475
17.542563820294625
17.5703836916772
17.601184050221818
17.64433361235668
17.667308547588288
17.702219316525515
17.766006773007753
17.788749604938186
17.804596060094116
17.888197042164308
17.93380230057759
17.961987278861073
18.014024800082698
18.04988547496545
18.07971924578077
18.121498572594557
18.174232637493912
18.222684661368998
18.228592840051547
18.264388568539747
18.309473299928015
18.32490572182332
18.415413064044373
18.442916312139356
18.463174027544145
18.514436166398628
18.517094257740485
18.56388224682597
18.587218771857472
18.5934282410838
18.70298010150873
18.71106096120741
18.74596820780387
18.767898728972515
18.798097788418065
18.8192889681522
18.87013532683438
18.90480081505934
18.925166424296492
18.987642583061916
19.022967973878448
19.099741332631915
19.107838159344027
19.130427518585552
19.17870507990132
19.209671366618736
19.253236342694134
19.271475170082912
19.350700830123035
19.383200866703735
19.42271356046076
19.44613003787696
19.488734027796472
19.513656681887188
19.55403764988479
19.57249204338435
19.62574165679993
19.664924883034974
19.695032373084352
19.70564514053621
19.728168187615672
19.75488817613506
19.801677984679042
19.835143810239508
19.865504152124586
19.898277999380518
19.958470479162624
19.977477124384762
20.011716810057617
20.025801092180938
20.045856692007586
20.070098559128603
20.124828314258277
20.163929253408767
20.206268440588406
20.229627619596137
20.25816031340043
20.292035312172633
20.32753376965131
20.397326413375854
20.44660641404823
20.4699774652207
20.47503294347334
20.555925656286693
20.59188187589126
20.61968602002008
20.631401618735964
20.706824188176835
20.758785899199953
20.801947586499484
20.817453108439054
20.858003331480134
20.87423663731166
20.92828525728194
20.977630374247347
20.99943620101844
21.01909560247724
21.06922465110276
21.111562795289093
21.112846248839574
21.13117904182933
21.178454240490346
21.184561601622722
21.25356310863534
21.310607538540715
21.33691015900134
21.36612689301859
21.395593400269146
21.43456660861065
21.444722972144884
21.480783890029283
21.510046231578585
21.555162479460453
21.575376037349926
21.61605878551215
21.642385853114707
21.711102774973916
21.729208022043263
21.74911597843128
21.771122894409505
21.79127823949179
21.848122637305174
21.88161651384454
21.918499964073185
21.956811127267787
22.027667544984975
22.08303656054599
22.153735069467334
22.172766023664913
22.19058941127106
22.23995240445984
22.310281903262755
22.35829006635016
22.415469099112222
22.436783718265428
22.46465055529442
22.52896119127697
22.566625504787787
22.609967850721954
22.646160958258637
22.67382660077994
22.700719244926653
22.712914243261853
22.75523440983564
22.79935188213169
22.805894710830596
22.854707521160357
22.875096040707128
22.89217335008888
22.920527822239798
22.993871357843954
23.0171232434635
23.069712058203386
23.100458121627856
23.13471980217178
23.1714727992163
23.224762439180527
23.23794359368447
23.26693182440839
23.33055766409889
23.374754277221452
23.387263167183598
23.403765832521266
23.48134404760561
23.490793126199094
23.51649066399602
23.60142465630914
23.656738600501274
23.660372423603338
23.731656610055804
23.762996129055526
23.802387589723303
23.831091847394607
23.86489941570365
23.886190221599875
23.937700349033573
23.940181719877256
24.00715915190808
24.049070618601565
24.10187356572237
24.127667753953453
24.18704369431663
24.20577841794429
24.279746275119805
24.29491495593215
24.349780507449413
24.364364680722076
24.39881810890309
24.430353922204784
24.472775056771876
24.488092093382964
24.53087310131896
24.555273853666293
24.59797464100303
24.64998055705532
24.698667939417806
24.71821095881178
24.770681029096846
24.85550440763157
24.880308610951484
24.94020494444574
24.990028593618714
24.993894185099062
25.009402745895738
25.059856218919524
25.10299335481143
25.11787682335877
25.154843970425937
25.18961013232701
25.213893907864804
25.259718170242266
25.310342274949306
25.31988502087354
25.3977672304506
25.446949288809346
25.48970423411568
25.52987108877717
25.53422506881748
25.603981376705576
25.608114690015366
25.658285097725066
25.722558122531836
25.789156359493973
25.825801106243993
25.88295825684707
25.891756295917734
25.933665959548165
25.95929802823318
25.97950803682918
26.07211229056112
26.09333011267703
26.156597814910405
26.216168572652638
26.244583948996233
26.273288843556863
26.306877580741094
26.34135823379318
26.373947103952133
26.430923167448967
26.489105774470833
26.508915459755418
26.547056760191293
26.592594277772218
26.635144766566707
26.7046821112409
26.742688381752238
26.787844529251473
26.838825470044316
26.88644469479026
26.944205346457156
26.97526905782424
26.99163866691599
27.067054985069493
27.106142625242306
27.147870580912954
27.18772640256668
27.24239127808424
27.27351884392296
27.387409750342538
27.413532624552243
27.45661198909502
27.503067213862153
27.54741865658864
27.56936203100634
27.601631198944474
27.676441383962043
27.68819636593496
27.744763211412167
27.779610125430562
27.830090539868152
27.85419277357234
27.924836206272445
28.00530603679945
28.038976547904813
28.13682335752695
28.188301966548465
28.22745041603733
28.278251308794307
28.364551526254036
28.42526100350794
28.446735467553758
28.55365391801523
28.655850928397022
28.707970874815665
28.829599868213446
28.841919022708254
28.864648348582563
28.90652036296027
28.99402733759461
29.03965476631595
29.082644318190297
29.08966715839834
29.127103508734887
29.21298822164933
29.22516832600236
29.288212174297705
29.31827524859134
29.367173113627924
29.404099663767433
29.48406353045703
29.707151809231917
29.738496575632073
29.856876151838375
29.928047170859912
29.993046293034002
30.018110787645128
30.075824538689318
30.102522349112462
30.189772629550838
30.24080959190558
30.28253455453456
30.42177357023634
30.466973249798574
30.51646194336055
30.545098945556667
30.622722278114058
30.77265760033913
30.852287752987582
30.940951791368114
30.962310763788025
31.1053675808528
31.181430675631173
31.209858446879334
31.313529404886715
31.351404653220335
31.46568445088142
31.579238961159323
31.642025000217384
31.737783886294704
31.816543535612407
32.009731230434205
32.094077510689935
32.14647859389238
32.15432308814701
32.30690417585006
32.31595685261837
32.35668184461564
32.41768626470142
32.605440183123825
32.64330691636187
32.71060932033452
32.823946055173884
32.991273989070066
33.096029627417344
33.251864158229445
33.26117413433181
33.45827415476067
33.49160802849998
33.72438569599438
33.789726716585186
34.54378028846174
35.5906498440415
