0.7252362437109068
0.8800368830835693
0.9288414111303507
1.0073709502264476
1.0556521231362035
10.672126371801966
11.00295866622848
11.393384333643546
11.403094512501525
11.454043574097065
11.494767267137986
11.51056983328536
11.752636268090784
11.81415770309077
11.89951248769466
11.943182349629993
12.090524595171187
12.177504800624735
12.325543291962335
12.349418792599796
12.530225521240444
12.541838128369356
12.569178614716478
12.727775852965097
12.748072868214903
13.003075805496929
13.071747504205938
13.083055797987656
13.13754482837964
13.15419347987539
13.225282529392555
13.25431433192022
13.334980605146216
13.355691962051177
13.377915149427821
13.413846414478222
13.511315034582605
13.520045519107422
13.568534153602492
13.696524736977953
13.749590876196672
13.757832510399943
13.802054531682511
13.819024831232829
13.848428659222757
13.865588733155434
13.90073723450921
13.920132190483848
13.9576377545361
14.00889502070834
14.147557459225348
14.191119461420312
14.269348739139637
14.301962242480496
14.340602509425466
14.424606190012762
14.459160587960085
14.47146447951853
14.523361609319513
14.55236803936172
14.576952151409504
14.623212126638835
14.673104564051044
14.691777203946682
14.712265859108456
14.76512681658688
14.81417184248515
14.875143547733337
14.913685977637444
14.955178952173707
14.966331595286832
15.00357929963842
15.0341142760976
15.098608149664276
15.118909996167867
15.13110463626204
15.152349310482075
15.183897308560995
15.237118978843638
15.2551329128748
15.282058443054067
15.324303439099387
15.33899485548696
15.37013596130302
15.427705126052182
15.440862905508988
15.520411395281583
15.562706968516265
15.594485593279451
15.609635087603598
15.641817323338087
15.676471462430198
15.710515531706102
15.787419001760574
15.883874049477988
15.892911394063386
15.934875143674068
15.93647391528943
15.940447512203196
16.005778250741457
16.021306753616066
16.067956979823858
16.095187781096417
16.132522554280104
16.16481747068398
16.20538672663638
16.229619102906977
16.254267820734356
16.339719017216897
16.348682121147505
16.370609586754547
16.383015457607666
16.424402263188988
16.43587803044148
16.523225058424973
16.562701173423065
16.61009525982308
16.627736667640036
16.667335694541645
16.685348105499227
16.710315650697765
16.744792325733957
16.774924884190916
16.828781448860394
16.882279928661703
16.909496258959358
16.91217296671344
16.96579095084057
16.984795293034164
17.020646121745894
17.11395153172172
17.129735570038743
17.2045487833587
17.234233907850697
17.284759625746176
17.32038918091938
17.340102651343006
17.368701239993797
17.40232267343914
17.439157561228345
17.487485019551848
17.515978876263755
17.538102127047445
17.574863625003655
17.595260448205195
17.637445182662372
17.67979198804076
17.697656576235268
17.731081153412013
17.741957233644555
17.770425496202126
17.812145224316694
17.868391132728878
17.886900640163997
17.90730321731436
17.95908752827712
17.998026095078416
18.04787586009862
18.054594009500534
18.087308130359034
18.116199718695988
18.155254486369312
18.174533239753973
18.202872359306383
18.236165321304323
18.278425214695503
18.33277005994231
18.387233225587483
18.417312417106793
18.451759318044214
18.474675855714725
18.493534325975332
18.507048703563047
18.566369012093418
18.59635869793997
18.645237074275013
18.661881749958027
18.67368337674323
18.73576444987335
18.741916065986075
18.767478241073164
18.810722136460814
18.824208809664608
18.871623776221508
18.93479829425629
18.953951849519495
19.014597526737983
19.02176210789868
19.029348323515173
19.059011651967555
19.100132325111513
19.1692505387396
19.176062044809463
19.221421025675784
19.2540113210367
19.268287850047283
19.295812048214852
19.341764393619105
19.37495869290369
19.43501920859849
19.481489917764176
19.49238502101294
19.533917312907477
19.595137004758733
19.598274310215313
19.637579549002616
19.68157654835824
19.76028796682423
19.78253896088154
19.825126836948925
19.837150649802666
19.869020088012306
19.912399588984762
19.93754490188384
19.986072015210535
20.02600123471562
20.085606262941678
20.137205071950568
20.18333676756764
20.201673496995234
20.24175881800509
20.268381901580668
20.31366891428683
20.339522541283152
20.372088123916903
20.390507113691204
20.419198866763068
20.448198895789908
20.504030948135913
20.545715645877305
20.594079470387065
20.622881865406498
20.66348146411028
20.678446356680343
20.690219572208647
20.735085569651314
20.760708171048403
20.78341442234105
20.84457197027531
20.875714120773424
20.896253916324852
20.91035312090311
20.94093444522047
20.96994641606477
21.062493461358162
21.066673423019655
21.085499899151117
21.115118863531293
21.17654605154149
21.193706261713615
21.252703486571953
21.28294348588853
21.338103474492666
21.361674995583765
21.369942198088044
21.430122160664556
21.452677993199803
21.46142909001998
21.5149998797667
21.564251320914053
21.566517458164714
21.606117170070064
21.62353864931776
21.65132649589165
21.705186558603348
21.728740198426024
21.751940879861046
21.778250841652884
21.80883888561906
21.86540616042332
21.871837153179897
21.940860525564183
21.96574108816128
21.987352081789673
21.99250277342503
22.0534899738471
22.115630747433446
22.15317731551647
22.169863034157473
22.216575477966916
22.23849166528037
22.283078446387997
22.349729516830457
22.37804444490491
22.390125802704446
22.439465566470027
22.466322533240483
22.503029140005605
22.550652606309793
22.601977784272773
22.61741536079535
22.648667128000817
22.716636483829053
22.736948933403546
22.78321372424941
22.824486642978343
22.855282977985606
22.932421383469247
22.950070161710517
22.974825906676116
23.03628762634404
23.061332000827832
23.073118765045308
23.132099954513137
23.181985256762015
23.206952340602342
23.22215395697755
23.26161362902629
23.29479635002343
23.322883038020795
23.387363279120482
23.411906016320664
23.44698332074234
23.494823922838055
23.51586870608242
23.578282800176474
23.603089719447382
23.652042940504128
23.677181188613996
23.734211072528293
23.770254757638106
23.79673343773601
23.845082728118282
23.894402909336854
23.934307121908354
23.97743178044067
23.99733198709945
24.01963498666724
24.061341356222826
24.078919383591593
24.129571153032984
24.143474802180894
24.198366754835234
24.26144942280266
24.285414893102587
24.324986760300305
24.354306922971535
24.373611690098258
24.39506761209202
24.459622790127344
24.48967483091867
24.54274563990105
24.58309871716101
24.60980690889998
24.676473197566906
24.684644481645822
24.762282016528598
24.809726215574987
24.850031519255072
24.87499923358613
24.9303464523528
24.949671045614046
24.969228045834864
25.018932982640155
25.04442074357098
25.094892235738403
25.12508513667449
25.15642080949036
25.16986503024926
25.21147589526438
25.272540485243624
25.312846038441077
25.353000795851457
25.362976610977366
25.425688606412564
25.476528426121078
25.51910329068585
25.576732466766053
25.628201579451638
25.661406759974437
25.68229799203464
25.758816198969097
25.78360512642719
25.848912581799162
25.856017153366082
25.88042120428879
25.960731883909148
25.994578413696672
26.041429700116804
26.069436133414168
26.132677811875546
26.148608261971216
26.179081007650073
26.27846334694981
26.32049366729272
26.387993552330418
26.4513983808047
26.466292108444016
26.5270756329086
26.54783747481733
26.607058216068786
26.633826245818724
26.706583093470133
26.715686869717768
26.75962528923427
26.7997241501999
26.833586305287287
26.909258401746122
26.935056054886413
26.97420932521235
27.03553375182066
27.0594942717885
27.135925051402314
27.182304961732306
27.249402985714994
27.282507028967288
27.30878433654174
27.34794468266152
27.35650579198474
27.417372943952497
27.447704863883818
27.49486783705502
27.513704763907597
27.582382830590987
27.631500528715996
27.734713232864706
27.764752476176024
27.814173475474224
27.889274232686976
27.932066124225447
27.98167137842863
28.07473412729398
28.130119452663624
28.136968588984267
28.264258071673353
28.34287520500122
28.366003182364064
28.398820938513
28.476173918679894
28.50113385361127
28.538973398137454
28.624046180082242
28.63580964631524
28.666873124059368
28.681112259950826
28.76688308373858
28.85388456688855
28.897165891237382
28.94816979517828
28.963086265096827
29.03025976429859
29.073803766232455
29.099385606165193
29.164601961675064
29.264769603369736
29.31183036580697
29.35582363445133
29.511791681376685
29.580296788083647
29.640788565363675
29.675373077260797
29.715436667894487
29.792668431465682
29.826513316875953
29.884625885023333
29.931306846551696
30.00247473442065
30.02193212042338
30.08547752846023
30.11696936763594
30.228801615471895
30.26255752739067
30.31672607223915
30.348061608094387
30.388223257681403
30.52811892088534
30.61225334101578
30.657973555268264
30.885698733674896
30.920527778792174
31.023815881090957
31.1011766774063
31.25697670192455
31.28966243695031
31.46856375891324
31.500710207940315
31.615598236629268
31.695131522120803
31.85876299246105
31.903855087278316
32.07938851191203
32.16133583159353
32.38965528451183
32.56580113534984
32.62936370437113
32.74398417548722
32.82913277038566
32.93619385372471
33.060465067968174
33.14619678257916
33.5069030834886
33.56159839068443
33.63047470198498
33.804726145896964
34.23165974628601
34.47072013626842
34.80923088463774
35.25219273935635
37.21845112176677
