0.7933170385931236
0.8385388571329024
0.877701203023692
1.0089333016673103
1.0630356932138434
9.317750930555343
10.825051156885955
10.89521983469375
11.347355884509698
11.415983497227005
11.625880004581624
11.69117808394677
11.698493285154854
11.797893943702698
12.00277753687302
12.129257937223526
12.29824714784639
12.307491561166694
12.370012288854616
12.427461326009979
12.568614063206617
12.593595371745367
12.66940433773648
12.7038079401186
12.800701324928445
12.866812591784328
12.94657314943753
13.001548784700413
13.029447012105559
13.0721646146256
13.118758377038796
13.168423995059076
13.255652799353944
13.286537416580915
13.39885041215457
13.460437479828816
13.497816713112039
13.550917098437997
13.575966924588279
13.64482087178501
13.674588200400615
13.725354391042627
13.730407859301746
13.80567776416173
13.812991202071787
13.894775504246873
13.91038514290505
13.93168184450011
13.950991769819806
13.964158980736615
14.069750087907828
14.100117995151475
14.15778167653424
14.199752017453061
14.21991947113622
14.256958056964091
14.29961061236804
14.461872257199119
14.481274808264606
14.546233805852602
14.554672059052349
14.622183628292202
14.644192965487688
14.727361659833429
14.767667213549446
14.79452339039115
14.827205304224726
14.889983220719216
14.922983611372187
15.003558643658415
15.05443114122595
15.110165193276224
15.124958171735107
15.16281430731121
15.202029953904534
15.274139790585611
15.321677185565477
15.340698428578792
15.39333746776802
15.415193957401495
15.47441547345879
15.545299035717763
15.608917705333242
15.626644353008427
15.632818352270716
15.656624274454654
15.709772251500418
15.761028945424895
15.80046952142714
15.8147834896026
15.821679795382444
15.87646465757842
15.904553088293952
15.927763213279878
15.958346254836275
16.0171680171195
16.057116830940142
16.128917418103935
16.15332314118932
16.203085442736448
16.226406121940265
16.257893221852044
16.32435353873974
16.355434138701483
16.393100004797308
16.439033659539238
16.45220411888623
16.478826636528645
16.501875377188853
16.53905308970389
16.589912464167867
16.600853082316185
16.674313420105765
16.68194930850991
16.69826626154036
16.756443984462887
16.790109670952077
16.808777184755574
16.831000991157843
16.846621351712148
16.92923708949589
16.9845553743394
17.017967669741722
17.044395780265322
17.09709035998997
17.121436942663752
17.16334214894197
17.19291540520516
17.236645052206093
17.277901261661107
17.312644694682632
17.350394327213902
17.411133089416165
17.454605226484166
17.471424066780937
17.522991764555883
17.555790652223713
17.606909768884996
17.623387013616945
17.66406896716323
17.68273590035375
17.729829668064852
17.74515690892555
17.804503951135118
17.833445854420564
17.86264351824585
17.86657846263723
17.927357782183922
17.970637836719703
18.038188532364316
18.043436639687734
18.056012650089947
18.07911782524909
18.107317869967822
18.16981618736535
18.179175948390018
18.216722433047234
18.243144995024622
18.325108267134155
18.347537851953412
18.360752587853113
18.3933306267407
18.422136169954584
18.496620332502577
18.535701260771894
18.55281108729701
18.598361428834437
18.62394401481495
18.67796265396665
18.684130110567853
18.709219780381172
18.782245839790857
18.80590791369212
18.811012032729895
18.864510084419223
18.906934049740467
18.93243661490972
18.966373178151755
18.971230746535102
19.035917404482298
19.057197241615963
19.095329017969945
19.1066569642736
19.13679504094302
19.1495472118959
19.174980935337302
19.244519131503672
19.26225047060656
19.28012907935663
19.32999377110225
19.351849533845748
19.382458181962278
19.412073475303163
19.435850018959016
19.47674947003897
19.501284774332756
19.55511996156921
19.60003869739429
19.60293495075281
19.68194877666972
19.70337713193446
19.718403255573516
19.730087632889195
19.752135507782867
19.785722447535008
19.816813943525762
19.83997820106805
19.856858127263397
19.893855532150642
19.93018107684677
19.963575729865717
20.010965752492222
20.032830526512058
20.07843164396838
20.117314244280532
20.146373354899616
20.18014708706982
20.188011453852415
20.23273350334339
20.272473599003874
20.292409835813444
20.351971878395275
20.38205128419834
20.388779785982123
20.438784651978004
20.464283935895242
20.49503325553596
20.54261866113704
20.579924534887564
20.64609980793139
20.662929233945516
20.681047690860712
20.689763887405682
20.70362173418676
20.71568578253611
20.789686596801303
20.821043676404194
20.863237681911137
20.886615882948963
20.93628089325049
21.00294652360815
21.03054098630465
21.057115856748172
21.09164732383425
21.112169339857495
21.139759602837827
21.169112319468574
21.190063182756926
21.21582034607228
21.27054668849817
21.289538190395607
21.340297882718044
21.404639620144536
21.424246442562737
21.484794316193245
21.57491477066566
21.58388409820534
21.61616805934736
21.673573740125622
21.698960734252363
21.71147313526063
21.76859565635087
21.802787463508576
21.830386645264497
21.864896026248875
21.94317629591263
21.965320272020133
22.0029639949318
22.038146520602336
22.056650448234535
22.08743887090908
22.123364029572475
22.148348765342732
22.186061404775533
22.22840149777495
22.24859739617232
22.2967192841036
22.36531058954459
22.417610960366677
22.437575319496098
22.477202227145597
22.503367635332136
22.50799097376401
22.54622846216242
22.598625968095508
22.601604465031063
22.647525245238313
22.66592948943081
22.745444961517006
22.772522013414495
22.805789220134375
22.826429940587307
22.861068961660138
22.88832699356498
22.913698950104422
23.001994116004752
23.004425029734353
23.04454847960768
23.08982173273535
23.108933809322586
23.117033304186446
23.167233862054502
23.193971549243514
23.237525420266753
23.28762124917452
23.310363679620426
23.353872228583892
23.377959986098787
23.434998547414857
23.46365491143972
23.48515937690795
23.491297361734894
23.53250362667312
23.563755649347137
23.62290130100225
23.66262108958433
23.684842855494743
23.72074470645518
23.760861231707825
23.802493437871117
23.854223217446
23.87577562194058
23.909251571315817
23.924304081305372
23.980067584578983
24.00409842301528
24.051605543632583
24.120753811825068
24.130132286647655
24.173953955084663
24.189615997593094
24.228313357418287
24.2742745598315
24.29354151266921
24.342256386013624
24.35946036510617
24.405783683139077
24.43952898825459
24.479314662921333
24.55789912772379
24.571651756286954
24.612980977850103
24.64016917358687
24.666014528952832
24.712290096870895
24.751473560742625
24.785025353391664
24.84735045600333
24.896614843073063
24.933445659409262
24.966121667243137
25.027928624150647
25.049008539451123
25.08517265545557
25.109539480900004
25.13440821208629
25.166676537575103
25.272494396099276
25.316102943822962
25.375746036576615
25.42244658234184
25.471828109648023
25.477494383786233
25.51289145611427
25.534120938899935
25.584679985661882
25.613872095538838
25.67428688582062
25.739311554185466
25.74503736935588
25.80615789937863
25.831767064289906
25.862416382265422
25.890899472019473
25.928090792463795
25.971046196864318
25.998956283393323
26.021526855445984
26.06125593770643
26.083492735869974
26.140104304833432
26.15234191441047
26.188701798624226
26.200479263661464
26.220408516580274
26.264901670605813
26.314266668596858
26.32128283121012
26.3818520880849
26.45485497663448
26.48006343363212
26.537764072688493
26.615859805146005
26.621573968053752
26.71983887559072
26.731429736987305
26.75522736390602
26.815389379653045
26.873817853482553
26.898335704354057
26.968800825712353
27.042287703441684
27.06122680267006
27.083992601535623
27.099497183821754
27.177989321444574
27.236188887812045
27.26794653229559
27.29754380394988
27.362278724687496
27.457254581225463
27.483122680354267
27.542343860125822
27.585539418341114
27.632119741312934
27.658592609530167
27.79057089005913
27.812731921133114
27.876803451021924
27.932963475670434
27.979681038748655
28.02112359871686
28.083822717665164
28.110570986768316
28.131242247072798
28.18878908794658
28.205135135884614
28.25460257292354
28.32568714705502
28.34108159471781
28.388520151936664
28.4335505233097
28.474761236603136
28.51895378274622
28.675370741470477
28.68663768943364
28.728616164083586
28.765139561375523
28.892846254773076
28.920895656070442
29.035885854192546
29.08570116243383
29.161372803033018
29.23446611809002
29.261566972355553
29.32295803209968
29.398025312666572
29.444474193407196
29.538557782732916
29.56831899117313
29.606558239903407
29.63380627431386
29.722059101044998
29.802430058267745
29.822537274940988
29.927793323208537
30.01184483545895
30.037789760303983
30.11678778454254
30.185163293935624
30.258473599955934
30.29965814654106
30.364408304164947
30.555030858891612
30.59312652983548
30.657542563316408
30.69922970141136
30.749397985629354
30.78669780955553
30.86567409015845
30.902230643989125
30.997832830873374
31.14001988788201
31.199650133692455
31.243297867926348
31.416488998685615
31.509334777537628
31.65414574798658
31.70557547530324
31.8037002741151
31.909769826870473
32.01442617689663
32.03524378740771
32.051417561096905
32.08858555745486
32.515913500492935
32.58839863795809
32.610872306471464
32.831344715377305
33.00349782773186
33.19669375622856
33.36796776298236
33.65503660873922
33.71313615683597
33.93571827101303
34.046013703068816
34.17212765538558
34.23605313239264
38.96464243108973
