0.0
0.0
0.0
0.0
0.0
8.329814622084102
9.189221709328116
10.106467421421732
10.20631164142687
10.22096482210281
10.391413462000552
10.501146182247748
10.580486072295871
10.768774985383644
10.946132771135725
11.068281320073172
11.105684500300837
11.116528780391207
11.346548033889325
11.464585111221478
11.509567050324076
11.556115039513728
11.699622056537716
11.76432222349039
12.040337776743012
12.057778487411886
12.07887632236928
12.187735198349285
12.245425623786307
12.305695145707784
12.320847842475217
12.371722450371248
12.447854189833393
12.471044984790787
12.57318716144228
12.596276381227739
12.602479129420393
12.627590424025222
12.654661819912821
12.787543567690651
12.81489999636197
12.917266287832911
12.93836357968722
13.011828966607995
13.132797768564837
13.18863354069204
13.192126816867718
13.266780837992519
13.305628927606927
13.308916453396977
13.377376843535352
13.383895270284672
13.395277863305132
13.503459786649968
13.514051709940215
13.590477808765923
13.631577919274847
13.64292793306933
13.702563493412198
13.787353759052621
13.81524298856132
13.832012444686514
13.850297057435347
13.865246227329173
13.962301883954172
14.008964732793167
14.108170449830908
14.234491936789217
14.241984722776918
14.323988356936969
14.337144545761277
14.346209826990783
14.352854642615135
14.411148226919838
14.56665954062014
14.576881724968533
14.630403546494534
14.651252983175228
14.657875355678856
14.705156098470981
14.824513009128955
14.83157012199044
14.854903068990192
14.886057843660266
14.916121686158812
14.935145972620528
14.951654832484545
14.976067744302993
15.040155617309022
15.067378577149857
15.115201316089054
15.127477045139367
15.194145342359166
15.20482177785329
15.216073097866
15.220155537339277
15.241438788342549
15.256049115803481
15.283161087513594
15.295175741867169
15.30383894958761
15.366427955926346
15.395004141799692
15.399052779746652
15.440540718012796
15.481104854862453
15.527253085795113
15.538147783502703
15.58202523167362
15.596270728980514
15.624631632006409
15.690882848899992
15.716675252457195
15.73052605840864
15.83573149036181
15.883356870694977
15.929065636335427
15.95558714232736
16.009356149291058
16.04372815279338
16.074379098300252
16.078783736667
16.087319512472085
16.1177744911059
16.141000522432332
16.177037250349255
16.27185352570658
16.318268878220987
16.346054089388968
16.42843402660204
16.44059843337457
16.471729887682013
16.495961986154366
16.521718920777705
16.57610724485364
16.629670976315325
16.672119178662545
16.67890683213799
16.723343992959283
16.737880648529497
16.75493160219696
16.826322300977168
16.846532988308656
16.855490289434186
16.85883915296071
16.933191772766232
16.976265824919253
17.02939036910086
17.06187615245514
17.087099941073543
17.10284391734688
17.114545759443242
17.143144324930955
17.16310524043227
17.177650291920305
17.182398580255185
17.266119660803035
17.28568319423384
17.321882033088546
17.351280884083106
17.421041217227177
17.432051049707304
17.483488136897922
17.49274499588851
17.50963220442316
17.516482732292836
17.569044372380514
17.59092573914019
17.62333339945243
17.680898415530798
17.719250099978012
17.720868302955022
17.7537673972265
17.764810555283894
17.811773576422407
17.81235534812104
17.842066318686793
17.871405278220003
17.896154197442833
17.92718715720143
17.941244319894587
18.012529543476756
18.09646541266337
18.135495229621803
18.159726578237947
18.19828581174414
18.322079573519673
18.329796489634116
18.33240668553552
18.347969700473275
18.349612599346667
18.39744851443135
18.407668457127713
18.456427156923606
18.548025576548774
18.55210777931833
18.59339093707877
18.616214761321057
18.64169925208723
18.69661989174101
18.71246363286975
18.81376648319458
18.881995405675006
18.90341682960359
18.90737943963183
18.930934607248634
18.98409537563055
19.005405601910226
19.034964966983136
19.035890987173445
19.091400217839443
19.108326227085783
19.131934702331765
19.142399841995445
19.156908354949504
19.21935322934211
19.292953664018984
19.42443049245947
19.429328471249743
19.494672349340835
19.496824098441987
19.510075566141946
19.601887708762494
19.6222482623003
19.638545426194433
19.69222952642875
19.702846490072066
19.72849946168473
19.821473551467175
19.875418640649226
19.889048772163306
19.90731142659387
19.910203593207804
19.93512237743943
19.981053388988855
20.03473152071454
20.04666319495259
20.052350696454095
20.064086467711324
20.066270052980745
20.2157571234052
20.24306998860943
20.267224429436634
20.283990934202098
20.29538377150695
20.34086889410564
20.364258666473255
20.386728221982526
20.41427497884385
20.422813575760948
20.4537141174429
20.47832622618352
20.578614146014477
20.61700929873728
20.698036201734787
20.70812967116838
20.72156836236103
20.770356048451607
20.77527485834975
20.840443814445134
20.903442061196635
20.931621292124163
20.942725920810258
21.079221988857775
21.104087418910343
21.13771088154367
21.164375936145884
21.168513289555865
21.174618270377678
21.204835457559632
21.264097686103355
21.28763149939359
21.29200738776184
21.33823511658952
21.368526054984
21.386781795061463
21.408427473275303
21.4218560810909
21.43934059107116
21.450662026277353
21.495283079671697
21.56721121781783
21.598499897847823
21.613329442779065
21.622004849637825
21.642203827666773
21.68897720779464
21.72700984945981
21.75289048893083
21.770115660909106
21.788748463477948
21.844419267572814
21.863092746307423
21.86450929794901
21.974282692843982
22.01361332518481
22.021426054217223
22.040140613035003
22.123638722675075
22.144637160124628
22.163368638146757
22.26657949612751
22.31176219749167
22.313893285386417
22.364982648882823
22.425506642852678
22.450034079485302
22.45513010257784
22.46586134265517
22.516979268958693
22.66293747612617
22.677037730034776
22.692971489483327
22.694201345284366
22.73613364725205
22.741506468447536
22.756814347537695
22.8202410472824
22.89925790383994
22.902567634682256
22.918461627536992
22.985349255637242
23.022186958906406
23.034764614403052
23.078789036306045
23.090393391800113
23.117651598394396
23.210897721651087
23.28338916651787
23.294951021494207
23.30516064405607
23.322738696824526
23.332294786233376
23.382159753274102
23.443628495046486
23.465614400382183
23.510916962736996
23.571826652505607
23.574639482739325
23.587994149329727
23.69218822025001
23.69992260024904
23.786639278709956
23.821682673076218
23.834327844877155
23.835501615683196
23.83781278384256
23.854948935971056
23.88183119372161
23.993349573856147
24.04971771306677
24.059461659112525
24.077936783885846
24.09985002983313
24.140619967604795
24.255520816801745
24.26702985396808
24.271423985271912
24.29264571280133
24.300990831280586
24.30293496289033
24.31570052303332
24.38677082611221
24.49914062515928
24.55242383243142
24.566639898134326
24.610308131557044
24.65184028240364
24.652316191602186
24.76421749153399
24.81138796817229
24.825032609433038
24.825510453490303
24.940924026446112
24.970487793138016
24.979078233481562
24.982187533680797
24.984526967244367
25.059726865583606
25.104988972417626
25.156276327190234
25.210718853030386
25.221065269571906
25.248354418724414
25.2790733504751
25.352342266096915
25.40696310142879
25.413295647756346
25.521646852912816
25.54218791274113
25.579770641560707
25.619705775467377
25.623386407909976
25.629063154539494
25.67532354794029
25.744203216465863
25.837172464521785
25.851398113642826
25.949691611752154
25.970485993434917
26.00969003855824
26.02843093463904
26.150315166259922
26.166329508104994
26.25628509146895
26.28779387414461
26.297851418298198
26.320217779795538
26.360056713974927
26.401606213378837
26.500720134981105
26.573777194218632
26.585173045551734
26.628180257674135
26.657431595570117
26.696307899198434
26.72179239050483
26.762466289027063
26.862052308726632
26.870747064719872
26.91883019259097
27.00523693299357
27.115265353421105
27.135835581935872
27.14348153939949
27.144515092090014
27.276289258571797
27.305595813428514
27.37425247376033
27.402193091265865
27.4185039056566
27.443907385898726
27.46012807889968
27.582295527169578
27.674779402317473
27.67719942163463
27.699112029183066
27.83325741207388
27.891095797919053
27.9214775713683
27.953667911819103
28.025170039071188
28.046329025697847
28.05777451788337
28.120479769376196
28.139313550140574
28.18003915742823
28.45340735938375
28.524420173061653
28.595190479035566
28.599898876086346
28.711701912660768
28.7502507960647
28.84082714653767
28.863502092410844
29.014293741069917
29.0327470858103
29.121469655959615
29.16166366376629
29.214441868663506
29.220187997569642
29.248702776276527
29.373686825229797
29.440036865492324
29.49537285072454
29.535084158437613
29.70965895784457
29.713484113396593
29.728132286230572
29.824618670822595
29.85699256819052
29.921518416316957
30.149345503760976
30.258333054208364
30.31242449410726
30.369059689308994
30.743790942858645
30.791272310367297
30.81547071764773
31.218036450940932
31.280195297295446
31.355679611549863
31.38341476944167
31.408537870924125
31.621560455965373
31.72638605862264
31.74807261946717
31.798131921539774
31.903455395019556
32.05225385504602
32.1585539085818
32.32707905222889
32.70006873844498
32.892082834392916
33.19829337766552
33.436276770677004
34.34157111466725
34.60292523295023
35.356388706033286
