0.0
0.0
0.0
0.0
0.0
9.581618296244093
9.72139039754024
10.061420998809774
10.344024976430543
10.422260489638594
10.789504364426953
10.859237031719895
10.868798019747805
11.089575436655583
11.15203930045694
11.179862133744946
11.217163888190978
11.254796424094636
11.468492948185942
11.609262758138453
11.696389415791467
11.727766952875829
11.757947928309829
11.786829617177675
11.86708299943437
11.96356688751865
12.086686992379429
12.092322570492946
12.157979950288807
12.191159142501252
12.20303368278866
12.264209392100875
12.363385587807256
12.424853654216191
12.467514056866905
12.468123444480177
12.47001990372094
12.506259315180426
12.522026011078406
12.628527023366141
12.736413272071966
12.783365511548716
12.804141512448833
12.808357738175639
12.827188689311551
12.877111702868019
12.98221841430094
13.06198250737847
13.099244591681625
13.277354823624735
13.298207226227376
13.329168506152536
13.37706810063971
13.40377145583323
13.41526257415111
13.442590538710242
13.493465310057587
13.530713488244173
13.535594304654564
13.68142441402635
13.70274086673523
13.720945487610322
13.835128807541732
13.931089756976201
13.967394254993472
13.999282907071576
14.078125134553693
14.119094465634879
14.15834876302278
14.171591704416095
14.185605801406021
14.24237097908955
14.254256154302302
14.2755031829148
14.365395684104616
14.424453919965618
14.437522269594801
14.447653492640683
14.494574512899295
14.499222094433934
14.528012775981637
14.540837869110428
14.687654923473847
14.743236392776211
14.793563538705833
14.803426599717055
14.807494265599232
14.855439926415121
14.940259546606494
14.946352514746053
14.949712385430985
14.964681293948471
14.983411884568818
15.024946718871698
15.027405881185501
15.13027608688924
15.13784187616674
15.169511921892175
15.177574394069444
15.212284640198884
15.218135825335303
15.251739415738546
15.273230885034677
15.304047199837653
15.331868478045774
15.39867836274517
15.406019743069589
15.507052397129932
15.546214790522418
15.590833493367922
15.62765625708023
15.64085453690956
15.693620987640061
15.71307669606061
15.773303445134115
15.80340955678621
15.812318838126803
15.879795273026684
15.904655182285468
15.974324452128787
15.990755978799054
16.0836652597539
16.085776332747788
16.12351796710011
16.15144813029237
16.1667332781604
16.21880731013179
16.276851466572477
16.34713449097512
16.446228086894454
16.453373644796763
16.481128990020043
16.48906997153701
16.5409290342837
16.554444390719922
16.613377219410225
16.652335147282834
16.669862322682444
16.699035541555634
16.700222643237698
16.717488142509126
16.742183038650797
16.834220948356617
16.83904012990526
16.916930367645502
16.929940705312212
16.934325124639862
16.95427162681228
17.00994758932775
17.042634602503533
17.047827577192447
17.13574422470534
17.181592209170507
17.202026832536603
17.203156506121676
17.258317120975633
17.294728305697443
17.326158750520964
17.361937846203794
17.415612277263527
17.456252692728228
17.463674834964685
17.48134093166832
17.531871930346977
17.605253443870886
17.617975353755465
17.656080316686733
17.664762475585395
17.66812224923515
17.71537865142023
17.71951272722879
17.737367957656165
17.750523086807263
17.762271995025255
17.854985293296036
17.876940693954214
17.93304820437261
17.942063635326917
17.95725007814172
17.973883235663603
17.985878460474158
18.1033917535767
18.122936824746894
18.17770463906541
18.182920786628276
18.279357761967045
18.319661116595995
18.360530660625813
18.38099905960254
18.389488546756322
18.43381372458208
18.47389444145948
18.475427732220755
18.541188733045217
18.628651682642218
18.632408702681115
18.660365060455582
18.70545227103451
18.71765409045311
18.739161928486936
18.82556739005429
18.832462269829797
18.83874249394924
18.877134837858332
18.919925536025698
19.007889495511236
19.025937778855788
19.051911576082947
19.063297420932894
19.070583617730342
19.071119413314026
19.11426789521862
19.12419289997625
19.181125206675162
19.252634023721065
19.302865018716556
19.32328522663555
19.334108824162627
19.3616530665931
19.403102296058265
19.431788822256223
19.44967003219215
19.512037404425932
19.612280086528227
19.64449249130119
19.65333804452051
19.67360216337845
19.793111149643227
19.858389105063363
19.872957310846417
19.880723760917725
19.89078462221795
19.911393316866594
19.936061283744642
19.98422249446736
19.98612283295192
20.021630194516977
20.033280810080907
20.047919017025727
20.085965747296243
20.11243239396411
20.171701999091916
20.20613052606508
20.206844341733294
20.222560777948097
20.243223992965003
20.290833183311864
20.321148241446807
20.376125372159844
20.487666386272686
20.50631157132897
20.511888525114742
20.514203190508113
20.56540529458929
20.60386122302211
20.607315176407823
20.646561150268177
20.680847978346605
20.74679245027231
20.74820889801635
20.761072683042816
20.786622383035063
20.844253057510734
20.88727550903877
20.909446882950206
20.912101183864966
20.938381355703374
20.969357274643286
21.020472092358002
21.09876534115726
21.147718046431343
21.15988492377495
21.17427527911621
21.22228397423709
21.226241086648706
21.27257232581401
21.289810131850434
21.312751434453617
21.372490254049957
21.38956279029976
21.477673603633345
21.52550894000922
21.586237106939265
21.6100161962661
21.623285717944064
21.63477260902143
21.642480474754297
21.689312864941403
21.750681389284807
21.754192588890632
21.78263734031544
21.913635244823983
21.921664483030042
21.982781084065422
22.003033536350102
22.03437916562505
22.0583683270267
22.067819027357597
22.145745739250625
22.181566374946076
22.184930852338855
22.192052708574543
22.216247647007915
22.299250015676712
22.32067122291974
22.4160961635392
22.45380523980319
22.497688357742067
22.547630395137247
22.56101336462185
22.568882090671387
22.585186954612883
22.67103066391127
22.755935768748717
22.79283765434268
22.810319168369816
22.85986325718138
22.86812970350957
22.94316587866392
22.965701544602926
22.98876082761072
23.03894253560225
23.12528214988224
23.154260786929903
23.16735074960587
23.18605519087474
23.211804704466044
23.249006135157735
23.267265213638037
23.279169908957833
23.311504271762207
23.340729451499847
23.414864172476996
23.454448140052268
23.532421825098904
23.545890053112974
23.54594696994359
23.56328907061993
23.577562153583788
23.71065591603408
23.72324382165783
23.724297934315608
23.76434602886733
23.780206171546023
23.81072999852411
23.914388823715896
23.992722695486027
24.005092471028604
24.095359977572674
24.10249768227291
24.12433978323421
24.195089646628208
24.216444051020666
24.24468150582317
24.260241326385326
24.277192359435293
24.29325769031477
24.313771857602678
24.33595909838723
24.48369847267983
24.520089702898307
24.547836920620565
24.55678358718386
24.59585374477009
24.63352336432699
24.672642188692446
24.6795629383801
24.691483966221988
24.76846142998578
24.77417470487904
24.822940084372767
24.824456619168817
24.888459038437162
24.953896207533372
24.973353005036635
24.998273745946797
25.019639546932822
25.082961535220267
25.11017218173148
25.151838719649
25.18461237217497
25.2532126464725
25.40288861593511
25.403642088073276
25.428492670871652
25.429917219050562
25.53604941667122
25.572530502149558
25.609058454852306
25.655802602809583
25.698880636261674
25.734527288064946
25.805389735204532
25.839275614153305
25.93170044859835
25.931909298291778
25.960486384152535
26.01695231714722
26.02511634137903
26.06818548232572
26.178551252859908
26.249690636920153
26.37595426925684
26.379673157676137
26.387760361498138
26.417953207263963
26.42637405903628
26.467471114613986
26.491066012960573
26.54427178596089
26.582291864632186
26.6505267207563
26.678459681357705
26.691988206157035
26.778961321244818
26.87794866434541
26.880458746414906
26.940003956282887
26.982627982493785
27.014292499218264
27.04249744698736
27.116264536436315
27.12344525623325
27.2159101111267
27.258794774608983
27.285650254438018
27.373584211889746
27.392722203351042
27.418315525763514
27.559570678883368
27.660667631969268
27.676274704223896
27.72002877749132
27.816581024300255
27.831316934896233
27.894745973631167
27.89817385345162
27.93648417103164
27.968872244148415
28.019487446248043
28.065918921817655
28.086179550344106
28.11448475877012
28.212314715058664
28.276733714729843
28.421221331751163
28.426770899124836
28.45199480965928
28.650701199354025
28.6562125651906
28.67802434830413
28.70118732936977
28.748692684634847
28.7866392220335
28.868194481442494
28.94916714963565
28.976867786037893
28.999405045456214
29.10440827246645
29.144618246197695
29.197883762884075
29.25978564947059
29.31801394292784
29.40667139871758
29.41407100553177
29.65925971351448
29.738485578011655
29.811253524208446
29.813170875935636
29.843870031933662
29.98749027974914
30.13577089147771
30.2444920398314
30.271788384738148
30.351229619745506
30.41139551751692
30.47119561164171
30.56602194172206
30.647688860545422
30.74727364171816
30.877521261747916
30.925489777481314
30.951372361463804
31.463194531132583
31.484827328200225
31.587165399886867
31.626340227419526
31.686720149662886
32.02542720344788
32.19124585674342
32.53732051874072
32.63441170237971
32.64320615399355
32.73538602841031
32.94368572199265
33.00247943431818
33.70464967265858
34.40739768325966
36.8618162397388
