0.0
0.0
0.0
0.0
0.0
9.37937780783725
9.793026654774955
10.045508181147763
10.424289046511927
10.501318919080912
10.571558068733976
10.676925619801757
10.708694360696136
10.981549108894118
11.085206141414071
11.233065199303047
11.350234426223436
11.355590150532311
11.388991859080285
11.449342478374488
11.548457839235573
11.701810941508525
11.762278110620079
11.835974258727724
11.885918215490488
11.982304828892557
12.028012013288425
12.028062171337718
12.164217843940204
12.226223770020606
12.270083840304864
12.315572501526342
12.385227885209616
12.465726874085076
12.485277512171951
12.500330627545855
12.558518784167557
12.570195025212323
12.596456200880658
12.681498133871683
12.796400368951195
12.85552751145575
12.883387314803127
12.898310960357135
12.950201577913642
12.987094311534436
13.093933713908966
13.096749051587674
13.101553946127712
13.164259225031845
13.282810592164271
13.305363416981846
13.377793880237398
13.501225601793248
13.501228315523385
13.514308449493344
13.545607696311073
13.567086064717024
13.642709736693442
13.663823406405399
13.693382162248591
13.695714554804303
13.787617601043452
13.807227484865313
13.86091053016278
13.938627352281312
13.938862103797717
13.96984382887255
13.977844651994886
13.997544083140705
14.03866921684708
14.055275297335264
14.082368304765193
14.1061579139778
14.107896560233664
14.270138762982468
14.288626609438055
14.311959404562062
14.317838211986412
14.395205333687539
14.41796213035187
14.4213268341946
14.471187225769198
14.558174717370472
14.582202551989583
14.584845343234534
14.698622970304326
14.746762925113003
14.757915753109224
14.817680021741836
14.819544142694372
14.853023586782385
14.85884909799232
14.902350769321108
14.97496523670076
15.023359520370624
15.023717404477988
15.058803130631857
15.145921629642897
15.156231724773171
15.210860285209495
15.297521026770154
15.372951000103564
15.385702993451448
15.396550248515446
15.399118180764312
15.413214422457235
15.522453755877391
15.529921528330538
15.54260724244754
15.582937796931626
15.598980165695284
15.699580884762769
15.76339115514354
15.776519896717303
15.81810995468103
15.87863695630143
15.879959966528476
15.885485712375807
15.90239848247381
15.984019954381617
15.99281009161788
16.000502259135576
16.032589335175835
16.042472673357757
16.10383716435277
16.124586579207563
16.15057003961504
16.156743103928807
16.246908390874776
16.275511399701465
16.297093933617727
16.29898174536883
16.407426697294216
16.411068989593737
16.428912970061415
16.473856184446845
16.50975911767114
16.546030443016022
16.558472996790513
16.577330042258268
16.607198135656073
16.670797639631477
16.70694979158223
16.7311587405865
16.772381766714997
16.79029631836965
16.79654921575147
16.824137304790487
16.891819789218943
16.914638062455406
16.92110860291794
16.93123155117402
17.05716826416563
17.065631165690785
17.07525204098923
17.120140817250384
17.125535059041646
17.152349399691214
17.161823563978864
17.176813651969923
17.23518494332681
17.256487218241308
17.325173673348683
17.397467427163335
17.432449207044876
17.43367390595082
17.512165086739937
17.54554934454172
17.572761686841595
17.596599142649552
17.647998974224592
17.66227818399464
17.67597852562527
17.708922302849654
17.715286504525512
17.84739306458125
17.870784671384794
17.871110542409472
17.894138434860743
17.98722220092784
18.003285690983898
18.023201953288872
18.0645692891439
18.09967946558411
18.106268433716306
18.152034341493017
18.162684372390366
18.273847390542738
18.308565585310905
18.325491706715596
18.341199652700123
18.361992902736233
18.398684642747593
18.428769701858663
18.52724840487417
18.52758455480762
18.55565740666314
18.557476726163692
18.591349867972045
18.67503636607408
18.675750477890173
18.73397421839943
18.738830457492107
18.751800787867886
18.80069001010299
18.81258791998467
18.82030744821297
18.82437755281994
18.86822676176577
18.87841186837962
18.94430032987866
19.016784490061514
19.050774932960476
19.056090162512078
19.072842551941388
19.103078585169133
19.13587549252171
19.215947903100176
19.22039452647964
19.240710261658766
19.272560315091475
19.33954015441274
19.383051413277894
19.40806793828245
19.435202534300537
19.44094431069598
19.481630373725867
19.48934821575585
19.55864761814658
19.616811326040217
19.625708111330166
19.627383569548677
19.65119114596764
19.704935118904938
19.735904205039237
19.768238087139373
19.819490139880582
19.82579901927574
19.860185545465868
19.8647510146911
19.878152317748313
19.981224456428112
20.014413321338626
20.022081169912383
20.087698173690804
20.121630356385666
20.208334714695845
20.215295424334517
20.25281556170948
20.253373337349977
20.372313649402475
20.39476875413364
20.419827877007236
20.426067165580857
20.44520987410079
20.450235335050124
20.47084532610048
20.537153853968057
20.547724058642967
20.57810559818662
20.580532647657105
20.616498838367853
20.64178368884697
20.645559457543836
20.76555443065515
20.775982097987775
20.790523823923216
20.83953454105102
20.901212532287452
20.966652802003
20.969260724671983
21.01915308533727
21.03077038014189
21.065191918626407
21.06986967701122
21.090849654453315
21.097821435791005
21.241315881224303
21.244264287170587
21.254580218380415
21.269169731022725
21.31670793602008
21.351616839840382
21.404833923324407
21.434332358520052
21.45394717329057
21.465476806495573
21.47556821149179
21.48723097488486
21.491715606846725
21.569879457128913
21.62120062540073
21.67002823812106
21.704153852119664
21.705314596546458
21.718128079143224
21.735839901246116
21.757998117316127
21.79256457384456
21.833308317910568
21.84250750654089
21.866185805562473
21.91299056457369
21.931286444896617
21.996847927934006
22.03583540620266
22.086610884490664
22.113415011148046
22.176606717558585
22.199501837427636
22.20144628586634
22.25653394321136
22.28012182220575
22.29697237864001
22.31644089318209
22.42048449687844
22.450958752158073
22.485174513296514
22.522368828935615
22.5724742232193
22.600696738183796
22.602693081497733
22.658338502820218
22.68594542797124
22.73571218144742
22.83272879495663
22.852962293125568
22.87760956256744
22.88778759431533
22.914037515377466
22.92001341197585
23.009647369694058
23.013530992307253
23.122658228892828
23.140980183095646
23.148379353465526
23.153402534820902
23.15550618590148
23.19398907096698
23.217560124519714
23.364813026707985
23.390686500876686
23.404809851859874
23.406537255484498
23.41794106417188
23.44522340008
23.526501408694735
23.54244989528034
23.554053152347276
23.66361304339299
23.74800417985771
23.756056801364
23.763427980955544
23.80509044147191
23.862075547723737
23.889259157006716
23.920492811853112
23.941956226223777
23.959021216198952
23.997997810045888
24.034017827882767
24.130201374265763
24.13360866484841
24.18042161107981
24.213389106003746
24.261126552322185
24.324869125678077
24.408157244874534
24.499980304059356
24.52854803788576
24.55234291684319
24.57462726925253
24.644660199630913
24.668244479969957
24.69894751047888
24.751238427692453
24.755635643452653
24.781020044516918
24.898767881592928
24.941804694573165
24.942345083631665
24.9842906668863
25.015104440945382
25.04394210613798
25.09877748807943
25.117183835477025
25.294520789378318
25.326717018411948
25.34636175020404
25.384077898283365
25.395408401376432
25.43678635992378
25.46492226874616
25.474709928131254
25.504832778367337
25.52026460458454
25.560916622605568
25.713836960032992
25.72353610172975
25.747238308816197
25.747278848149886
25.77677532862415
25.837017012423097
25.95601671780477
25.980864227552594
25.989428370640837
26.02305706216214
26.024349092412777
26.107187297355726
26.17077706894774
26.254460545983058
26.292552297673105
26.34146530350713
26.358742662958097
26.417403133344813
26.426048495334015
26.51549982175041
26.56648020191616
26.649308220600084
26.691160089640245
26.763759573728784
26.787757017954235
26.848615562090973
26.88345789209463
26.889201022169434
26.917604246294683
27.034818268919135
27.053467415400842
27.117557978736226
27.118706031770635
27.124447587942136
27.138457034455687
27.21381624223025
27.323465981466473
27.367785002721423
27.36871996111353
27.3966300788841
27.484983066090994
27.557262040578397
27.573071239353293
27.649148957450212
27.748544238807394
27.756895454960375
27.7715941082183
27.806965381669322
27.96984896323051
28.104669015855173
28.153564058545307
28.17504695437889
28.247938951397334
28.255161759104684
28.324938603198184
28.332600879069037
28.376790180942574
28.42147854751305
28.522634509693663
28.633225910901604
28.7021678559007
28.703736592795465
28.72580985732962
28.894072932729056
28.915412945034547
29.038135877356673
29.142430977634557
29.302978298549338
29.30916197633435
29.327815438488454
29.33608337523735
29.484218096148762
29.57471348724886
29.591825590285055
29.613209478009434
29.83096875150463
29.885125665070646
30.058969810726307
30.111127905230198
30.261441107544556
30.318244783137484
30.477444158101775
30.503602570180306
30.596896367571652
30.746954154791897
30.75761894664435
30.826745297227692
30.851401951898005
30.95988438401968
31.21175501901463
31.385201047423422
31.40949480975753
31.642814299367306
31.64827316546003
32.0360668317467
32.363417958328974
32.567668817071414
32.80661317282413
33.10128058789671
35.096966482652135
35.17708912668308
