0.0
0.0
0.0
0.0
0.0
10.1262614956164
10.725450708062855
10.868754469910373
11.180980459975464
11.267665871416789
11.268855175010435
11.40806941687799
11.43868562850072
11.53235405801015
11.551465162437385
11.57842989074976
11.666322772924174
11.697182379120685
11.93515172893505
11.95825148796605
11.97266983172513
12.077316048328349
12.111487587698385
12.170841750928219
12.226131288611146
12.227526881175802
12.360576050144564
12.39450636468649
12.398182685444915
12.406259108992613
12.415990438753541
12.470908529882777
12.483155154821368
12.513589629074362
12.560508916232092
12.575882795915462
12.879197989524041
12.894683366693913
13.005480745217929
13.041369003566526
13.076720952053668
13.148799963923642
13.229389465109563
13.302143522222151
13.302358863542311
13.348918058035208
13.366108018963198
13.380191309678334
13.402784511434628
13.405607050805237
13.483437548102255
13.574732485419721
13.596566226040931
13.608892662209294
13.647972861681948
13.711465007884529
13.71799216234113
13.754307465133754
13.790571676786946
13.791962471197039
13.825961313848941
13.857615277813208
13.913151506418078
13.97785862663054
13.998322201341425
14.072822229375996
14.081017849168985
14.127821196371439
14.12818527042424
14.134122900479554
14.287553567981004
14.29761936912505
14.312570898687436
14.38474839515412
14.388745537702109
14.502542320254628
14.56988547093799
14.58123860186963
14.696041860031773
14.69623350955448
14.745787429286038
14.747699449972005
14.749166823432873
14.783256425818712
14.897005249002778
14.914513623709968
14.94494713870456
14.970724407075348
15.043957064240931
15.073233199357908
15.126136027257143
15.161473686637617
15.166401903491309
15.241220414603346
15.267926439617012
15.26825019091177
15.316033347685083
15.365178555103753
15.410329437148523
15.415063917287362
15.468330001088344
15.506405231279377
15.539745696715803
15.616043494757216
15.658848709314443
15.661166755728818
15.677964161885079
15.751982591603767
15.768908042030478
15.800676665958404
15.804196456916648
15.87769804455717
15.91393796003766
15.931411058956256
15.966511767353456
16.011553380145855
16.021343032561276
16.071305880243987
16.098679103048855
16.124365289033637
16.152186938980165
16.160455185480277
16.223295612701452
16.255418356624677
16.276315198506282
16.322103620517346
16.325889482482477
16.333443141650914
16.480165640962948
16.499039160584967
16.504283451978385
16.566519789021818
16.575278149330114
16.601302613361753
16.649103817997336
16.73133378825804
16.816534067646298
16.83443631717019
16.88162571675451
16.89983951238484
16.946016486084456
16.953105224713998
16.994045832101577
17.052634908183077
17.078899087364086
17.096148344648892
17.136045131360152
17.191203523793536
17.217353922395155
17.23532474653607
17.28720847461053
17.347622521275376
17.349047268046007
17.367908954173487
17.441699089309733
17.542038236649425
17.55846606279108
17.573730554102227
17.59938972076505
17.623819931036554
17.638916172925455
17.63894734732577
17.669181676306014
17.75882567649316
17.793073944910113
17.82656524694904
17.84156556904323
17.865767374713514
17.918935990594477
17.97666003693448
17.98990026419755
17.99650537567725
18.02560967103066
18.045717443919173
18.07897723697525
18.16986123520951
18.18618239398232
18.21786469660016
18.226618279354724
18.31747530649321
18.343222289962785
18.355980362590365
18.379027322878297
18.390305907029543
18.44928350657225
18.46108892049776
18.51071201270081
18.54667889084462
18.559518316925786
18.58691149928772
18.59041809270272
18.68663123715424
18.71294615746833
18.73475770382573
18.805702837603068
18.8370346247734
18.842067076411897
18.87391446743182
18.900444442978472
18.99774023018669
19.001261316381157
19.03966683500122
19.047642835859865
19.050709285778023
19.06368434160904
19.099625334795533
19.102685908281373
19.138989807804837
19.192353683947033
19.193248215840836
19.24069679569387
19.274953315971644
19.349508478994235
19.420412788542233
19.545300534317434
19.562803090121655
19.565150369189404
19.59570412431567
19.675766241825993
19.699961374222774
19.78694773371812
19.811082259065827
19.811223731662356
19.814264011125164
19.852987698780723
19.8832231028582
19.900759196423113
19.912147212915478
19.935603162338236
19.994794677566354
20.023166460078567
20.083959184620515
20.091833185964955
20.115079907068484
20.119198923528216
20.165581548675775
20.205099669539255
20.21302125511627
20.22783475389073
20.269418857480776
20.329615110655148
20.334797759592394
20.407361837760035
20.430659851981076
20.46978934950401
20.47450526187797
20.49727874643826
20.607670209842638
20.630820109081103
20.68226566636294
20.684128262167015
20.68803397945438
20.698584202900847
20.73463412014933
20.76926287231888
20.803487884412387
20.828298612110345
20.859014327955055
20.933824000421744
20.997705023675177
21.022067269856127
21.078525607690565
21.09696530539771
21.213770272347293
21.23185777957785
21.24514221246833
21.266611527403708
21.272790639800867
21.31751065583546
21.33860520458985
21.37142387512921
21.393699534850438
21.424032095783048
21.44565743748077
21.48696920434587
21.566251040585623
21.609357268590085
21.652427111362655
21.676453071993755
21.71904872181372
21.791108970011496
21.80868182834583
21.83381021366095
21.83543618801909
21.858583720845886
21.919119691564497
21.92254345091771
21.991531706173873
22.001408272542815
22.012588273691392
22.02773499640792
22.147302680600315
22.161293420138428
22.182465519170517
22.227667305488968
22.24706418976869
22.335983696060797
22.36433777031864
22.367535070191476
22.402221952542657
22.457814244876722
22.47415359032314
22.484674146660726
22.58617970587223
22.598472697402336
22.606306412830342
22.61250347193199
22.68686346086206
22.729110746529894
22.771167094192514
22.812261519026958
22.855045283445662
22.935453591740103
22.960276941022773
23.00847469281045
23.014932144666904
23.047928600347092
23.065691304406016
23.07754885312317
23.08349102883426
23.088790077243043
23.133479696575716
23.267013419669738
23.407031225774485
23.412419601963354
23.419525896894108
23.442109010801857
23.451310741505143
23.454016651788653
23.49184670773021
23.558683147565517
23.56776298988964
23.612269191920355
23.657710343326144
23.659061030466315
23.679810126699604
23.69247332050258
23.731671781194912
23.74677435458356
23.797330162756882
23.880540541983308
23.890993652130504
23.977997226204074
24.011159123981304
24.019383068633648
24.07931834408595
24.108451152665012
24.130566172014905
24.1465807066033
24.241660540398925
24.244682854071502
24.26837074667778
24.334446413537886
24.357414993737816
24.383706326265308
24.39597503420762
24.41022600385298
24.504966283709177
24.51821367993792
24.58228836675762
24.588821808161565
24.671661505551544
24.766784931367976
24.793203730957558
24.93130443622067
24.95156231870306
24.956740395310263
24.98389999067434
24.985789608824632
25.013813597095474
25.04937308192616
25.06986876097811
25.10983493100185
25.121958587958105
25.24415644864641
25.347082767857064
25.352028618555643
25.35221687091009
25.420601076075936
25.462507480651958
25.47617051609695
25.53754194233936
25.593537116584525
25.59509506026937
25.671486034277034
25.69871853697201
25.758052906283304
25.79636962959526
25.834181459747274
25.91324325302787
25.958093100944264
25.977199479794386
26.043334893718896
26.106870640865818
26.128866791649358
26.14945849731879
26.19796722433247
26.233242215623484
26.2990629996581
26.320778910997767
26.37740836042676
26.395541521260714
26.422439113475154
26.48993339627781
26.56176858535404
26.630760661256623
26.64388850107674
26.658235505987733
26.661917098812715
26.827816685253172
26.8859510784342
26.997469059423484
27.024808375402372
27.118191956372446
27.12192345722551
27.140691105850475
27.14178386590714
27.193963402038186
27.199428393610614
27.31280919352025
27.358939132667537
27.361830419543796
27.392016009330025
27.48160721362503
27.501814844206045
27.509826337049994
27.53509086289633
27.54274127712996
27.55012374658722
27.641342201015497
27.69027742497546
27.712944807119992
27.759838710673517
27.88465637312844
27.89546598803577
27.944509310826547
28.030527418936177
28.11037625542267
28.215707155931206
28.32953339036768
28.357221258656395
28.40757817785235
28.430208132014158
28.441131783989658
28.56159652273627
28.574468232870053
28.586502899887606
28.78731786232298
28.801186483129506
28.8068736111157
28.812228690126226
28.871601068361024
28.897730572723876
29.04648337805578
29.236274362666887
29.257804256919844
29.25926683796931
29.300200110097425
29.38989673292036
29.544167057649
29.628162996541242
29.69660428560056
29.757868153372627
29.75839947588829
29.85345434476005
29.85362654276965
29.87039755377148
29.93001226599348
30.02884245234699
30.079624503258028
30.18012424441803
30.254650728012805
30.298713131996344
30.539752633970686
30.557405871084583
30.605560544764234
30.650171669342466
30.7073137709078
31.149255002379043
31.17108683634842
31.22888064652755
31.301326855439108
31.30852390320964
31.40314662633279
31.527343359070894
31.531974580912948
31.699655045629925
31.843210283202414
31.853805485201224
32.090464018040834
32.81575753318455
32.86401043343142
32.8748005356172
33.2582711694806
33.6048111795777
33.71415477250138
33.964136315747595
34.56706124575266
36.28414968941335
