0.0
0.0
0.0
0.0
0.0
7.958946529947892
8.13577009419884
9.198329348045117
9.699988265043185
10.538499121910604
10.676190943479844
10.831616597086992
10.841335903868092
10.904130015282584
10.914477057709075
11.072258266895288
11.107001662498801
11.229670549884172
11.492199454544899
11.493881456229238
11.496162943885691
11.625099043898063
11.7700779211129
11.78437912135362
11.858312640112633
11.880795385256604
11.982467452947988
12.01556491839332
12.180893787792597
12.242183562811759
12.262123887299799
12.277796311192763
12.35120438727996
12.435759479079701
12.440302040180201
12.483092161529909
12.497364658193051
12.52848154182954
12.569089679785087
12.57513402881142
12.726074867236184
12.77020931320833
12.799916313998148
12.90127505575077
12.91421919494438
12.999218401259837
13.141514082581336
13.147650103571284
13.15793996555814
13.270762135793364
13.309767954625496
13.376363875886407
13.386911010674279
13.464734507355963
13.486324996436482
13.575463741255732
13.581846000994853
13.582753289929101
13.640890710351098
13.656046129344048
13.673502024413025
13.795749125909664
13.885087448569868
13.917966522127314
13.993383457778258
14.039467237885031
14.094858572542925
14.094981014571946
14.108717900653316
14.118756381193897
14.169755220114311
14.211599664103183
14.24548421635967
14.368022231570372
14.37781226905642
14.492876734308899
14.523718649394901
14.528148905264965
14.53666346580361
14.61662880673025
14.635091319205575
14.647013381847056
14.693571581421748
14.741431954696218
14.765066299371943
14.786276615474447
14.813479397988427
14.852116106953781
14.85575379590054
14.856585064391188
14.858745956232665
14.9220089176617
15.048869768094118
15.063832815415967
15.107314791597991
15.15157176789179
15.30032443708657
15.329396858993587
15.390275677367411
15.459089702806303
15.460871554186213
15.477223398028205
15.577785877335785
15.586312378304102
15.672429634533016
15.741848558074789
15.747173699485792
15.781636913849686
15.841236657701378
15.868063748496699
15.870123773734326
15.873193543258829
15.891795469426686
16.010849583571307
16.012487490510118
16.03771299704989
16.052959927679066
16.164149018985384
16.186562002403555
16.216494420759453
16.23897811697306
16.255527601538713
16.261382723660923
16.279821683070328
16.28337918504407
16.28842997347097
16.35688726189378
16.4338959440399
16.458897034294502
16.501014287393296
16.573259692419782
16.60631417243807
16.61395010764327
16.637177784710868
16.67232658796809
16.67539619330244
16.678387148542
16.7080468320376
16.755418116093686
16.788854725066056
16.929414089581265
16.972324338134065
17.002841594611223
17.048903312830202
17.078550712234566
17.104216255330666
17.110333082042562
17.121429960114305
17.192649622386764
17.214674765225126
17.226753132503116
17.26212116708624
17.326553255559343
17.365450123751074
17.3764308002843
17.415645180939464
17.42038416367775
17.443937971624607
17.54220336864997
17.55633492481709
17.556812879622168
17.622506495700154
17.623872368353105
17.706896154342076
17.736992828516364
17.74278191717203
17.764654973637366
17.78135506796722
17.784004320428227
17.786672215279925
17.82642949602769
17.8631399812322
17.97052123651552
18.01942464696713
18.032006278799734
18.03922990784536
18.051761695318778
18.212990820726777
18.251643448887705
18.25757196613485
18.33335774974581
18.370548103227705
18.408298516800674
18.434633622274955
18.446199836267784
18.453193466115103
18.560315388102325
18.56814841751761
18.58908828746476
18.60359356272111
18.620144109403782
18.62399889123575
18.666514052814883
18.672262916674942
18.73434941083319
18.758541156016115
18.77156278879117
18.837501950386084
18.8424982526974
18.859762998822866
18.88693674205267
18.91944131431928
18.92542420424572
18.938420394757856
18.98153961326519
19.019728017770557
19.102854889179422
19.194238116997404
19.23899659328618
19.241164521716716
19.268702485926703
19.301617648239365
19.386451669771144
19.39922486740878
19.438250560253067
19.448804707098557
19.492279176885543
19.510226600479715
19.51495126955167
19.571220220780987
19.601509266582266
19.607921046883426
19.650462805581203
19.675707675769534
19.69131590947354
19.709241598790026
19.805760290433852
19.84234270133226
19.854835480409005
19.8670854881705
19.90910330277213
19.920839385074462
19.9311942821554
19.933331346491496
19.947942512170304
20.10756716846188
20.134788274976433
20.142654358226665
20.15069544907592
20.190852127405368
20.230163967455592
20.24482187451063
20.302814468640307
20.3554455396168
20.5422175671555
20.546814819154708
20.5560627837472
20.562717802372035
20.56525206169882
20.60186614559739
20.641374377640677
20.661640183619106
20.702677508054983
20.76284619268339
20.869693586687564
20.880563441969592
20.90179108631147
20.918245845408908
20.97875040057529
21.00372509615963
21.01256030754977
21.02059489440641
21.05677335067908
21.071982104064315
21.143889013309643
21.14919211274594
21.18404277605705
21.3018053750771
21.368159937426753
21.45391848918504
21.488941818782287
21.49354869351028
21.519329511405925
21.523845672599723
21.541674399668267
21.601079289096138
21.603832806500566
21.626863035713743
21.655290474009867
21.706050921664417
21.721241205189315
21.791436707045495
21.8138155647706
21.90186641970197
21.921369681899723
21.948355373580114
22.016467550572617
22.085480726116536
22.117255586871693
22.126282155374398
22.17712386080119
22.21307722972483
22.22724770306143
22.2288481702053
22.375430929318345
22.37696666028018
22.385777296573437
22.459950666273425
22.460224400793575
22.463771122900045
22.566809136307604
22.58599648254364
22.614867816100602
22.615361608970566
22.653533333859187
22.666535879761533
22.690714474284427
22.693759239988882
22.83430809536501
22.854742206810155
22.89409546765358
22.90033023339972
22.95446043725018
23.043136397498387
23.05127153085309
23.128050321284874
23.1732430846155
23.19447575497964
23.217607602595095
23.22135430056926
23.258594799071894
23.270538280113534
23.371316220170225
23.406881377146508
23.410027376201857
23.467140048500948
23.483960235883544
23.493993085348066
23.50142498552384
23.554273329412272
23.634185595731655
23.635997278165707
23.70820784693683
23.753355741503157
23.80780746790889
23.81240667643756
23.91946252723138
23.922800349053688
23.957129846471208
23.96721739204652
23.978664772190978
24.0131572902545
24.10776353440245
24.111803178019187
24.176288008353875
24.200523411673394
24.26748399881888
24.29926770103652
24.326443574288135
24.367120530154
24.395693987621847
24.465868299634362
24.50990044840915
24.53698085657823
24.581551323356162
24.60092502054442
24.658490755763285
24.706535311341494
24.72558304449057
24.725701516938233
24.77616864481544
24.842387123449644
24.86277383887688
24.876580855532882
24.903257968548512
24.991519766634486
25.008426465554013
25.072769529151227
25.084171916768923
25.089746530362117
25.100154448801735
25.144388674331804
25.28727623392318
25.315059728968404
25.329244497965767
25.43427576422185
25.43439506619983
25.452751586776767
25.468713527768486
25.496179696206543
25.502483345443107
25.50447968988002
25.5658187892322
25.573176137191474
25.5842521246724
25.663938407119833
25.74430124158527
25.78466946362599
25.791547604908533
25.874313853015106
25.898941933990304
25.92984743274051
25.963948322914412
25.98055491015372
26.042120473137327
26.04908744804956
26.117737785192546
26.179749888131397
26.268543574416015
26.2776782900612
26.28542428906995
26.365577941738746
26.383921401880087
26.52857654503865
26.606141321412583
26.660484843911465
26.676931960580035
26.726378572062753
26.747685797745635
26.759780068207228
26.80626217514222
26.83456999622393
26.903025499093268
26.911415453521492
26.92985783401317
26.937607312663555
27.060654406285845
27.163483037755462
27.284780885494644
27.28814794769183
27.3526704031885
27.364204350175473
27.410811899197473
27.44110396413226
27.49683649578074
27.50777737286586
27.586736769191294
27.63437806275766
27.65050964764871
27.667159211261982
27.692953448253235
27.78297030118081
27.9258872981615
27.961339920365855
28.0134495558128
28.013452680060638
28.02262975849843
28.064120133962334
28.149417873172148
28.245420999629115
28.255012749303024
28.263968345377435
28.321873955011885
28.32394853502703
28.39875689503915
28.43574640012801
28.51541080768152
28.51568720343805
28.675192045609894
28.69153415714053
28.751012749392974
28.764009312832332
28.865439140511192
28.943466102570767
29.013047377746155
29.127114126966287
29.143098545662173
29.170751229436494
29.173652945559787
29.1945498621414
29.266349715919148
29.269613170705565
29.414143101585704
29.42861421531387
29.518294442689825
29.570834615417716
29.593301950809508
29.651013931015797
29.88111926996369
30.009413615196028
30.14459447188791
30.380016481659762
30.431495326515538
30.484317920677384
30.50865431343632
30.548622150603062
30.58744267119714
30.66177200763345
30.68582649161717
30.877536440153985
30.96876949247809
30.97947880997136
31.084800921677946
31.27768305495253
31.453068550373303
31.617465470253123
31.789612956081978
31.944648088233816
31.94814284980406
32.07465185385664
32.10625763584031
32.30334238866914
32.920520480967255
33.16078509498542
33.271434411657985
33.40220287997701
33.68398268456586
33.695111582245644
35.535580985851766
