0.0
0.0
0.0
0.0
0.0
9.898965399101584
10.219776752819554
10.369882740750924
10.643880511739402
10.992234066762723
11.082985067220797
11.12182446855233
11.207467226390893
11.297718587482121
11.337263977138942
11.534097006832152
11.580258125968381
11.628044269670278
11.782780203750182
12.097817700029934
12.16844073316338
12.259707570236616
12.266061987827173
12.288902466616616
12.298965310241897
12.33478825415427
12.37131119534644
12.499389658070829
12.577857872906433
12.639230197588605
12.709646441870522
12.7445733332694
12.754590195678581
12.808238469952068
12.814514736735822
12.956036497545517
13.00647348743907
13.014724420858908
13.14720019418674
13.178450948017787
13.193053475438479
13.203557654776537
13.224995954409678
13.282435872266362
13.415372509485177
13.484967514894782
13.561823362336574
13.566939539383178
13.601818753829477
13.626123197473435
13.643270513946698
13.799394678208223
13.813932166753196
13.825381453449541
13.927594572161658
13.97729585911638
13.991565267814469
14.002659576608593
14.020741697736963
14.150399384217549
14.15147658612813
14.181668780083765
14.194778705493762
14.220759404259207
14.232782775545198
14.261271178325753
14.26643853934353
14.303013742011252
14.511176925839138
14.517020552236739
14.546141824047949
14.561726985100508
14.563779209874864
14.658025499858418
14.721582597155576
14.723697633139194
14.752223904472006
14.76967387876595
14.792315559649346
14.801498097692827
14.955668264158538
14.984604571649607
14.991290278040834
15.019896052129907
15.045236699657163
15.128515896095564
15.164946106253868
15.19158106630553
15.207031108908145
15.20714206162498
15.27184709874722
15.278005533767365
15.398830628519308
15.420488200592118
15.442969444742554
15.473125495095692
15.518775674806516
15.564648882549731
15.62762178550836
15.63353686493047
15.64472610157135
15.699631258484086
15.754810625225877
15.79899984419479
15.838231481860184
15.840582366717973
15.844934718003135
15.924653293582665
15.95725209345007
15.97249877325013
16.023259237477475
16.03431321532648
16.070544568583248
16.08992779693358
16.109667956446586
16.16510318337145
16.191139009591044
16.218890326661477
16.230485210360918
16.269344330685442
16.306793733532523
16.328913824478516
16.340799702232022
16.35498365667822
16.397372692159387
16.438108608006267
16.461979724184225
16.5039553405461
16.55631047336682
16.56702984649814
16.573831369112845
16.60673012461968
16.652099012094805
16.68493527475595
16.793919469663663
16.794005280653078
16.834883713523702
16.84092569068632
16.897843914366913
16.906067845267888
16.93326235297433
16.959148848326144
16.971643199134224
16.99650113705965
17.047414729532623
17.076636412928227
17.154410980391706
17.182868323310302
17.225027906320392
17.243462790401974
17.268021022510105
17.282044706388167
17.371434952656436
17.43560145113519
17.455748205319257
17.52084295997292
17.554995018621
17.568947732964364
17.58276089964757
17.648510265804656
17.688622236072472
17.703573665327596
17.734845139808495
17.816416206610388
17.82723202103908
17.857880423867112
17.873486441917297
17.928689574930846
17.93506254883805
17.954177051656096
17.956823356694013
18.020692715594553
18.029820665601875
18.102588201866364
18.103465014008137
18.12211502282165
18.18156072780579
18.208599528483948
18.260759551627768
18.285418215622997
18.295581028140774
18.314814693784722
18.33163331394227
18.450332182737796
18.46163266978331
18.49240828832772
18.500507076609246
18.570807878283773
18.640117992648662
18.64403303815182
18.653984663578875
18.704748360433825
18.71323474933418
18.75392952228709
18.75910104952063
18.781714870518236
18.810458466602483
18.8429501773669
18.883998388882937
18.90067236021681
18.92251141734219
18.940106919875326
18.950833684925282
18.980634069706376
19.019112671187315
19.05418496706279
19.073474930042217
19.18678857686013
19.258464563659995
19.283290297980404
19.363862842555026
19.371505348577365
19.385939065844976
19.4113637361315
19.46556523428614
19.46924517235819
19.489424424213617
19.49934289905919
19.562826677942986
19.581039639411596
19.65186814157029
19.66899421783959
19.76296120133544
19.805276796035848
19.813848521210126
19.866360218367777
19.866965344154515
19.868997712925726
19.931248075864694
19.94290912636874
19.958873031938147
20.019868085005125
20.03229258426314
20.046213844247657
20.094657587769678
20.096032372535436
20.09653155757439
20.113808995209535
20.13289333199485
20.15016480038586
20.154688139314896
20.155877949160082
20.364842443578457
20.402057449168847
20.406520711028392
20.44198607166783
20.450631474813946
20.487131019519904
20.559926565125053
20.580259815546892
20.59700753254759
20.656600890173944
20.730277182422853
20.738640448356758
20.74862930128263
20.761024682391767
20.835897397393165
20.845099285446643
20.872163969334096
20.901533517123998
20.9236943396932
20.989062600305505
21.008412748602026
21.04734533068463
21.120566446520257
21.149721657066763
21.162876723107704
21.185634239515608
21.213699312256548
21.235579770024973
21.25277140668035
21.35165937109995
21.359826981333818
21.371757237348977
21.390982459224414
21.4367888049086
21.521880073933616
21.527417877829336
21.552919477874052
21.564220580081322
21.614761375208293
21.639639748541402
21.690265715536096
21.71285715582676
21.751452439708707
21.770515895456764
21.792206530576422
21.82862898904831
21.890205961686032
21.903176016548223
21.926430965399067
21.940745294646025
21.96666712399844
22.05431343400889
22.07370383928347
22.151231889754307
22.178904415204162
22.315212798207096
22.378545267200245
22.39889632102381
22.39897742303421
22.402255099797767
22.48116371283306
22.523853094988425
22.531066835780283
22.60548619171445
22.61613524149696
22.6627035847523
22.724388391743716
22.733869168098188
22.735566096482174
22.775806748253913
22.775871717974063
22.7830506271089
22.84290003342498
22.846370299824216
22.87483036992717
22.897167973994684
22.915322271228924
23.022852745561305
23.086144545021416
23.093641541568665
23.10535776782579
23.13986821847438
23.17486463487265
23.206343596903896
23.23329527747053
23.23668907962463
23.3398932308922
23.359562293144158
23.403175230120024
23.44460479642794
23.468522727881144
23.51372032388734
23.55060014003829
23.562399628610333
23.59097195029271
23.604191683227413
23.741543037837566
23.777651044198535
23.801527678267693
23.80330452541438
23.8420393422633
23.87905846799494
23.925595362634844
23.93159872560958
23.974221353933636
24.032302917274382
24.048084121613222
24.07650685686941
24.092229934142882
24.157904250149787
24.164999254327437
24.321213330963648
24.37472559892249
24.41532694485494
24.434045153474084
24.438701623136623
24.48010563853249
24.520891475280337
24.527242083570677
24.5414953581343
24.598066784157943
24.608301206022897
24.631215692532248
24.69650042901093
24.759983258183755
24.76460282574235
24.891000856717206
24.899618842098043
24.95853690997083
24.992818130040234
25.02253434239592
25.083644505698928
25.106998688819463
25.203820808170956
25.21789773748449
25.23531311336505
25.321464518883857
25.392716856346297
25.399488688953376
25.45890713009668
25.475117268404375
25.480319954973766
25.49534447522094
25.501396471213127
25.574927793083404
25.61886416634559
25.663581093421257
25.68466512878928
25.836461958767867
25.914823644482357
25.94332089686397
25.948414225314426
25.966111509877223
25.966400952221058
25.995229143944915
26.026317857082596
26.062658901135862
26.07151529342652
26.167231180451118
26.22528500858267
26.311386131944694
26.333898364211358
26.424267169312856
26.502793792494504
26.506017259979483
26.549578078846178
26.55154351855925
26.555473997618112
26.589810878146945
26.629497793891137
26.674743225077375
26.705155393210315
26.82035054553597
26.827026117971176
26.829330599840006
26.83142506640412
26.861811710919252
26.982553193238953
27.005327842550642
27.021979468524997
27.09735058590718
27.1116436471488
27.14606443883246
27.315218882586873
27.334238489635144
27.431152128218578
27.46533017660016
27.54990888632749
27.616627909288344
27.629757458026
27.72865133331291
27.754181553024303
27.80475127110789
27.82714220955041
27.83035471935113
27.84786672112547
28.02332897888533
28.045667018349874
28.143867559679922
28.16178768300865
28.168024383106147
28.212141022306334
28.22656890328989
28.386404676203714
28.42449205023225
28.452905762919393
28.481607914037518
28.532354640438562
28.7163703134301
28.74901945761979
28.754483154347714
28.81555817346104
28.897437214896286
28.921117137116486
28.922215611140306
28.948939326069357
29.00726370126175
29.11649479162323
29.141837894573005
29.255956689457605
29.33617601202586
29.37926426969879
29.387115140586896
29.61436178487001
29.63973194283197
29.692733236179684
29.70102707051901
29.807199458555694
29.8245408151158
29.838340268568416
29.858756441667044
30.014739796439212
30.02605142231765
30.117478345966287
30.154489531365446
30.23068940199552
30.404282181808096
30.502586981167102
30.622371801420833
30.730201238370668
30.868458486804375
30.8928141059239
31.204184336779658
31.348772514526896
31.380911080616855
31.409070474651642
31.506949336721096
31.572376994558198
31.80884183439394
31.837389753961652
31.99027684678872
32.198718312511694
32.425531422507596
32.54352445164744
32.572238939436474
33.3774589243438
33.71432182033059
