0.0
0.0
0.0
0.0
0.0
10.258427233072352
10.458673864086556
10.771267418393261
11.171902362476178
11.223715008143207
11.515394180948357
11.559882211217383
11.563874166517918
11.586978793317634
11.609488713225439
11.684569201359194
11.714585489839981
11.73507042220734
11.81733709240108
11.996792971866096
12.159686832892836
12.18479961659833
12.28151491164485
12.332395725201028
12.49381301175865
12.501196127533792
12.681180850220972
12.730843795816291
12.739618124837948
12.761562071231072
12.806276487714543
12.861304578374318
12.906393808378148
12.960321400277564
13.033225440648238
13.108598544762692
13.204960297212004
13.269282792177844
13.272640477554967
13.359000225861719
13.441114736249403
13.536288318098567
13.538341186367138
13.541665517760432
13.54263465371224
13.604925032746246
13.701018677335314
13.739494432486643
13.76190368122877
13.769688905317487
13.851536789865621
13.854906714130092
13.872566429516807
13.953435895968939
14.006992692485463
14.014481051492279
14.07720070910128
14.116916535565913
14.189172805575668
14.231178654911796
14.24584589748683
14.258756406305075
14.293748143530728
14.35398046087666
14.412984285930778
14.41821920450147
14.479407848719474
14.479680466475227
14.520202156141458
14.55888247349811
14.60962512552577
14.681747160901343
14.681813020102135
14.733368709588612
14.841188282218434
14.850223518220183
14.865088123281733
14.869569229948038
14.883558748531856
14.92810661719275
15.002026763523158
15.07317654735712
15.147601933729993
15.176230732224235
15.231594968961623
15.244980950355982
15.30151273055633
15.309498494632834
15.353252716370855
15.377283657652008
15.399361593723173
15.505588927103739
15.534977523306248
15.548838226332109
15.594058051222063
15.616767284968498
15.673358747113076
15.689247048145692
15.712543011477557
15.739136149652111
15.752205117495755
15.825574097032556
15.82956284842374
15.88421949850084
15.986799135580863
16.006020908388916
16.01589606842707
16.04730065612088
16.096946178974438
16.129706531130648
16.134373030908318
16.179658123887513
16.215077132455658
16.24718932924243
16.304576240548293
16.319291490960165
16.335769486077467
16.348082989101098
16.399376138344913
16.422536932434845
16.445242737880303
16.456674783402892
16.570873902992762
16.572630275609566
16.611934093828175
16.629871758607703
16.689029244855416
16.728846563191965
16.741064852719518
16.918374674065646
16.959749727607115
16.978324601064912
17.01079634582041
17.04873955510018
17.04893531592439
17.1359412015964
17.15550844891006
17.161117959922805
17.19929159626881
17.244586947714716
17.247233583653802
17.314807058377337
17.327441323598944
17.337774347406732
17.33871459734162
17.39751857554182
17.448278881101945
17.45072946130473
17.461882836941882
17.53046158374073
17.55975945318266
17.5995146029794
17.599797851466974
17.631994240676224
17.70254924776057
17.704224341366213
17.706358646051516
17.728827021022074
17.732892341740996
17.780286418524557
17.843442257759147
17.925570044270216
17.937263327198927
17.96348507684041
18.001013408307436
18.007187647369708
18.040410301932162
18.042329380471518
18.06004375846061
18.171501147971398
18.172129724244414
18.18771696503439
18.215767503194037
18.245069317944672
18.338011124406563
18.43734519663449
18.449972899155753
18.46093589601698
18.48735345983606
18.538095598138888
18.53900460799616
18.550157544735594
18.672834641898987
18.67567731739938
18.73384685704075
18.786372433373177
18.7877019029819
18.849760048544887
18.873469744288418
18.90617874581109
18.92650462648135
18.957228661604116
19.015900617037214
19.02777829815679
19.037476443109277
19.074876455287896
19.092698095667362
19.15443586523346
19.177559954500044
19.18284170611263
19.21742267124626
19.24495847252764
19.274303879609434
19.30661591489289
19.34166852858391
19.345007120302867
19.387492808172347
19.424830730773873
19.42556333798821
19.427265465747197
19.457561842751502
19.485655522284354
19.48840251331026
19.52449077614226
19.59591415539988
19.628941593663612
19.691750916555126
19.74487280087246
19.745916642057395
19.79271893530951
19.847239148860304
19.85297633370913
19.900140851773763
19.921084330116557
19.94541867545409
19.98740998042696
20.013503553298253
20.033345885622317
20.161523802767796
20.16199647254652
20.16885888010078
20.194646980156403
20.231814528426444
20.308117610036998
20.314893052756755
20.323498408253162
20.395985637471327
20.39766010778087
20.412590505197713
20.433085397118386
20.43500595380283
20.544613154657704
20.614233877356074
20.66704001275819
20.792609549302554
20.809837218945233
20.8250361779132
20.825860666892556
20.828311993874923
20.836804439990388
20.858462748114377
20.8797278590653
20.9375418481686
20.956177697650713
21.036165749120215
21.05272423534208
21.08551706513856
21.098900069006202
21.12923788494595
21.216846105562265
21.218409589000775
21.223283897350264
21.27144105254014
21.281834697957496
21.284552722867808
21.37525111958681
21.425059108548737
21.432667988953543
21.465675809660972
21.62455081915137
21.637195237840327
21.641922361537464
21.68533652663316
21.725356358265618
21.763946223802034
21.823837066696864
21.826234450931015
21.860687512647054
21.875821583701303
21.94195005226963
21.96699885177423
21.98466956241623
22.044003481878
22.109249146525247
22.179825358563747
22.189458963231676
22.233295654866723
22.318347177421714
22.323137683553036
22.34777467390485
22.35540588353628
22.46883331774344
22.48861999540985
22.490196255764022
22.51938601880611
22.54034018433988
22.552489716163407
22.564095156572463
22.572339802633937
22.615418219117245
22.653571295494327
22.656790615688568
22.67112277012521
22.743129760161576
22.760475229881088
22.78093361099208
22.791646700917877
22.808982421454267
22.923607576278393
22.934252179909763
22.93960840892184
23.04304037061169
23.073770889653673
23.082524384547455
23.094198886016635
23.18900761924798
23.256806083479994
23.32365705214079
23.326630630242533
23.336920104266984
23.338886772814174
23.351592486737875
23.4209885357704
23.43920247997315
23.486215023179017
23.520462391922866
23.56425585385367
23.61137483253693
23.627177356498464
23.629375633565296
23.63656386418161
23.7272625349444
23.748949348286377
23.810344586266947
23.820122044022856
23.854544008755962
23.93122075486125
23.936046554180844
23.950232415994417
24.071846036789655
24.14104339619215
24.15317501679991
24.154289219172526
24.2497296453914
24.298280120250936
24.334159239774603
24.351009818017044
24.36086345146552
24.379163859159995
24.385102802474822
24.395627679633968
24.417307272534007
24.53603485995927
24.554516260875538
24.567259045362913
24.626502468769765
24.66868499828184
24.70118263073734
24.76612055128037
24.856858822022268
24.890417787414925
24.90121645541669
25.04376768401725
25.091991408121164
25.09859962287061
25.098875714257222
25.126996097069952
25.217464266286466
25.219716609711426
25.220718241122125
25.279450912105197
25.317003735491134
25.365276806679372
25.370184853280016
25.45060743378252
25.507763336669385
25.512919140642364
25.55146238875868
25.568784234386563
25.69771298658752
25.70832259887957
25.70946671471839
25.738017095313513
25.746841842571666
25.787806840175882
25.825574186323628
25.85487384446942
25.863597393599832
25.91374572645041
25.981271079962266
26.04828903493075
26.07639625587112
26.0791041485823
26.118315530704262
26.122299237203
26.210697452229685
26.237161946953805
26.24413776062322
26.258951223791012
26.314676629726943
26.32241453611808
26.38987937837726
26.555569149899007
26.570427548908782
26.615980323314457
26.732816068141155
26.80127408481448
26.801842402688745
26.80764592142519
26.847513693261106
26.888580660071558
26.969948331418298
26.973171743763782
27.019016691165884
27.092317075014165
27.17010877458239
27.24340500475084
27.25095107385723
27.305139866614955
27.440551760805135
27.47859280664446
27.53280816335623
27.553164328083724
27.565722587825352
27.622497515624097
27.64569510780419
27.674010130396418
27.721230532575085
27.72434975082941
27.861182343415393
27.87717027526109
27.946237249896996
27.986860495276456
28.05871085502255
28.122167769207095
28.18842236265683
28.25803026964959
28.265277332187168
28.328784510854955
28.354488186139747
28.396119619689735
28.566153784281376
28.579039940997845
28.67158076142579
28.848787355058416
28.950733807225564
28.950848486092074
28.989443847781978
29.063773157805635
29.08044358721378
29.091285043894445
29.13775586690588
29.153973614068118
29.32881844305527
29.393259443333797
29.426369567870424
29.435698934432924
29.49360041494733
29.60122031216995
29.748876815612704
29.85929132684249
29.890263027051702
29.94506699885286
30.065181476320145
30.197717087498926
30.223613775267353
30.308643224912704
30.312668977673475
30.36463022658116
30.537678718547344
30.557128758009032
30.663719480024728
30.71994027381841
30.763488293924194
30.817294125412356
30.818697601709044
31.053739905458617
31.107781455505602
31.240066151384507
31.41922866310769
31.43503042540442
31.49214232362679
31.560210346299122
31.663622941655255
31.81523102533402
31.87266349711246
31.9814738573559
32.06254600950901
32.107295743049505
32.11172270339445
32.41057961112899
32.748671614503586
32.92253074803392
32.98864397786294
33.022031596910956
33.39246917146024
33.8066643553059
34.01667004438964
34.08603396686416
