0.0
0.0
0.0
0.0
0.0
8.92270147265966
9.158917756908322
9.76057067535852
10.022069937377399
10.082066745256856
10.330159717567236
10.66751803816765
10.690214204182817
10.731892979267514
10.826757354879827
11.131176306885234
11.2424771046071
11.260841198449492
11.270925735376593
11.305639736377419
11.444676480037149
11.448541389444186
11.547410557669815
11.712139682319394
11.74490215354567
11.78406760128653
11.831947178878126
11.886118637308742
11.94968652650929
12.12292591294742
12.213270269276945
12.228751051497328
12.270930705853539
12.300936565416325
12.450112748677437
12.45737699740728
12.509848296704288
12.606847446923386
12.631266439480099
12.74809568671087
12.783179081659343
12.851579354029038
12.880470725579842
12.902514903889067
13.032163994460046
13.032845104162718
13.057160850863928
13.072910946737734
13.087810875267351
13.131767893640626
13.259549817754651
13.339146132653582
13.426996792400383
13.450606793954574
13.463496596818654
13.48036958316566
13.512020775344453
13.569794020484363
13.585907576358414
13.651579451030027
13.708488993533889
13.844928781056021
13.883088878652144
13.923568642874162
13.957430786537078
14.016288978320805
14.070159435423363
14.165930014175968
14.189686364351754
14.191251547220098
14.246251713351395
14.254209375495128
14.282068215042672
14.375980863108751
14.439652739611956
14.44253335462534
14.451882616963195
14.45272049753615
14.574352685602033
14.580429789672596
14.585641105141866
14.602958407675874
14.627305390734131
14.657027509825147
14.708036584619917
14.842606318748967
14.91371177099792
14.927339115217118
14.939648848756933
14.999172866331838
15.03092463052337
15.038646908685122
15.055828501625594
15.05718384263012
15.06949808734711
15.079817025434524
15.123524640707213
15.227712661070168
15.236242936127706
15.239654973509722
15.251752446158298
15.267137260601132
15.276464885704456
15.333846909143027
15.350672701318063
15.361397622629697
15.423261150392538
15.664775715576074
15.668330923774027
15.71845663194612
15.741410823472979
15.777762760900863
15.79431252425487
15.79736554024793
15.842290225523715
15.875737740859138
15.884644947977808
15.885720827739327
15.938821981832628
15.94129315202698
16.007896612018666
16.031014855258846
16.112833854286556
16.113560604097636
16.117418814855593
16.137272645632773
16.149774807580872
16.158577783589536
16.240452370911118
16.263075423713193
16.328157080886015
16.350932263318814
16.362432008740807
16.491286505728556
16.571911847812363
16.594492453660088
16.649631475054402
16.652541155881405
16.711329897334583
16.741810765665704
16.761121029725707
16.778535406007254
16.792627996810523
16.81977925209621
16.93094188476744
16.94033403307625
16.94247312153444
16.972670015788726
16.982308714305262
17.05371022071078
17.05624165855479
17.122595466861636
17.12773176327203
17.152958054621912
17.1853705040022
17.204576837493892
17.2188056774789
17.240130634941284
17.263742414033143
17.26639497493544
17.378572234538915
17.40181151213165
17.41147156460865
17.41975759803441
17.49018386254201
17.496227634211866
17.521632211186834
17.524213889671692
17.56551932391316
17.667179238520827
17.699905227002002
17.743190662374044
17.842294166648006
17.862214523018626
17.896571188643478
17.9122214266787
17.95102539753595
17.992715700983787
17.99945092793971
18.059503211172288
18.065258065344217
18.072819527451397
18.101252807873138
18.15400340679711
18.163981656912384
18.19100051998362
18.217936033149797
18.23360953670136
18.26440139923677
18.275502312221647
18.29021757189303
18.351485766416413
18.3898263560648
18.46224180703092
18.497489435741212
18.498563141322748
18.504213584210518
18.53154046289472
18.542334538603725
18.579836489643945
18.594698506147143
18.62713238059567
18.788669022068813
18.827727861701707
18.857805063912263
18.925535258096293
18.940218287962775
18.948238966942167
18.965300483994476
19.026743539305187
19.094084857736238
19.103995032974392
19.10773829278318
19.133173670634022
19.140146058642248
19.158131377944702
19.164508040814916
19.27422554495349
19.313273138753804
19.321806883301193
19.34076576465047
19.343232104240574
19.400748155592023
19.47392019256185
19.48770080626341
19.517633066752698
19.59036589233475
19.59875698427193
19.60306995769196
19.64128158635854
19.661023519651877
19.66455677781485
19.67424505608293
19.677510353620082
19.69733734025005
19.73145724013602
19.78527982121942
19.87424152328715
19.887898361163842
19.896088958312276
19.91234530918654
19.981636521452266
20.00117848938587
20.039849905885706
20.07689923669379
20.10726504467145
20.108256511856283
20.13323762464506
20.143983057579977
20.172738724903514
20.19513248293577
20.267015876208607
20.31359767592517
20.320171312265803
20.391738258782983
20.489565649725677
20.52166170756412
20.55192282671277
20.57378698621172
20.583789559823487
20.63175232676732
20.674747073304278
20.68436196035042
20.759390445591524
20.797492116686787
20.806902722633147
20.81337595505227
20.881777912888495
20.885725021798386
20.900838783461456
20.94104197866381
20.97281105638094
21.02162402690534
21.022808717193133
21.06899053996549
21.109973418430286
21.122934562635997
21.15224921994991
21.25357734094914
21.26241156272259
21.359291863941806
21.412019894926097
21.41332773613053
21.46568086196904
21.4973077028558
21.503620131347255
21.524860959299527
21.536785659480373
21.560956024244195
21.585799395109138
21.61791334856446
21.651301801990353
21.68504507753999
21.729509475532087
21.768985212117272
21.79677067512146
21.8164719453109
21.835855646469497
21.8670227268648
21.95612195105703
21.987835551274316
22.009247021011024
22.01253514653294
22.03492165982537
22.083558050671936
22.144090603735695
22.188189788042347
22.216350728141155
22.229012681403095
22.32991133927949
22.335349437379726
22.372888811046295
22.402931393500694
22.406303879813986
22.416918017779242
22.467770837123783
22.50520303022642
22.520446697980866
22.579900749801467
22.616445641462708
22.62231480860047
22.628496611366735
22.68843128027715
22.6918056820529
22.74148911679419
22.77803316194288
22.78407885010577
22.83746002632981
22.86696595420195
22.90108633726921
23.031491385566508
23.056840116851706
23.08517031498919
23.15411786758358
23.214576009304565
23.215998780619046
23.22888949863623
23.23520326899715
23.275288293889428
23.338415317611265
23.339387373140024
23.375122888434305
23.409258173637067
23.414483169730275
23.45626674348427
23.5059082692841
23.597075659473738
23.598975311760896
23.60373898227332
23.609579947228184
23.660811572619053
23.718789197082604
23.800271408761255
23.807842301622628
23.87857018474563
23.89686719487284
23.95242391850922
23.982488006816617
24.00754113803394
24.024279798268683
24.07720686648214
24.14065215418661
24.22890894959916
24.25640225286462
24.30746470441659
24.416624802224163
24.428192412107293
24.46259657203458
24.466747634234363
24.48188045203853
24.492175898536207
24.50412232417055
24.54721180433273
24.60962857132335
24.657757975989878
24.69652793320759
24.732522298497166
24.740507894247344
24.74154234437451
24.79477998076257
24.88278048050411
25.007336097308702
25.027781607520804
25.101860925240647
25.10191775952275
25.118214473038748
25.21034077112002
25.241056688266656
25.249041704002156
25.28586204826232
25.296183702970886
25.356202036689947
25.36695280522569
25.368658336962724
25.38821248608441
25.462783503485173
25.582419180579574
25.61528950914374
25.70251774089742
25.715193043419625
25.75897224590351
25.799518319349666
25.863571272889295
25.871224004763807
25.958958342673206
26.025761316202345
26.08060598072592
26.08645169750448
26.11956512454316
26.191223908408354
26.220786536214835
26.28559461874279
26.297755820868463
26.37201245394619
26.38994117134543
26.40154471769281
26.407890923524565
26.45908521028294
26.4913551488846
26.55652082779356
26.726799405462355
26.799346385140748
26.804213373974502
26.813224185481626
26.817913127340688
26.832461716703573
26.881499841193747
26.896142821784686
26.96647386851996
27.05532492016917
27.060432939907876
27.06790382995375
27.17371268957888
27.27413761348382
27.30378957654315
27.377733626687373
27.411048864277813
27.414904843201953
27.543401272450687
27.59861166452421
27.62241477134721
27.676923786429786
27.806605903021868
27.95162827648767
27.97440314507292
27.979814219716598
27.987108211311075
28.118122180001194
28.13882683012796
28.196179607384202
28.222013284688746
28.255698844559547
28.32257528278225
28.394368500674048
28.40717574996942
28.511224494423796
28.605526742375435
28.79185444319292
28.79438779908377
28.79682143215879
28.836895926353584
28.96470798770665
29.068592802703556
29.106697969459496
29.124628943601746
29.12948354112509
29.177600934863985
29.235841928375528
29.437348836585315
29.455737422131836
29.50199781819094
29.54871227846987
29.587899325674062
29.824112400432995
29.85346120405921
29.87188002060147
29.933133777320503
29.95072334364549
30.043650690841744
30.270779732857164
30.28561578282442
30.357873194598803
30.358084025152444
30.592648777004456
30.71660361411961
30.752788806900014
30.839040249907434
31.110075417836224
31.334816707287846
31.336564936060462
31.451708069601615
31.578223232243996
31.62362706765819
32.42676894246095
32.952242490120085
33.231455383535085
33.37895141283167
34.0676134819782
34.33802022830116
