0.0
0.0
0.0
0.0
0.0
9.32270140817146
10.074906050287163
10.416813104373059
10.618424174131974
10.752535013381161
10.880102282061936
10.911706941440896
11.15286551788892
11.226082117306976
11.249633393523734
11.397247437989929
11.476619462790861
11.476938364246687
11.678120702458083
11.792950027672862
11.794005213772445
11.796113112341692
11.84546717726657
11.927912938737354
11.955125748075409
11.958192401082085
11.965436102184992
12.07490393764834
12.189532424323193
12.229191202661575
12.250220213006617
12.29411654368992
12.36048790009568
12.440408651036499
12.451781214758423
12.522025598060353
12.546223281591868
12.63779162592655
12.660789831947135
12.801558308701548
12.835631887171763
12.963824386841866
13.008648326791077
13.084273973425079
13.14857802205489
13.25555590967886
13.267530189136137
13.290381066910081
13.346112549668808
13.403494736955357
13.488662854050263
13.529749241001888
13.583517078524578
13.687320273668327
13.782389091626039
13.792232833489292
13.807981329543372
13.84224193564765
13.848401778579037
13.87055764698826
14.043296096830504
14.118678709772048
14.150027107527977
14.197646653066862
14.202876611913249
14.20873313735608
14.249434590944059
14.322046156757384
14.333606236407073
14.371958958189193
14.4579298958251
14.45937593965035
14.509124231363431
14.534003134919896
14.631252084033376
14.648812953293975
14.658640379314312
14.66400260203411
14.705116294036044
14.719698017221733
14.76938678984896
14.847399071281398
14.875343532432318
14.891347213433354
14.932139674688132
14.94771070699574
14.995295526971223
15.030459642100414
15.056907027979284
15.064808745437746
15.122122748815869
15.15741182737259
15.169140625881125
15.217195663187239
15.265384088510382
15.340205439586363
15.346582221633605
15.35255378138969
15.433953770394957
15.472944903433172
15.482444166701384
15.50729553803167
15.542636095780262
15.552507093923683
15.6101040362001
15.649001009385124
15.674781466571325
15.70016552447903
15.734620325061634
15.776138776892157
15.816703857255861
15.849632616193992
15.941231218292147
15.997622587984173
16.02145315630116
16.02520946388534
16.059768184098605
16.064875327524405
16.155136614385718
16.220899409155773
16.276732305209755
16.311910608350072
16.339237267785226
16.37713820499407
16.41537126450729
16.456547243327762
16.493500323453958
16.494813208059963
16.50174662768346
16.51844699173535
16.562485681844215
16.639404659740702
16.671722828970466
16.68960032259607
16.690013096190267
16.754178250834375
16.758663781542243
16.86171592572322
16.86857244085602
16.871931642158106
16.942257467359017
17.053024413494388
17.088960473448317
17.152108137023617
17.165425984028833
17.1848414723338
17.206710084319344
17.218338607607777
17.231768738389075
17.272210375496975
17.272411064267803
17.29436496902495
17.310957487636546
17.445038639721762
17.457603176897255
17.470386338055683
17.497475502623086
17.50331993742386
17.564536051514153
17.619727931814012
17.627802136346713
17.659943317088914
17.68372351315293
17.69630984365203
17.775215149796292
17.825203494946294
17.83419098188537
17.86752159810371
17.976024096910812
18.002330774671922
18.00469357076682
18.046039281072602
18.0484591007925
18.12522302987914
18.13013295584243
18.149929225069474
18.160219464875873
18.174123929535394
18.213221723924608
18.246161160438866
18.26527169650803
18.395778820755684
18.412656952675558
18.466275133248065
18.488352973905737
18.505620554292133
18.54175582447042
18.547929078763747
18.603376590474433
18.608421689880604
18.6324023722511
18.654273002228898
18.69503175107938
18.758784242931956
18.768551529226492
18.835115977930855
18.85219777938173
18.864320566995286
18.87224568263053
18.946825988658823
18.95955085923717
18.964336352124793
18.995856726406362
19.036083990181687
19.049068262986285
19.05995150441994
19.0738034488
19.078879764550578
19.15927716005374
19.227431013029875
19.242046480895375
19.269329994450086
19.30776804780216
19.327039014893398
19.33941576058159
19.367720528862474
19.37125048546998
19.383854054578624
19.4423862259443
19.4951197490413
19.534750732966046
19.619509538321775
19.630341148296832
19.660473171436276
19.693769403769522
19.71009881649805
19.76725430229537
19.853120500626762
19.861002750159948
19.90655719757001
19.962924836993718
19.96649999760443
20.00061737940367
20.003699678104603
20.028263446726502
20.064212592885273
20.071377200059676
20.087511215225103
20.11369024109311
20.213519873963605
20.2231815105858
20.22879145940799
20.245573297068184
20.27913173315121
20.375568800397815
20.38801246551137
20.476136547497926
20.50429440176304
20.54190362075888
20.613333846094196
20.622784659893785
20.643424720354723
20.73223976067763
20.75479801664773
20.803839843736498
20.807160484022
20.828953077122208
20.847982663792983
20.85602883650263
20.934122645686287
20.9916531886995
21.00138205539264
21.017884805074328
21.041183565090048
21.050522186411886
21.07807160010785
21.082616762666394
21.141883682003673
21.163837565075173
21.292733490760067
21.33650107041719
21.38579580017625
21.38955143733088
21.390393911744773
21.40441702629168
21.457267029199638
21.558280139798196
21.56514696315949
21.57080131692931
21.593389618920575
21.65613838302676
21.71311289040306
21.7679885122226
21.801198834703264
21.87127854059783
21.894202876916573
21.89808518562212
21.927327120498163
21.945409062950834
21.996496008175857
21.998293982222048
22.038064287546224
22.06269218349232
22.109143530475194
22.125307404517322
22.16254393303212
22.167013722135234
22.21518801563249
22.21540207087035
22.29371326527621
22.309664255804268
22.333059565773404
22.39078751022172
22.401207778024926
22.525882182927912
22.547819171994387
22.56863108431801
22.594956371256888
22.595484282959646
22.629744899074417
22.646859766366163
22.69644485166828
22.70992765348039
22.754303714445943
22.788600924386166
22.82346826752797
22.837763673096223
22.843038935381415
22.912507633076345
22.98283759126867
23.032738330605216
23.071200444739432
23.084274688673357
23.14056197755991
23.1790492080897
23.24164856761931
23.255348551297754
23.26859526210247
23.277818032010764
23.28663762930825
23.332409713965514
23.35322431932242
23.385626125978725
23.409890706992645
23.426639776293904
23.440404370248793
23.482736377919558
23.507262730689785
23.527449833982846
23.596827960871472
23.74112328386013
23.744147738507152
23.797764681948966
23.953890544251617
23.957899447458892
23.96049501330873
24.004538748017154
24.03737797437482
24.053577844298218
24.07643360253887
24.10350527161725
24.15224028044018
24.15665659464851
24.2632837756682
24.361371355006245
24.37287187967273
24.385187189875197
24.500501368835504
24.522714523726354
24.52934513586284
24.612469189767214
24.62333247816511
24.642410188149505
24.67192104747213
24.78858948053326
24.84707010140227
24.878056247417245
24.885353153224468
24.891715109464005
24.90901772752353
24.954903636185342
25.02903729949246
25.10473891204643
25.1444487918858
25.18604230335053
25.239991442703168
25.26358353927697
25.299669831418786
25.321783908960082
25.36361988014004
25.399871071618886
25.469326580721564
25.472071918948245
25.493916170512936
25.60725861240551
25.62595129407389
25.62806272356863
25.653283917782886
25.77686156106363
25.784460480122096
25.814319506212325
25.897397578596337
25.933162747421456
26.000185070589584
26.04845812087291
26.08871149553149
26.090947380726046
26.12326152612161
26.154340913776263
26.16722648290571
26.209485764166022
26.212455788660712
26.26734523516935
26.29180867877672
26.296675864218454
26.344859173195225
26.396533819663652
26.459877642672133
26.479331601554488
26.648013534895757
26.654730220007096
26.6570233980553
26.766791635674767
26.845596807520113
26.937293763501764
26.986443908659613
26.997004663213506
27.001530798803127
27.023100829071826
27.142128184147197
27.24405954235566
27.255864674576742
27.25804070406032
27.40273553002364
27.46526455753974
27.506659123533552
27.540880820751525
27.544547009289907
27.580667546134137
27.62638530049833
27.68518200448858
27.69927287989697
27.745071990320575
27.75782174600646
27.886147710477132
27.90357587325341
28.050771032092463
28.14227962929364
28.21082662752962
28.229194034083708
28.34774455621327
28.492927710209244
28.49486358680775
28.50810641830895
28.515138647387488
28.667491236232287
28.687663613191003
28.783959937034357
28.80996300790128
28.88154725287157
28.92050006945713
28.954420736222268
29.19462501906054
29.285332943205052
29.308322456250966
29.323213232291142
29.431746960734696
29.49949204452767
29.499534315072356
29.5774121019526
29.66437807138567
29.704967000168583
29.82923159365045
29.846640882902303
29.86822482242196
29.89013714446449
30.09128016093244
30.12636251251416
30.47384506931927
30.497475353251467
30.5138140789201
30.735426433555375
30.735657674463276
30.8005974531619
30.850929632558667
30.877282230367594
30.90218447570727
31.150468471645198
31.16381590171474
31.25465678826954
31.32761704685401
31.384617687737766
31.521653999936728
31.543159289117042
31.608177084753866
31.959575312984224
32.03234184954622
32.045052408841094
32.61998573335326
32.64010257617171
32.70636931610322
32.735475353436534
32.99761449233549
33.330170216292274
33.341610512432716
33.724896203431136
34.03976106442895
36.164557715165955
38.73932174959132
