0.0
0.0
0.0
0.0
0.0
8.35662476048691
9.054153072917908
9.61267135809165
10.038829959952176
10.140007824498364
10.3682646788317
10.374674070886165
10.633434185245921
10.66574504621428
10.72750215549823
10.841917198318082
11.04463427659185
11.049782867243499
11.179532130725738
11.425753983977144
11.535804075435436
11.53827637151493
11.59202835687508
11.610209923938813
11.663274153609732
11.758793260126202
11.78484211015627
11.897313478869826
12.038678354056263
12.082929671056965
12.119760077657046
12.14126282750726
12.14402013596689
12.168929491830522
12.231208143790319
12.241887604892817
12.395019498616184
12.445805143659427
12.535827008389106
12.671513148482667
12.723020485992075
12.727302017430057
12.761277370310165
12.775796588606639
12.788486622768488
12.842880733799669
12.855048869341138
12.857714891895553
12.913656729556193
13.03301897514803
13.085454353202309
13.12155858189557
13.144292754833728
13.211719040654678
13.234857254681064
13.26293382752823
13.270955027842476
13.280047754614841
13.290179280059014
13.333338504904
13.506915917236698
13.512702824886965
13.549027500202136
13.635828177003676
13.674865269391843
13.684289417765537
13.694168840429821
13.78765305158875
13.830432501459223
13.84039969807239
13.893480509181572
13.928459287307941
13.931789444394713
14.001816567842445
14.065679493890856
14.068327040560062
14.11439285750655
14.116706557019965
14.124794583333282
14.169202489473713
14.2256112160377
14.27452617116607
14.348013304411808
14.377618917918157
14.426213793360793
14.468256830636209
14.544984298890197
14.552372222904491
14.600333968172357
14.66716145079892
14.688691738647034
14.741403454013588
14.760887372050705
14.789142880091603
14.808001024412931
14.8405026427585
14.848628979247977
14.905502821061136
14.955861921686974
15.002818274964033
15.007143440319911
15.04460583307734
15.122408793323483
15.185852104627298
15.20011372455242
15.266812429452164
15.297706402278163
15.31765429242201
15.346688348093087
15.409420530100006
15.467361634450482
15.497379032522744
15.613193765802734
15.619295658690913
15.62140657528668
15.66427329704877
15.705584604696227
15.776889053786604
15.794810461163609
15.837461003409139
15.84598480398919
15.853352748841965
15.891834585844817
15.916805257850777
15.918132200461976
15.953158300374849
15.978659359689896
15.992240337884018
16.067545191289987
16.116765783123316
16.144641503789245
16.163150479552193
16.182110521567694
16.215854310142852
16.29613840771983
16.341522534580857
16.36677311568721
16.372842053844515
16.418361754909846
16.455187144424382
16.475544379291023
16.504280833731936
16.54176586062307
16.557211544448023
16.616961608749914
16.64238766337436
16.663691013377214
16.69466731373615
16.743392639761183
16.7845258375518
16.801068484009654
16.81574086057654
16.836465523973757
16.85965967720676
16.870757177171452
16.891240541236023
16.89212908401919
17.00549189124324
17.054036902316323
17.108494329611137
17.155774755960977
17.173832235671377
17.251598692654323
17.28027899853201
17.286361108775168
17.297746351972858
17.353543085125466
17.40076095341618
17.45440803216435
17.53621566197769
17.54920909705704
17.604308933874268
17.625157667608107
17.652430409316562
17.672286604202423
17.681486706875
17.719808303306912
17.732261737896998
17.77689514955402
17.7991828018303
17.816303992246223
17.81972365035485
17.874128919974037
17.887832994135543
17.94807240251185
17.949924133030382
17.992265396223036
18.00359036212345
18.009364946152097
18.040111700814414
18.080916934906643
18.184699100297202
18.194746683574987
18.21621027955488
18.236777089203496
18.295235175132696
18.407622109395273
18.413440440738427
18.42063307853019
18.42099277150854
18.47102030074946
18.486411450016902
18.500854480322264
18.51581391429962
18.56256249431355
18.578384036131787
18.639610891507036
18.640462325182806
18.73940719059182
18.758783017104317
18.761417923811443
18.763697708477117
18.868688845775953
18.88491248091013
18.957003481151922
19.0016268905642
19.01167411182254
19.03784734351606
19.04225318991165
19.054572543071455
19.089607558401784
19.089739330438587
19.177103415326922
19.210796123915802
19.260389549178498
19.29915102231384
19.306129517685523
19.31654751664529
19.33352528684126
19.42936577323454
19.44826976661765
19.504062979212893
19.509041458849122
19.54752795190968
19.63068869566864
19.64184916633469
19.655551807812856
19.6775131726006
19.702709654041794
19.728643081106103
19.739256932784734
19.76277882522487
19.823832787488445
19.85126867302075
19.872480601876624
19.874419422797796
19.95709634050943
20.000389558461336
20.005857906818072
20.09549012932618
20.09667084062678
20.136681252865344
20.161857358320088
20.1965107638868
20.229722596805146
20.254485601278375
20.358773318410233
20.37988176917383
20.41618332998417
20.499199968192823
20.52817703043694
20.555075599951913
20.574571104422162
20.584410834494967
20.642485106689605
20.65440308062989
20.661450679279046
20.685237115024307
20.712400518400674
20.72345405389465
20.784395774363542
20.81256808203663
20.91616063129924
20.92770917134491
20.930878838094124
20.95550439702
20.994549981285196
21.004926309572387
21.101214844481976
21.12884034974839
21.17966584721034
21.23961004450907
21.247457038857082
21.248290781694994
21.328100777702552
21.35273972677382
21.395806657439483
21.425673483454165
21.441583857396793
21.485110459094106
21.488217323616208
21.520957225208097
21.53316381665275
21.5465655432857
21.58592661814707
21.589744340457084
21.600269444029085
21.73267268015204
21.755217858914925
21.76773803541859
21.839865857145444
21.84998028652334
21.91746586493055
21.948110156277632
21.956020501231297
21.976173873514497
22.047685944117706
22.119458988768596
22.146192954093472
22.15965554774509
22.18408784519283
22.217600089922858
22.223653442696918
22.298206744606833
22.371271301557677
22.38042905230223
22.383819514118823
22.409717155452185
22.415694424767523
22.487728546380378
22.537596069971663
22.556409357826983
22.614592466333512
22.625956181567076
22.662772124078874
22.765221890952
22.798769243767115
22.802981110917298
22.83750651018945
22.85170549588764
22.86382725194476
22.92327004045254
22.92526852322843
22.97853447304804
23.04501947988844
23.129977230754463
23.155699165887086
23.200278808697632
23.238997757643133
23.247411014676292
23.293458517064085
23.3194666152729
23.33636609972489
23.401983672349754
23.444401299538214
23.456260844584246
23.518419565973712
23.54414725520079
23.557014935010194
23.560388978685854
23.57815619857461
23.613890475338508
23.64197616626624
23.74691337890448
23.75404823235551
23.795650316647283
23.84877847849476
23.867263133420753
23.870348562103498
23.95935014964525
23.97056473155676
23.97168806148063
24.041853014432842
24.102579286272103
24.12981969290904
24.18471433211012
24.19310672940579
24.217763419211696
24.22318358973708
24.315080613783078
24.32943725583304
24.34402381938298
24.36472301962912
24.409453724977677
24.425320177473935
24.437716053456707
24.44712569163295
24.523904504933398
24.541833232315724
24.597999773319593
24.623936147188594
24.641113948538475
24.6960660919297
24.699267124530966
24.8045624555894
24.820508760564447
24.83665025041987
24.840556191921284
24.90242667420427
24.96972550546262
25.053430979938547
25.067679580335145
25.117251809593764
25.14253407750965
25.171050606994477
25.221340108405325
25.320666813131155
25.397859224186004
25.431272219502315
25.43161994688975
25.457585104329805
25.51135219724834
25.584700066888995
25.588173759994348
25.641782099193424
25.689726891019003
25.735204185714647
25.756582617584723
25.869507205384206
25.922662327573978
25.93828277782482
26.012950990651692
26.14298596938018
26.19538474637548
26.27326130062216
26.293194908072646
26.354579858847696
26.406818988745652
26.436768167181427
26.44765327664465
26.5172848449626
26.54319788148631
26.55557639387418
26.584563283100916
26.619342933848166
26.762039654271327
26.766484672255125
26.78338627864326
26.90506397517305
26.905947681353382
27.014850128692423
27.074327406542288
27.077768910329386
27.247949208436605
27.356054399857488
27.377505251241768
27.43248906281431
27.507689496368865
27.712857686110606
27.72093487789545
27.752552717766104
27.805058097635282
27.839031992154318
27.89697869819396
27.918169787289404
27.968836020553844
27.972422881706624
28.1112400450824
28.19160377859456
28.199517158139745
28.36890743779455
28.370441794554797
28.421139673333666
28.42871042610549
28.4889123468661
28.520691098477183
28.572395141416486
28.759252880700046
28.762222926198728
28.835309356864233
28.95021270274353
28.98146468892703
29.063026668032443
29.104030675685777
29.27815615692528
29.284022332482273
29.413080695658383
29.528071858677148
29.55910600789728
29.78864364164563
29.9582861948637
30.062935694554298
30.095998573752286
30.10625372627457
30.21206128866904
30.22651508196113
30.22671065632787
30.73676019339084
30.797599485144556
30.942746351741306
30.982103440668375
31.116753543751617
31.126689651705803
31.313404262584108
31.340194196910943
31.374108153656202
31.613907964705547
31.621792878902617
31.746759054315742
32.005062476977315
32.13949861609875
32.161350751530726
32.843275233432884
33.17525731442768
33.19945222817172
33.26381715160681
33.43566845833886
33.43913301034537
35.3782489403272
