0.6423517501284179
0.7172597985788974
0.7363698364838287
0.861579153835814
0.923658011170599
10.034188720783996
10.137278880543139
10.765946022341963
10.834041693485554
11.188736809560988
11.426599839142284
11.532209254050894
11.67621594743828
11.87643639725927
11.892090729769704
12.061099149773947
12.24194950386393
12.256469285726258
12.285028597584725
12.352758361007961
12.405496067739564
12.468742324416597
12.499080712447947
12.58524622064791
12.624794542108864
12.660398816654908
12.71853984994923
12.811556513557468
12.84023739115962
12.909474048527308
12.956784000001843
13.041320357047491
13.118930668474748
13.167347341951848
13.192231418143809
13.279810248944413
13.312436707114061
13.343183879986295
13.364481998561445
13.496035271580576
13.550793611188476
13.579953705213429
13.614611977018908
13.66620420823472
13.712243943211773
13.75448655459813
13.783661015288507
13.80881958791812
13.865000731666992
13.909515287070356
13.970403852900825
14.002707895112572
14.039788892565895
14.13003384211617
14.199536890259793
14.314000331385476
14.37181487136909
14.38707084322476
14.430192358110844
14.500590420743702
14.540538131536927
14.553498135336358
14.564456132394865
14.61217346018487
14.637884622729633
14.65739299913481
14.677184918949667
14.71273687773314
14.747505507077413
14.843435531120326
14.923070517620658
14.943407472720537
14.963636076387242
14.97652313252528
15.049958829183115
15.05588765538454
15.127379684011325
15.137065665080456
15.187978711552102
15.242941634696045
15.276116640588818
15.313217725804861
15.376222404051898
15.403839806696725
15.446460443034013
15.491495336287453
15.528307608455394
15.573524206227733
15.6283087745572
15.640949374565109
15.690013046993467
15.697626650803663
15.728753529444635
15.765950744736884
15.77765389494599
15.788565925754538
15.86693396430245
15.903128830647978
15.930348716439013
15.946821518423477
15.988501526073948
16.006183250598056
16.035927127204673
16.081696329704208
16.116077814365752
16.16163852415806
16.182834298429416
16.22093506133053
16.25618209106674
16.283110804801368
16.324686081284693
16.37561051016942
16.425547877359424
16.458945578147475
16.515680024000154
16.541303113563046
16.55610920429423
16.622868356975726
16.670952366564222
16.714807616367104
16.760550701267398
16.81635134475162
16.857648076355723
16.872224424363917
16.950425109726623
16.972425015686643
16.986570563222426
17.030621155906775
17.074566928325154
17.143520522112517
17.164582150518847
17.19966280878249
17.242121566820355
17.266665868878434
17.29782385802216
17.32002144432893
17.367013283769257
17.376960242101948
17.40923705495401
17.47296079761725
17.517037727015968
17.574548754365285
17.59053093591694
17.62589206590625
17.669529320736565
17.698781268108316
17.722863099692923
17.74900049399362
17.75584252418942
17.782176838008652
17.828030506961444
17.865242374860234
17.892777744335124
17.94149000997026
17.95899977212033
18.011819671375875
18.022109436962303
18.070750463793786
18.10419717901903
18.152079001039652
18.164426974149446
18.19069509133717
18.22152194581407
18.256743216052136
18.29211555600667
18.342952660380877
18.384019182357708
18.419513929156935
18.451878206749114
18.4573464990167
18.515723659231387
18.5290970175173
18.540939193360703
18.573668540466134
18.59548401242038
18.621146274237045
18.63869863266585
18.70067268822182
18.7553351106618
18.777206616103292
18.823333529745536
18.82996326670116
18.849794873866625
18.883224537204534
18.92222193967551
18.93000669334595
18.952212513615777
19.01541186578119
19.04383457219858
19.059704323873607
19.091454780180417
19.16586383607128
19.223402120820325
19.244361547204043
19.260725661811662
19.311666483778396
19.32494718900732
19.352541745905437
19.38113728033482
19.40971770025565
19.418588457665745
19.450855181006464
19.48674942588979
19.536274361650904
19.574275619268697
19.62302444129328
19.64781659214058
19.68955472726132
19.716117089038068
19.752502782893806
19.788458462041255
19.823437969067996
19.83279674486628
19.87435006968024
19.909410678451422
19.943989956963147
19.974266790516925
19.99207893631728
20.017869937373415
20.02929393911601
20.068333199367967
20.127268983119947
20.182753651031266
20.203408039488476
20.275844213225252
20.32251710614834
20.326876710048495
20.388349159305964
20.41508108534711
20.45300120873718
20.481856430874835
20.513991776909286
20.59954184280402
20.652414979439666
20.699031274570924
20.708852417123488
20.73361163539005
20.77161498150159
20.832544363099032
20.8495063905922
20.878160033639055
20.938116027546936
20.961795646792343
20.998668662828344
21.005261701511586
21.049602051530822
21.067429082280945
21.077325922284352
21.111458031465236
21.14442713781047
21.190004254192417
21.207620247981428
21.222985422139082
21.285551238741963
21.3021240446705
21.333135208227375
21.350223886259837
21.37864762543846
21.420242240393375
21.4721264947331
21.503426298429495
21.554594992054906
21.570701323837294
21.608286944210597
21.625639471831978
21.66243293099303
21.69524414979547
21.75263853228823
21.786807941224794
21.822323739446375
21.847626237108557
21.871269343327803
21.959852515740693
22.042680110066392
22.070861777206606
22.088158473713236
22.13851861580068
22.166239719385032
22.182858748204556
22.270201931106804
22.27913939354809
22.31452071723006
22.356886289165672
22.388898070675843
22.413015937442648
22.435891465350366
22.49525032572199
22.57503508546392
22.623883501040577
22.669614976126592
22.73733598960881
22.73810450587935
22.764161441990613
22.83045133789809
22.831229498264033
22.87053227240784
22.89490223177459
22.927188063190957
22.94254495955538
22.97264950090391
23.004101898193284
23.01225764135917
23.07569572967069
23.093820557602598
23.115360797337313
23.165558048956985
23.181044738517063
23.237989327967686
23.249871542368137
23.267027643065077
23.348653308534264
23.365989085187095
23.396509979534073
23.41218962623157
23.47832435014298
23.51839278808673
23.562848795180003
23.56752334445651
23.609451826922452
23.67995742678175
23.69980755592017
23.735290024342152
23.755113055631217
23.782299316554987
23.862208699292516
23.894981119407237
23.953639165187592
23.982183175331198
24.020720902372283
24.063354525082755
24.078041456990363
24.13281281563096
24.185129570048808
24.214259258081448
24.2670370299581
24.26722149051348
24.342461817251962
24.358966848372066
24.371816980355266
24.41069519425548
24.443111620460694
24.495432010468523
24.514245053895067
24.52766861527455
24.563749048608635
24.596133005247896
24.63434054050489
24.668937008474227
24.696291694798223
24.74688358134908
24.756172316638043
24.828922692411723
24.86494503592069
24.931717246564148
24.964708444216548
24.98303822913182
25.05113432249244
25.09872011755271
25.15025431122751
25.16222000592582
25.22778330927915
25.265521833215004
25.29170964183039
25.319847093022
25.382553326353253
25.387365657587086
25.467697744010625
25.4899594058677
25.530887050047106
25.574613071423556
25.642902801913905
25.69048855889621
25.723609438184162
25.73603404242087
25.74850663489197
25.84886096112756
25.861346047626604
25.938290402870923
25.972053737251834
26.031136714546065
26.044252741545343
26.066408758268352
26.09057657993013
26.153807415708766
26.178984277368745
26.241648473394267
26.26008520152631
26.338720181983316
26.389349723928333
26.444705171587827
26.510810952411372
26.53440326210359
26.546928557231205
26.570388842627363
26.661025349140004
26.723366562776544
26.742537156680953
26.794716089497918
26.812827837354615
26.843336389186167
26.86826647115592
26.96957897783009
26.97956027519166
27.006645918163084
27.033165111618864
27.07568508036848
27.141486116811574
27.209531363784297
27.263200396412813
27.2784175838852
27.316096891069293
27.384934513549823
27.49404212519388
27.54669676383007
27.587295884685748
27.62166021514269
27.657872599651657
27.713924916791
27.777752247335748
27.833971924532847
27.908723707491284
27.980411527803525
28.015769095232613
28.03921711345218
28.133948378016605
28.146909954495047
28.236350850192554
28.29851283894874
28.337567091481542
28.38262157876483
28.423629034259314
28.45635939290663
28.5091898480938
28.533497895245944
28.551647189978773
28.600335962647712
28.696585618149417
28.716102604964213
28.78913359965306
28.828747958011476
28.91343645639212
28.966469169642206
29.031779412623262
29.07377775236459
29.219157812310577
29.313863404372874
29.332059124806687
29.417574069898617
29.438814774209366
29.506802097902256
29.534439036687566
29.53967431198362
29.71553376710582
29.777689830118593
29.882219911734182
29.9140730614853
29.96759538432126
29.984357262969137
30.068720745551733
30.16796760504382
30.219141034072607
30.35784725458777
30.383801241656307
30.440649791900036
30.59690319989688
30.663451615711164
30.764398903445862
30.84096776711761
30.891571707286236
30.906038542049274
31.037913524436064
31.058199978844133
31.1706348891396
31.24863094108406
31.29782790649801
31.35704931258835
31.505556013830457
31.60114149291537
31.677016183805186
31.805338540424383
31.922625890538953
31.963781573766585
32.01914103841461
32.0859500085222
32.11052122574314
32.21014670547838
32.34997511900445
32.393603296320194
32.601122548197935
32.78308325657642
33.11690988270919
33.176578864762476
33.555495067360134
33.67584630982117
33.87772308043344
34.051657316814506
34.17073943470044
34.297875150601726
37.93951358756856
