0.0
0.0
0.0
0.0
0.0
7.4860438138268135
9.846792018692073
10.39703212873502
10.52983560143594
11.069254106529947
11.097577007370699
11.239264741625915
11.244250486162256
11.451888714000177
11.576113890157522
11.704087493897813
11.840472584039315
11.857403211885863
11.880428142395145
11.995339857103422
12.206898729262916
12.309820128407653
12.350645196856112
12.363703618429248
12.456540968777672
12.54766619567512
12.607468040729014
12.658420430240012
12.676480055114473
12.695540158933959
12.7982903781988
12.82806656136691
12.835060397692871
12.889825693373746
12.961040205364085
12.98229778995851
13.058241235699331
13.090925909355517
13.192537587179654
13.226366668653021
13.246757210160032
13.308679010081155
13.357904288174435
13.367109365578527
13.425812891560494
13.432840479209748
13.526223466429533
13.54038599076953
13.574865416726125
13.606955655149559
13.634755666395229
13.715376863909746
13.757461091002064
13.857704696466733
13.862734065779504
13.875738722109014
13.880513426169806
13.927615855902435
13.993892657102577
14.029284945436313
14.10501834659914
14.139099014856429
14.157190248764138
14.16009674121924
14.290211287374989
14.324678478728744
14.376268943182234
14.417607441389666
14.44696288521179
14.530539736789988
14.546081211488367
14.582235539156093
14.588953378614438
14.695061583691261
14.699395478911955
14.717348898160434
14.746751555159372
14.777257126647783
14.811852220647221
14.907725640166655
14.908855577957668
14.970687945103446
15.004497577691966
15.045703828044843
15.078178157404253
15.093363209658902
15.126216900651889
15.283105827438138
15.296959171507615
15.312577038481507
15.31549137512538
15.334206425208633
15.391357970017195
15.414195419177695
15.484235659280007
15.516499861788418
15.520472498986178
15.577232888384595
15.57877508444075
15.613160215405557
15.711857784557974
15.725092622121384
15.751785144019127
15.816025055491462
15.871725998038404
15.893185458149578
15.91532060255599
15.954062368865179
15.989697957140036
16.028533063070125
16.043185716109516
16.13296398956684
16.15336530350511
16.168358640056777
16.168993365842127
16.27439447879968
16.29548090631159
16.347836876538235
16.401445202351436
16.458678909848558
16.46010309404287
16.463651222981365
16.49771027722778
16.543470873539707
16.57814969489162
16.594646068026726
16.65615375432962
16.671803781586785
16.705384288900408
16.728736141027046
16.735906035235775
16.776503869147984
16.78175740308408
16.881335031939553
16.887928428042795
16.991269296286653
16.993329691108286
17.05122018131184
17.061563138783303
17.06563368831526
17.147512034107063
17.164472839153426
17.235511168153895
17.245676649939842
17.31372314007657
17.320592149602906
17.397561887983915
17.409076029036225
17.449741736430582
17.49604750047604
17.50574254429423
17.53257769189162
17.537593669731837
17.553154576843486
17.6280828912476
17.68633969488911
17.730908130026965
17.77603005572032
17.783504475815224
17.789665142803027
17.891092046948415
17.91969169155658
17.930940259940524
17.96691568261147
17.983694185329927
18.006290787684378
18.01044750577854
18.039250907768896
18.137006925374173
18.14883539779203
18.153125300650807
18.213506019120587
18.23586469576543
18.296123710077367
18.296188988760864
18.364476841040787
18.403891646514303
18.41662593845515
18.42156886221906
18.447358891395837
18.524676440898762
18.548811381915097
18.5769841321871
18.67432299708321
18.69723644098623
18.70929970066485
18.77136631189133
18.779980711438373
18.827947517291577
18.83059735988269
18.84051358097377
18.897248047534024
18.89928986926007
18.90392356692726
18.930827141806073
19.012137307186546
19.030665036215424
19.03160003427443
19.11422825591444
19.11829682373726
19.197257322077167
19.199159036284108
19.287191803589334
19.35768940390929
19.39819528380846
19.398460550559243
19.406112322649957
19.40946599661398
19.446127539228957
19.462132544287595
19.50522457628372
19.572239082708236
19.597091968341367
19.645459886081067
19.654343348699044
19.671917942607273
19.691365897055096
19.72155184317399
19.726036672401804
19.763062791756447
19.802709770098726
19.824000331306845
19.840172186268674
19.91924751765246
19.93133658468295
20.02052368264219
20.075435456299793
20.09894436284901
20.117118323043538
20.16124522910112
20.175310223563603
20.224680288647736
20.22898747122948
20.23895459054146
20.26348693931227
20.35030145303894
20.465649646166433
20.48772486175278
20.51326510354052
20.5401962989732
20.540766587686793
20.54402510782427
20.555609097751713
20.620522676373618
20.66668819081103
20.686810344016532
20.69934454864463
20.701861828842684
20.73072881152709
20.813974658076567
20.826932417943183
20.828421670999415
20.872871854584318
20.887476411744096
20.920106569093807
20.96776268581065
20.9855871091156
21.00821007600155
21.048858656588447
21.08585236009731
21.14015731285877
21.193078415196457
21.197594186438508
21.200476989490298
21.285059507087272
21.363628494083237
21.39984894548723
21.409488168143984
21.49077199084786
21.496676689039482
21.525182164568772
21.53054997001677
21.618556165870437
21.624708930001717
21.632300141556296
21.637049828120123
21.743439223178953
21.750820719318273
21.752085672460648
21.763995649715586
21.797862899691065
21.812347496115635
21.86613835540123
21.877802955211568
21.881351573457724
21.932125650396895
22.022395194096685
22.04980327368849
22.052025975031757
22.06507215490866
22.15892632438839
22.24155700139293
22.267528703852722
22.306778285471808
22.355332777193034
22.380710248242845
22.45588801019037
22.490587075989627
22.494759407646274
22.525865750772233
22.532287559280075
22.539374672205472
22.56190541315277
22.589236007064997
22.622596387625176
22.670749748036844
22.688331958765886
22.793432362723557
22.809668657533546
22.87241249115303
22.888454267935696
22.944293805008108
22.98862455325537
22.992936328969062
23.01992829464274
23.048217063873746
23.061126903506644
23.123865466998915
23.14877580829544
23.202812639139466
23.2031156593456
23.241380791690723
23.384303580859005
23.403161282855905
23.41348696239519
23.416646818393154
23.451852371986476
23.489286676775336
23.494167465952415
23.58521818720919
23.589381264236433
23.60875978491048
23.634070647718147
23.815313815077356
23.81620157550957
23.82107935873431
23.836645369768142
23.84833041677424
23.898841798191164
23.90379567113004
23.92145581482673
23.954288212907937
24.03114347097515
24.040201176070475
24.076299005798898
24.133197519212715
24.144616775067096
24.1870622317699
24.26125004691357
24.27789294296764
24.3710925405461
24.381750819000338
24.513503244235302
24.525559639273315
24.576822131942393
24.59949661200106
24.61949084496117
24.621192538146342
24.672770872793986
24.72329115069107
24.76024228640659
24.76299963483053
24.81902048471014
24.836971422213363
24.841519147634322
24.91446391269125
24.95636318944177
24.971602938012254
24.98875294621351
25.10393927779159
25.17375682934406
25.192537121414738
25.192882188804546
25.238934542853073
25.303352141565476
25.314517777354816
25.343643494380686
25.37828654148119
25.3788273784219
25.433398448263556
25.438680872955583
25.580206123628873
25.588653120694843
25.617958311876876
25.67440155292421
25.716385205647793
25.73226440961948
25.77280086449005
25.789851461078047
25.913316978612592
25.970530829499566
26.033937112732822
26.06540781469102
26.118115916542582
26.136362170040528
26.136378606055978
26.152093577628975
26.165618436359
26.218462962810104
26.29250397979521
26.305154732736465
26.312015380077714
26.353480132785165
26.359633869419216
26.417083474472516
26.49153128896108
26.551384854955323
26.567317230896514
26.707598274611193
26.710690708258923
26.7325245652262
26.774477102469728
26.781250444843938
26.89488170324645
26.91543933932722
26.930421172839697
26.958990961185478
26.962664777841354
27.01848226648664
27.095708763082605
27.106177224375095
27.261227151004817
27.28123454381025
27.28742347561498
27.33411250819188
27.359662332683154
27.3793468320378
27.422116397871115
27.444465459156287
27.462411679261436
27.601870452709907
27.695812699810457
27.719723976561475
27.758806526310938
27.78716592439256
27.834979251066343
27.859840142575766
27.88411675738133
27.958389109558954
28.028954928801543
28.060130591001933
28.095756454776044
28.189269956996686
28.198040927626323
28.22865568535588
28.3254683029791
28.413027111560275
28.48074431062028
28.55052840829388
28.599800412692257
28.612042903891684
28.660629845889627
28.72932479826015
28.781609598267213
28.84775444328488
28.905149722626945
29.015439968872812
29.064873479216157
29.1102658648227
29.12629515318234
29.25866296296709
29.31608419788024
29.376179770741885
29.388404637861917
29.42892002812764
29.444814386783356
29.544129286063782
29.67001992853864
29.854291211404266
30.020860988694636
30.150920406480864
30.21216338196131
30.25385864150881
30.3536243186464
30.380759236568558
30.550207330567034
30.600096222718737
30.653861284680147
30.897119667154794
31.002637100737523
31.0149860175528
31.13106335922327
31.229384656269573
31.399889306252703
31.61359742277661
31.845647999343726
32.03286639614199
32.25361400692897
32.30854009705164
32.339742389846975
32.58259737816941
32.62135168206076
32.82040333758309
32.982788959788614
33.0598554171644
33.38334823907808
33.47303881219262
33.81994492785108
33.95289443066341
