4.1903276217131
4.353173934286346
4.568944099037784
4.656945250542683
4.98946887661809
11.685941280659613
11.771874391848012
11.827401749949042
12.027255051471695
12.209241724846729
12.764808342786525
12.894126702857143
13.070705168909189
13.380007415540431
13.546993889334095
13.559445780995983
13.660555797747378
13.678805453529295
13.766230430892614
14.026667370088818
14.16310947661856
14.215862111614658
14.322828543435126
14.335885357946667
14.430170846038957
14.446275723866918
14.5908987221648
14.647875447962738
14.69509596180022
14.717173722151063
14.81262007208306
14.88940290478489
14.92829964735675
14.999577998288386
15.095864463829278
15.174989186021199
15.265467870292564
15.280465227895329
15.36556878400799
15.425517549136416
15.476235637737807
15.49556359354001
15.606359073519227
15.613225781110065
15.69375696426157
15.867728532147675
15.937863382568134
15.955308084619926
15.98987116418564
16.03394008538826
16.14951444126109
16.183295374301245
16.19279546179888
16.386296293731096
16.400491562832205
16.424502975935464
16.491309795034915
16.533457988882063
16.603547082075885
16.620768616681158
16.70352905031895
16.750630521521796
16.781867904881867
16.826007673927506
16.846647315402908
16.86286132709631
16.94439766633429
17.01430988304323
17.034892427365683
17.12122777647062
17.188193240891085
17.23592250375362
17.29844438745902
17.349440518442737
17.383433202773215
17.398290971055186
17.444723267978002
17.4999830549061
17.548000876968867
17.5845055151237
17.6007984345442
17.642496636894712
17.73710471738912
17.74790777615328
17.82692261572537
17.860665763183523
17.91093394633696
17.935815910776387
17.984053992399783
18.03190989299028
18.101924459034354
18.123375229732037
18.158338848429725
18.182315217898037
18.26456704865802
18.310194203965366
18.36947466831927
18.378300196768745
18.425206905882593
18.46548304222403
18.536040795719213
18.581880135485136
18.621816090956596
18.644263533033676
18.67879430910864
18.778508859029692
18.810569243535415
18.840174215231748
18.861606375883422
18.89314512160425
18.960394464054797
18.982075982204954
19.00147307397917
19.015739056879575
19.07780734613332
19.085703359702972
19.171276313532562
19.228490462725862
19.248383393180678
19.328048886924588
19.333749639722647
19.368229007139114
19.41281257969753
19.480327169675007
19.48833636960408
19.536865472516908
19.578643037035757
19.599535929669504
19.62747872545679
19.660392305894558
19.72785994593986
19.748945686614963
19.786015206863087
19.812179673038894
19.871961806896447
19.926009423843613
19.952995941000005
20.00962518058137
20.030426897538366
20.08523470227411
20.087458998027685
20.13336491346585
20.174681661487188
20.218721827595367
20.27791019161526
20.324923010777315
20.374758497254717
20.38001018557622
20.418010481282934
20.45455551392575
20.488341696271377
20.55751781052737
20.570851262673557
20.647991127587737
20.685162552177342
20.709167288065203
20.74039309513428
20.790713116919235
20.86389902214522
20.884489755948795
20.96859413252588
20.973019043965266
21.038869867714894
21.07955864163875
21.110688762310648
21.140438953711126
21.183352990214413
21.193260204339325
21.21043166329278
21.286243475557427
21.2979985977102
21.350798887509267
21.404953533609664
21.43680172860959
21.44959834421481
21.500938952730152
21.530690464591448
21.606991967242795
21.627569126796647
21.661114599939623
21.737844388419475
21.759231740762456
21.78030887842139
21.83163548795693
21.854915746432173
21.926975313603414
21.940918096217708
22.04016014674775
22.059210002497274
22.11672078024821
22.129070043592176
22.154182944822217
22.18599194571682
22.221402150469928
22.269882298934114
22.315246970122097
22.353387719468994
22.389519855589025
22.421448656388318
22.48569172018258
22.51341871124183
22.550857209520228
22.571210951080317
22.5877425974934
22.635486445830484
22.645421883202392
22.730791419725772
22.796875993989577
22.82855834706159
22.861644646798077
22.87795806710011
22.944971071975438
22.96592314816132
22.986565049247524
23.028207250066604
23.07223319561535
23.09299512992731
23.14393201794305
23.146631022296578
23.199407381226674
23.202785027664735
23.232778829443692
23.276613319117818
23.334831396975627
23.353555066792733
23.39263594604701
23.443184872287055
23.518440398235217
23.542257437261178
23.563149412174283
23.60255146654094
23.632492454837177
23.70240570718872
23.7189411054002
23.768251565304375
23.84167649332781
23.866998805842098
23.93001897181554
23.93418547595195
23.99429813763325
24.000783151601304
24.07863441201267
24.08875996425473
24.098835490598947
24.16625470138814
24.20902875649959
24.23479359013385
24.282210078361654
24.290258257036747
24.32230529372783
24.375316286323557
24.436834223675238
24.485561590063217
24.547643541223145
24.579203493645476
24.603857960814608
24.642768262172837
24.684876118488155
24.719554717976354
24.756065739046047
24.79490271483237
24.832041173732755
24.857342760003814
24.931855220449684
24.955473017179703
24.98148092433927
25.05831746359233
25.076249745812504
25.12438257155644
25.142683207060937
25.20825852362725
25.234498734661983
25.27837832903224
25.317489115144387
25.403359883025228
25.415200733852974
25.446379832934824
25.48759726644275
25.550520278060446
25.568140002170434
25.634695377341124
25.686949607858693
25.730793466449636
25.780375278037507
25.83049587310121
25.86338204474757
25.87528180759745
25.912115047899203
25.956191290059962
25.98800706229366
26.024741504468455
26.0434655580527
26.0910686488162
26.12193883957768
26.161229927421818
26.224291736333427
26.261102611088344
26.288164120240378
26.36476570082502
26.401945585860705
26.42962564153375
26.472196394244627
26.507965867770142
26.57998514045379
26.599458484571606
26.655486262487553
26.678641778825384
26.701864947255633
26.760488261946172
26.775169215450784
26.813506763652175
26.838901553534523
26.87622779709747
26.92669385815869
26.994319127059782
27.03096663650111
27.073437010294047
27.08888190095006
27.12784999004775
27.177583534848516
27.2063321295023
27.256021250529297
27.32044052475786
27.373405585942518
27.394167779895277
27.44234392180484
27.4932564917328
27.518009745267562
27.57458809732589
27.597538484793347
27.661998643374563
27.707439930476713
27.72021994864119
27.763388785602412
27.775510556770012
27.85652641532124
27.91579838459742
27.952975010786865
28.014377926148686
28.029814653523765
28.08512094982334
28.14882222620362
28.215921866678592
28.21812264052497
28.259675272342196
28.327131347549795
28.35723733788179
28.371873008215044
28.44965871970803
28.47526400608384
28.5466753066871
28.57303349543779
28.66972441759835
28.68569257960141
28.700299598637386
28.751470904349702
28.77563899279424
28.83886658430807
28.89780387246308
28.91016945308055
28.94604515686802
28.993509469533233
29.03098961888702
29.11035757702637
29.14548449862588
29.188248452350265
29.23831204890848
29.277991594753534
29.319901324985505
29.371658196831124
29.42563166474366
29.445112051464772
29.47822006695854
29.507124498944883
29.55918061453151
29.6236396859061
29.678722975594937
29.690601278141894
29.729744832016035
29.764657813020047
29.773973797509132
29.857336991894993
29.904949518719498
29.930517246868376
29.947136647394355
29.98330548630991
30.01827600786754
30.060194892688944
30.195887080968838
30.224328328884464
30.25624854417439
30.340503557658327
30.366126585010385
30.42451956629095
30.46016371510152
30.504557728770248
30.513444385750343
30.553121856371853
30.61217207142408
30.66747191580405
30.674397408274277
30.712614304691687
30.76001683814022
30.788425899222702
30.864460837584694
30.95837281328369
30.979569425411206
31.0283236137809
31.063704656801857
31.10333785350212
31.158544763476282
31.186646579088436
31.274026199747002
31.28297619316784
31.373874836529517
31.398123588907385
31.455539896100785
31.535327391147735
31.58072911588286
31.69695229255365
31.739667897495387
31.75918050283828
31.787364695771377
31.894270752755514
31.927359055494115
31.985780794270532
32.00943842627587
32.076076000439386
32.132554289177364
32.16263675957027
32.19761048274795
32.243175816362395
32.334463419758784
32.46269089803148
32.475960951546455
32.55544491469638
32.61267572302928
32.65593535647851
32.68903083802778
32.80694794373804
32.81822429730661
32.85094902690132
32.89856404116703
32.96119926394677
32.98411824323673
33.06843906258163
33.111693842287266
33.13980127678521
33.19349428297495
33.23411396993322
33.356922489918425
33.37579144797021
33.42819114336572
33.498329363859185
33.60242645999369
33.62395446417048
33.71478686629931
33.825326737240566
33.9075348470569
33.96205278669276
34.05434063106186
34.10648796741177
34.14652149088303
34.19261470594172
34.30904754593835
34.461691439648206
34.55586774693863
34.59971400386318
34.63830854910945
34.803658288780255
34.85382128699027
34.905294652131374
35.053808725678934
35.074350797748345
35.159254292430724
35.212837097975644
35.28192680617544
35.370181594621435
35.4899447339898
35.59424486684662
35.6704992209237
35.72322077755727
35.94181522586498
36.02361420271101
36.077823087411886
36.18267255543032
36.30103896943436
36.32353441549452
36.46919356168859
36.49159279561863
36.72739981047858
36.93891965757062
37.51775636416515
38.51687920282593
38.77527918495617
38.98435731941921
39.66039967873847
40.68778119821112
41.42400661610532
