4.185741493920153
4.373444679424011
4.547075135728713
4.617411916747023
4.647896210988005
11.976828086909896
12.384906157343389
12.625764126122753
13.146191028059492
13.29794727539622
13.367038521195418
13.522777268420286
13.578379837753781
13.745516679688174
13.766369877134974
13.875399697501528
13.989029900985754
14.064901211514274
14.193498885306633
14.21981633053038
14.373130263572108
14.505761848159487
14.56125820571113
14.591861122126232
14.727166971182193
14.779017905371106
14.81952716786498
14.883434961986945
14.943190606999625
14.984188009178723
15.090554426717782
15.136436106803945
15.218495163663109
15.22950977410436
15.369837070664511
15.428576632918872
15.506762328899343
15.537914345503946
15.57093017473996
15.647251545059415
15.75231880270987
15.801251050223685
15.835682899688512
15.91607124845691
15.922606813812068
15.970533062919658
16.024670665300757
16.16053548201784
16.169295516428072
16.18651032559965
16.282611856268115
16.312286802581504
16.343013321828224
16.41247626155866
16.50459070522023
16.537196687264743
16.65609324069585
16.69554827570352
16.736429023283307
16.75591691387527
16.793543556947856
16.86476464221617
16.9322498468745
16.980488057249882
17.04697211154158
17.07334955834173
17.129242204653288
17.194447483545027
17.219732423187516
17.26197339763911
17.31295119765528
17.329494205558532
17.35540759444808
17.412643460441213
17.439725458944363
17.47708993848287
17.585201970896847
17.67050962289098
17.72086276829856
17.752129381956514
17.830411758917982
17.857748404109152
17.898409683499512
17.93468293196644
17.9757590947404
17.990634026005928
18.054897904848747
18.06996706680683
18.142160876260853
18.18719274546158
18.243735396857158
18.32161509973678
18.35267057195404
18.38273504525188
18.46274175462073
18.490092299372513
18.50861154174814
18.52932306665704
18.609557800051444
18.627682509017816
18.668445128867983
18.726554422468073
18.743864142597612
18.81440889157429
18.846956083534735
18.902094355063216
18.913491458664232
18.956878626512214
18.992461823736104
19.045743599481032
19.088969028300482
19.11859002572222
19.133449362168378
19.18092146575754
19.20879285205974
19.267901428280062
19.324026665486173
19.3368209419171
19.403371804583884
19.436335148300437
19.505879657526663
19.53733832894093
19.565168491587137
19.629372383601932
19.665279428272136
19.693350807344622
19.75009906353315
19.78437898212287
19.828363675247935
19.848589483719188
19.902360694579812
19.969055950940977
20.012490327686592
20.02739255957608
20.081622198978344
20.109534740457104
20.13987305197155
20.189911871879744
20.19378353642904
20.25553321975652
20.280711779959162
20.29789786833162
20.35860794127304
20.37055161051957
20.397880116192045
20.454129222100182
20.49064782286836
20.542339124068455
20.568090057861852
20.59988877752446
20.638653342468427
20.67464789396763
20.70788423662692
20.725059762417516
20.811383207586275
20.84531669916663
20.859864905415993
20.88736516230408
20.91391500034855
20.936350535274798
20.95325290134672
21.05654226650712
21.069382584958305
21.138993605362664
21.178148210760384
21.182542880302
21.195244631642485
21.22059730322861
21.293498966453676
21.30128930082639
21.41063271763478
21.437565430143493
21.441699683575457
21.47978342965179
21.560572674166355
21.59552727637164
21.61573422722978
21.68670492655125
21.706108249849628
21.731661727296565
21.73975631148982
21.808658819261954
21.824976628547738
21.871945645413792
21.9150243768956
21.9573203967166
21.99753174999227
22.021929848315963
22.0812292998929
22.1093220438413
22.16093674597517
22.199988077018368
22.20905730308164
22.261570905179685
22.35273101305761
22.370008821928522
22.411657191188795
22.42882002042094
22.5163121869096
22.565205489937718
22.56882246746782
22.616005646553198
22.667893221882082
22.72598190933131
22.78675110382536
22.79937536631539
22.8163205402319
22.83985542611979
22.875459199010415
22.95087891980314
22.956099634390135
22.99698665498776
23.021279409647846
23.039484428850695
23.072996523892762
23.114234171210764
23.136129524559095
23.1756722465644
23.250486562801157
23.27399483344656
23.27870314098189
23.353901554895497
23.372296848283888
23.409631091105734
23.441295638581504
23.476873415658172
23.50787989168168
23.542447536299456
23.572202993326396
23.623990460959646
23.679253365570787
23.7048327506092
23.719220518413618
23.803768469734365
23.834744792650895
23.883079937153013
23.917769194325007
23.947601694326384
23.976496923943486
24.05377090222271
24.10581980220864
24.134461107809525
24.14545429578044
24.19841845517828
24.238551373012452
24.27961772220318
24.30625345333911
24.344657771237475
24.401734397391152
24.430184294638103
24.525394862876794
24.5450127679152
24.551445168234963
24.582894408476943
24.606714955702344
24.645407660313605
24.68285371627598
24.74197411889338
24.77973209168734
24.8633915324151
24.92380921415575
24.94764776776342
24.959108293683897
24.99682387769395
25.050515968408938
25.06691766144896
25.111973338318546
25.16805333540889
25.207362466411766
25.209883596045234
25.25469012980361
25.29022694897238
25.34533703785928
25.372567305207525
25.388590837763818
25.489522935349925
25.543547819456364
25.554895562705095
25.570107645246992
25.606706684861162
25.695298741638645
25.70497295223203
25.751079751069796
25.77887574215007
25.830020276588936
25.85368480074858
25.872263596982773
25.92846706537216
25.984925954450777
26.002378013837813
26.069208049017423
26.110869755906005
26.133929468369992
26.191288180643408
26.2395529062287
26.260074568561198
26.298750941796442
26.364302820490227
26.383253430149455
26.42912188328775
26.48645135568924
26.514334151280913
26.535839954297675
26.625250799952052
26.655420237370144
26.727883417281667
26.73471259390153
26.74273288025591
26.786162743452355
26.827146090585725
26.84404598361779
26.879781982445614
26.919553153027888
26.964039446474573
26.98354304628716
27.02805895245376
27.13181973988662
27.166605696532905
27.2189887981387
27.23564214677048
27.26786981530436
27.305532198389717
27.32630536697348
27.39628699025447
27.426494331874913
27.463594677729024
27.50599338066443
27.610697525081033
27.644175334811393
27.710336464806925
27.712651292727507
27.81180371943062
27.823683764351706
27.842114712464802
27.853435080412154
27.89905820506882
27.930478395923956
27.982285726072554
28.00478442948625
28.075130792465682
28.08859064512534
28.177919942565048
28.192350766208662
28.22307554294108
28.256163908813484
28.35548499889097
28.37609447731278
28.38565256523861
28.450843297072737
28.46162673313381
28.48918627482989
28.539504122415252
28.576873524231434
28.66079252451067
28.68927651633344
28.719860005908348
28.784228016571195
28.794652076887427
28.8617403524655
28.945703672235634
28.95337409408238
28.96617865251751
29.069871777447048
29.118041099453738
29.163222551468568
29.186817729320435
29.244541383587666
29.255896582737712
29.37738073220618
29.39485402679473
29.409868046698303
29.463853128786255
29.49809616824067
29.538417917927294
29.577026596729308
29.665091732501327
29.700949280141735
29.706306683724232
29.75206939271572
29.76724112260812
29.901999381915005
29.956492506762995
29.983014691029297
30.03080238169774
30.059200574301755
30.08264186582535
30.175679845911716
30.231868680372067
30.268152032648295
30.312045221655826
30.39327921345429
30.410528351040455
30.516764169524457
30.531869590979575
30.600335225743887
30.65893602524631
30.679572430168797
30.7044597580514
30.762691324062548
30.81652730985651
30.850347656434675
30.896056332405667
30.949327963469948
30.989450963640707
31.042247176342435
31.089046860987732
31.15574930261214
31.21509928616267
31.242364822840337
31.32178216525598
31.333611537319033
31.380885989822964
31.4391515802712
31.497743036128803
31.554215034361686
31.62478813039185
31.654424487250186
31.733957765688665
31.76692959521266
31.78272605906171
31.86410934924205
31.8863945750244
31.94308902440568
32.03339329468078
32.071513602612086
32.16168916653224
32.197723231964076
32.242747490709974
32.29077607907842
32.307164478281045
32.37158853063107
32.462229757979685
32.484115974793774
32.608773719185535
32.630589065853265
32.711596776889486
32.79950650667971
32.84379990285365
32.90504420388126
32.957311781915976
33.03857396860618
33.051309557861394
33.101351079567515
33.212464944883045
33.26057985142265
33.30484774099421
33.41508280006769
33.47436830325233
33.50554809264043
33.55725381775647
33.599206697279605
33.70455654198215
33.75029067548244
33.805366707235535
33.840977352322035
33.90868994692466
34.021220113604706
34.13006466545382
34.1491189640081
34.32606786080722
34.346314481546834
34.48872746534981
34.56636348584102
34.585610169414075
34.74527085627134
34.833583597912714
34.875082333270704
34.90497701511647
34.93710978041679
35.05438325872508
35.18979900921514
35.233052629423995
35.30269114887478
35.34716071316889
35.40129075991935
35.47848459909054
35.524921039193124
35.603683171414644
35.719920769374
35.888409935497485
35.994425621818046
36.07751044652592
36.11841925242957
36.281193053922536
36.44294253153326
36.643739183919905
36.699270995433196
36.885831133334854
36.95923597571114
37.04373236436136
37.27868348414366
37.40193807389234
37.460958222534295
37.62584917204755
37.74601762900059
38.43349189324392
39.15572438275094
39.73803970015842
39.93491090085892
