4.257223311305232
4.380146738446745
4.525665309158932
4.707490043307097
4.748981793428526
12.654744612871845
12.782629119948574
13.162233098174301
13.289855665609702
13.331016325279693
13.514402319772783
13.621058560797188
13.755944633432193
13.906265637260363
14.047408400688328
14.107571300254195
14.205651924895335
14.289540871982771
14.398662069518148
14.426073588632912
14.541778311695158
14.664006411507307
14.712294533579252
14.747880809067821
14.864475040723937
14.945333254754859
15.043114383106104
15.135969218058207
15.306835849217949
15.33879618727145
15.411406054374133
15.460736684694167
15.5100313697987
15.586790881095624
15.637744410400993
15.692354694228243
15.733324203370511
15.791855777985235
15.828857886184663
15.894313079775337
15.944757489348916
15.95844731351155
15.993029497964425
16.080321944059605
16.118614015613343
16.192446673608046
16.318904145947418
16.34516216780082
16.363928230701443
16.4521795543932
16.533131801569876
16.580114629808325
16.656777711524484
16.704852658023658
16.76502625707644
16.77257483224153
16.81145500209503
16.823842558944957
16.885247666909525
16.91825417666814
16.943871420840466
16.95112306592098
16.987242100997793
17.066204781401556
17.089642768240083
17.133117503918466
17.15716106428045
17.245727880975593
17.252797730549965
17.339168313021652
17.36305722703565
17.48332776250893
17.514334027508063
17.558458104409375
17.590282177990225
17.688914275179886
17.69260013146186
17.704150628155134
17.73927479157573
17.78524365122741
17.822794162192693
17.970297459018745
17.984416906661934
18.01696721578258
18.02909222748954
18.085711814182076
18.1251157935989
18.179346512689555
18.213493028868022
18.23005004405831
18.293899601953918
18.309639543942907
18.321860706450313
18.415532990683545
18.47598400957578
18.491073509582304
18.549886755233647
18.592171528247246
18.61451838450727
18.65697473501084
18.716763659218532
18.74731717813029
18.75730103780903
18.77589896995588
18.825521819807737
18.839059308833498
18.930652509696184
18.972658970932592
18.999944236251423
19.04717695495782
19.104623088913527
19.151736711396044
19.173161547341433
19.224355087870997
19.26805456559446
19.340244883394366
19.359771299623258
19.384959729118318
19.451324053354714
19.460913943686265
19.505163034590023
19.5274331200785
19.580118245281763
19.630880245889944
19.658831437376726
19.695895813405823
19.739099699008097
19.773652536533444
19.826112109794767
19.843232801277562
19.8820869524977
19.927880987619563
19.97876551416819
20.015167774211136
20.041239118362743
20.074951986539673
20.110865351096088
20.185003374297445
20.224620390922702
20.260856243532665
20.32808172122395
20.369875476647767
20.41000473691478
20.444644868080086
20.480958689740323
20.487050900157676
20.528952555820347
20.540696404134028
20.57081931671648
20.631024719963808
20.658785340844297
20.753867379324113
20.792977290819774
20.79580402750958
20.860060607550118
20.873998315530923
20.938419218759634
20.973325642377237
20.997976104875217
21.055912114210372
21.080264620409373
21.159561827063516
21.18468124893943
21.19861506324077
21.244316668729535
21.290892250047737
21.317105453661995
21.3734231616213
21.39119008676171
21.45810182521877
21.48993021513815
21.527277122087398
21.532400700405073
21.591653685057317
21.612694027996028
21.62684386561164
21.6624561742033
21.699864693874872
21.74436853301891
21.77913849454338
21.79916393786595
21.819069241475603
21.8571121380155
21.89281640877916
21.9618218130727
21.99508119617853
22.054705149290676
22.08924993738498
22.12004049477079
22.159996520700357
22.199088507787195
22.22364135266665
22.285910118307907
22.332295554542192
22.343832913188887
22.392858156608575
22.417614745675987
22.464576989125707
22.514466668790895
22.524036756236423
22.562491195279463
22.607841778496148
22.61691732357238
22.687205188218506
22.711674494356348
22.73100660448181
22.7676714235038
22.832609407212708
22.841569832574482
22.844904614191005
22.894744900460715
22.968056324296217
23.009690377204954
23.030326699369652
23.084300088804618
23.097092845095272
23.13931129276791
23.194831159955324
23.242661649369783
23.265653771329365
23.27096218810208
23.29777749224398
23.353474051962042
23.36862941267113
23.425024499375894
23.46019114452032
23.47741590031418
23.529623508008797
23.55097612390461
23.65561353749612
23.67353832763867
23.715589022933038
23.76088789578944
23.78224833763703
23.788034067279135
23.860896506729876
23.896898855073175
23.943871967426485
23.960735630028964
23.99296839050827
24.022796171801783
24.071922527320673
24.141851191460525
24.165785201208358
24.21239007088043
24.23240279546753
24.271342387775338
24.298859514595144
24.328692375710858
24.39827543241144
24.438271105654245
24.454168039863504
24.49519592665016
24.526277970227195
24.5909225150579
24.61168098477927
24.626709797839315
24.669183232525544
24.703039274930408
24.722262133866252
24.760637209658785
24.790801393112567
24.82264551611544
24.861277603968315
24.939259679174757
24.94725754053539
25.000025593200608
25.03511279104614
25.048187836310277
25.098240678840124
25.153219502385173
25.22217594255662
25.23758584147776
25.272966685376918
25.317171562508367
25.35296510659179
25.37459282887312
25.39341348936173
25.434352800340903
25.505350708818195
25.52895864073516
25.548867825686145
25.628035686203607
25.65927654053653
25.706507778239242
25.728123960785133
25.776226412714426
25.792927211413815
25.823819485686432
25.884142726052616
25.941527452814405
25.966715750095528
26.03621787388247
26.06702137474803
26.137966782575855
26.17665167389578
26.209805743525543
26.23467726031144
26.293056478351545
26.304011870083684
26.38040775090516
26.39021904066742
26.45731932492263
26.491735241533576
26.55210751604096
26.566090985828335
26.58177988580968
26.621345124075635
26.702316449799216
26.72045409015624
26.778449784752326
26.794514288344114
26.833840876723883
26.871066620820784
26.904491213344176
26.965555763729984
26.982630148240382
27.033821704763774
27.054983104529423
27.132700307728896
27.166812463133425
27.180411959460148
27.226226090495242
27.270714902310907
27.31852001249356
27.356715757740197
27.37795342972114
27.40635894759187
27.432150433553005
27.478978778625308
27.515458094302005
27.557192277405093
27.59912542853424
27.626651199190484
27.674452335060224
27.71711072605035
27.75193201497735
27.79426569616955
27.841604999060948
27.908048332455948
27.93009245076776
27.947320465967042
27.996740482403847
28.0450078018797
28.0936932702152
28.109310447976153
28.157831795694513
28.24203392903611
28.278026793782995
28.306646144865862
28.33373774314501
28.363195683389446
28.429508858459457
28.48824827847301
28.500372243137264
28.58688250482907
28.618081236588008
28.658738341094708
28.686631841304926
28.78920450114608
28.821839875210514
28.874801072745502
28.9174968159544
28.934479608629573
28.96130529471284
29.02726951184802
29.094136966011458
29.11855798586297
29.128301739867304
29.215660383737784
29.251244363521305
29.308915172877942
29.340430895340912
29.387597190885614
29.400288667731935
29.435544566659097
29.45976049943102
29.542442908233237
29.60202805756348
29.61665144307818
29.639552417805774
29.67203420090187
29.70922359335124
29.842540390306457
29.846456718194037
29.879284286232547
29.935050624174867
29.969418487284102
30.003497130951082
30.04532850000351
30.06498921499175
30.10707699103958
30.184894805600663
30.216886403452623
30.28695801508507
30.366980127968763
30.392445783898633
30.407384136100905
30.49206528424072
30.502133984906063
30.604949074420954
30.670063971796367
30.732884506251295
30.741638604397238
30.776462806685792
30.825818624973248
30.965232869968062
30.992765872171518
31.016745133959798
31.061696286289646
31.110627584232834
31.135548607204118
31.195785984949676
31.270689272832758
31.317832575507715
31.339545182638805
31.401875680723514
31.418847172487855
31.560280499361166
31.65505929853376
31.688929638086027
31.714046095701303
31.73052815080512
31.834487794120832
31.896676709016724
31.905255317213
32.024378007166234
32.05132080612365
32.121640321728904
32.186841584995804
32.20323297597044
32.30912174776091
32.36637384063581
32.39378606655321
32.45302369996112
32.51681438838382
32.58108756628783
32.58696428671298
32.74606535033551
32.77757398328588
32.861223845194594
32.95549024745818
33.00027246149403
33.03266941740085
33.13726470119036
33.17251305496351
33.21891140575387
33.245434038580484
33.35891027332035
33.41233608326633
33.466481683272484
33.60805993191904
33.65599820132183
33.76301557666347
33.79485516567924
33.86105690238409
33.95294780019391
34.02172189239304
34.13220423109185
34.235567046547224
34.23856870032275
34.367550017105856
34.4037085990772
34.43287585121298
34.512225215618955
34.6425292455597
34.66652302146661
34.77435440408054
34.85595951271304
34.92432040176951
34.98574674335918
35.108428538129324
35.18264808213559
35.25791724505724
35.43351447186715
35.48983460338047
35.62368465357256
35.81884254526937
35.845125017446975
35.85674255476466
36.02888837064287
36.09182666889529
36.224822661539044
36.241009185998806
36.337472944558996
36.37114017882321
36.50914058673787
36.875732260098715
36.98646766992442
37.0201199414424
37.128542657992014
37.287312815192585
37.62686715206561
37.77504617402439
38.23292955184862
38.357243573840556
38.973341643922204
39.36324210717329
40.14507610859129
