0.7136574400089717
0.7525333139060472
0.845680298696866
0.9906583345676728
1.041593612160528
9.951733202390272
10.657237166790301
10.945628987732789
11.243486852436643
11.452077909856385
11.529568273925953
11.696935202776903
11.714680281056811
11.795339432342782
11.912109448287389
12.06092958306453
12.147212817982506
12.355564522149153
12.433635150915022
12.465905917340454
12.62193211543091
12.66456154889187
12.765406888700596
12.7870489491465
12.842220373623695
12.889782771123247
12.95425643329074
13.016146015353742
13.190007774670178
13.266375337664147
13.306402139863959
13.374956529949435
13.454151571155473
13.486588332056455
13.611034341270624
13.675893438041653
13.70245581067746
13.759390083194887
13.803105438924845
13.844155611992674
13.873097398450641
13.883698021789353
13.91682543546527
13.995418315642421
14.038428586550532
14.060594276204771
14.135260850559071
14.149481226125069
14.191747549591977
14.231664552062046
14.27169217531046
14.314797000884376
14.358173993217456
14.390167658220767
14.40803654626566
14.462530355504242
14.525989197400637
14.571707237087688
14.59894559608469
14.63506832803405
14.700392782319183
14.720004041051363
14.82894664836357
14.850797600040455
14.95215133213069
15.005979552012043
15.02595259523386
15.067929934981928
15.103412449106512
15.148629931659846
15.169441541585824
15.232952982094512
15.290413119444958
15.327219627356213
15.357180564207244
15.427419808054234
15.460268607387972
15.512741533079426
15.552988435470324
15.585788888830354
15.616460874051944
15.63047678487319
15.6885118869753
15.72979530228631
15.778299671788748
15.79627960301314
15.824638521183095
15.83833972425115
15.886680948910824
15.919073129867357
15.945222619635466
16.025509848573407
16.029935583852065
16.076397287481445
16.152215589777185
16.167871696435196
16.22463977568426
16.263011524751395
16.284144236386677
16.317063958754275
16.342394910998184
16.39874414683971
16.500295957912826
16.532069372778903
16.588482991875175
16.611824881202278
16.654745489183277
16.67543399612955
16.688200063404484
16.739447553969384
16.802294744865485
16.845998467973104
16.870667407383003
16.937384837991395
16.94890146718998
16.972745627731353
17.063988680389965
17.097196197099166
17.140825526066244
17.16320007670177
17.17300362734112
17.234346398369585
17.270739482957207
17.303667560609064
17.312253196698276
17.365427055818508
17.378575519918467
17.440227011153492
17.45635544205237
17.464371201094306
17.492798209237662
17.499408075363817
17.550106692530193
17.580402735636763
17.625733716188254
17.666504146561895
17.698087173923312
17.721504559373614
17.765088961658808
17.781502139059704
17.854953148607255
17.87194277663333
17.923654045640852
17.933736119203072
17.977326862071255
17.981026025897496
18.02442615963977
18.07475520287101
18.10696845060434
18.12624692956125
18.16428370581007
18.186964810614118
18.206972777471627
18.224175132831064
18.30319937278907
18.3428266252191
18.367750552791946
18.393039911794173
18.430809881900437
18.4575884440562
18.519225424454344
18.5507897135704
18.57226668988888
18.61995623498218
18.669299115055534
18.695321560650292
18.763025513077444
18.801648704825674
18.84136791935373
18.870558966349915
18.88798892474588
18.92473520881165
18.93362961535098
18.985490234961777
19.015487131670454
19.048485706345847
19.062114456529585
19.13650497364919
19.173085823168012
19.22262237351713
19.270652325826262
19.277459750926
19.351825132519615
19.360016412077613
19.384713872530824
19.411048120911577
19.470788686565793
19.491326746323892
19.510416459342245
19.527362228236964
19.552623460492747
19.585379005686526
19.609553192978478
19.64058596202338
19.672266772080565
19.729906807120607
19.760847567920443
19.76907814163957
19.812242211079298
19.83958975353732
19.887722084543135
19.919429320899884
19.940493062119533
19.986726743014504
20.013421920511323
20.031224415418603
20.087236854404953
20.09168431624933
20.157768535430748
20.166018789542015
20.225405005542257
20.285466444494187
20.30281266702044
20.341619689799483
20.384231747996157
20.417605291098216
20.428106882339453
20.484321532577827
20.486924307961768
20.53206427746028
20.550437249283046
20.594821621695694
20.65254388777741
20.663858815366662
20.67698588280885
20.69413330816356
20.72684625949064
20.78436084885734
20.80799328676745
20.84646943929835
20.891805865384953
20.908119299883694
20.972629400293552
21.000763502815374
21.04244336277145
21.07474994397949
21.12005834683881
21.126913176051843
21.14728220201329
21.18275274113179
21.20222383484598
21.266238677156373
21.28289873792457
21.31348203030635
21.343339114723253
21.371975878872554
21.41615635873742
21.459248430495606
21.481086961555416
21.521469481503466
21.55273431848279
21.566006658159715
21.607180303089553
21.658996280282864
21.684749866152004
21.733342762044536
21.746029721824442
21.782073127448292
21.810785773749938
21.864997495088005
21.906203225186715
21.923399900508848
21.944028333731072
22.037201267576318
22.06238538275572
22.089242806134326
22.16012596187228
22.16945674280024
22.186041166900072
22.255907770415277
22.266582626913547
22.294306684206372
22.3165557637542
22.37786649641887
22.439388745021027
22.467227762515304
22.491676384880755
22.509229584423398
22.557786804923964
22.579594306943367
22.62253870679067
22.665976319846337
22.680808609453248
22.73607247379103
22.77282827439364
22.803709676103722
22.83136181706064
22.86972077868543
22.87890576110959
22.882349887540457
22.979444712140236
23.00811112608489
23.056840289855256
23.081010661678487
23.14832851053599
23.20116072929314
23.20722190702423
23.281321118596008
23.30550384264407
23.330317638530587
23.347256103954727
23.4196978742251
23.473343407261122
23.515625600656957
23.545645681730786
23.561300063956917
23.568968576616257
23.645345862950755
23.66017548117696
23.6942879792969
23.751928697047045
23.802001989486463
23.815929133508124
23.826397021551525
23.873182466675182
23.922303636416107
23.938964980751326
23.99357897872369
24.037756542897625
24.081936312643077
24.10609994139104
24.14749467968468
24.205798115972524
24.235055674533054
24.237124720957812
24.271609393851975
24.345194252658107
24.365175548375305
24.386867800496052
24.443922687407717
24.472932163829636
24.50857592315593
24.560931984879677
24.601372331191737
24.61322754098037
24.636892982283214
24.67640549060451
24.701604284670925
24.718774060120925
24.773896693039607
24.827838502802393
24.854206394982153
24.89758948477334
24.95062655457778
24.969769418860263
25.015119166884702
25.102163687052215
25.115350641366827
25.1406409874956
25.217516253723975
25.23738966029132
25.288220094290864
25.332481664724927
25.402808680709928
25.42273886530699
25.461208275729394
25.506559400647674
25.526082485592013
25.57279003365131
25.669973693551828
25.6745978975869
25.709771797127434
25.739711541310285
25.75317593369703
25.7886513362177
25.846495944826675
25.893262490064494
25.946595586221118
25.966330168649733
25.99479719866762
26.01768864725783
26.08019971719166
26.09028704208619
26.11787452975338
26.128828949779724
26.18377817056146
26.21306053972999
26.233306901009644
26.256507807790012
26.3150855921978
26.377947522541106
26.39560037862861
26.42889521822302
26.443438185729182
26.48770023321436
26.528502663228657
26.544156744600244
26.568853829701837
26.606300757560877
26.64881687782783
26.67868838043084
26.761195573201842
26.8320787482663
26.887305714443976
26.92286114995685
26.981001881111055
27.009271046991184
27.082839607297775
27.13180778848505
27.184668994957267
27.206431988449964
27.23119529941084
27.3052463958774
27.33016239077358
27.385176288182535
27.438485140891157
27.514246970997895
27.572546586132976
27.60538539569985
27.67491800290362
27.748701089317947
27.78329702530897
27.815267713334542
27.84691400369382
27.890302450581814
27.90480019980204
27.984082402354485
28.030516093589235
28.04614216282874
28.17122280481754
28.25945199839084
28.268375045941234
28.346071071144497
28.37504982820613
28.389906707694834
28.443495707353907
28.451179782766673
28.464852286782204
28.54809159351146
28.6516918522164
28.677318863798675
28.713912816866845
28.752985828298208
28.784960308259812
28.85935639415314
28.907814710267317
28.999684508000403
29.10445254225438
29.127224428732667
29.206167851603368
29.27131465347384
29.292012064988874
29.406702999211607
29.493503928790446
29.59985487678284
29.670830671679408
29.7103142662261
29.76195401235943
29.83642906276729
29.944421825318425
29.969247166246905
30.000602241514695
30.0310631041202
30.147772914844094
30.234177079445704
30.284127561075
30.318738343109473
30.494977217953195
30.522264436210893
30.559059181266246
30.590521535029552
30.71336136385185
30.766125594319757
30.77999430965085
30.889012489230097
31.00091339508159
31.043554268253775
31.224107086137685
31.292039495961085
31.33923249547591
31.38600263995676
31.454989367775788
31.518175118315153
31.554656296324463
31.67424649022092
31.725771308167314
31.791226931707154
31.897766485373594
32.09487775746039
32.2983478650294
32.38462241531708
32.47653018077863
32.567164411049276
32.68293611667995
32.72638766906204
32.88968416516449
32.99199004138033
33.121067691679215
33.33156221565167
33.35272381281946
33.64569983397691
33.85146501123866
34.189776945956694
34.25953070541908
35.11936214885569
35.60917364303826
36.31982895661257
37.123762392525286
37.949329576742564
