0.7834235963364046
0.8707300708866413
0.9631949639324506
0.974254802785582
1.1104548203542344
8.434234557591763
9.339541463434918
10.538110060012416
10.54560249782802
10.65548953306099
10.768205751024785
10.89087625436911
11.202706626325984
11.22773519863106
11.238651300622754
11.492525084363017
11.572386848555091
11.741361389127833
11.788128884054755
11.940557649140922
12.088228454363065
12.167017899489984
12.20531219485584
12.334515820441624
12.35200363615166
12.394368082348517
12.465542654968482
12.596715148970604
12.618745177435539
12.639043503485059
12.692827421903036
12.716379874446472
12.788691137105669
12.991839106245203
13.029692612454104
13.126292528163729
13.140153787284778
13.216995974185021
13.37522026956096
13.387435450152996
13.436741091849536
13.46160777850836
13.510402952700813
13.548059442109327
13.572167042845683
13.612678201083579
13.64850823577245
13.693419299147672
13.776486759847774
13.790248314852183
13.840504716718668
13.912583995927386
13.94260632558897
13.987694873737578
13.990768302652029
14.078043325629164
14.137322960263154
14.17182996380824
14.225363074579265
14.330315525900383
14.386887825750351
14.440456293307955
14.48443751242596
14.572177946747495
14.667031035473105
14.692466651537309
14.733459725350762
14.742729102425955
14.771974398301227
14.846618658606197
14.892518894803285
14.918163362239772
14.948168263697458
14.980956240008513
14.996304906738752
15.033114042072297
15.088122883567143
15.161954173688985
15.189854848637564
15.25246236307501
15.278098126972681
15.33350120698987
15.37733148878988
15.410697832521073
15.415208133476426
15.495799496400712
15.514342525875744
15.539854310400388
15.563077221896883
15.602484125775902
15.639200128337896
15.667036390895326
15.69877849522512
15.745586333871275
15.796446394331577
15.840506740870161
15.859096108558322
15.897775161331131
15.924213483284449
15.941408727945348
16.00743369423619
16.01914807798815
16.059512619233043
16.088357873255905
16.140630990648607
16.1779797867871
16.184942430180207
16.236867897545025
16.27460625928898
16.32805608525769
16.34853038242862
16.44039953753251
16.462322870973484
16.488957479721435
16.509381555118072
16.594744904290984
16.599227568697504
16.625491475973973
16.66267470637726
16.730332884731297
16.744105388042136
16.771269125217163
16.813646516838684
16.82429992224372
16.858198722650624
16.902906402999914
16.96673984158712
16.97137550533663
17.004084656078195
17.02942169423409
17.067833146888322
17.10364520298206
17.122329449585656
17.159324182059006
17.22077492543811
17.258515013337107
17.31285334302796
17.363300382257368
17.37015025653083
17.383589668278145
17.401936936743365
17.43834979469018
17.48874369409271
17.54749020621967
17.564934256568012
17.591086214671744
17.63075534191339
17.711623276690485
17.72233430743806
17.773667298095546
17.845571288828346
17.85249998023016
17.906396548205457
17.923073729779656
17.962959353790257
17.987755921356975
18.026469633047583
18.063974035134123
18.121298136860027
18.123325411567073
18.157771090922065
18.206394536070277
18.24764652855636
18.26325610717686
18.295802326536922
18.32078957292148
18.33411446870592
18.385061926716197
18.404884737178254
18.419927174746416
18.468470323804667
18.49016796073672
18.53006262494231
18.620705155688324
18.646664457232177
18.70025415027282
18.710044097339726
18.767961174946727
18.8016361939603
18.830782284158328
18.86410376752584
18.903471353781306
18.94134168878745
18.9979478107304
19.008849771171484
19.04107436554985
19.089772089517396
19.123784108420686
19.15395590194884
19.200218457989855
19.206090533063374
19.266268673143312
19.312400285119985
19.338960676673548
19.3417657609955
19.42597493164359
19.452572527044122
19.4651235721728
19.536032536090303
19.57241722929387
19.59033291160806
19.60491377451835
19.624050726762963
19.663823944602402
19.6883474780596
19.715332942234806
19.766239613819188
19.795747412432505
19.81324354516683
19.839878191013767
19.843929233981523
19.87238849453412
19.933842935493534
19.965829707448304
19.97211147836413
20.013251930700804
20.082324134397073
20.097948120153074
20.157464416165407
20.183572419974062
20.215494677613897
20.224110981450124
20.270001470013554
20.310814207252637
20.353143839485046
20.428929805122806
20.48968605391327
20.506746242774753
20.525088588425252
20.56072175900262
20.591078047306862
20.612103745434606
20.640724773501645
20.677334435955768
20.68912344271591
20.752470699046594
20.7821808596136
20.845303414319446
20.84983303801874
20.859730905237672
20.923429583105325
20.953946538674728
20.97416089866219
21.021349835729428
21.07692178931043
21.120709097649534
21.170461681255134
21.17345321123592
21.21180723356165
21.257674220965097
21.291294952806005
21.30911410626089
21.32167694443843
21.353283193912073
21.425756125619834
21.436263344631964
21.47270267637966
21.53657905562525
21.56150827060198
21.59691090819137
21.639242724683623
21.669932857401765
21.671472796944823
21.736700136891287
21.76708305762101
21.795886458571704
21.848250757023603
21.89104495210662
21.94119777052836
21.989693661460205
22.00921191486352
22.06108208640243
22.11196040513498
22.129003695563334
22.147537150707528
22.16954947897508
22.201945137840564
22.25287537598909
22.261093589945627
22.31450416429261
22.36384649656582
22.39025079708744
22.429039991755236
22.44502841374644
22.47427087454352
22.53206930907894
22.550448010096815
22.564326029861846
22.582424910253682
22.683226001849345
22.687044849345973
22.73791684566476
22.777783377628733
22.78851728465374
22.825025933653066
22.8414891092549
22.864537553469187
22.885218151840235
22.946472108858952
22.968978360747588
23.022061132404797
23.04360078273801
23.097243910813592
23.137910516642602
23.169043294061243
23.18418482899128
23.20365275719087
23.23495355422728
23.263889457053033
23.290812729613656
23.303228590833086
23.329527521763424
23.39898667988875
23.439262330806294
23.48864544291421
23.541528516432997
23.556864704581148
23.604227009888373
23.65886233459859
23.691064824113333
23.711700601862592
23.76419375721022
23.778199282143213
23.851131195595023
23.889385795595917
23.914351232180906
23.934824238190963
24.01187772112791
24.035223332210265
24.10276601287222
24.131166956064686
24.158215294942924
24.18466868544765
24.196851648014473
24.203720093106863
24.25444093533606
24.312956070219983
24.34949733048424
24.367529383659647
24.40151314140274
24.463624215170707
24.471222043761568
24.488505817869907
24.546557083699955
24.614706892938965
24.62281267206683
24.684621282890344
24.692366874005142
24.732356406134073
24.758524238883187
24.82863612629898
24.857093776515576
24.87763938985886
24.90497270357935
24.92217237881125
24.969848580539765
24.990088932416608
25.039804358407988
25.08647100734018
25.121910260715733
25.215277407434307
25.245342909128333
25.317025238352144
25.34070398182556
25.38005391895161
25.393277571387284
25.46355324810583
25.540689734772027
25.54817604339104
25.562302366254567
25.6146722826467
25.660865217558452
25.68154447820338
25.785189036220807
25.827555570160012
25.906659127863936
25.918418626641405
25.932982564606256
25.98312429305247
26.00433590658913
26.018186699448176
26.059005593755252
26.085061047173408
26.11387413920546
26.178766139001823
26.220756610090273
26.254643730008098
26.29127784778078
26.31525740035002
26.359440835745183
26.44154497561992
26.456647168641105
26.491909130688782
26.538546017456138
26.569462480500114
26.60751379731558
26.636630746620696
26.674170082235527
26.72304667724701
26.76508381989112
26.803638764818956
26.829488767124257
26.884253764481034
26.943631684075147
26.951826356594342
26.97223110042982
27.036396550773294
27.064399651994794
27.103919645139054
27.157544501445255
27.248625298851547
27.292292651906273
27.367228492455393
27.379352022141955
27.401919659936315
27.46318747396276
27.54639152374274
27.560241839252416
27.638906209197604
27.664253812129253
27.709098792851243
27.803283663447598
27.816618707083475
27.923801868831056
27.945656713822373
27.97924433543933
28.062769832127273
28.16046010976369
28.195119547346895
28.235530453962834
28.29528137884494
28.314405651327156
28.377562242067125
28.41320853650026
28.483821082890273
28.531665718998426
28.557246153251974
28.60632780361891
28.657940346346848
28.697969212307807
28.751605910307855
28.795775162548424
28.8558326245878
28.88393686147867
28.924407058932136
28.97713520671993
28.99967342835476
29.061511032895176
29.195705478982987
29.247173176551772
29.35493256511669
29.396951022737728
29.493550537905325
29.54957564379445
29.632915652975466
29.742713258184217
29.751891719045684
29.759493706265967
29.854892213930523
29.88960711801486
29.955627641043257
29.972787382837453
30.15111886872009
30.164197105756422
30.180928071866298
30.27436677377201
30.320846330080062
30.37809250199226
30.483826564206478
30.503125520688123
30.612462448401683
30.62983678977634
30.74016057060593
30.856589013409927
30.964201456983144
31.176194305758806
31.21986215992031
31.239034074248057
31.305851842140687
31.459771848010153
31.5554881297291
31.62330181036924
31.754179886508357
31.79117704666906
31.88313756154918
31.944733398070014
32.09117907483122
32.34099127541869
32.53330944810078
32.788063540856506
32.86391291691012
33.06123388422682
33.140892390645135
33.2430994980574
33.54171588883906
33.69371618807888
34.32836108024805
34.45399172494318
34.85738234765663
