4.134231281873154
4.304729608032372
4.4393268822237895
4.670950269627112
4.747136869642392
11.117715493072247
12.58667310763487
12.615053023934047
12.783508179448793
12.893630122246334
13.645241161010242
13.90224063088333
14.032816681469273
14.217680902459964
14.248359858047884
14.351613216770422
14.433305463991372
14.515343951897375
14.638290770230082
14.680515671582432
14.694550503014865
14.865402515480788
14.886656782726496
14.966523328754176
15.037284223067324
15.082346589720583
15.10438664776262
15.281835736827622
15.354906232081635
15.459852657992043
15.491597499433794
15.573863683626097
15.653151178985553
15.70426814420691
15.87421921926645
15.926476930759666
15.94275188132189
15.973431362578706
15.994255558349128
16.074068045344806
16.10223904968162
16.147197697941444
16.234747813685672
16.295807700671
16.35554143721036
16.35917742254369
16.421312970604628
16.465211087622993
16.495935958894474
16.58942058084292
16.63410571852329
16.687536982933455
16.73787395535073
16.810331005282706
16.84906044720411
16.920135050256658
16.9799759143329
17.012828055031356
17.02531264472502
17.095539304511828
17.110146018712207
17.178589049466332
17.252159443797417
17.298405842808762
17.32770532587823
17.37430676141633
17.430720559496173
17.480206610098573
17.513256969602867
17.528446972485742
17.54369279818904
17.58614382661227
17.610505984136793
17.649100078004246
17.668035289550268
17.72128887186503
17.769704047004648
17.811681621180405
17.890044291891044
17.91846001975088
17.972946790196588
17.984363327744695
18.04643491655111
18.091412090758844
18.109353636840574
18.175752124528437
18.209645246084566
18.266617574419886
18.292581111095686
18.32749886970771
18.34967905048341
18.403372477419783
18.417011336259158
18.461702061642903
18.472141385080484
18.51217563849191
18.56681708398285
18.627446860907046
18.678881029189217
18.710198334274846
18.7939429090512
18.82929478203628
18.85666913605114
18.925404044959375
18.94084985149481
18.976552023419817
19.03407437465917
19.107962782249057
19.146625910550828
19.21431125652415
19.23702328432262
19.26847856311917
19.284099239559175
19.32261767959708
19.349784107798452
19.366714579598305
19.42169591939023
19.453805006809784
19.52593894211459
19.568505775742235
19.598507117543676
19.628569358373035
19.66908799858827
19.711697675614197
19.736533761855767
19.76346762137458
19.841022161217566
19.888954456050172
19.946514290480508
19.959045441380827
19.98270771911643
20.022365487165953
20.09531216407619
20.117766168857266
20.181055570306967
20.21676839831304
20.23472355217456
20.25530079841305
20.307840964528054
20.340574095960363
20.381408714933233
20.413910937566616
20.463908995526165
20.50138438343742
20.52276863505879
20.584200618004004
20.595868096807
20.672917079397497
20.690847163196466
20.72921221618704
20.775327065267508
20.80197658912759
20.85977371302038
20.895003119748218
20.9128710978238
20.987548762102673
21.002714269513213
21.02806088975089
21.049808383420288
21.081949297564524
21.104276904750126
21.168205848778598
21.17880810251309
21.220914094550626
21.288701416461834
21.354122152674616
21.370333360711957
21.381586511895634
21.39703700574962
21.4195783693135
21.51638285969497
21.557296649046606
21.60819638983105
21.614765362028212
21.68142623138729
21.700688467227977
21.769256494065157
21.78581791335923
21.8509217931863
21.88316902543836
21.930542359395805
21.957436152080923
22.017883172712434
22.041617374703698
22.12090661952166
22.14178856101783
22.142763597503517
22.196289619365082
22.226251266877345
22.235813059043107
22.291087306878033
22.349629159444333
22.3647178675211
22.44612901576381
22.48846315969353
22.500668563347233
22.520484171713345
22.609317225203306
22.634661708591437
22.656250958170293
22.675755908281992
22.75367546475327
22.816478089723226
22.836253396186155
22.864157494224298
22.88227270885107
22.898462369632583
22.92166950510142
22.97034286545739
23.040556879956295
23.106838502644745
23.139966172620063
23.18985628149589
23.232114624426387
23.244493652675256
23.28164196936437
23.34846927597337
23.351176514423248
23.433042958965064
23.486138211311236
23.53462602867963
23.549351562178988
23.588322557850887
23.631210208868467
23.63771974536074
23.694303915430936
23.724346825515056
23.752557163977013
23.824974929549604
23.86598088000285
23.89886289705349
23.940036827166974
23.981977686769405
24.00501589104008
24.04636100183839
24.098158439696796
24.118367873070667
24.147344585663895
24.21425330926365
24.260772322557667
24.28465817439687
24.299986780385474
24.323678353726756
24.347920010042603
24.453426902942347
24.464548936955513
24.49290916448875
24.54992803196029
24.570070340422003
24.59970545844437
24.63310539834952
24.676785417983183
24.698218204611816
24.731632413633076
24.762862802407014
24.7950313094561
24.85048363250329
24.860972156416526
24.895186560544484
24.933920892775138
24.991597132092018
25.039895090055143
25.067006746435077
25.096266926203274
25.113448234580076
25.15593811874216
25.25693717857413
25.260698079829
25.31714184158416
25.349531098897053
25.376129416293935
25.464604031012552
25.469152440640404
25.5099627866875
25.557627672072794
25.59129390995673
25.60914039903695
25.628371786340583
25.632733021035598
25.681186457335485
25.732783437507027
25.779611704213444
25.800785929860556
25.825269223604284
25.858481624223018
25.892173468387433
25.907596084403295
25.948392848536024
26.056283874129544
26.064145519906557
26.091148924359228
26.13348520298351
26.153457801898938
26.207930239982826
26.23747107183772
26.292129797456173
26.348164819071616
26.384575766464984
26.417375422070243
26.466224912383655
26.514267699703613
26.547196096485226
26.604669590802438
26.641041328516682
26.674365122773878
26.70038127335151
26.74095271679999
26.767037262796773
26.798602885387737
26.835320171775805
26.862290846890645
26.886123377419644
26.963110788841806
26.969310178406978
27.051184363012705
27.07874333316048
27.10039276048151
27.11497420673
27.200224689212096
27.212334984431646
27.217190777872915
27.337648388729068
27.345809490257153
27.37376387004804
27.411065577679203
27.438454621210575
27.48612421443263
27.488193684455506
27.513660882976414
27.584539499217023
27.655634557650597
27.67677996686712
27.705520799370642
27.779238520207276
27.805317260961257
27.8771239649417
27.91376426792763
27.937856435069587
27.99282247291194
28.026482475267116
28.04753999505368
28.091853813271488
28.22395947641303
28.246864002057745
28.270346740450275
28.360621431011193
28.39318225505318
28.45016760260512
28.504287174841853
28.53359958853425
28.56163081576964
28.566179865004894
28.63518397976632
28.654911340048102
28.72421364466855
28.806502172745766
28.85170730337268
28.858112300746047
28.903672056749368
28.916018516354242
28.94815255136986
28.993929967562014
29.02588333847448
29.07989375098748
29.129724112533722
29.17902998757894
29.22346827183578
29.286058383063544
29.29915084997588
29.33959182391049
29.422348472877577
29.440620563157353
29.50167541867403
29.517764978787298
29.565531451366724
29.601369379755003
29.630504234445606
29.693988361333698
29.72145411615943
29.775302931198688
29.853424150937506
29.93084505298038
29.947810944647813
30.030802834070993
30.05240706872622
30.089939680734386
30.109871702932583
30.16634379478789
30.193771378480797
30.221113049937166
30.25330084448585
30.333817103824416
30.395827418725666
30.412575330225433
30.477966808180483
30.551097478142072
30.598303807141235
30.648097278878954
30.69488726278303
30.728295187970428
30.758817548321183
30.80632181975289
30.84052611310834
30.911641916536762
30.92120934827494
30.969465556492676
31.030013688031076
31.128665366662588
31.18756735269421
31.217679073421817
31.283963384920426
31.359264506171993
31.405260968057704
31.430014449085014
31.471934273651254
31.4943603008844
31.523908334503364
31.622752166102803
31.650204551754868
31.73974605761979
31.74203379664296
31.805821120310313
31.85288506256945
31.86903073959035
31.93647621339303
31.961111968767597
31.981329478902765
32.02021874364002
32.129006449724656
32.23066205930068
32.253107540080634
32.340939744348496
32.38688016233922
32.42095525365646
32.464488942600426
32.49105219061327
32.53511147835936
32.60431810456679
32.67905080208089
32.73390297984045
32.760547018107225
32.904389483090355
32.98572265062172
33.05766564425028
33.084920777733075
33.261248945677934
33.267582197623796
33.343593788745366
33.394656059307636
33.441597832430304
33.5225446831375
33.63460345455026
33.8020538286281
33.81512137031169
33.86432922666489
33.93807326063563
33.95859942622377
34.082775401412114
34.17799794656145
34.260644384771666
34.3035665337805
34.32680523545674
34.41965144386325
34.5038055899662
34.635526219838255
34.72129857329054
34.78734287100815
34.83501505451867
34.95479000956738
35.02359553604251
35.15462402988009
35.3232015955842
35.393593514573915
35.43914425403323
35.558531784113676
35.64956441333023
35.88849759183723
35.91207831768228
36.072428534181924
36.341132339205615
36.44105501305135
36.539821503578125
36.553325306275084
36.663148811681324
36.871327673408125
36.88325738916008
37.03977963197696
37.28501224773376
37.53396603479016
37.597728553703035
37.75552597461455
38.523833966877575
38.98455922463549
39.1150967578514
39.43920765483897
39.87179136283953
40.34251206624704
43.07767138275503
45.75579506850274
