4.16771455689124
4.2211522691338015
4.255635184800506
4.6407329459107025
4.948189688824485
11.669013055791408
12.090196897272671
12.6741396788914
12.958010038006503
13.135951174761265
13.262447388974
13.48144394445406
13.576149274714831
13.760140359002014
13.961961174032586
14.051354154149125
14.079032699930126
14.3087512405082
14.42879035928701
14.59053773588375
14.688625775685583
14.742638334395627
14.793738441971552
14.8203094418265
14.884973654631775
14.979438614924502
15.123868306603143
15.186389196346902
15.275912461626222
15.334961128005265
15.395931681834295
15.452278715273982
15.490695606067144
15.510015890539199
15.592197881838095
15.67883407909848
15.721698669607097
15.798460624746054
15.81680025021637
15.848715663303764
15.908102346717142
15.987327142392163
16.038320271842345
16.139343024445417
16.15603293663856
16.1850645354206
16.221046142442344
16.27587744547608
16.32307781959756
16.404645929065527
16.424573467940387
16.45978148291184
16.516190592324815
16.58312459506828
16.604367055561617
16.708853400366017
16.727966014033697
16.844705450470318
16.86174949531409
16.896831646585525
16.93471524569427
16.995654125729317
17.036464263298363
17.053760619247345
17.105871149128927
17.135393987426028
17.203728620027164
17.23758721496403
17.343112289765905
17.400082331400846
17.437623343232715
17.51837186774386
17.532183169072347
17.5406937441686
17.632386193954428
17.666136244171017
17.667322910418477
17.73904048279811
17.782199617852303
17.84415754401981
17.91982949124472
17.974597835993915
18.018822043551356
18.039665323444506
18.10175628716385
18.137137916114384
18.18178131270524
18.22578501745965
18.270217537596043
18.2816652982607
18.3254682430653
18.358043544459896
18.36951625434127
18.468318516113275
18.48611315869346
18.53449215613545
18.59324660503862
18.67781041424106
18.709106251164055
18.72400441107771
18.775942764694065
18.840814821599718
18.90282770961708
18.943131281065877
18.997269973208113
19.04418643455452
19.080411542635716
19.098326829838026
19.114454465021645
19.12804568964384
19.176130344351428
19.265733227874986
19.32153070587925
19.342712277574492
19.395755517146632
19.403708817529356
19.466094060099838
19.50071447765969
19.560801072283173
19.601811888553204
19.643532069970554
19.660767383401538
19.70426899596206
19.765972197630624
19.804526805517973
19.854536958806467
19.8848575541916
19.908825992688534
19.956881986109774
19.98238049618426
20.047332491201704
20.100522266684933
20.141941866673594
20.154064116550682
20.19873248335936
20.247243039872735
20.262516215838836
20.28298859207838
20.33865399393615
20.371201175987874
20.42033209717178
20.446820343339233
20.468416867454845
20.499868154734333
20.55979304692239
20.600797173226496
20.65917816000605
20.681233088857496
20.710880678962504
20.771948717824127
20.800567370636287
20.812359606245717
20.89135428886298
20.93247690472038
21.011226247116227
21.033994936387412
21.058076333847808
21.06752846498513
21.152462409895044
21.167632104480532
21.20056220324974
21.223456377028302
21.273023408967585
21.324879257523236
21.378278851550682
21.392091958728663
21.454627275033754
21.502607665836003
21.524034273123284
21.592547754016973
21.684701091230586
21.702715931085404
21.74201017690813
21.75849209087722
21.810764674144835
21.840848085733498
21.883481657317724
21.891867695266093
21.942298188481026
21.969147319936898
22.06698097671404
22.086935447262764
22.1013652478827
22.14981850815235
22.18491483000626
22.211249821866687
22.246383087071585
22.306204491734317
22.322349689243122
22.33243015163942
22.372286452875535
22.411087702038582
22.484305187322178
22.526716910471862
22.5589711117545
22.582595589175295
22.66706045868889
22.674177356123504
22.72427539750841
22.75455238239503
22.79612848081129
22.80140792798682
22.849588340487966
22.871082111800554
22.96711044147304
23.00562802517042
23.0528329540006
23.102655754618283
23.11244653458119
23.174862036459768
23.193298308198575
23.227264339062465
23.260240916917017
23.308035654900387
23.343239685937384
23.350744998277065
23.432282984186564
23.47280416209948
23.497417515110612
23.531920397861235
23.564466560128352
23.66166774325356
23.69298876453059
23.719517032927687
23.726013215031987
23.76700563406551
23.805754028026683
23.864250699662332
23.88662658768706
23.898131290130607
23.927636561803922
24.014291890861468
24.036262061505074
24.070682771200367
24.10453208633741
24.15963684095923
24.194484730292185
24.240379535571563
24.253385841895792
24.2921565235558
24.35132404707806
24.355989383750273
24.434446114001073
24.46293718727581
24.49195924950238
24.549778469734196
24.573221253623853
24.604844654597425
24.658447888359586
24.674948231674712
24.748832260363844
24.79598612421986
24.821111334563284
24.868476542545338
24.89952848391864
24.96383135360957
24.981537960704657
25.015213092897252
25.03144653492585
25.097549872302643
25.104055089412693
25.16122404223492
25.217467099285958
25.24132283926375
25.26644032093368
25.299461197876504
25.35603544048097
25.369274307456177
25.41343788242803
25.425797548408553
25.482806865179914
25.51502320212936
25.547436255635535
25.579190279621763
25.631060821712673
25.685209069276233
25.715087918116584
25.744327384360634
25.809196923197206
25.833879767810224
25.889084932112738
25.911780404340565
25.936573443851454
26.012455238246233
26.038631047054594
26.06670469864555
26.110905230756586
26.129962851790992
26.187969827618026
26.198140151075695
26.229780195902283
26.253180048768712
26.307913246854696
26.38588256758772
26.43004466027023
26.443599780275765
26.488016908310478
26.49725216507603
26.51071611856817
26.547968864964176
26.650483506478675
26.661427083088324
26.71104416681423
26.778202453935013
26.815395547063705
26.841238157112336
26.859908905289895
26.93107022305862
26.985575344395734
26.996051919084834
27.054183721104216
27.120891849768853
27.174280970648375
27.186233340002463
27.24272162221155
27.27737475189225
27.290114239199568
27.34049202716565
27.355040642019535
27.383571716336935
27.465100565238988
27.474489003801953
27.553026299269092
27.587275811121433
27.61771709710728
27.659302335574502
27.703646836899498
27.741233269773314
27.780488359042987
27.79819125945874
27.836405284429368
27.858435020580252
27.901925806535083
27.996816984945184
28.04046776044387
28.04982766417839
28.093771371379557
28.129453268179734
28.16058426080647
28.237768618920338
28.262891189976482
28.288885603829556
28.329605607048197
28.344528460281627
28.388149387794158
28.466040639606074
28.47689524366634
28.51866136599253
28.552707923476554
28.609357045924224
28.628483092733426
28.680771072689993
28.7117143031925
28.787597596320634
28.84593450211306
28.865867105801374
28.871769932343046
28.888416068028857
28.942060991774966
28.99438115495617
29.051905155871538
29.09760615662868
29.11956411623662
29.17720524091239
29.216616476986335
29.273181924485506
29.321467821398162
29.34369294318061
29.400684895997887
29.466466185088226
29.491915472897478
29.58511337783617
29.61582248272097
29.673602540936052
29.680613732980476
29.722271961803163
29.79792129709949
29.8589130185055
29.873343076484275
29.922304827383172
29.97054368484917
30.009390858383746
30.02469919155867
30.076968264488578
30.15865231577492
30.192111640827875
30.229337651350303
30.272971843372556
30.32887765131388
30.385770185481245
30.402269151718027
30.441560254586438
30.548570670996057
30.5840805028538
30.65642395999214
30.74125225854825
30.78028482236354
30.825656539057157
30.89311977780525
30.90323472131297
30.9447324303801
30.956946408199183
31.060267858461522
31.12120943962395
31.170881117510916
31.265916140391123
31.29991577894821
31.35248669155632
31.430968749558673
31.460754110815937
31.49628848147567
31.508686140939638
31.64176717886968
31.71231323009309
31.73921905274786
31.778195831897897
31.842342279569746
31.887749840453026
31.91875313378041
32.06642884045853
32.099605670593824
32.13610785402735
32.16324560970299
32.19700020879025
32.25176166053506
32.333214959581994
32.377197858119146
32.49139956484246
32.49484876824256
32.623426194160864
32.63754823030408
32.656034373870064
32.75383610688645
32.803575458490776
32.83281143965165
32.87758443633878
32.9262170358726
33.05409012435536
33.136131771570156
33.18615814037578
33.21885921465816
33.241710549978635
33.305682426257654
33.40983618242429
33.431524604858595
33.50693635195152
33.5841779189596
33.631519415764714
33.723819259705685
33.74363402335917
33.78140920481718
33.86893560668364
33.95103512938815
34.05014328812691
34.08134657737844
34.11407475390096
34.16512490492807
34.22961012478503
34.356824902410324
34.455707399089455
34.562284816246866
34.62447963564593
34.64098247876421
34.77291796701084
34.84416096943691
35.0452455796674
35.13252555716846
35.17002982959418
35.188936775715064
35.223800408013595
35.38767756190544
35.460088403175945
35.5090033385029
35.60177997817517
35.753869621666716
35.86711844387387
35.9592863865018
36.12863504174383
36.19894388507211
36.32371929592093
36.3599562038911
36.41562552583818
36.66031258060013
36.71919529469659
37.00946752696357
37.06246590335523
37.26590428072069
37.43034266908879
37.526437546037215
37.71038788203861
37.88830253050063
38.31711077515707
38.63235065197279
38.825157440317156
38.9645711119746
39.01120866517178
39.92905367390602
40.56165643626102
41.53210670487921
