0.6512052423441193
0.7208097281762144
0.8067055062905153
0.9011684288765706
0.9418760668057384
10.050234600037815
10.733269727382602
10.811581349070366
11.305770350427784
11.373668557043727
11.406394433109103
11.48145962999007
11.535624100064174
11.551418150994364
11.630341142526296
11.82247166340125
11.857997496487137
11.949295452486847
11.983704822562643
12.01616997083135
12.093399039242787
12.18121965766673
12.239460210023745
12.379077360602182
12.502020413530145
12.569880597210778
12.687196793026706
12.729770003638397
12.765998867846793
12.783953053309048
12.839589102128075
12.845466416273226
12.9800664223661
13.050720074276759
13.082711011066634
13.126408069073786
13.172111349318257
13.204917803366056
13.246351316899323
13.29301458956876
13.388159852989903
13.465399982089947
13.503398118634632
13.522543312987628
13.5863547507349
13.630564811870288
13.661422249204513
13.682963813699978
13.723749147944956
13.80627054216984
13.899237003223897
13.931491839745128
13.97962765348775
14.016246122220876
14.03717596397551
14.057225385032467
14.116724301888334
14.148955343860397
14.177167143929218
14.251355448326496
14.296364289469865
14.324709972706323
14.39672042717838
14.438066817219006
14.491239675356255
14.522677242350596
14.541712695995285
14.562647051379322
14.599114468005093
14.6270008462743
14.65959115575767
14.730583187532718
14.754007606549663
14.793208521861734
14.882007858192575
14.923304218333028
14.961055465360591
15.003300330067052
15.029798397027577
15.08153654220489
15.154734113101593
15.16602533475508
15.187850941279818
15.222224085910458
15.289373076199512
15.292267921759176
15.32356364600067
15.352733766150363
15.379700587095734
15.403737810198871
15.46657743945404
15.511383370403475
15.55083146124667
15.6226573116605
15.657177199572384
15.667557808530415
15.697195911789196
15.743369163531362
15.814392739582784
15.818748378364708
15.858613768846523
15.887527085341826
15.955895355992416
15.997451199682233
16.026000055754423
16.076919254775277
16.1232202511564
16.137963025382884
16.152755649995346
16.158660125458088
16.23460239317245
16.27684050975384
16.311842653304154
16.323782013116595
16.371472527614177
16.408554571746027
16.420646433832413
16.444498956428955
16.47893716860592
16.49261956404946
16.536176973044533
16.581887426098564
16.61906837127466
16.639470166685676
16.692976047994854
16.707285025759145
16.73668681790032
16.747036153229352
16.76241025274042
16.78006391433955
16.828074516619182
16.92728840753659
16.98473416109892
17.002824592967677
17.038224021244737
17.062868506501157
17.107913551967574
17.134614126275125
17.188458026407886
17.252642965009485
17.276796917565253
17.30160339055708
17.317909425040053
17.335529905636065
17.359564329419342
17.39342818097085
17.423649582758955
17.446841949040337
17.484881436430136
17.534022252751928
17.559716318333415
17.589964199278118
17.608645908875225
17.630964021186518
17.72696122474094
17.76630264648389
17.776249266630806
17.79991672209824
17.83834565823987
17.853115666888677
17.91166943939168
17.958617171501686
18.00448733211436
18.068769826222344
18.082511650010357
18.11148471192392
18.149722191022544
18.20052644867796
18.209757799502526
18.226649575258996
18.283951331156487
18.310637350229882
18.33626188662508
18.363779721276167
18.387016939528635
18.438052170002162
18.461474605651745
18.48834653317223
18.509504198429322
18.549444102208827
18.591164422283406
18.60112206664102
18.61629970924702
18.666946215418108
18.69623520307939
18.71758770986448
18.768151265586802
18.78327027179756
18.824633253315017
18.853483639019178
18.8762605372532
18.907367682324164
18.942182760841142
18.96902952081924
19.019220719698083
19.076140310249258
19.14268288892034
19.15773678867307
19.17869227901356
19.200157863624415
19.21693109558898
19.250349923040897
19.308203009512415
19.31848123240224
19.38133400985087
19.448065799185315
19.46664745613747
19.484421655456213
19.51317506604297
19.55433911281605
19.581721858765793
19.649905156955203
19.659828520045092
19.70452725570008
19.727857185469865
19.753766818411624
19.765547829486316
19.781214593813147
19.825989974350115
19.862593079545256
19.882570274279534
19.920282086485
19.93243748940094
19.97454043747919
19.978842830380124
20.023210524708563
20.091875420004328
20.118294333462376
20.133408540082605
20.168127085280382
20.206422821994217
20.254672180447418
20.28029781227193
20.32365392503604
20.35890184463757
20.401042313725334
20.42563971724914
20.479216495868567
20.511315435210076
20.537642721444037
20.571659341618115
20.575713897447873
20.623691808562555
20.66191563436116
20.679355147096654
20.726225121570835
20.783735311956146
20.812720456490915
20.841069829249108
20.873794761625216
20.905275064058156
20.928279256970548
20.939340121400367
20.99665149866746
21.009558616930967
21.059914398928093
21.07431073378974
21.09363149461256
21.19061385120423
21.217387411471865
21.26222426960459
21.277461207519785
21.307439176426676
21.320200928897496
21.365958183041776
21.409918977573263
21.47043519105836
21.48486263436309
21.52550520259881
21.555674499837156
21.595141260681707
21.622016287845664
21.671565788933805
21.715075886014937
21.7538923323437
21.761800860580887
21.802185733985112
21.848864922743424
21.878323672000814
21.92495391896615
21.964924841540988
21.985918424605906
22.03678252932569
22.071697187665833
22.077139133816978
22.131049008947244
22.162978448189808
22.20796111409511
22.220831775040736
22.267334908293595
22.279860087548432
22.310481566877165
22.348310671065658
22.413351751243145
22.46426673884818
22.543669225928944
22.561935418782348
22.57887279292771
22.618094861548627
22.67005308994396
22.688837754644123
22.728595283398505
22.740807105867507
22.78744014692127
22.7969716021591
22.834669194439577
22.855220165106335
22.900648623494348
22.943536624331774
22.9765284656815
23.00011910019771
23.029245273609078
23.08703475240618
23.103642282856164
23.11041718834062
23.154626910914512
23.260405535959833
23.285755829046
23.325156019149976
23.33552648377064
23.360726112077593
23.43422732326888
23.491261208586234
23.512994483211614
23.541390765641225
23.597270669283542
23.652814265434447
23.680593733289182
23.712839673805423
23.726717408690924
23.788700284353673
23.813342884168495
23.82499795941623
23.869707597631173
23.876236229507224
23.930606170260027
23.972894794342675
24.00570422746856
24.069515064967938
24.103330552088032
24.151714908952943
24.18169168491378
24.21003523182137
24.243190510445082
24.270137170648727
24.299998582283937
24.312619399378374
24.336382361550072
24.399161413708434
24.413587037889336
24.43671737551903
24.49470147005824
24.50496554654578
24.54675092148194
24.608184613922784
24.654580367020277
24.71540810044244
24.764904273714368
24.810727896742456
24.892643752774184
24.956213601992495
24.9905450124877
25.027532063226744
25.076359450520698
25.10112209361284
25.173738216362313
25.195310764751365
25.20931768643696
25.228187989784153
25.274831560946346
25.35827819421951
25.37965491494424
25.43369172347083
25.484740972003333
25.492954505584585
25.55992111129614
25.59091337181142
25.644041294744525
25.67793488764784
25.69820770646702
25.71704488030511
25.791711234252244
25.820219128688716
25.881379871215948
25.906853994618498
25.932735988658127
26.017813133039205
26.042024821158464
26.07278123103609
26.089769335336552
26.167191390112425
26.223370368735843
26.30676102659027
26.361707147863243
26.405737950184754
26.45997556550208
26.519755276755994
26.526440119080362
26.584102674951314
26.654966335692336
26.695475849111943
26.732433773173426
26.756450983975064
26.8447045645077
26.937660507899913
26.964142508692813
26.975581896830867
27.046391361026302
27.09860364565756
27.134843504125406
27.19992519994987
27.24651627023977
27.275650590805714
27.347483061363782
27.427607377312913
27.446416416365473
27.505766438916332
27.53983155446307
27.56774895195957
27.684657780282777
27.715517177136537
27.72579108421087
27.819674984156297
27.852933893020534
27.897129870105925
27.936027563024254
27.970976752280567
27.998067531496854
28.02672767219468
28.046454503832543
28.17413600715687
28.193445312871862
28.230474976244526
28.261713637274966
28.321742743388267
28.383544493713966
28.45875987743053
28.503248285203647
28.573989507076373
28.635268582437096
28.65843551677585
28.723114077887857
28.735317004203484
28.791925135394532
28.89131882991433
28.91685668215713
28.95721556551184
28.984242446360508
29.04783395003031
29.161270971120594
29.182856298830487
29.280117659077437
29.325268165871073
29.385774899555386
29.474000496227575
29.54850858098739
29.588881805560717
29.63177828177962
29.646294925782804
29.678629246507292
29.72740643353323
29.792871198903384
29.912984084592757
29.92898577582882
30.051412976543407
30.091837031432096
30.280900712588075
30.38160561514997
30.452950483666772
30.61546851198455
30.704549079491876
30.775700783994797
30.81301142529826
30.87330730947041
30.99518389471863
31.02086129853643
31.134873868057863
31.324726736651247
31.3407926972951
31.457716973619842
31.50572536397854
31.73122548239691
31.812048562679845
31.84038936346142
32.05815930091998
32.17790324153206
32.30682063715254
32.490981687283856
32.65619531413397
32.71573080263168
32.77724201528537
32.804538460522046
32.872200540922684
33.097237915393784
33.57653798217615
34.08408886676254
34.14789678367385
35.42514623304467
38.02725129128479
