3.9960484617535617
4.498225407227718
4.592377785716774
4.718952875174699
4.99244798395897
9.383676901870833
11.996480108576035
12.086666684250742
12.538656427876164
12.636252916601041
12.68395826298026
12.80483341897719
12.86694688543086
13.471083907789337
13.662322501897721
14.118920002903877
14.231777915684907
14.26251535433991
14.317164398515727
14.39015654384588
14.484184568469653
14.558627668508796
14.634377838807147
14.724932688599845
14.881911391579193
15.00815518991028
15.140030836960932
15.172598515190206
15.291494509518794
15.40184803748087
15.451186420739576
15.561192840561537
15.617208405262978
15.679250615855683
15.708974768762033
15.744450306467197
15.862253932120755
15.924654055389905
15.98959722902816
16.035180365272517
16.142022629984304
16.17988527335558
16.259918921417775
16.29768270331337
16.35023320768178
16.418682264919298
16.46894575720418
16.55375656480696
16.60899814658659
16.692219945678662
16.758996092806914
16.80323767569551
16.866363901741703
16.984501369799315
17.00795576683702
17.06859786272847
17.144077808260022
17.22552764802917
17.247970269140577
17.352522775936738
17.371784669543903
17.38909748369054
17.43266366754688
17.502604964266684
17.586000878519503
17.618039635375975
17.671336791321277
17.70708003900706
17.731429709861953
17.805100842960226
17.834827041755933
17.88254647045581
17.91037404012147
18.005654316894272
18.057795447524885
18.147664394956138
18.209306889326037
18.238978865876064
18.246786639751807
18.307682667379055
18.337657240275483
18.3772574932344
18.382448303332954
18.397027026802792
18.501067127914737
18.508295484302437
18.582584368155153
18.606410631944275
18.677715381730742
18.741926702800058
18.752557925759138
18.789430933984363
18.835127094366175
18.86317764984193
18.965606212712814
19.03440369909827
19.04081458633261
19.088738859912688
19.094842107125903
19.151756321989318
19.179960085498244
19.244002188370327
19.277661567591657
19.315828698098567
19.364348291864133
19.425462790461452
19.44489264056793
19.48122059138692
19.498052241188294
19.541036305943674
19.563900901203347
19.619887226643034
19.65169902223147
19.688712473434283
19.77120841935405
19.805906263285706
19.85392666880557
19.880959446038084
19.95087525635361
19.959607257275334
19.995541210696903
20.036892401597907
20.06180655827239
20.10834210146246
20.127842319398933
20.184386114892686
20.199991583395306
20.263893422007296
20.338255191151163
20.345317229917043
20.365006289999563
20.43811487137496
20.459635714589005
20.481811522326463
20.54152163387792
20.578972061758616
20.622167180213417
20.650095404232196
20.725331398612067
20.753561597248034
20.80834454984934
20.815013627480617
20.864125637448332
20.900860275570878
20.94292269592397
20.96787600908292
20.986049326243577
21.047807754099434
21.108468247076615
21.12754411291021
21.167018071085305
21.19915380211421
21.209897659798024
21.26894509112874
21.291170122616773
21.377197450434817
21.395984214346296
21.462963938870224
21.51438397189889
21.524467110033854
21.577647361324896
21.62829889307136
21.642239620770667
21.73011073380233
21.750268076290745
21.786193857999415
21.81363958697582
21.862825666165733
21.88781933110451
21.902069669711313
21.975599243708764
22.001781365548506
22.077144298327294
22.14765995910992
22.182037498580026
22.203734225373204
22.20919248666025
22.292543021883404
22.307943942302845
22.324130437413817
22.329494045055636
22.36774858549112
22.44185690234746
22.52121362431815
22.529767930526603
22.566833354781753
22.582921366805124
22.625340666645346
22.641168212131696
22.68840927831471
22.748366109037896
22.781646351029575
22.82503892548025
22.856870468823434
22.89785020585643
22.915009770602307
22.94329880316252
22.987785270276785
23.015323264178658
23.049804896948668
23.120355768061845
23.142716080326075
23.18552389834885
23.22368677333417
23.246021222168263
23.295395353554312
23.371724739231865
23.397597610120293
23.410957826048897
23.44242161362758
23.487984374460147
23.508723786087703
23.572948773215845
23.587706664237487
23.624110369014613
23.657991433053645
23.71365430972208
23.719655752057193
23.75063733030289
23.79995381269601
23.850299626615318
23.887469231469613
23.921187997150426
23.93736395477907
24.01323401528941
24.07203856316159
24.089737084110432
24.1499057005614
24.16495190628775
24.21434996048974
24.221534177523882
24.278894653347432
24.2861057604549
24.337938351217
24.39223306867936
24.422536978966793
24.485075782085836
24.502367072745358
24.550894937852757
24.55415149484225
24.585892101954656
24.648319977676877
24.69652024299603
24.73028935142176
24.736638942822104
24.797933196730167
24.804863999662743
24.894087056164057
24.936497602529723
24.952513544180448
24.993166497399343
25.04931687096248
25.064252525793044
25.113612812482135
25.13651037922454
25.181323013408736
25.20857542119698
25.235298928486284
25.2567930828808
25.32505783865669
25.340454034199443
25.388015604151395
25.437409898124447
25.482194981065017
25.52174384897351
25.544111002990626
25.589031596937737
25.660088661666038
25.673362412310937
25.72073219898242
25.747167582254374
25.796323745332355
25.808789236609456
25.852766100795165
25.905333596615236
25.941103241616002
25.97807295170431
26.05664430520063
26.08857779228946
26.09358567806615
26.13302844275877
26.156795404320587
26.254840169813804
26.290009122907765
26.29963440227603
26.324153310015074
26.325721225991046
26.389153880647758
26.43823312037821
26.453138385110186
26.513606244479725
26.58591233284016
26.633437025124127
26.636590251030015
26.71380551441463
26.734072561973512
26.759203209440212
26.76225172730707
26.793179041817822
26.841378842012837
26.898965605793745
26.950347163083425
27.009796422146366
27.02118706072066
27.091137495968727
27.132378542461943
27.185942087429677
27.241118362678638
27.27986859577113
27.30637985222159
27.3326408740365
27.400008805730245
27.41706085774742
27.44679465551431
27.503465773510296
27.550250757248374
27.574563021442092
27.6065610976588
27.628413867198642
27.6634814937381
27.68075547747039
27.69844532027825
27.77571626753949
27.83671027296121
27.893586484602526
27.937324390210968
27.961339381138924
27.973854929620092
28.004830581282796
28.027660821807192
28.08763525020124
28.104690413215376
28.1659688697777
28.22089839396692
28.264988338414952
28.308786388562723
28.362373292134155
28.37343954451805
28.425181980726308
28.436061990775297
28.49895503132971
28.528711232921797
28.57784709700787
28.60915814787685
28.65188341900463
28.732364620425493
28.742198795209415
28.78871950757485
28.812558157220113
28.8420885233792
28.894910292505887
28.959818347254473
29.04987716749849
29.058576062212207
29.12804999216645
29.189558616622655
29.21002262633711
29.236266147925242
29.237932500538264
29.31002394257659
29.402343481243225
29.436939803233564
29.480774185575093
29.55095856214163
29.582426163037532
29.598518003289936
29.620064901806565
29.65060668958961
29.744490461945354
29.81688014342937
29.85725046321026
29.89779578628726
29.924544305572304
29.970392881969772
30.021093576677377
30.070870949436863
30.111131870939037
30.142521017528896
30.196121917531375
30.238178523990612
30.334534819653268
30.38281315256498
30.415937611850676
30.472196703429923
30.505953535944766
30.566037142037146
30.573819425002338
30.635004044661237
30.672908302265537
30.72171156634107
30.8093302186352
30.869039038495135
30.90630537041733
30.943619694806785
31.012008052728024
31.05708526640746
31.11821680752649
31.157959235418407
31.17708132752239
31.23840344912849
31.261193511599576
31.321528602520985
31.33414715909072
31.46917838881233
31.52883454779443
31.541229511617125
31.57954817579546
31.603973198718727
31.65742774032028
31.808211448793145
31.867159711256047
31.884410871828457
31.944042264662034
31.966418276660516
32.02148705306419
32.06277530099409
32.17065052826703
32.195565124109486
32.25190418425409
32.322412339207254
32.398198796384136
32.422764788030456
32.484755922588015
32.50224566880679
32.56762534454804
32.598388491770734
32.67378562976008
32.74096470647688
32.79575373911878
32.85818508158868
32.90914528963376
32.96009798253903
32.99308280276666
33.058098386660646
33.1183175128088
33.14237935396632
33.20424412726413
33.275413451175844
33.328612919056674
33.35077748260467
33.39778499816277
33.49460796997429
33.51703105788889
33.56083226768349
33.60009220727033
33.618100930115794
33.72433587446757
33.744923146215285
33.87877345991088
34.00934770196609
34.11444978684432
34.136879415890384
34.21165688583954
34.23545997538383
34.31913236810172
34.35124521612994
34.56818445215975
34.60937902014185
34.63105672220293
34.68353837929384
34.76330549074547
34.853389503367204
34.88306753457471
34.95312484126902
35.04607294381362
35.137315627219685
35.16047935174608
35.20000647718044
35.27856679278506
35.36243989590023
35.51532380320353
35.5944270760709
35.63639456494579
35.665942087132386
35.76811545975995
35.855252387400654
35.949574820634226
36.024758496719926
36.16913824968087
36.23815469653629
36.2901876664158
36.354648950401874
36.52168695126038
36.61999601304172
36.685156954833566
36.70450642067846
36.85023732279319
36.903064851012125
37.2085934007098
37.22247889380223
37.43452023900129
37.60668134942001
37.79523786988331
37.974602905431965
38.237146718892454
39.37400017991372
39.54582025815317
41.95525344546204
42.416701672903685
