4.305786274423136
4.418450220029685
4.665545399104644
4.787893013580645
4.863815431816022
12.051804009647684
12.163692045924494
12.798629693503754
12.995095134558255
13.315876766164775
13.651695342086729
14.013405859985758
14.229919562211569
14.45311500251733
14.531013537968372
14.542282120171699
14.606835868580415
14.633996051675426
14.734317091881385
14.781960526935304
14.915393831213152
14.991846886795738
15.095646526870475
15.21684770541827
15.29982684512777
15.33987041866299
15.434827073443348
15.463976917686402
15.504328186741606
15.57895057556676
15.63842611217121
15.718406412183807
15.75098480096147
15.890749159230321
15.926976113653303
15.995978538547199
16.051361167099166
16.145842182561235
16.16461301607473
16.234546652169726
16.284030572920486
16.315269434973974
16.392751501641378
16.452459576297958
16.516174131922917
16.564555191185992
16.608939555905746
16.62245521071854
16.70909813896958
16.74077472609264
16.838214963919754
16.89611727663677
16.95806979173017
17.020713906111165
17.07004550767427
17.133844574961746
17.20288748059625
17.2351857339477
17.285301758053773
17.35687511092198
17.396997729654338
17.428804649543867
17.53699966359825
17.55609950208301
17.615771937709862
17.642545601794374
17.688565078145675
17.721488462148745
17.745675260731314
17.841058408563818
17.872415895861575
17.894310836908744
17.98065684276007
17.9978961776312
18.057582957882392
18.091763748056508
18.13970752765328
18.212477083862165
18.247785029037395
18.291024356945584
18.316526388498474
18.387656432170385
18.44575572831237
18.46853783415019
18.500417937599398
18.529055310588316
18.556003480358275
18.592906231991943
18.657766311861433
18.689299251871123
18.764577591438982
18.80679655566214
18.838880131203048
18.880697950161935
18.931297307736926
18.952755823072565
18.9968711880406
19.042255692434875
19.072589967653844
19.11263685354383
19.125714617001602
19.210033785712763
19.233147928018006
19.24569381903495
19.30939858417065
19.3467688967901
19.38502650173745
19.44029225730957
19.46562561351345
19.520000543188903
19.570801913621903
19.601640509223476
19.617567152788716
19.636293643120943
19.70247624964365
19.74055012067989
19.741768001102454
19.82840238744531
19.843752336132614
19.917279123881766
19.96093017918747
19.990114256515696
20.005514963882366
20.05262918913615
20.11819491288903
20.17634382876461
20.19335998365759
20.21546286692426
20.267289604198414
20.308210596533918
20.34186416325587
20.404992900046903
20.432518994717487
20.45011985150161
20.47052114483052
20.52624408690415
20.604611692149827
20.659580734334344
20.70780917081541
20.731153731536
20.77935710747419
20.80181747305342
20.832319770442485
20.861050387798002
20.902909776061513
20.973830536642815
20.991914842185476
21.009386407273198
21.06116713738944
21.134491210332197
21.15849816412683
21.180797229176765
21.226154869575844
21.275949814208374
21.289003060811627
21.327400921540093
21.403963787024757
21.43290950780127
21.469285096142205
21.474604466736064
21.526770738953054
21.569550746434192
21.57415442506076
21.634059736324097
21.666968560277244
21.696473364019297
21.719789602999008
21.776099829799744
21.82416784778895
21.845215275904376
21.883054536976527
21.917630284892606
21.99064227037934
22.030450223148765
22.083710977206465
22.111966708214354
22.121967229489222
22.176722819725637
22.197929926091728
22.211510994451785
22.23458108395256
22.271658832887542
22.338982608599306
22.389491696497405
22.42647683489925
22.49750277547379
22.521740356163086
22.54389958502036
22.573060320919137
22.581564310746387
22.62129440948422
22.653647580119483
22.718283705620724
22.772488334136863
22.79542198064276
22.827308298286678
22.864623265021322
22.90462608648374
22.95102809123183
22.98203783053764
22.99109742754385
23.05433834565518
23.095775853538054
23.12932155651465
23.18644150061186
23.199343994008466
23.23110450090725
23.314948279256814
23.33266276029786
23.421934392252123
23.435766319099603
23.472624594610927
23.48187053453098
23.54796285353008
23.560418209124613
23.609506016423612
23.656515004326828
23.688689755919444
23.698166486301574
23.752937817405996
23.777757735682428
23.83308153670292
23.850206545324028
23.86491640342531
23.90566073530043
23.935346874541263
24.03448813656874
24.08673218301269
24.108511284968966
24.156486825644986
24.17653806849609
24.222418588049038
24.232294635300388
24.29011835315469
24.31898302195384
24.35035484564144
24.378871418260502
24.459044778900655
24.475244586468175
24.511330201032823
24.580837393011045
24.60828152862295
24.62508635923881
24.67701087740117
24.740623928092067
24.78966221721079
24.813253337540313
24.823372134369123
24.8647371825582
24.868415545596783
24.96535343236559
25.02160875050992
25.03856355945823
25.05663760402346
25.090097695589897
25.111877260711488
25.147947579734453
25.171978336929694
25.24461611291059
25.249866495761864
25.312862223827302
25.38102328867313
25.39118047029311
25.44250764473391
25.49128291401165
25.526752164139587
25.56566936666686
25.575284366572905
25.60056484712872
25.626633334367423
25.718363527316317
25.73511775666376
25.777915401112903
25.78509879892174
25.855309045919757
25.927237015896907
25.96030672981409
25.968327625014904
25.998437082192766
26.051315575437403
26.096049813012648
26.11316054467882
26.163186191945098
26.194381015373175
26.22857281436542
26.319500037745353
26.353835413569907
26.400675283945898
26.43668472929908
26.45565707648286
26.48911085990395
26.50777335383561
26.549010536052652
26.577909637207657
26.61496534794381
26.640745390935006
26.7083400601022
26.760083279109896
26.77797427068841
26.86243009956928
26.89510027685359
26.918436369588683
26.937459703567917
26.984520328492323
27.00870719543314
27.051138310049758
27.1132170082113
27.123677611364453
27.18099984070987
27.22335188465583
27.298650221894597
27.326052325286106
27.38922732285045
27.40802164583422
27.43154545514943
27.490351327473718
27.54285992205397
27.585756214896428
27.63718900803154
27.680369075636747
27.710395095371037
27.730183400507066
27.783296278845196
27.82238262033441
27.839283957655265
27.86896169590128
27.94131684376121
28.003544483407897
28.01261822491281
28.02230820976418
28.081024421522798
28.138770130834768
28.17092997878233
28.242502224645072
28.266340958697267
28.29855075298866
28.328724987542586
28.40589666158735
28.430977730337865
28.500130062074206
28.510833317187576
28.551800536759387
28.586079668381075
28.615305580543186
28.639166098903903
28.66976697681435
28.725721108121533
28.76622245860446
28.830860217593017
28.895815594958123
28.94593044584141
28.978092017876826
29.010129908383636
29.031724612386643
29.079609708512013
29.121337043995464
29.183454788496217
29.200483430756496
29.26258941260376
29.286308326312586
29.37199982467751
29.378449342804018
29.42265801113851
29.479628759492925
29.510316413790594
29.56348579349625
29.596835516408643
29.689606111051184
29.717290797295767
29.77593545507918
29.841641071655857
29.851487981575833
29.89550023480498
29.907405993461875
29.971749767892934
30.031282261771555
30.048308677269418
30.155359834979212
30.1840960951296
30.223541662597434
30.288206491425903
30.336056199166237
30.37206961535484
30.38482096749656
30.446590615627734
30.507111402092512
30.544366206588887
30.571941123309713
30.606808763989658
30.66809820424467
30.697793124565553
30.742370206953236
30.77800049658327
30.812291918201684
30.88217403431563
30.908231333263707
30.940617630066836
30.993383203384827
31.012355430393196
31.121428870212295
31.15939082934651
31.1925730011345
31.269786657840147
31.30418380063734
31.363964116892166
31.43453988021198
31.49215250597295
31.50809764427506
31.557896702384042
31.635339167719494
31.64869701259197
31.73656726712059
31.772103855526094
31.793203133730646
31.86821910871762
31.935730509382598
31.93976465271988
32.003991668492084
32.15551849624468
32.1759777305394
32.21596521368806
32.3210779813506
32.38094462826736
32.40715764021078
32.43936698583242
32.51476370426116
32.530997284232946
32.63063536675568
32.695103195838215
32.77431515925481
32.825743336982
32.93551324589413
32.94999961273393
32.98977075705935
33.044185380831586
33.12180285725432
33.148057556551514
33.23515298788296
33.28375110586791
33.37008167214756
33.39444862228745
33.42613181050695
33.44516869287909
33.52020824421182
33.63021705014302
33.68280517073719
33.717587304448095
33.766157112017346
33.83818837338367
33.928259474815746
33.95604182955
34.02050471774448
34.11047617167209
34.207175514039655
34.23882939212461
34.2837681916702
34.344601226341325
34.378848520854746
34.460357276787406
34.57263435391516
34.616853388117356
34.62965914255561
34.728511488626054
34.775257138041496
34.85850236381938
34.91780056515522
35.04957442140843
35.085114253301896
35.14776285154737
35.25186182471298
35.32530841320026
35.42985698055024
35.52474288473878
35.62405669534942
35.69897347940038
35.72749243616238
35.83068713691701
35.95681608592288
36.081076860290864
36.15260511070147
36.33882495233714
36.36378931388181
36.49628441411949
36.5961586054385
36.71398728286178
36.80519569367643
36.90446131613808
37.02494494019229
37.136368999051804
37.26358421194896
37.6281813646655
37.676238476024864
38.09110687278604
38.2797288943683
38.62423466385129
38.85171050701772
39.235813572381346
39.81097869728099
41.526960120795515
