3.978599559489277
4.222953885644847
4.416511491375823
4.566584258425357
4.7780944995374055
11.126805701826614
12.28376323304273
12.594314042296894
12.868147197901385
12.897973635882364
13.32781572520742
13.475706192553528
13.56110342242289
13.60423677907325
13.6810914355311
13.890068243152502
14.079732457664472
14.334722451938157
14.386040811761404
14.693224702975415
14.842597468497843
14.885749921938627
14.939610703345437
15.02421005065586
15.1581638747932
15.206287373721791
15.289982711262866
15.337768204034816
15.426850914441525
15.538808975945802
15.576407749187922
15.648371983577139
15.715337143260603
15.782176368429951
15.812297597142868
15.856936186222747
15.918812884980614
16.004304409118987
16.028173649986304
16.097126681280734
16.174527635158057
16.212504460664395
16.312662751629297
16.361472713509947
16.4507900190609
16.47508170335677
16.533199323738806
16.565340670667073
16.57090819034517
16.63557935505825
16.69382740657214
16.73217846364221
16.814409818537918
16.915421516311675
16.941230629285453
16.988514330680953
17.09411182689264
17.126464896886343
17.164264840279387
17.213313709067915
17.244484517329226
17.27199610889507
17.3605075724905
17.398319037707594
17.478554413372883
17.50612232165397
17.565762688700143
17.606873695089533
17.689190041172417
17.703788167030126
17.725189261088328
17.7857905709236
17.871627710270875
17.893702225920308
17.96163226010963
18.050900209456987
18.05771500964936
18.111334646852146
18.119326992141588
18.159676285788823
18.185787600950942
18.227747629710635
18.30775273931537
18.315087989720016
18.386638219199174
18.449390718599044
18.489298401056793
18.513675094456392
18.584713376976985
18.590968230431674
18.679910153336415
18.696451176777035
18.75131954454401
18.81156467216928
18.84330317655815
18.862384986497794
18.900703582794034
18.949122538595343
18.972056534125233
19.03085842895365
19.0643024710703
19.138797244294985
19.15757763941577
19.23898872233943
19.254956319546103
19.343147595154942
19.356956927291616
19.377525967253497
19.428013062531498
19.460916323453446
19.505042306075566
19.540721928280625
19.57140676469635
19.63068891202579
19.686732119554918
19.71876563714242
19.74890209101242
19.79215184462739
19.847958317418605
19.887773216664133
19.935337222138823
19.97637728004115
20.01593158838667
20.0944162917237
20.096558137710012
20.125972219625847
20.203494386857173
20.276012973902134
20.285309376336205
20.292963302528925
20.312805245281996
20.365949203141152
20.403748985738336
20.46806783275163
20.49048959341396
20.513957243023075
20.56100642036138
20.621461880304064
20.650712951727314
20.698198050542118
20.744342562904134
20.770743479481684
20.79014736019468
20.833162922253155
20.89049147286212
20.90337052285283
20.9422475217941
20.94919026327154
20.99074508240304
21.0358437715157
21.052245445743452
21.082851968148198
21.171493353141187
21.189739972785894
21.234765253887748
21.273757860204533
21.316318873323077
21.32399693536795
21.401006840694144
21.437497125710678
21.474830688039628
21.5235972942748
21.537521775277224
21.559561142301032
21.611251353698016
21.651708887566983
21.700336339365997
21.73399372871047
21.76253134378477
21.806866989035274
21.864963959734528
21.87718939123541
21.98242391137607
21.98443840567138
22.01590937773679
22.045393066866165
22.0586853968781
22.106308077685185
22.132736006018693
22.150142305889936
22.222765748124246
22.275817576484478
22.302404051290065
22.31783818842091
22.362109797465745
22.40075783875239
22.45888819531056
22.496867898339914
22.514265426659357
22.554020271700033
22.558797339144974
22.65218422655298
22.678109205376728
22.696808558192632
22.725644495833485
22.760157385999076
22.788912667880567
22.863230179971954
22.86911212754327
22.935083974484524
22.948664500626094
22.993395758443395
23.01488520738409
23.06216662062973
23.118042566981764
23.12942769677378
23.16501227320365
23.200717213140248
23.283219983090774
23.321456736263258
23.374118824527173
23.408583826829958
23.422656700473393
23.45996554712507
23.493355123631616
23.526241428158684
23.557483501962384
23.565142159533735
23.657731525141095
23.71215797826922
23.734514544209137
23.771179687577437
23.784198432484985
23.80693877934987
23.866164609512776
23.884305123225236
23.89494254102587
23.9794938601638
24.00900347528762
24.117227015517585
24.128589321547324
24.136186424387528
24.170522812927278
24.172787909004025
24.203852883726608
24.236764127525365
24.30898212230731
24.3538779541368
24.38664720899018
24.40269402953961
24.440514973002944
24.489536479031003
24.5083625063291
24.5560429580192
24.584844931123843
24.594975141982104
24.612001008809898
24.668137401265984
24.733641779181017
24.756792561713745
24.782943613072536
24.88277536023019
24.89978797334998
24.914819234432944
24.964695402135003
25.031615873526352
25.0449358066645
25.060776182643043
25.16762115358667
25.181234655443124
25.20989929981043
25.257748790592615
25.26215187696784
25.305404532090595
25.364922691220972
25.396869029305414
25.4172936108134
25.43580029592347
25.504383483779193
25.539439940867645
25.57799557356834
25.601785575002378
25.639485357591866
25.701935946417358
25.737889623767938
25.748386248347426
25.8009675977702
25.894925387556974
25.91424454954656
25.95571351586566
25.975219324106018
26.02616891591689
26.06890870922048
26.108066542189487
26.152411374976577
26.184453908145763
26.227078518944854
26.258292559083582
26.27066941367898
26.294653722215777
26.31505306071675
26.37190424502994
26.418864107826987
26.47128630818247
26.482294679141177
26.504017304198562
26.537032589562013
26.618259979789954
26.660841407688785
26.679207220125964
26.775146821689997
26.79738606113444
26.837808773159757
26.89267660948255
26.92871744509212
26.956959800387985
27.01728680382716
27.036229443468258
27.090288729501793
27.1112523522042
27.147638672924952
27.220655588126665
27.26329814542017
27.298861833347413
27.330569252212868
27.3737688803461
27.422244916028994
27.451539452434098
27.481170742464393
27.50909544994504
27.564721856864686
27.644121140402763
27.660337245870053
27.68337273019726
27.744097377635995
27.768438174414758
27.788390274971036
27.844856455150186
27.89105708335248
27.903062887986295
27.976586512485476
28.02975556302247
28.034585748791752
28.07685071906034
28.142453922133694
28.22216794537484
28.29785312318989
28.350821898726718
28.39657941383435
28.41820707427157
28.44599667643944
28.516305509158325
28.527273381025637
28.57279055256046
28.618503515217547
28.694148936760897
28.702342688750907
28.764650394367226
28.794148939562014
28.852958582916212
28.86949514452204
28.89188550519981
28.973662325148606
28.996512106491146
29.06411930402073
29.11281130896272
29.123272532190004
29.159169317418293
29.19744085382804
29.26563010444408
29.300976919725127
29.34647082095943
29.3999707504973
29.42259858247938
29.518635899355623
29.547964891645115
29.560229683529666
29.602477718251492
29.641730170929236
29.696836907682904
29.741290298466154
29.828697237840373
29.894013666109792
29.931751356606895
29.93432393112493
30.01947282674164
30.033695715667434
30.116712595367115
30.14925128151761
30.152070464101417
30.23181559204789
30.26994720355454
30.313218945358464
30.33425180442649
30.35579145934431
30.463028253313276
30.495277985307347
30.52281774286166
30.593724264696757
30.679657641032556
30.692900424915795
30.785057052121562
30.83037197145889
30.87876567194382
30.889428269826304
30.98699677678702
31.008005224434775
31.042779677591465
31.05256383148012
31.079773239406688
31.114787081431558
31.160049810371003
31.21668802368043
31.343707959597765
31.37386220421754
31.396318401162002
31.412389287559005
31.491532289673856
31.548248274092053
31.62502479184683
31.63057732982961
31.641955318331338
31.74989599740022
31.840878151444056
31.88086776649242
31.948464148589892
31.989821695710493
32.0252239547092
32.05537588966207
32.1411826287212
32.192475982287796
32.25840563329218
32.29722096586046
32.39924193872955
32.44141115306185
32.49368643870921
32.520446212596
32.5717955771305
32.593930856796625
32.66618399206038
32.69107292498082
32.803870085839684
32.84899302930326
32.890582982558044
32.94467487906811
32.9953928905779
33.050728438535884
33.088256042000666
33.207253721901814
33.243719121632864
33.298973463569524
33.3884330907678
33.47155481377215
33.49476062323539
33.55841265954175
33.57139121766689
33.69041146481046
33.759197523628934
33.82264807799916
33.84288507334846
33.88513040632393
33.916831350451034
34.0274190708614
34.05196230503371
34.15956028769991
34.177158846532436
34.187619257594754
34.34540892079326
34.373738220716476
34.45556277579349
34.55017750137676
34.62544566039349
34.73271766573916
34.781887078270735
34.80377725727061
34.93821478700257
34.974860068693786
35.00181722743767
35.12414998747423
35.223850970890545
35.28613367769149
35.37598407686233
35.4612684608909
35.540195209184425
35.66499615940472
35.718160364553775
35.73774111952572
35.861364299188146
36.02154817424556
36.08947604951999
36.199167731069956
36.37231773762727
36.47169443253702
36.538435705510665
36.623720191687646
36.82289846956132
37.00220415597036
37.17411270730164
37.31198206822193
37.537401502936284
37.82725842008524
37.88617607126403
38.33281871239011
38.41493544297281
38.489778161880146
38.71150445931495
39.81308822204799
41.45816796921281
42.399947373165695
