4.149891907193903
4.3828069473558715
4.4971114777766426
4.757608060477049
4.9345544963378565
12.572254821932928
13.632574879531624
13.80755518255601
14.0711881749097
14.253151379791943
14.320001809505039
14.440703113369445
14.481174638279997
14.538773772581042
14.558280600300103
14.73822895932865
14.861188462179651
14.87786333216352
15.039391104469209
15.16642427570831
15.225729043559163
15.254490821084588
15.330096777142732
15.383058412320727
15.436580800715753
15.499432015317183
15.587809206843911
15.666589831483469
15.728266102250117
15.809926975419106
15.869168660033052
15.8918541575751
15.969096626737665
15.996834786299237
16.044603959466357
16.106449553564083
16.21374777174764
16.268607938996322
16.32493494947083
16.34447425376317
16.381042469845074
16.409248019900904
16.467014754757738
16.48742967639696
16.57060983467883
16.591869131274063
16.686569834797044
16.710004428668757
16.74135464836632
16.82747040120127
16.877437486737175
16.892121895367907
16.926040609598157
17.040880266704402
17.070927829221446
17.11392319561744
17.148499044277106
17.18935122188448
17.209485655313348
17.248097901909016
17.299337124126545
17.362293924377934
17.40158602623615
17.46162257801387
17.503707204498312
17.526792877633593
17.56048810339602
17.61336562608591
17.63356003128305
17.658934072594526
17.71038468548092
17.780340702347882
17.82391555187576
17.874994016916617
17.91365949557779
17.943001162076264
17.983142554360086
18.04500227198801
18.1129102465736
18.133335884349417
18.15651798689744
18.198244544926837
18.22819178051816
18.283558773717388
18.310057140716747
18.365746317407748
18.370862513291353
18.417623957748187
18.468405689115485
18.525944617325514
18.541571580055418
18.57326770298061
18.647382847034706
18.67299118239273
18.70960581257483
18.72844998101287
18.792681389121803
18.823159881372803
18.897300926435136
18.90654222261983
18.95349312004162
19.020105442859318
19.042083658035196
19.062375518969905
19.123884053483604
19.139316356000677
19.201984212858434
19.22336969059718
19.26950560560392
19.3579843143713
19.384772453104496
19.445890531150862
19.477551848015416
19.523727342103616
19.55246343839084
19.586198727156784
19.59733427435503
19.632283212880395
19.660220753036025
19.72702888000398
19.76975772790309
19.815259076412847
19.8224556690581
19.855933549016086
19.93142951474793
19.936970604376057
20.000217813912275
20.016550321151033
20.023630825137463
20.0714639773621
20.12267932895837
20.203497275375227
20.265507660948728
20.304593789231358
20.343916088756355
20.372058109133764
20.46620747754325
20.495239790637395
20.54694664848724
20.57499022688024
20.602673512122156
20.636773791706208
20.68692947856382
20.74918375025271
20.759773827085933
20.80131614674989
20.821891302221204
20.831422546700477
20.881502291072543
20.926865508870062
20.953064634080086
20.99973096067468
21.07734164533128
21.10189131827071
21.13837983936848
21.140696433740732
21.16963439366927
21.21990918830084
21.281995996813986
21.29266925122673
21.34183599220649
21.379386437051853
21.411289243078077
21.44991905384995
21.523820516096436
21.568986918421178
21.60452314712551
21.630844711770678
21.659637047401226
21.698876891649007
21.716746061799803
21.73837989799748
21.78122691010834
21.840964390922895
21.88681871768797
21.92953383078221
21.95643570742171
21.964535624530882
21.983085934279604
22.018297206427988
22.060526269191133
22.133760378338714
22.17194261398043
22.216651126533257
22.254403123694313
22.271730952736416
22.330162838827498
22.354469764931622
22.373793726653208
22.421082064086857
22.456112309648258
22.495618120037207
22.530550464120314
22.554989570227512
22.610325262992404
22.626671500232742
22.64906921798481
22.688843794652374
22.762751285961002
22.832946219166136
22.857716779491117
22.882829602054194
22.94611502236602
22.95931505991036
23.00847235131795
23.063356240101882
23.067869530830297
23.128851304991446
23.145739594869827
23.162834705274523
23.216359916734547
23.237216598831356
23.308134045996418
23.367603119238456
23.39930744851056
23.425344836762246
23.505587441339156
23.53757523403059
23.5409021459484
23.587455942477515
23.591465248407314
23.657833522484616
23.69940676406827
23.714989861874738
23.734478050818513
23.74450536404575
23.83582337046624
23.87540853717148
23.91320389415602
23.957934582012463
23.979556498867158
24.024717553560205
24.050875715848765
24.068613005911107
24.09254726926985
24.170164123975503
24.18503579033508
24.189171124568997
24.25479132513959
24.272043892064964
24.36227978669189
24.37524673327694
24.43650520356308
24.48097231975574
24.4895091276983
24.525261749350637
24.549682866735342
24.619706673799126
24.656911333089397
24.695801808105585
24.74326248338005
24.776866079166503
24.792958429526294
24.821298637299975
24.892260365598915
24.923942770734996
24.95527127847774
25.019247457950694
25.052422994618848
25.09409206597814
25.123683455628942
25.163449232818827
25.20550684036467
25.244402659377627
25.256611997756362
25.31813277196213
25.35281004258407
25.35857710108299
25.406252347745664
25.431026664470114
25.48444797676483
25.544722031073782
25.557510887855035
25.575385242794788
25.602512096142238
25.64779273263533
25.733008765386923
25.768681983416684
25.80211853933241
25.837993821971605
25.871914472178098
25.90040839499075
25.97057999689124
26.025472124896048
26.03347662485071
26.08147139721839
26.10448471201208
26.15894699247257
26.223097645902502
26.232966178433887
26.278598169862857
26.340576315334708
26.362995072598572
26.397395229869574
26.4401227931106
26.512082015276356
26.53912602615517
26.597123521497075
26.642762041348078
26.644012629482607
26.680079138107253
26.760797677846263
26.792423040423312
26.80764396043453
26.842988833247833
26.8630718599424
26.924803613533637
26.951853027254963
26.99438739930412
27.038849377245494
27.06122235346663
27.13498743945882
27.167540522902957
27.180410517642375
27.219653966327957
27.285265819528604
27.31082751043165
27.379098128112524
27.39708474240816
27.442450730814908
27.48320819371985
27.51860058726065
27.554998536263472
27.621924230351844
27.635798177019925
27.692765179525765
27.732087786617463
27.757639153200277
27.808537663107213
27.821011078582842
27.853152634200136
27.86698097270901
27.90585066110607
27.96435505347376
28.01162817032689
28.025078067682166
28.042120493956745
28.082113329043175
28.163754405610817
28.202054908142024
28.223636889727622
28.262630852376798
28.350879815590115
28.389515746983335
28.409410101426587
28.445754517054542
28.4675401449804
28.55983132733701
28.570497527672554
28.622652589976628
28.695335670751287
28.75725012465177
28.770486269029846
28.833290625280373
28.8719408050559
28.8968571533356
28.919240454410613
28.936072021375576
28.964053192779534
29.02031549837429
29.038656544825933
29.110040327302833
29.16536111149391
29.225518745130007
29.29879141325527
29.351390620204178
29.428897193516587
29.46405609079351
29.52546956060961
29.535408910372432
29.55481491022106
29.64505662661442
29.69303796495405
29.76513594846573
29.8094742312738
29.90489472149204
29.91133684490051
29.97471806529947
29.996528091792957
30.0141542992778
30.067214745439184
30.11655266826216
30.206219514971302
30.23765887597667
30.270665884396845
30.298058934437808
30.362541825797635
30.375978064085402
30.43569413122762
30.522045128932227
30.543164408727492
30.568625291169855
30.63658357197053
30.737534420253443
30.79660308675377
30.83503242879693
30.87126931307119
30.92547934944667
30.9324686859603
31.00388238369901
31.046322242894185
31.076702256087174
31.112972242610507
31.166048345082483
31.20119548846168
31.242812862555482
31.28858035452867
31.339750370273425
31.382197610703795
31.439380087379018
31.4523667104016
31.53172873543439
31.57238109334482
31.641558098222728
31.696030057230143
31.70885898375341
31.79872390192729
31.861259259788827
31.915088819206638
31.970685394350397
32.0156647138022
32.023496464433734
32.084796349775836
32.14395586925451
32.18880828687751
32.24269605962017
32.31718867683312
32.33437536482795
32.38273438170957
32.44527551125406
32.52215396914427
32.62381764187584
32.65470450200251
32.72503937156883
32.730773776447286
32.82567171874236
32.83742107865597
32.90717290920901
33.00020219642064
33.02302231050843
33.077246515151614
33.17150577802407
33.21995544380363
33.26239806560231
33.312545483877656
33.36771600444734
33.39422619218551
33.4497940942486
33.53073213349141
33.609689904840224
33.6626501425894
33.786831618026895
33.79963036957297
33.828423327483556
33.97047848156393
34.01568550490991
34.06384671483585
34.15221764922149
34.174363015659
34.21321620419157
34.32117974588192
34.334652978193226
34.416329448202575
34.51220251101851
34.660281226962574
34.69295545922639
34.76981253670788
34.88934673080136
34.958948707998054
34.990088833486624
35.08084530204353
35.15636338534646
35.24429547482683
35.31598576283022
35.41348964204418
35.46488540537652
35.6006766093855
35.68621201016335
35.75187356927794
35.8427079077428
35.92435916540155
36.02534721007957
36.301480068123986
36.39007181485634
36.41863067073315
36.51028601000848
36.56536829719628
36.825352111422546
36.88572462953344
37.04680575504341
37.26730915474669
37.368005615398395
37.9127560228964
38.45223393282456
38.518544604708374
38.711894461808214
38.87532380998695
39.66146210412322
39.74153836992997
