0.7145586606556068
0.7272761998830307
0.8928060508313016
0.9440390338724253
1.0043330057045854
11.29312139218061
11.38580235884042
11.43462465392396
11.63772656705081
11.781173387952457
11.8902578534598
11.896054215718587
11.972468639593952
12.098684282334553
12.180747011759175
12.284512648278806
12.481138535125298
12.537556118947938
12.557408879050893
12.635416274489973
12.702747675634905
12.756154427090774
12.776614955397712
12.820220659919588
12.897098616441204
12.9613525095073
13.051677518448356
13.066443554310752
13.11783698856359
13.149226292317648
13.330657408326969
13.374700033374783
13.392316131669787
13.494246117065327
13.53261392007814
13.598383443626005
13.636241807946142
13.666842800754843
13.6914171424328
13.750637466285992
13.780076663929261
13.86328347356331
13.905902679659265
13.987340062023463
14.08513768010308
14.093741831524989
14.162294601513379
14.247814919746288
14.251212416414733
14.298022402472526
14.34873200472933
14.362839900186453
14.396376067466983
14.409648992644355
14.442709594640698
14.487520055851633
14.520998493314977
14.5490710934632
14.587606263143115
14.636914318072318
14.654276035349897
14.679543669326486
14.733579727929406
14.753797595843556
14.772036895837209
14.829813014059045
14.83765177084803
14.89132710749455
14.91946749999339
14.962451415787777
15.041284672436268
15.05691053681014
15.07256895630178
15.121923308588912
15.154071965478044
15.22197697585454
15.252781435437385
15.291964717470567
15.318439417007738
15.357919356265977
15.398055509677043
15.409522815750163
15.41260141007858
15.463797786557299
15.48238156557384
15.5220643956552
15.578236108490128
15.595572156153022
15.614142712090631
15.665438789011137
15.68201662703682
15.717543622713167
15.733341893982486
15.759468672044225
15.785842358879798
15.814476155747856
15.829341651502606
15.858900229749494
15.915296706888787
15.951391529229896
15.990477445947148
16.016010765145502
16.08889451771926
16.12053650620996
16.13121998959873
16.17213075840712
16.225387628366246
16.239897806304874
16.257574780779247
16.2841879729744
16.343957090038206
16.38642688805502
16.4681501419873
16.511164315040922
16.541819435633627
16.578930738770655
16.641133559472173
16.684019693160476
16.68691137801727
16.705312564813056
16.719285998567056
16.78150463896021
16.86373656630522
16.883265356946477
16.89524232028106
16.9325671729213
16.942136164177814
17.000318390421363
17.040379807356466
17.07710034187383
17.098631075253518
17.13007882187857
17.146639841707717
17.192613053967595
17.221730747600517
17.245930541915886
17.291357395601363
17.320275383642727
17.357636183854524
17.366107421745685
17.391452575426044
17.43520320573053
17.442789422592437
17.461775926538852
17.503764555196177
17.55943128006948
17.6201071319128
17.66935802699815
17.694333234423876
17.712698429328345
17.74534259999525
17.77060569774506
17.798664524646163
17.83424777213671
17.861406564769563
17.929616975580924
17.94642827771892
18.00180736453276
18.051197783722543
18.05292041413959
18.084629786491597
18.16159704916113
18.17989877238097
18.224929721350264
18.243967627833523
18.285031061730233
18.37093310662005
18.404524946211307
18.416025362314624
18.44728245109757
18.465990442862587
18.49284446855685
18.55790131307875
18.56653714002823
18.608844991008873
18.663071895721874
18.689503576084324
18.718625840270217
18.742974366226562
18.784991859913145
18.8063220476365
18.863990310571012
18.880557371722563
18.889272447720188
18.909728031218272
18.954499189324853
18.993763202948255
19.026322532843626
19.04272354574042
19.079576617120956
19.088890200759764
19.166777021339126
19.17623822123648
19.19581112237801
19.242366534412046
19.29214661290898
19.333412067709748
19.355977837363916
19.375273543121235
19.424777563853954
19.488167128527998
19.504713484088224
19.549320315216328
19.572416658865663
19.62720904878608
19.66490284440567
19.686100416891264
19.700912879934233
19.712148139480597
19.782583184732488
19.79616940299178
19.81653295577008
19.836096285858197
19.9023013151905
19.93704715751362
19.99845968277209
20.038762986587706
20.05731966788491
20.07487151947359
20.139893928197054
20.15091256289366
20.21453782927919
20.23385597396983
20.258149778401933
20.281617776271304
20.301558779338063
20.325156602517904
20.36328847237605
20.412470014415256
20.449087822576082
20.487791166656667
20.508033399281558
20.558603739162972
20.58156093733984
20.605897829510212
20.631140824059464
20.67541633563609
20.685321184526465
20.702068409770927
20.734022314862
20.757874896042985
20.786708086425904
20.819674412994903
20.851005610342067
20.89102435702879
20.911059804154274
21.00966857261739
21.028115898079253
21.06241563880175
21.085087050502313
21.13268414744484
21.16510514224875
21.206751794877253
21.232893606077777
21.250826854529873
21.28709781802217
21.30209962188123
21.32568407131784
21.35176024693888
21.42067184803925
21.49121906183161
21.506187829170095
21.54385349747512
21.56473034334906
21.57112224338013
21.640042977378563
21.64823701361498
21.72870266509578
21.770181107892405
21.782234743999418
21.84074208702976
21.878973127551664
21.891512764864846
21.939586075934802
21.964757597854387
22.01339975975808
22.059020445015612
22.094015854806887
22.117554933987087
22.133644227920783
22.196712764670526
22.235312851559467
22.274937083946217
22.288730827353394
22.319273320140802
22.382443833052974
22.425969032306703
22.48233587969727
22.49697510279311
22.553017564626455
22.574141139863862
22.600881808848253
22.616944981331006
22.67969132296721
22.697842979876086
22.74873520043247
22.7700797355923
22.84082418843689
22.869194053700006
22.91678031783015
22.980186471651088
23.002389599013846
23.025678115627766
23.082146052518492
23.14839402582292
23.178950542569403
23.200051531221188
23.23804406604424
23.264322186562044
23.300952511704086
23.328807920295834
23.390935697256076
23.397790491177435
23.445457617710883
23.483122844855213
23.532767225159212
23.54852059352668
23.61994869162729
23.62948538476638
23.693478517365723
23.73303563624534
23.752001971280063
23.794769939630644
23.833834611962274
23.862951526105903
23.87231319252557
23.909720429954444
23.96202258124122
23.989843520400196
24.00908829454289
24.029616117203503
24.092502775106457
24.114414280105606
24.166662625034977
24.178978393504348
24.248334660767267
24.29310824494089
24.296265920446515
24.364163113608893
24.380437084618386
24.447483005283033
24.46686136404675
24.488010606072848
24.521653104616195
24.56152932410193
24.615971685536557
24.639954358628376
24.672041482035986
24.712472037382025
24.72315539440251
24.77191955779338
24.79302124445271
24.842661426799463
24.883599188623904
24.924456875531266
24.945146127301303
24.97680145415225
25.03053066882148
25.100896337346104
25.13724706010021
25.165111158579435
25.19430602522697
25.229894607129843
25.27337910493007
25.35886232785336
25.394427435053466
25.432326243775726
25.48158653269859
25.505700712874052
25.562273512802054
25.575997941562086
25.609282683228066
25.664457753684257
25.711880351278243
25.72838893349037
25.76539855069028
25.789220433236707
25.846360532001952
25.90606568388096
25.9597362801395
26.020468168560857
26.035988518788518
26.08094344982838
26.151985224553968
26.179082659950556
26.187007364581913
26.21299202781682
26.265977680201264
26.307589381975525
26.351711524552762
26.388166189560312
26.409431451073388
26.438965664840584
26.543918420394117
26.55192707714545
26.584798310206242
26.673681418657598
26.687125275507178
26.703500402564913
26.757965524751057
26.771972022704517
26.83640577477123
26.865825925131244
26.930635287885504
27.027789160512217
27.04675645064879
27.119546594583998
27.16953196179568
27.191340470505306
27.210701024964298
27.23334166753491
27.30259163829487
27.349548052736754
27.419694379137333
27.47526052535725
27.500449704793283
27.53377777492089
27.590178686450326
27.640040209945425
27.706405231230725
27.772898262324652
27.81476706072338
27.865807145864256
27.92146722515114
28.007829493431732
28.02812343431221
28.061233203274877
28.095833449864323
28.14266810409844
28.200050929896
28.24999656174484
28.2872495614889
28.350955999098833
28.361713036069776
28.413918204319007
28.509638787276373
28.53492750264775
28.599701594594407
28.637362139812566
28.67336457509958
28.68358754563871
28.730771094617502
28.82513146003853
28.844061851204934
28.88045403035199
28.970746948052593
29.011370741597215
29.133922681101655
29.17957270042892
29.282872152328924
29.307455808015067
29.46262673164454
29.48219112419999
29.5462052176412
29.601094728644124
29.754721221642072
29.783106926976608
29.843488389373285
29.92783684064911
29.977547729855115
29.991013728704477
30.132319204867528
30.164880255051795
30.19763849560099
30.270692302814343
30.388750759486108
30.406683631336396
30.522792293605537
30.527402080395767
30.545715782557682
30.61917561493109
30.686025936451333
30.76590114694524
30.849017654280907
31.028353180724938
31.09249211554443
31.32619792355242
31.38760157746967
31.46922182915961
31.49935981904756
31.6000681894772
31.75539570887294
31.83120818987959
32.09643726420489
32.13666866479658
32.28945375664304
32.335103533263336
32.56680218448591
32.75125486541215
33.13634082444862
33.24588852165671
33.52233676155142
33.5885169777405
33.805171408458904
34.004548692663846
34.61894053794851
36.30914296965306
36.377867811598946
37.16362834630205
