3.9886287602530457
4.072227047815824
4.321274696390663
4.367693309403259
4.694804241006886
11.289135803282713
12.047912799338084
12.15895869932765
12.570417172712462
12.638051494009906
13.001950387367637
13.07164372205292
13.407813673097499
13.441922525412963
13.499938649432712
13.860138578545106
13.975447161921421
14.160979782623459
14.198792875328836
14.314599372819135
14.381629277083562
14.420436481145044
14.563078083306353
14.608983020327369
14.667872755779564
14.749848859380897
14.822397485994301
14.874684564547348
14.96612320415727
15.066596305592114
15.148156613558552
15.19687598627626
15.296575970784273
15.326224855791619
15.33531630437518
15.417139518782937
15.50756492813081
15.524331696057368
15.642484656132359
15.798241309705052
15.81741981250014
15.875670533456486
15.99540570674748
16.055191179581705
16.116845990822778
16.1189719521039
16.230776429759974
16.28940040363956
16.330057929507973
16.37698285734141
16.420851567981316
16.46477008011673
16.480185291256795
16.562298402442256
16.59522064963343
16.666799124653473
16.703347313581336
16.782016387271142
16.842211703846484
16.848136415414807
16.891887366359658
16.99254052010864
17.030238005305485
17.05260329915471
17.10919824291412
17.134670682888334
17.196117059111504
17.26135334183307
17.276893048485146
17.344224589800067
17.389166770219916
17.45099002177236
17.470404122194456
17.513550792262475
17.5979229869993
17.62886498424387
17.653946921818125
17.70055330596791
17.71761507756966
17.747642159161703
17.84536047031923
17.860294781866376
17.936996647131867
17.969548386501287
18.050782443649354
18.080808287672077
18.10395313131914
18.16101405091252
18.17310785981609
18.204162474814623
18.228749926193938
18.279418522322192
18.363228209660225
18.421087149996872
18.46205725245234
18.470008704346267
18.52874551360587
18.55578292312597
18.617262300020926
18.64228497787337
18.71009828020265
18.73154846005086
18.797155644066784
18.850493958626572
18.86694782495205
18.942182562683843
18.987171784000008
19.016350278295505
19.06191352796479
19.10939584867348
19.114560080595567
19.145764715380995
19.17953194059836
19.261570137097717
19.29225434825317
19.349822864797687
19.361427571924974
19.386719481420847
19.41608932881696
19.463422192902538
19.488780084813733
19.548656067348524
19.597565361251746
19.615090064410055
19.635154966114733
19.708507827732205
19.75814414150959
19.78511180355111
19.810391184799336
19.85003445635173
19.900031585855416
19.969787991934687
20.003015161473364
20.05327214850353
20.077139999542023
20.11665214322141
20.149245870457104
20.186550379912205
20.231010316208362
20.283453460743388
20.32528070254508
20.347888711798966
20.364830081539967
20.417144484412354
20.466990717189187
20.51330828006407
20.535545852544466
20.581082426455872
20.633900084609337
20.663474127837805
20.701366892673626
20.736689851041227
20.75048528441759
20.79011586722952
20.837939657182034
20.852631232363038
20.90140011120246
20.938095333569898
20.987665747533264
21.04330836927475
21.055037380922947
21.09996515805926
21.163143882048058
21.201901532821864
21.231621156860488
21.272779507551025
21.28068729576779
21.344549318979023
21.39166790587538
21.425306600484006
21.458362646568666
21.495279308344678
21.540757797325977
21.557244576538373
21.581525366660557
21.61944906705687
21.63045538805916
21.677669104400536
21.740413163926366
21.76038289325347
21.802888883524155
21.874244804157552
21.87733681765144
21.899018694896352
21.930289946345553
21.972621464983963
22.03154758235803
22.05919571079556
22.126938186225086
22.154674067125423
22.203356763756272
22.25178334514857
22.26798253300337
22.2946756799074
22.34232157743096
22.37365502709638
22.44202361913707
22.453909185313083
22.510926824743876
22.546621880417874
22.564274812602715
22.623983275645802
22.653083193394465
22.70093981600448
22.745160802244794
22.74888033315533
22.81864457078419
22.885339202320072
22.90167276011695
22.946106704431962
22.97141853770417
22.98132634910273
22.996356193198483
23.066096769546746
23.103194265894633
23.12143445302385
23.157422763538044
23.225967342158313
23.229455203586717
23.24588125747561
23.300751959821472
23.341114986318413
23.37733150277956
23.385980885302352
23.437636960640486
23.48417826936791
23.4981974677773
23.55540405074674
23.617444906293564
23.668310919087013
23.669005828235242
23.683780612824144
23.723567155962634
23.78553625517585
23.83668739885778
23.83903519651594
23.851699341536147
23.886048655339316
23.948627216509323
23.972500440492173
24.034348749086295
24.0509391606952
24.082513391071824
24.10429108910599
24.132441157534597
24.168113789404515
24.181432752235935
24.249362518023542
24.281360889934806
24.330022505476656
24.4037284836526
24.418986124559755
24.46467969848061
24.503227080418807
24.557962972832808
24.603106856454193
24.64106326025098
24.668501058241308
24.72353205881317
24.744103228809298
24.767297258775134
24.83319460689724
24.855204254627495
24.86210418050586
24.896214958923906
24.92042134127532
25.001140005325865
25.04975770544457
25.09708912243109
25.124484926852116
25.180917964172256
25.19980475478195
25.234573126206445
25.276120306586748
25.34443845495372
25.37563514580264
25.399260788844096
25.419082423370938
25.499643919048907
25.54045107922555
25.555593574899934
25.571043869540954
25.613743675952655
25.65833847499477
25.726710607921948
25.747515244885236
25.83955594908161
25.90281360894789
25.94453796841064
25.961066321897295
25.9741183965598
26.009934998789124
26.047370470296183
26.087594776797218
26.13140797139985
26.1524029219256
26.226910517542056
26.27149632051409
26.318208023362228
26.331902010594003
26.364231337380343
26.41666783694663
26.45353972068356
26.479240471763774
26.514098832379176
26.556560225789255
26.568482034863834
26.64769044834761
26.67664886497771
26.686547326440316
26.709016760077322
26.753998269646612
26.804047786782892
26.856841321562666
26.887822601625558
26.92612378611677
26.992524739422958
27.02978417990133
27.051731498511575
27.086912179995803
27.11048063153708
27.15140005017861
27.195356780092393
27.2499026273886
27.302118861546745
27.31501786200551
27.400879205067813
27.40727090460697
27.446634121660683
27.473305326352786
27.49357311268831
27.558470944425633
27.604192623256033
27.612845833154864
27.659413190041736
27.74651192887694
27.794961546639808
27.8299806362113
27.83676087738383
27.88371328182204
27.931218019513786
27.961476497619053
28.033758413456745
28.042194075222294
28.100637252907614
28.140764220374304
28.182556315392645
28.22790497115341
28.238286295290955
28.272478377124962
28.413635065585023
28.431664590212698
28.472532716577355
28.50239116216112
28.543614210239788
28.600323812022335
28.607125190811022
28.653458261362477
28.664210762193594
28.746236465546335
28.78410685835748
28.849601413320393
28.87578452895612
28.936544397772714
29.012970863303966
29.111027955615857
29.126901827791777
29.16492257726443
29.185169580509896
29.2189606486106
29.278359901197554
29.324904971177084
29.430494939106755
29.434065539989724
29.486476112706345
29.534180851811033
29.554193867093637
29.575900235250955
29.661688820746388
29.68251532092262
29.708009392953432
29.78548489323931
29.803544907075157
29.84051986350516
29.871945733772286
29.993966404857137
29.996513112742544
30.068652692950156
30.15804880806532
30.168792966860966
30.19812466019989
30.274184453796682
30.343442071439235
30.390451571505935
30.415564663714456
30.47275227621245
30.544183118091087
30.568136081825312
30.655312917462204
30.711353902747152
30.777632212026095
30.797495403691943
30.91233116908278
30.949019571353954
30.95429782817811
31.028295970743756
31.057127684209355
31.093799374888853
31.148381069204547
31.18046105815306
31.259396347981564
31.301216867711442
31.371481496395475
31.413447921891567
31.459276323806865
31.507935986922202
31.528337222197994
31.579413946561928
31.639693892370932
31.717882678776057
31.758621624738353
31.800745480096065
31.887492581183906
31.897061326393548
31.947762227288994
32.062587895490616
32.10583281212354
32.145827448890095
32.20581054542853
32.26165513253171
32.307603562593044
32.370190719471466
32.466867149004806
32.493719688471295
32.536890287800375
32.597926980444974
32.60132295719326
32.64658801078247
32.71960234945143
32.75324060982659
32.84554080704677
32.95086203195335
32.959752545663996
33.07012008660071
33.12698704666485
33.22837482724121
33.26286616547522
33.346534723496625
33.413828927047035
33.43085959438463
33.552455010533045
33.639656287510206
33.7004607678897
33.75204319497009
33.91589558117807
33.973522728304175
34.074666405532355
34.129587978436525
34.18226343879462
34.26439539760949
34.31914919235402
34.44953094527438
34.500649582649395
34.60544731890778
34.66405690049002
34.70579622492454
34.799780751151964
34.88466591658855
34.93313724292287
35.11383267494795
35.21322031502383
35.310395518571205
35.423389576545766
35.51151358842057
35.55088665951553
35.74493063699879
35.790700463413245
36.046934379756216
36.113105885889816
36.298622136100335
36.403851411218184
36.41057046704112
36.55944355144771
36.80830839243458
36.878777315965074
36.93917487312546
37.02276166385952
37.25771508768903
37.330819949728955
37.41693460904676
37.55703838444893
37.63405339922839
37.76365640868812
38.07230950112245
38.30713695830795
38.41612784680066
38.72816596854268
38.98379023707723
39.892989705164176
