0.7077483649285659
0.8831098762590102
0.8924248011258065
0.9272916853911222
1.0152145635380152
9.160624137152988
10.073771507972806
10.094004755544315
10.767445035890962
11.054013538020994
11.17860620362668
11.250500882753828
11.289946856127935
11.500130150715734
11.527809982288032
11.645735953514437
11.708186787290675
11.854535505918884
11.99900620180464
12.175974506356972
12.215679725685444
12.284505092283299
12.306522161903334
12.402146790862389
12.432998187986902
12.506814042833106
12.667592405846483
12.722130513370304
12.772337258955375
12.79580881238884
12.9438023428592
12.982164734723126
13.040722703754797
13.055464261652386
13.136841498778006
13.205363071609645
13.242473032628261
13.40369527934747
13.438720102101525
13.483560740076655
13.515677684147194
13.52897931241702
13.61054112746347
13.663050505058232
13.708961284773565
13.728174631622124
13.750812688159677
13.782095834783362
13.838546061150053
13.867492051205883
13.963004942619705
13.967451079700966
13.99466927423431
14.01164185549121
14.05238380995248
14.203763585485635
14.239952983857892
14.300939558902304
14.31819049800634
14.355807070118228
14.383050554690243
14.421800595343793
14.46392285102639
14.530910101109125
14.615830306683462
14.6238260144898
14.650338794528567
14.699369484077906
14.709697920744835
14.735019396414035
14.790080733924835
14.830538736313638
14.888567576256978
14.927864991874326
14.9636353280962
15.016262550044893
15.05154448837642
15.081776600698365
15.135395244334402
15.149225458761371
15.236740430266014
15.242418275949184
15.290150416645615
15.331386613822257
15.385747210235516
15.435756720899885
15.455514404432675
15.475301237420071
15.494023728890175
15.544512301268178
15.610159454206721
15.64745669885498
15.658372239590467
15.709157414838991
15.781033058943011
15.83643195807067
15.876823500532309
15.933800579286935
15.952793773295864
15.966059177618146
15.980180828079943
16.03431149581816
16.069469912036496
16.104981866657635
16.180510563520908
16.23394506075701
16.241203463490045
16.307239507505972
16.32325953620472
16.345752454611684
16.359161095577644
16.387746835402325
16.446865638184544
16.455914205272297
16.527526673356796
16.58675810724196
16.606440770405797
16.64728411196401
16.686305536608863
16.696746047729256
16.728889129499482
16.774641513753473
16.79943304201082
16.839757796965397
16.90313332509633
16.917240805979034
16.949115716341186
16.986454494758966
17.03760994354808
17.066610509540755
17.073404702561838
17.096035903657953
17.1495510490006
17.182852344274288
17.23205723625815
17.252732588043532
17.308374193497865
17.33198734105341
17.359907308404182
17.372004556065892
17.397672145482687
17.459617369132932
17.47215281549612
17.493613182624422
17.526203189851984
17.55957003750319
17.56164319234552
17.613624027094865
17.62918436418638
17.668090430205076
17.711766023714812
17.72955196683049
17.760591003321352
17.830153862922526
17.853335375620663
17.919302265190304
17.932950158000782
17.97166908898918
18.02584861392003
18.035510762394413
18.06831204657848
18.112071048790163
18.179476351024313
18.194326912514025
18.22883304944538
18.25506597688812
18.293571040305626
18.322729116563718
18.34294037188403
18.385818987514376
18.397345638828796
18.42864405592677
18.497003347928224
18.545517006953187
18.552003304507814
18.598383676138408
18.64389368688695
18.69254518277055
18.743766683152433
18.791342370372618
18.801667307241722
18.851053489024785
18.87244511952034
18.91240430260993
18.974694991629907
18.981572728360895
19.002337735293544
19.046342087494143
19.080715981149055
19.107777556534998
19.149966246023105
19.16243360747413
19.224317975189308
19.26515642072437
19.287543925796648
19.309272916846293
19.345950275247038
19.401489847739406
19.443463433987976
19.44973923918008
19.487438912695954
19.516727069738902
19.545673261250503
19.5762305957449
19.604172590410535
19.62133446152
19.676872224684885
19.727467596059263
19.75869001891633
19.77317141967956
19.808509328202035
19.844600719362084
19.908081108233937
19.924454048477433
19.944446607871637
19.989037365984437
19.999066963871847
20.01469264291032
20.103204621715015
20.13337778329024
20.142636164603125
20.207648249375804
20.23403234934567
20.238909152965217
20.30949423570928
20.322682080305622
20.363823446441256
20.373855458242385
20.396032539906003
20.413158461799235
20.458349040950296
20.48183094626173
20.512355799588494
20.54929690843721
20.567610465645192
20.610092406467377
20.663348081752044
20.679121298626693
20.718135000470205
20.744788442295828
20.773011522064856
20.799685793035298
20.80718229788523
20.845033505666212
20.866571712955665
20.915172697203737
20.92449254360468
20.998106049153893
21.059658560309426
21.0733670332656
21.13631865769814
21.15640537250374
21.21897497800017
21.229525349027153
21.2810524216599
21.3112847928335
21.328345912403666
21.374888112948945
21.396871567705546
21.42103141720796
21.475374495513325
21.49893589381486
21.544623273822637
21.575226750776654
21.66537935987171
21.670215072301346
21.714743480838585
21.755853421896916
21.81026824737675
21.8163026301194
21.853901414718845
21.88007372862837
21.9081046345336
21.961958937026747
22.002673246602914
22.01583610035811
22.07752040824808
22.098921967305756
22.13730406724764
22.187229131963605
22.23793169253863
22.307600815030604
22.323591419174573
22.366835962196994
22.397528441262743
22.444434463368857
22.457972867845278
22.488286080979353
22.5116324186986
22.538585405632354
22.590693860574223
22.61435497877658
22.632133636045562
22.67717989711708
22.6958266385671
22.7217472942564
22.741128679038365
22.792423996387768
22.822728828334153
22.859308834025626
22.90640189735762
22.917501421450623
22.983174525713622
23.008020975121276
23.034407696096686
23.06455956099446
23.10050150776262
23.148386297620302
23.16633071962182
23.20819188654059
23.235377349143384
23.24711639462668
23.308877143959506
23.351897470036405
23.370777964581933
23.40618016178056
23.429842916509465
23.44030364494743
23.4917572156196
23.52671248399664
23.56630535972836
23.61417690144634
23.625100072172607
23.639754151383556
23.683317925323127
23.70883354879249
23.729527307505336
23.7653585173949
23.816164440661012
23.823210872569828
23.8747516311392
23.930463225031538
23.970040796094832
23.985199071548674
24.01205139130662
24.045431231632406
24.061366472434656
24.107635244036892
24.130721627096136
24.204337072764186
24.23886075641051
24.253597429372025
24.28884613774579
24.320587104240882
24.380785824652516
24.445980777305447
24.45541599365697
24.48394054087454
24.52083381168105
24.552739933547656
24.56527800243609
24.62118908045769
24.665773759885056
24.737314220280282
24.76392562867907
24.842492448782373
24.91881034464407
24.952119638195846
24.956749648575347
24.99639151093503
25.061681234719597
25.105371097911842
25.12951448105614
25.14326414851845
25.181958013138548
25.24981157031874
25.263956930248153
25.29522238364952
25.308407169703543
25.359877173595148
25.394056989779706
25.42042924252805
25.454668209701335
25.509709032360483
25.518367524146218
25.538393471147785
25.581614148036344
25.65192852658601
25.700015764340645
25.729557175969
25.772953319166472
25.83047293556189
25.855171253828523
25.910989397560297
26.018719079923777
26.02706262747797
26.068833656930252
26.090255833045024
26.175346689691896
26.18871472920414
26.239588577592357
26.267880840458794
26.281541127936766
26.33039230872263
26.342176629671094
26.397810885370024
26.44538664563394
26.492566805168753
26.50437281657648
26.540768105689864
26.588650369531436
26.636773858917664
26.679951520631732
26.738251026502688
26.761769692154413
26.812011536948436
26.87242979567973
26.906008447851256
26.938706510897035
26.98042708823507
26.995998865051053
27.02072704223879
27.057209486709475
27.095401881270973
27.12598972930645
27.185963041957233
27.264503527891137
27.347068251569226
27.43408784152538
27.463421227594367
27.562594548227
27.612035476232055
27.656143318215047
27.71514193086138
27.74960111053777
27.80367457154379
27.863533707906505
27.959633795100668
27.9830621861532
28.032422736682616
28.072449882723504
28.14731821248513
28.166013768850902
28.206704335369594
28.24052486630111
28.290195963227532
28.337098838603747
28.433235441823587
28.501383056265034
28.527322636252904
28.600774277061515
28.629882981215523
28.705960253034995
28.74559323265982
28.80489509933604
28.88237200683342
28.92524605686562
28.956010675564084
28.99121310430105
29.063897445730753
29.08015512261351
29.151780651512624
29.25098175259378
29.370197538616686
29.40207106933931
29.573000934273594
29.607242277339804
29.664812094324105
29.754400257952256
29.85344011386554
29.88666900134068
29.986127778440604
30.113065029870832
30.19611360891237
30.230940144025894
30.32118106927592
30.397781804639493
30.4994149053579
30.658480839065174
30.773977907369545
30.782409100770188
30.80960744845437
30.932152852245203
31.025636352916955
31.0756798674448
31.185371441777303
31.202906835465765
31.224039976459704
31.675182294565428
31.834793748572626
31.85969399531958
32.0291978363304
32.10837336837536
32.15685675102452
32.359289080007635
32.57076346255842
32.66121089412649
32.77683143238865
32.932804172841095
32.99198339280963
33.28871130355485
33.38741835155685
33.538898165900626
33.613930735119695
34.17557425499286
34.241017104795404
34.78148408952588
34.819577255009015
35.041935452122274
