0.6904605192982264
0.8292562006635604
0.8607479901493974
0.9592870165731561
0.9808258847167233
9.963273336195128
10.042416373945516
10.066478392485914
10.514911457286154
11.016526403137743
11.153395806234053
11.248377930351557
11.539014064953825
11.586322700393756
11.705621804494799
11.749346343660113
11.817477821419596
11.82633568452494
11.877328694217166
11.916176009286257
11.942274082463097
11.956120644869547
12.059290408558239
12.182458667009547
12.229339808360711
12.38614501733968
12.569432591659083
12.615583123801033
12.764517761359384
12.82956369327993
12.87858815379213
12.919875388975255
13.00295572047446
13.033987260311509
13.07624925353519
13.231384650499644
13.308208871173209
13.33704252634712
13.36020734753946
13.394101937167086
13.475574568269243
13.497581767591358
13.564640612080654
13.593118608783653
13.71898559067242
13.79879176641359
13.831755223079082
13.884854799034548
13.90985390648199
13.930013188781293
13.984718413359328
14.051072146191846
14.100629910381194
14.129098323628616
14.164954807514798
14.212889076780739
14.308873758841342
14.35890161708994
14.4128672960881
14.43477295216402
14.466981647506534
14.51409365682226
14.5520175208896
14.573827025650285
14.610969177167505
14.689913942757586
14.732510771883762
14.73719079197932
14.816829332961033
14.849201810835266
14.870896400270885
14.891689462337025
14.940726477305018
14.947207447803832
14.976727371811531
15.047335040522372
15.158113955908888
15.216330236387284
15.23962906585804
15.283640341924858
15.297992880809801
15.335496075637831
15.440941404375534
15.470366368848438
15.483166032028628
15.52488096028941
15.557486123539164
15.578879710851204
15.617010844885883
15.653852895964402
15.69517329982186
15.70806033920118
15.736899047192141
15.752075175651054
15.777461349217981
15.780790242691065
15.824974654586276
15.854624267379192
15.866189460245806
15.939424654958275
15.984348646808124
15.998046898341915
16.04549431885691
16.075328714276957
16.106661199526098
16.165621328259466
16.224644319320305
16.273403073193478
16.301985649046195
16.33378191323315
16.352608376080898
16.373484375211632
16.429935003263182
16.444741390796892
16.551292170645272
16.572299135849544
16.595612551297947
16.62974910651569
16.671036444013417
16.697697519628687
16.72025865479634
16.73958144576783
16.77011588892458
16.877508200868295
16.880825137532568
16.94721934419479
16.997646670942707
17.006705536119373
17.038375611942012
17.061480926058053
17.08413172957965
17.115030130265495
17.124121419360076
17.175481155101163
17.206543839448322
17.212873301176767
17.245195558343386
17.3014126130348
17.31464207094507
17.327352764326157
17.35216026732653
17.401718892751724
17.443713508230548
17.491951072290902
17.51158714349228
17.523567520178855
17.57795723223648
17.582531787315812
17.650774486722593
17.690791368811272
17.753034981920358
17.785742096689347
17.835711420086866
17.85992861095578
17.882325714230216
17.88799220884758
17.92154888786095
17.99656068698503
18.0178348165689
18.03310005439385
18.083348363964404
18.142025768197023
18.16584257482899
18.19623782911134
18.220988041254184
18.32419378871451
18.324731638800316
18.354544227554754
18.37287632427497
18.413529309191585
18.421828818950733
18.453982008649707
18.47168016635084
18.509465177219326
18.550205051192886
18.59830172184891
18.625928979834423
18.6600854826678
18.70594704488789
18.709982944718536
18.74470257043493
18.7837355675947
18.813671606526135
18.857809040896317
18.88315274937177
18.9020515274961
18.939855089459552
18.98964364008691
19.023864605175625
19.09843562315645
19.168347783406393
19.18017687766211
19.255396561650898
19.27861629241584
19.32731885931628
19.329845316634422
19.369677306450058
19.40163734036469
19.416953691425665
19.430619528901328
19.476417230782744
19.5217189975949
19.54423650510446
19.592887653986146
19.61932128108239
19.640535157201928
19.70594919097134
19.719022119487708
19.75666968995736
19.808622792537445
19.872650273586128
19.88673240248039
19.932153868797627
19.949560917046693
19.969243297337023
20.017790267386165
20.028349535290438
20.068465862878043
20.080576445999554
20.193844260140914
20.212992348934115
20.23942699621829
20.286184968487248
20.301661580250105
20.352702508448413
20.373033773223266
20.408101045062676
20.456157192560845
20.475471090106584
20.50363508046388
20.541097751951124
20.5643212642591
20.61084856972209
20.637909539137667
20.66666221615386
20.696808378554703
20.73444233050775
20.79286649883066
20.79665185578472
20.841227187230377
20.851947662416432
20.902406766578352
20.942440698580047
20.967917404614067
20.972383862812933
21.007145860135633
21.014902679470456
21.0693341359779
21.090466498472065
21.10826677597245
21.144563135770404
21.17554525225751
21.201926543392606
21.246290792673
21.273290684678773
21.29830271446007
21.3260810739441
21.356872660338684
21.388794157353082
21.433133546851888
21.454709102785042
21.483236095203047
21.538021231382174
21.578370788691096
21.60616233081425
21.626406956964015
21.66449523864685
21.697986351907378
21.75745461683457
21.765116055488896
21.779377815094765
21.82071627999241
21.915527871957053
21.931256191523723
21.966202902682163
22.02449006206659
22.075008859203397
22.089500372653152
22.126960657687544
22.134123864470407
22.19668648042676
22.248548142068127
22.256226607078265
22.317773618845877
22.384403090229174
22.403386314535133
22.420828881919224
22.446209285687974
22.47002393868846
22.507778624654648
22.550856312441432
22.57557057574664
22.610590549657452
22.68737683827767
22.726711545608985
22.754525776137914
22.77892418256491
22.83036130807509
22.863435294886614
22.902389029025695
22.929545299570655
22.956451806562853
23.00565415931395
23.033313349564985
23.067527109975934
23.094741779300282
23.115418527051567
23.164655475212445
23.168999440161006
23.206898575275154
23.262333334804502
23.300354451496027
23.357435240733935
23.399341009740702
23.432373545010087
23.445530368678025
23.48733461634795
23.535197793807505
23.581928507000573
23.601048538064383
23.615266136875864
23.680598532148583
23.69282299885747
23.74912107619646
23.75530556226503
23.786395023912952
23.806501460549587
23.881470391220585
23.929739992245928
23.973623961537914
23.984409202355014
24.002497453262823
24.048245876370938
24.06745571586622
24.087539536316083
24.118868628750157
24.161789527668322
24.185251142521988
24.237298983470872
24.29257080641934
24.321845803670428
24.337475337950348
24.368259440618438
24.391512743770903
24.4121861062732
24.462066090779114
24.482455204116025
24.517863417932297
24.603621586277175
24.633178691510327
24.682667739708624
24.71385300019453
24.774232275266925
24.80322368337387
24.84000557447189
24.88905941672125
24.907840604217473
24.913995795868157
24.974789310303475
25.047799599563792
25.0637080851136
25.07671411504209
25.12215798308669
25.12969634581345
25.19057335396658
25.20911925332883
25.262716917114226
25.303108781318336
25.333879039365613
25.375030603556908
25.414047974684603
25.44703824733512
25.544591570733353
25.56202450209178
25.578477681755537
25.636749853729164
25.673963679325187
25.772789954569216
25.828069272660937
25.8581231802464
25.869595168701892
25.89867748651545
25.966349320410774
25.986632572986895
26.04297268392779
26.064601050044253
26.083056769798354
26.11378274614359
26.178669265649294
26.20454195924907
26.22044997371013
26.31577946076258
26.369336493355178
26.375676450014854
26.432337866748426
26.51409334383361
26.557389142174745
26.567007389467477
26.600988183504015
26.664027159423398
26.68754897743327
26.693155137971655
26.77322706126214
26.80735523027452
26.846928854306356
26.86316631221662
26.930459069299353
27.004628747814515
27.04235036171488
27.10578229221799
27.156970286477108
27.224848677661644
27.316560410040676
27.326850373974
27.389902311372516
27.408813001090387
27.4749317101104
27.526822953910816
27.558165306469462
27.621709657868546
27.636330155183295
27.70062032958513
27.728276249083468
27.849515932164426
27.86903652881747
27.91079164393539
27.927609323298658
28.01340744173788
28.030109195309226
28.099470843097077
28.149935538666593
28.180389969916124
28.263191550383524
28.309572805698004
28.314104438693054
28.344972991460352
28.431840520045935
28.46132875647166
28.54352051147824
28.589704709743145
28.628345393917513
28.696786311495924
28.713878971088164
28.76440256169179
28.80292959111769
28.844458271988774
28.96013051764377
28.989833328142154
29.049987859630413
29.1824596486727
29.202713927854504
29.215464980405812
29.27945334430482
29.377947224353
29.444255522299237
29.459709516346358
29.530357572771923
29.546727537299574
29.655391743235654
29.7392851074315
29.781976586478223
29.827779647798312
29.901015976465704
29.951732135546287
30.078374456825145
30.159857075412578
30.21965021347102
30.253952587772496
30.296564748260224
30.34343156122161
30.375010862186215
30.479562272250142
30.557514974134847
30.69133054714796
30.77569153521594
30.779165205824977
30.89132737189668
31.012629424094783
31.05514712657679
31.091039353234905
31.2257505082819
31.29041124660633
31.3334824243608
31.46831417033749
31.566575705330504
31.600493551961492
31.724474477611782
31.801028989578715
32.30357471240081
32.41165546592844
32.46901298498391
32.54247356607406
32.740295714087324
33.00715811709773
33.29027538067147
33.54895049214987
33.649907269794824
35.312029284199994
37.21445638763925
