0.7182162586669303
0.754150512308196
0.806429914066175
0.8431616489855976
0.9452948319388604
7.418706361079035
9.258416603530652
10.089377824981703
10.40392873920091
10.564592848483683
10.878695972058651
10.893294740536062
11.185358302895178
11.309850112155745
11.613082046655622
11.637256727562796
11.74379409607336
11.791186470226068
11.909174127766182
11.92717463924458
11.967452112325823
12.03161999527963
12.04454689490929
12.191388368473051
12.23757915378754
12.261727535708335
12.325163480323747
12.419280517892737
12.59862670530184
12.64861634908795
12.679340599863062
12.686160686842044
12.724442250356475
12.765797469384163
12.842063432489383
12.879445533114277
12.952999268677441
12.989734940414607
13.046702092248747
13.096827353153923
13.108995991216922
13.243102255787273
13.26390736949416
13.30571303132435
13.389640676921488
13.47369346232232
13.521340723966965
13.543549630532354
13.623771254974208
13.679801162429362
13.708349598950582
13.746038431344966
13.790730125995696
13.820929776908363
13.832517269833016
13.85552395015992
13.91139486945335
13.957776265439984
13.987089494781518
14.012798889930986
14.097163607313865
14.146345800283806
14.16895483124616
14.193299053521235
14.235327049421388
14.334048970353376
14.358243744690117
14.364019037991302
14.38307527628582
14.427026140561988
14.445783657475946
14.515319276551505
14.52708721206382
14.629872896283702
14.663244981870031
14.68988736134555
14.778526763086058
14.816855008216216
14.86126138853569
14.884298592295245
14.934628516568473
14.970073486485393
14.991112429013056
15.029655331800111
15.069660850145928
15.108128962473108
15.126937010898036
15.189574942702613
15.24198062817177
15.245749114068921
15.296723698687751
15.376917273454241
15.450366517602157
15.471310395365006
15.513286976264713
15.564351410649895
15.590085706734165
15.635783431002693
15.693389327030362
15.706276396922242
15.745835836683504
15.772831853535902
15.836178975801843
15.915234720218272
15.944051678462692
15.980524191288984
16.00705452178791
16.026541225705536
16.08388650422632
16.097315499272895
16.14595765692679
16.174656941117462
16.228656566364183
16.26472976562095
16.28865276884654
16.334197607093486
16.345036942820595
16.359480518598655
16.38039340448796
16.410415127732804
16.41923909524737
16.49929776586144
16.536545134432785
16.540244499694236
16.580240090510017
16.641436637616227
16.683477092017863
16.708703565002377
16.725436700412693
16.75566058347027
16.793471466356692
16.842030119610648
16.866449296327495
16.895765991514036
16.937411059869355
16.957143277416947
16.980540653069905
17.001598835950517
17.07493799466298
17.1194582584311
17.134026886053476
17.193210725095362
17.280484112626407
17.298606213400184
17.345243477833623
17.374478428278078
17.420095449973477
17.468510010934164
17.504079674331926
17.524097331746873
17.56299379532437
17.60127060762181
17.62328188173467
17.655808162538666
17.709698278965103
17.763913641658206
17.781145243311737
17.806223072629454
17.87119505419078
17.896899817863112
17.933693618310272
17.94008360350948
18.00696790200514
18.033184341657453
18.072328871353484
18.096909466975116
18.11298255708156
18.12691496980074
18.186625023732272
18.2031591376934
18.23958420951296
18.271918786245013
18.34839418188913
18.37233652944511
18.390736163289162
18.423121938989535
18.467904796483502
18.48655703225567
18.517117066276025
18.546513042412098
18.588806890751297
18.625855430705787
18.667370957103557
18.67714791734884
18.694775669108544
18.72958876513556
18.786178884249
18.821952926293147
18.842896461059674
18.860842834967436
18.89043837443926
18.946566277130678
18.984279963890742
19.011282304005977
19.042187273482792
19.05654809464226
19.108258598319825
19.12967070137465
19.188781594248507
19.21737471056947
19.23047284537062
19.253990308476844
19.300575523021674
19.312378677522286
19.352143952819826
19.38645877832057
19.401692278746072
19.447676081590348
19.468619878868328
19.49568523523787
19.544537993507923
19.6164280330638
19.640616114314668
19.69138265284845
19.720911268616256
19.759417466058476
19.805028836115152
19.837482905807914
19.880545985754882
19.93032714467422
19.938057910499996
19.958560321807827
19.99349814635304
20.025369023433754
20.066527866578998
20.10187764043825
20.13516050009382
20.19771496921884
20.224317206314346
20.23527284684728
20.272668798411207
20.3068997903121
20.333807761323502
20.378945480941418
20.4513629013396
20.4975897748029
20.513630370236772
20.539020574297624
20.587134778353278
20.616907963506886
20.641270275788905
20.652996153219146
20.71732253578599
20.74682603595512
20.765495483155686
20.781632791060787
20.833743715208694
20.85853242719096
20.865656856122673
20.94210729470639
20.98274995941697
21.01037752996893
21.0371918894956
21.06165899395479
21.091752862649102
21.167144755981575
21.168711154591954
21.21077795311144
21.262091184013133
21.3045885795774
21.352844538490327
21.37860638055903
21.40381208785523
21.4610592016706
21.48823337797181
21.506761605907553
21.51842224083544
21.571411221065166
21.59041825794903
21.64858987372091
21.686731736789593
21.743725372670486
21.78077088789955
21.79911022112596
21.882118663496872
21.938897309419136
21.964347890395448
21.983077397372
22.04272733668245
22.046073521725177
22.06839361670037
22.076103784971597
22.152485993564994
22.187520873024525
22.23242117759443
22.259841234990336
22.283305631608872
22.319437115659895
22.35427965679886
22.378492928719727
22.441381456550626
22.447068562852465
22.510100200638817
22.522469885142815
22.607254692741687
22.636017825826414
22.673556499578893
22.68337617311816
22.718881506479537
22.780402683479036
22.822081164785228
22.848219609182408
22.865008948742314
22.88424770060043
22.96062807362043
23.0304870795568
23.035363602622144
23.053423217276134
23.09693712611793
23.149931574485645
23.173434254505022
23.1873790080144
23.24634371232332
23.287319748704572
23.30880164691749
23.351582772176474
23.377127514491274
23.422224293567474
23.43028978613206
23.496569816379235
23.56441885360262
23.589488659665612
23.6178494905226
23.651249163456885
23.67427621064595
23.786871591880082
23.815550421114867
23.851047546742958
23.879260588078058
23.906605695713587
23.94262432708656
23.971147142128807
24.03386414091773
24.057606845430453
24.092899156226565
24.12429373747169
24.16422459185654
24.19070976671723
24.22341986399003
24.27263581009213
24.298972266828624
24.33726536263337
24.356102592975304
24.43211845527525
24.44983827879793
24.4700046435398
24.474747676243506
24.50939898200987
24.534390025434686
24.57037778636953
24.661498261119853
24.6857686588413
24.735089717355375
24.74364996002436
24.798288707360545
24.846887449895032
24.888590506739376
24.92802772439262
24.957674549544716
25.01275100001313
25.058844858115968
25.127584120017804
25.157308618796737
25.180321833211618
25.25317836734573
25.296413000669233
25.32631396481381
25.389733226357034
25.45784905154601
25.489907886541115
25.4997978389478
25.580230011524346
25.595202135302785
25.684932449822796
25.703378348940173
25.752722720587546
25.784628699369165
25.859021249012287
25.87732863005162
25.948749479262812
25.957912553331063
25.997098192447748
26.02602768572388
26.08555378125975
26.12292923629733
26.13580855959454
26.209311260166857
26.284299467578283
26.30075945922546
26.324194367202523
26.369062116224722
26.43572066559732
26.455602524827523
26.506472475545515
26.575712512836194
26.627245848063236
26.64902424913452
26.775410247719112
26.81272633383527
26.848834591726277
26.888268763942797
26.926993510468744
26.94305448164169
26.98332391405892
27.034392470506
27.119009555063677
27.1300133695718
27.188269704209347
27.205930075174752
27.275526135728224
27.32249556984842
27.335899853624326
27.435242727669152
27.481048284942613
27.510655776046548
27.54112126122652
27.582189786773533
27.609194775931044
27.68583148291566
27.725089458735972
27.768769725223148
27.800178702669342
27.84539125807017
27.87877756973411
27.909547396225083
28.01288360997797
28.053497633097013
28.09417013868863
28.1542375402198
28.25531863398672
28.341219575908184
28.36373825759436
28.443838185363735
28.520684577247735
28.54189031754602
28.588074656673307
28.639501509508623
28.651909076622232
28.71721817768184
28.843461664604256
28.89340163454429
28.91674846712349
28.964756202176936
29.021577130756107
29.10016271297681
29.214045421130713
29.250976571377684
29.350037992480676
29.399356457419902
29.451302368407077
29.484970963762784
29.53750166372018
29.590878572522502
29.6479621355485
29.702389973470876
29.714094951249
29.751379768606427
29.85936357003059
29.933627130390505
30.002942341167103
30.118851457926763
30.175192783311864
30.197316178468405
30.27212370792549
30.36455060351228
30.421164100484127
30.479721580394788
30.537670750845134
30.58004874853545
30.599270571616113
30.748194730279312
30.7557447712854
30.894320651654393
31.101274058043124
31.111646436822387
31.266173226360554
31.35028306950858
31.46828181162468
31.493266208863915
31.57136612763567
31.69026310137184
31.757812646149592
31.841232869528575
32.018682628282406
32.0373861233515
32.141683990127866
32.31486437228535
32.52855906316147
32.678309479419305
32.71106244243894
33.25442347534059
33.334591683823085
33.53168900033454
33.593262663719656
34.32332430147725
34.40434123495231
35.18943780717199
35.55497254341122
36.179633723839885
