4.0136079211840645
4.084747160915581
4.45779061483431
4.5323381661896045
4.970416369365253
11.105309422144181
11.923707276055588
11.96573967467793
12.777732377215804
12.923189758125998
13.14972369280398
13.304044987903161
13.389450319979657
13.496115166319399
13.59603743089873
13.711085222200696
13.894288675541794
13.960681957908683
14.188584839295487
14.250374264170675
14.2979105911323
14.407524031494823
14.452194621569202
14.48759680209633
14.654799431472261
14.671873952978917
14.734594408854582
14.805253020948848
14.875922643216136
14.911310806411063
15.091002937030359
15.143996014184934
15.20068668128966
15.266612178305722
15.339379182140968
15.380259914526057
15.445373397520715
15.484066050881747
15.558900320325339
15.591800347084426
15.649558486134492
15.658816615916654
15.744571734182571
15.806630986210738
15.889276656107056
15.907355789040542
16.00997331629207
16.04687466713424
16.087920137429514
16.1463645010943
16.18385363288942
16.219706478895887
16.311959802935007
16.33355648935824
16.393388085471667
16.42405942627076
16.51562612647528
16.538678517600104
16.606939655115234
16.648684588445807
16.70201815495766
16.73408409595745
16.773664426409205
16.790700509588827
16.821314487887634
16.88299287576964
16.991368729926776
17.02314375142951
17.079545211643147
17.11471688047183
17.13060115235715
17.209680457394285
17.221367806690818
17.28546924499021
17.31802005984238
17.395906450987454
17.406688111396985
17.467208541495218
17.484040780697025
17.541296865635648
17.601490504584405
17.631696619456115
17.675874486233493
17.70393401915756
17.718869577179383
17.7926371187516
17.857475815547442
17.87728247897492
17.892392306127277
17.91448198862359
17.958547465982424
18.03761876323717
18.109376399370053
18.16573229004628
18.184318424953698
18.20806052799424
18.243707122857103
18.297249917052795
18.331309526609765
18.354950563853702
18.41589130574882
18.451505316410834
18.48597685383375
18.5174210193465
18.576468042675803
18.626091798170265
18.654595577217457
18.69895576621803
18.78791015322501
18.83089635021779
18.857273062505048
18.883486860662263
18.890054833940738
18.96741568988357
19.00444783398171
19.07574071732594
19.144919077049963
19.162835077394835
19.184064328822505
19.223430687719606
19.26062250706563
19.305941588928608
19.341622411801705
19.437469885504875
19.47242155775805
19.48846205881075
19.536402032385368
19.546805866792983
19.587409222707446
19.609762410920737
19.686343962014067
19.69509890390089
19.734286256014713
19.784206824878233
19.806532497430165
19.851165631900635
19.919980764498906
19.929955765388844
19.99428285065498
20.01561145297855
20.06537114167963
20.1177002136095
20.16208009739531
20.184340703259846
20.26494011889714
20.301356555154488
20.360630709168408
20.37736845780268
20.391917318645884
20.46362634250296
20.495142372687724
20.514425771152244
20.600161266048183
20.646549301009376
20.671008282917743
20.707427069646247
20.72865470214104
20.757454939864104
20.803064162207054
20.830565439561596
20.86930238941698
20.917209607933025
20.937029508599355
20.992526011867835
20.994823782997607
21.047330168038673
21.085565527712177
21.101300616120184
21.187275195744387
21.212224885224455
21.269365089959635
21.328489560882478
21.334057101979
21.353843394358805
21.437693986182914
21.456755776880474
21.532040277367702
21.586707206773315
21.623392680826118
21.63812026954437
21.693345890963553
21.708111482374175
21.745483899899863
21.77036815013543
21.83006658731229
21.835594991198857
21.876460401396894
21.904644018855066
21.95437449097291
21.997018158404966
22.057811814970247
22.096988047744848
22.11505464533066
22.163917087138174
22.207744579888903
22.233278303043907
22.275216133793496
22.30472825904231
22.394727207428986
22.41888112230187
22.42802526888957
22.49064579390767
22.499544817250264
22.53087873253858
22.56886370655627
22.63195154088759
22.659543217580726
22.70655561919481
22.747084108260037
22.789887396504984
22.821716910233093
22.8529564744223
22.868689157155675
22.91248710938226
22.949854105287276
22.974847446980853
22.99070980274302
23.088195874400327
23.103256079863364
23.163034896962124
23.206532607377483
23.248300705197
23.26037820748979
23.299851748827436
23.335062373882966
23.385811072510236
23.424074108337887
23.43220926906216
23.499604422038196
23.531180201020927
23.581925370405735
23.613005447696477
23.63752557245435
23.70918120388136
23.72840623775734
23.778882151003963
23.82039308967684
23.88477840555011
23.89816169640969
23.929203612790044
23.952547971489786
23.974662782426478
24.002800458981547
24.069018448780284
24.0906327281487
24.099973900468328
24.182634249835115
24.19682453701754
24.233250322374836
24.265372421483505
24.33128465735661
24.380493819181776
24.400165958759167
24.4558042794707
24.487046501992207
24.543903014142735
24.581284268257154
24.598715246200904
24.64907463546276
24.662182107209876
24.697966448223585
24.73178842879225
24.744727289211546
24.782952428704466
24.826461292093605
24.856561744849866
24.89722702434377
24.91529559176696
24.927516656445842
24.97943344653488
25.04981489409615
25.06689880326629
25.087940833084502
25.146654099001914
25.183642504531665
25.21420495899041
25.27610267302177
25.296759504240924
25.328338395696267
25.3652938663971
25.43151819959006
25.46009064003813
25.503755138514798
25.530387960006365
25.556394566790033
25.616824687926417
25.636541118130953
25.67801489615235
25.698076158199736
25.815406600859344
25.841624986936488
25.845109775658962
25.895183628210383
25.930281871977726
25.960642357423048
26.026101681474977
26.05786133904334
26.091301206858418
26.103363088023958
26.181460188513316
26.210900336818533
26.271220282651065
26.329899921150698
26.349212267140626
26.368981633483493
26.408003358991415
26.504720691581536
26.517804527872595
26.564650421111818
26.590480857169556
26.637282813903944
26.680953552168447
26.733220833366143
26.74591467051218
26.771342628173763
26.796462651481484
26.848623742732617
26.912599105279984
26.917895286485038
26.945866283154558
27.012690203051392
27.04572118849305
27.076111735483572
27.105666074722695
27.132804668879185
27.160567057013278
27.242852433156173
27.28028559242726
27.33101584523193
27.360745259296717
27.414577220948118
27.473638730387712
27.4824704668243
27.58591492171952
27.61297749987
27.624123415931535
27.657722854127577
27.707920839766157
27.744126497161187
27.781610882489087
27.819604648942775
27.846168121040485
27.87429803756888
27.958314444997352
27.978517219029357
28.04289067083219
28.0691454684068
28.126391007480223
28.17148041446422
28.216824995574658
28.241374290884863
28.267534476935918
28.30652130006854
28.387514106963184
28.397095016751823
28.452496012215686
28.47954957059025
28.505977262091474
28.607747677389952
28.62803704936401
28.676966896886988
28.70880741590984
28.76560424256696
28.806815511123858
28.849245452523107
28.912926896159302
28.931590141559376
28.972527082108556
29.002569132651914
29.03165920376448
29.07941649167455
29.175521168892057
29.230140506026725
29.257301198990678
29.30870346812407
29.375958047966098
29.417240644156575
29.475421350046688
29.503689750805588
29.51972577849703
29.602239540152244
29.621785297224925
29.689179236581307
29.72391954797112
29.770691430312734
29.79278082169478
29.908566164380197
29.922347850442343
29.96205791036243
30.00583338439195
30.071965887112388
30.119714879280654
30.149829076161136
30.180090668469617
30.222196163619348
30.267073387180613
30.346622219155616
30.38541549995041
30.404375142347067
30.467771305885552
30.500711518186705
30.53595800166934
30.543077122774566
30.613117270718323
30.71024799486245
30.73615407453447
30.772028731398233
30.820096479981437
30.863861037856882
30.949605145943234
30.96729762448549
31.038145584686674
31.08322099971134
31.122110851822153
31.216922404305468
31.276641359751782
31.309723042095797
31.336356213556833
31.390635927298927
31.416004647421843
31.462148843956232
31.513063096190386
31.586970958791657
31.600484924405194
31.692206216462253
31.780675675934265
31.804684028957606
31.933620316962404
31.98976915407618
32.04030156696288
32.10331912316882
32.14997089409952
32.17950316737996
32.26027289195773
32.32879796969622
32.37297610291089
32.41880587572708
32.479501530078274
32.610123867347
32.62530387772326
32.73252315757955
32.795057885121686
32.87497374547086
33.00190045534119
33.04517165380499
33.08139083677732
33.12522186648926
33.237871613777145
33.29027770005362
33.33971497808728
33.37410828486367
33.40768797140702
33.48269389644181
33.549857621837866
33.57398723354814
33.700068849303136
33.78717136861697
33.84269477992229
33.94466396645008
34.06397499775339
34.11043551936316
34.1404479001909
34.22616878002117
34.3338615634457
34.468118414254754
34.505807564087426
34.60036317336056
34.71731233095546
34.7796875429293
34.9185406796266
35.032395736570265
35.09398824461512
35.12587648741286
35.210178059814076
35.29419547089587
35.316657339128376
35.37709350205018
35.51787176198749
35.65584203714254
35.71331712316446
35.865687463271584
36.12884197583605
36.210406475512315
36.31462346235943
36.51402462350159
36.6044056753841
36.679715546879095
36.82425457245586
36.85628856298205
36.995046354675594
37.182956259853476
37.52371483230327
37.67203916023653
38.10384289825401
38.25360951223099
38.6186473877531
39.10021345287404
40.36331557546104
41.427971399754774
