0.7388493647603958
0.810308392809096
0.9263887854482531
1.063325357589198
1.075924100378234
8.209891988829014
8.265528930217682
10.412687249272162
10.435102077725439
10.737761663290494
10.901116320357053
11.01684759214987
11.37677226991536
11.419021342832488
11.796922165050049
11.871882309371218
11.961709180048805
12.057500243881003
12.145158990830069
12.191741759102092
12.283410670470998
12.326694823114476
12.483005282187248
12.529717179692295
12.598999492393762
12.804727860494355
12.817892984596373
12.879493005637562
12.926808700592337
12.943457184481321
13.031001286914806
13.13615870397162
13.179225630337923
13.223681961420587
13.291183702733607
13.35624074211377
13.427289280790374
13.445075584886602
13.489688450640049
13.547012245657436
13.556307034821007
13.614883871189644
13.652106163994164
13.755232753185478
13.792939667947676
13.80714528234629
13.855018994864354
13.885488097754479
13.92668964069039
13.939814340655321
14.024813075932874
14.031602417071454
14.091086741359938
14.159520966018562
14.176051046833022
14.296166564861231
14.317753858774447
14.351784240787909
14.440164607822554
14.478472728572967
14.499438761873852
14.577099836322326
14.636072501533421
14.650315481057277
14.710825026797485
14.739823530562967
14.761283169036764
14.865858277239605
14.877823839933438
14.920573645328965
15.011583173589441
15.046261258437422
15.065957671466863
15.11653001578569
15.161363115810492
15.191733246887987
15.222213074347362
15.267165279605868
15.33541270400548
15.337876480461132
15.367649151325493
15.407677441362196
15.459594018013648
15.53515157726556
15.56136409182048
15.581026722693364
15.609739883034175
15.644361212920652
15.734415371046223
15.773473972861316
15.796118007556657
15.815596671574882
15.89694661173947
15.930116465350494
15.974055524519619
15.996302627647141
15.999707800802646
16.02824791138042
16.059572571325415
16.145683370926427
16.17350749109662
16.182769553389473
16.2661645324651
16.28609109151334
16.320567081378993
16.366260306804293
16.423243905681993
16.452296603281606
16.516865760293168
16.554223702680428
16.579491811304685
16.606885651773215
16.70927828556003
16.773703190888554
16.77454258308056
16.817851932636593
16.844099323750765
16.88523311745121
16.916233428100984
16.9484171266954
16.966322131220814
16.990773467817863
17.011958201111252
17.026821464917894
17.066139179479915
17.105198260285494
17.131049443517828
17.184970096289323
17.216263168700277
17.276661390229325
17.30327691264245
17.317946744827598
17.32981350679142
17.371889382589384
17.41977978275685
17.432605077902277
17.475084844980856
17.52873599804228
17.5372161647308
17.577312559453528
17.609739077271065
17.647522056888697
17.68174741183978
17.70086620428962
17.745513188396625
17.772150390356945
17.82728430575802
17.857946938279
17.88914151500993
17.937672889254976
17.96901433839268
18.045757296236193
18.06973270731846
18.090413010637306
18.156187441181434
18.21165077068231
18.219161388726047
18.246789578065595
18.258574625848645
18.28601106059146
18.326140303355125
18.34248820042695
18.363843054117627
18.415673828066687
18.45847950721604
18.49022611056182
18.508946652898178
18.553109434484444
18.579100677357452
18.59034084736629
18.650098085727773
18.715274023862357
18.791373806402287
18.827514790406685
18.83554533129095
18.8863021055825
18.965718945089012
18.99973361622722
19.01994430355525
19.050538391394937
19.077931360499804
19.107109133299694
19.15347328371837
19.173719888048154
19.24315609278449
19.27600036903074
19.29438420766821
19.329019868392233
19.371573895338184
19.38664719526689
19.411650184184676
19.44283742164538
19.505153960474793
19.529296660028866
19.53341657490134
19.603203243735795
19.61832651324863
19.672083334527755
19.68354632046334
19.707193460370327
19.730030047295326
19.753900755884864
19.80057437318881
19.82255482962763
19.84330564778301
19.870617820962046
19.9047554564173
19.935546231218712
19.98057457573173
20.02059751456919
20.052924912625976
20.071745753711834
20.105328506133514
20.16208777077042
20.198314647157044
20.22190273727703
20.22812373724178
20.29315130228126
20.3324540793469
20.384523035675613
20.40753831427833
20.4967627704203
20.507057521727752
20.545049339667905
20.56295496303004
20.593437245449255
20.606952516687993
20.64478779142586
20.68245030994549
20.69949734223909
20.73284987821064
20.796856494088136
20.838092870506326
20.858117650127976
20.916938279558334
20.92486616986485
20.977742262429366
21.014045777334047
21.070587700520377
21.100802485344403
21.123238008733573
21.16142738808753
21.22121050239259
21.224077624328903
21.28355461079694
21.30359918696674
21.314325479766328
21.367378244974905
21.395008046041692
21.430870042804525
21.44095354591385
21.48881355330441
21.51477067596826
21.54361024724842
21.56933347815425
21.601005744183578
21.668206903562112
21.702598959382787
21.72754919453225
21.7660878413492
21.810527876829955
21.828740990834245
21.853246047313604
21.89262482735518
21.917393785488375
21.93740787828118
21.972441881762844
22.013244424197556
22.053296095831694
22.100146699683933
22.133425139641687
22.14656825822566
22.20453154009711
22.251667041105364
22.27516416640226
22.291107276172706
22.339696623961665
22.36750794486769
22.42345203948732
22.457798278621596
22.462886351393145
22.52026629131598
22.569312252859433
22.600658482942936
22.61813405952767
22.650899277824855
22.657532573775807
22.702496472786915
22.731942471656176
22.79001908562011
22.831484721401484
22.863532870702635
22.889857519684835
22.917394786469742
22.924977210396605
22.959655152982826
23.004510411142963
23.064755644037056
23.102460265877287
23.155660774531405
23.195679493004903
23.19819911976269
23.220372182243967
23.241092421018678
23.296404766778696
23.3295539708543
23.36136321179234
23.426905651252522
23.447197306582247
23.480598971075683
23.501791834311238
23.602341719861872
23.609754703924118
23.635456887304024
23.681227684564323
23.74812128937579
23.768072902099657
23.792474885035773
23.820758192629388
23.859784121581495
23.908213558311346
23.93368342873494
23.960725575039625
23.986098601562983
24.015030662260546
24.06701184589974
24.119640577540434
24.148687643639867
24.174876581519474
24.227952201637294
24.233975752583873
24.262716779293154
24.359229877451256
24.38427159461124
24.415740070967043
24.459089315506272
24.493442013244223
24.519761907705664
24.551631425241876
24.593735518577766
24.63795781692205
24.705785135837136
24.727322725120075
24.790863125250304
24.82115107877227
24.82787753294623
24.897546875852946
24.942198226987973
24.972979880084424
25.04216568525149
25.08296528439965
25.1087812807624
25.135573224476286
25.151740388115943
25.18162811472466
25.264065654144396
25.282196103188518
25.308222662971122
25.32423516382358
25.37050066336596
25.43153047844423
25.466829360004052
25.487148138271746
25.56188390987679
25.588051305903768
25.615280881149186
25.662955350307385
25.717402716850017
25.77783152342719
25.809323254719803
25.83228206156176
25.83904894821224
25.898284596567557
25.945602430310228
25.97976697368196
26.016210163851753
26.034923243710995
26.049317008949018
26.150371579876868
26.164109306833566
26.19188475077882
26.27309086427481
26.320590484697533
26.35412455360517
26.40896647782873
26.46990212928908
26.55460463440722
26.638733422612063
26.64600583991643
26.685700822759834
26.71952853122812
26.771112080880524
26.799757797884045
26.880893174143786
26.91629502700123
26.940934535260535
26.970023547164498
27.01151340364132
27.057610309709798
27.107901392551934
27.135440505629166
27.197692430371976
27.259895797760844
27.292867750270254
27.309845634551777
27.389573132896288
27.43780091415042
27.487470100278575
27.520584589840063
27.55809378045226
27.61660274055985
27.64531797520746
27.67138664580989
27.69001053756675
27.756448946392453
27.7630602957935
27.783679672674275
27.817353611235276
27.86386741765552
27.909130807964267
27.95524662427093
27.98982793923598
28.07162963750688
28.136192952972376
28.15340792177129
28.17618275909264
28.215737951554164
28.332206670783034
28.340389306359036
28.424639469521843
28.469733325342464
28.497566756314182
28.6103548294661
28.67430258141685
28.71843617385136
28.756161645534533
28.816875821478362
28.904921167073397
28.93496581804177
28.97849817730526
29.008367760423162
29.057830017461686
29.153463025598047
29.27322892219284
29.37728239770986
29.49135415866636
29.52528706159065
29.603261320272892
29.637483639306403
29.710242778295488
29.825979936777966
29.869665355892277
29.911704149717483
29.985023252967903
30.062589397949466
30.091632944858787
30.17633575165526
30.210716308060622
30.270687620222663
30.312506947727957
30.341808022615666
30.44136165667962
30.506621667721635
30.618230845434937
30.673489091289493
30.784397677632565
30.862545241486124
30.912536891492774
31.01960097916959
31.140388991341016
31.15431104362963
31.220304240896557
31.264775665479664
31.31791181969038
31.39046795826404
31.413592602131843
31.50417314328212
31.610223849109822
31.749965092329948
31.826706895874665
31.931441057032337
32.06067459053584
32.17651240927557
32.3121043367438
32.45985990398543
32.51609337621904
32.58613221890443
32.742177820132824
32.90615673522396
33.0626324936016
33.28003477551126
33.44317742299198
33.6980025715719
33.75987104402454
33.83529779588813
34.16569442837357
35.06164792073701
36.03954933314017
36.22849327251078
