0.7160910169814477
0.7508816986737648
0.8848905678035125
0.9335578575507071
0.9975031284995051
10.628338631441947
10.806748955292932
10.888603746382522
11.014055004585
11.189238949797945
11.227608109867278
11.289414172346548
11.34190426788193
11.3693873128894
11.442481039065337
11.561631583133028
11.649219667271582
11.803221577133423
11.882681178519745
12.093115519644847
12.158258638866355
12.18682410986101
12.26454876436873
12.33882989016142
12.374011547999556
12.42813928769961
12.489831089610313
12.524369053258935
12.59000634561374
12.63140323962335
12.72211015204664
12.754160948587627
12.913345409434092
12.950100736783668
13.006029997770694
13.011909959132534
13.068125749896312
13.08941850316456
13.107747094101134
13.194779487349415
13.264743260891063
13.365199619817984
13.39062078514214
13.405933882571068
13.465545043554759
13.502413121897629
13.523587209176174
13.57084992962895
13.644438687301642
13.724813917677826
13.753471720538304
13.77409726643655
13.800431633425582
13.821408882482313
13.880200730820624
13.911931332121148
14.010622408639453
14.040714135704008
14.127204322154284
14.228653236304211
14.275140130544708
14.3037647478912
14.347385388980827
14.359499590004766
14.409291402070766
14.435094778077612
14.492319793080172
14.51975707239827
14.562767308519195
14.637777095641647
14.643356774534208
14.733617284638942
14.742048626798736
14.796316604569059
14.841763164723746
14.932517424751039
14.9586638050396
14.993197047270943
15.02203891020198
15.055796127850009
15.108235669937043
15.122422378560552
15.142192274161529
15.216691115661266
15.290416633620136
15.323654569630046
15.392825761991704
15.421251775933037
15.466653429512753
15.473848171237433
15.546491312665607
15.570193720971702
15.602413080386922
15.660456289075194
15.683852814605874
15.716085012711742
15.734822861728263
15.796408825204058
15.813348421666973
15.873951603716757
15.893116274784113
15.934596210924843
16.006307986174644
16.020890200386013
16.03530355068938
16.075262133414522
16.11075004847778
16.15912626693523
16.1694502573835
16.249946490489965
16.31673627577289
16.350544192590018
16.38272834253345
16.385357140716682
16.492014482142398
16.51105474249393
16.535692794283154
16.546546961153545
16.610228290597703
16.64670844430544
16.66521895620644
16.73121864336573
16.740405897096622
16.759825182889383
16.79425978791875
16.81936356873326
16.835491547451625
16.893861402596105
16.907327430791895
16.96063146454819
16.999999148493895
17.01593301725464
17.10199838799744
17.125746664246748
17.152729642150003
17.181057614997876
17.232125971182267
17.23618738033997
17.271491803010875
17.300886632269318
17.32341018077971
17.36356009228411
17.435306933135415
17.49542502416889
17.524803770782196
17.591064689160326
17.627309435895747
17.67145990487785
17.702015830462834
17.740553469699975
17.757915846864122
17.781243574245117
17.83521100935124
17.878041814510965
17.911076241672784
17.91910485058342
17.964910912633474
18.001452786628654
18.08773435660589
18.09152041119394
18.13083027176419
18.156574948347618
18.209118366533815
18.246912878538758
18.27621179417593
18.28263999882815
18.329571605638016
18.35931115062259
18.363298545006764
18.411878110368182
18.41858571424949
18.477153764314153
18.51253321836137
18.54257637830623
18.576020625550402
18.615277632320982
18.644522947531822
18.662927987946382
18.718782462473307
18.772448866745357
18.799598731264837
18.81418459330176
18.873135485746996
18.91251013083941
18.93961375941144
18.99286271590872
19.02194704611905
19.050971200618783
19.069271746086823
19.075443341951576
19.148691519305668
19.168137158726328
19.196524775397076
19.245804091246907
19.271682028237805
19.30347981445461
19.31204647036568
19.362908920881218
19.406095656634925
19.4432500208685
19.456018495482407
19.491186404005116
19.52165202702877
19.53782566440022
19.615132740895977
19.637436112034226
19.67294671301949
19.70602968023644
19.725287651056707
19.753740347990224
19.783685291840065
19.83372498596259
19.85041556764713
19.881018195402213
19.930477562076007
19.95896141191142
19.979871376336728
20.026408460701006
20.043314571812576
20.099662699299383
20.127483568857986
20.153022333753395
20.21133880471626
20.291404686291916
20.35443422657063
20.366149596931855
20.387887637737066
20.4187073645119
20.440025798245703
20.488107534034814
20.52319354486561
20.540598121693854
20.568556608837604
20.579433525097024
20.600045453241016
20.654274091554303
20.71282878669711
20.727325302166328
20.767516186580025
20.78536186205212
20.807837533149492
20.862163464478254
20.866023151283287
20.914864535567045
20.953675315451985
20.98536880888909
21.010853935873644
21.04830647076161
21.083398236315272
21.121582036172505
21.145133001745744
21.16662170351287
21.207321836618917
21.217043993481443
21.248322377465097
21.264192570132664
21.286161553673885
21.30530038239603
21.341974421431093
21.379256650563715
21.40109731661628
21.421195350299087
21.491549183045546
21.545761726958386
21.569377147048403
21.60064222389726
21.656583827403573
21.687978769704902
21.730142791152105
21.780343868620353
21.80205763663751
21.84313875263143
21.87311053262417
21.91371150229219
21.963686053812665
21.97026290397144
22.051702012480156
22.064092674632803
22.099629883063965
22.13022675003389
22.16787392000113
22.186658550738837
22.23687930804558
22.304841519276437
22.34119974091279
22.34862996265786
22.38937775229939
22.427421810595817
22.46012892697698
22.47308662491011
22.49254304992619
22.5185690881401
22.571552525215854
22.604239384556056
22.643958555930094
22.67775687102251
22.724338929290546
22.727433985410702
22.76523442902469
22.813213707149668
22.866415030835228
22.933456618677617
22.94952595659556
22.976313535945092
23.018426181156315
23.046634896841137
23.055493244864998
23.095982544517295
23.14148166142312
23.157334560878954
23.213301424476857
23.26059643991551
23.298049326912093
23.323266633835384
23.338295301238126
23.389702827763728
23.428138111762117
23.445243126963206
23.451701400393784
23.520465634418002
23.52113337012886
23.56636497376857
23.58831401692264
23.60898928751733
23.678732790158698
23.703761954354874
23.75109616366959
23.776411616523212
23.842927664983513
23.870842492355198
23.886084925120084
23.92904601210482
23.968814109358007
23.986891453081856
24.035349978210185
24.09092646594671
24.126366190050447
24.131561381252407
24.18425614808532
24.19031181168178
24.21980397887364
24.25037574286286
24.31120279788908
24.350639535736818
24.36578043346399
24.435782306298407
24.48773038583367
24.517786690502884
24.57463548644679
24.610475733949155
24.61932913212106
24.659207487779543
24.717649324559318
24.742553121617522
24.78467520030564
24.836750328744948
24.89599623580014
24.91981247863354
24.937585430577762
24.965340342547165
25.014311121259396
25.047285027977633
25.075526156138334
25.097922663320247
25.158044576901027
25.215716080772957
25.249885797112913
25.300626417187015
25.330714911116303
25.376138879772274
25.403671460112726
25.442843259429484
25.492533277879044
25.5396862757383
25.550721519291717
25.596662646036005
25.667246148614165
25.686701277316487
25.767822542134656
25.796695450476587
25.85517508631091
25.878247486500094
25.936400858244674
25.988859886237314
26.024053214794257
26.061957910961898
26.090517855264075
26.136703901515308
26.161903205032303
26.209582407253244
26.273565601245487
26.31302738609339
26.37245911842913
26.428707437364523
26.481167853533815
26.544318943395176
26.5557309273297
26.586382929256786
26.608964579987173
26.67815301033186
26.701632251899333
26.74369282320648
26.78399587571577
26.80217766432678
26.816021827102198
26.873041650948576
26.943769029773215
26.995082504582378
27.032898966225265
27.09360429899663
27.114350602546278
27.177278499460353
27.198756218211393
27.265442928483107
27.283490543078162
27.317269385571787
27.39699261132222
27.428197311471983
27.543516900951136
27.58159015335452
27.625784553050377
27.650330081857625
27.695365930283316
27.719705757661593
27.780216870960576
27.859683049140816
27.886319868600793
27.94622922094157
27.977899067555676
28.023222317396147
28.040083524389075
28.08950850924152
28.108809278432872
28.190415899090727
28.29172941800955
28.34178534162191
28.417478828350983
28.419762175346236
28.519678914309036
28.598274304514774
28.638719401207283
28.68968328925211
28.750782780561725
28.818901194459514
28.8378500381149
28.90862360422649
28.927848032164604
29.016387505651686
29.122956741857077
29.14048021202321
29.19478570124333
29.21776733264567
29.281161886714234
29.366838254142245
29.415524582333465
29.517625584212972
29.57123502422957
29.609351405850163
29.662010946991266
29.7588074925154
29.802485355715753
29.8100743067826
29.855608177310092
29.921185155334143
29.96789729555652
30.1296000443152
30.14631572113234
30.22858820163795
30.236221571673283
30.29774566442695
30.364148604729024
30.40951023996333
30.46572021371058
30.535484916714136
30.650713474133163
30.665604488743856
30.861816618218327
30.951013068273177
31.091617412488905
31.169812361866267
31.211975419322044
31.364663061075298
31.464142609852896
31.57101848215296
31.644741219571394
31.694960321443055
31.754672689582076
31.94976162975187
32.10884845182084
32.327458414131435
32.42643105721482
32.54538299977554
32.72267085824307
32.79970206023168
33.006784516628365
33.55025835727592
33.67341903087663
33.80563103129264
34.18069912294456
