0.7031120957075057
0.7883759519217456
0.901324806421758
0.9476528180371383
1.0377652532340744
9.228630836501562
9.934494400932513
10.46071679546726
10.720885302889174
10.752679820409828
10.851862461187414
11.076733934188942
11.13398029416206
11.170978004539954
11.407514791992241
11.427100864627699
11.594739009927643
11.626482186459558
11.649552531506352
11.668143083719405
11.806066114494762
11.851545777992886
11.953771153609173
12.27357583421184
12.299258772387168
12.370538295159806
12.524892472959676
12.56447230304989
12.62778212916062
12.69150742858746
12.70113407941292
12.761342083301514
12.83551307047577
12.881158557426334
12.913638734399088
12.984948361063294
13.014988585020326
13.045440117350322
13.130815596329318
13.156874877463595
13.243133433284209
13.271174555982743
13.304060456712648
13.366545822178336
13.4182653768716
13.420153791893807
13.476329442760584
13.554363303215043
13.61750172820908
13.661018590222476
13.694538461559395
13.74207481192999
13.799036982567761
13.834733896180435
13.872620363889375
13.945934063398724
13.995815495962816
14.039797548000328
14.050794558318987
14.098015229762106
14.112031981027688
14.155022377513541
14.208290353436935
14.255174111456627
14.339015633526751
14.372492620974098
14.382169450469604
14.437064648598062
14.480307774368788
14.540964481394527
14.556504539046824
14.64232930421607
14.671733693308017
14.763730704136586
14.768594303310836
14.813452312439455
14.839224826553176
14.918146847105556
14.965065643287211
15.00933142007257
15.07228566289278
15.083240408735824
15.1065840473866
15.139276495496258
15.170346117652372
15.216506606352633
15.238672406881498
15.305692714900884
15.326883895156273
15.398685454368612
15.4444917811821
15.479705904258157
15.506323528208624
15.562059166639317
15.604781362453917
15.613746752906557
15.65716088432227
15.691431824824592
15.745708608575844
15.795373883229471
15.828836143734812
15.862377484316735
15.870823955661788
15.956127107376174
15.994811356670013
16.012553278871557
16.051384155711627
16.104142067177524
16.140463509666052
16.159513346964395
16.211335992789692
16.227082539864387
16.260514546054623
16.299711601583066
16.379258128073154
16.42075812468683
16.455393864978905
16.467250830889903
16.503518314575196
16.551121217620157
16.559952720350044
16.63426820980806
16.645623122767468
16.675590241079476
16.70621736014613
16.73695555256582
16.741162907615784
16.808561707260353
16.840283486327944
16.859774349688138
16.878102741723843
16.923712076417313
16.982066515177312
17.021707504328603
17.049947517616268
17.05741774651306
17.15027311161624
17.192676795588326
17.226547521877787
17.248023916787627
17.311682002082904
17.3226653050997
17.344683171608835
17.437873408968528
17.45842486210322
17.490331967257728
17.514013814849285
17.53012293652969
17.576268426978068
17.577918834918314
17.62113164629144
17.65211278795628
17.667691011919736
17.699185946243432
17.735146743040502
17.768746971517015
17.80076292598511
17.845347744320243
17.850501976758647
17.892585383722373
17.922935597902846
17.948459976887705
17.9675327286814
18.0132118166742
18.053115743180346
18.083752092728382
18.13634270878301
18.169823065468627
18.2018374746858
18.23559878284753
18.240853905718364
18.291754604832445
18.322329204423582
18.365670092522663
18.393717189396586
18.424386529592823
18.44219753993857
18.472256756137106
18.504329178267014
18.545184786639176
18.56804823148255
18.623900978475906
18.653510880186694
18.67359936203607
18.732322025276307
18.771215193215834
18.799252072666686
18.851461615727125
18.876211132635035
18.91581010125151
18.92253138083767
18.962627848081034
18.985621341689463
19.03973806634358
19.048685240948462
19.11289647334364
19.13451044905623
19.16816286520111
19.179446083446383
19.20992212060196
19.220738638984567
19.229127305827816
19.271321783737708
19.287870482776835
19.35962818599895
19.37859407058167
19.418520473570137
19.468997603280638
19.481458871984024
19.529927315161295
19.557879433770637
19.582995369248756
19.62057122189224
19.64964713575758
19.684753731106795
19.713291842569898
19.728093178381403
19.77897098273359
19.802393014909583
19.809345581376476
19.84332983725904
19.889587140287738
19.92031635204743
19.93248489982481
19.950628051104847
19.999429123455894
20.01292927761955
20.05597702437364
20.12972540202745
20.169849763949493
20.178423465240687
20.202443734274564
20.214746545402974
20.27952782110525
20.31763758603686
20.350003688865893
20.38971237035899
20.416548412626952
20.441484378486393
20.4624260855835
20.53377662256139
20.5468961717603
20.588436270328835
20.616667135777917
20.618222236142937
20.65517533204696
20.69760300571296
20.733116206545173
20.766689161260064
20.77955221583177
20.839275530083107
20.886283542349688
20.921933696562
20.95613565128277
20.96727525887025
21.037748311303066
21.065299200126287
21.11652810969329
21.16063488251202
21.17135836594988
21.21859738002111
21.24858356819417
21.30159392526405
21.31927484325622
21.34851343465483
21.411137037671704
21.46094816822732
21.484988753277353
21.509059138607164
21.56250724221866
21.590151520138086
21.606931599199285
21.679592879876573
21.70552113088828
21.761960198899295
21.77946172763826
21.809393608752472
21.847292290676105
21.8616729551877
21.93076409803532
21.941939980661708
21.990947508547297
22.00953921427599
22.050850328883683
22.158837532703444
22.181626256537527
22.223306915702143
22.272113700116126
22.318043678095457
22.33514010593838
22.349827981619775
22.398824140588054
22.403717985827853
22.44168537204907
22.471620894905307
22.496412185269126
22.533107520152257
22.613633751447075
22.61875318496795
22.678123594358187
22.70055413423342
22.71524430045389
22.746521615337276
22.76774510767252
22.800903249992032
22.82561206143778
22.8463703733385
22.892237578723236
22.939521746621576
22.964029221573362
22.990057622816103
23.027628091209465
23.049197104282616
23.105984888641167
23.12814306397929
23.183619389314853
23.241555922678405
23.261397438987142
23.297577614509546
23.336301075487366
23.361562114218362
23.430895979289392
23.460285677134447
23.499054960933464
23.546410948744747
23.55999548341038
23.614962361171944
23.656010902455613
23.660355842498184
23.691500918472183
23.754323942434972
23.78082972343125
23.839683280459017
23.8671751753129
23.887904657842398
23.904069228292688
23.948322346309364
23.98115414530841
24.02002910679576
24.052321998843457
24.1042617427124
24.13075882707469
24.15251890037642
24.200733065941034
24.27592924188838
24.286737794528733
24.301776153957913
24.35418115270379
24.387669017027648
24.446024214726144
24.49545269218315
24.51832190586152
24.58186377715271
24.623650928952426
24.65464872881098
24.729600704818512
24.74012118902358
24.771925898554336
24.813583608283725
24.845268143087996
24.892990847547136
24.900436323114707
24.952743519052532
24.979678593100193
25.044069513426134
25.068731708209025
25.12731875138949
25.161249396493748
25.24815696550182
25.266244061836105
25.342735948127007
25.352230106260624
25.393468385356748
25.431099721208696
25.48747883423487
25.542749526784174
25.61592976443148
25.64541346623419
25.66447532135843
25.687831105040345
25.744858573412305
25.76852260143878
25.79821768464312
25.80480465380923
25.854835989457293
25.921231476354002
25.963067038340267
25.99740774112759
26.064978124724625
26.099400806545518
26.189784998530712
26.228720734799534
26.24920718440046
26.291538125747547
26.355958353578554
26.432991325543053
26.46809005431494
26.50367701702404
26.533766757162027
26.62117287723391
26.63631011903564
26.71216929921193
26.735678588097056
26.81998118515535
26.82682094264277
26.856140652785076
26.950577858068613
27.071641404413267
27.07952725137914
27.114879858844724
27.236332446386783
27.26701027187013
27.329147691067664
27.359297854642875
27.380576678764086
27.406286742881456
27.495334687331848
27.51741110300696
27.56781540301106
27.591493168888718
27.659807316492486
27.68872791746303
27.720745378622436
27.85996584024471
27.889303226196333
27.917871749968057
27.9274802405662
27.98862785297519
28.012216794622077
28.09613542314607
28.11907055214439
28.256646006824464
28.319153148378263
28.369477112658593
28.4047876593362
28.434069668717896
28.586258750965417
28.638815538854367
28.68745645139629
28.722269200515253
28.81318196279877
28.852364192101682
28.9032507025306
28.987280872548475
29.023000451577285
29.101185769314608
29.136505488467304
29.16688660658942
29.170098352481332
29.25017575187345
29.34609705768664
29.375567424026336
29.394453001911096
29.48614483231186
29.540214026682644
29.657464937468355
29.71702489534313
29.807927765372007
29.834229732029264
29.86542196078906
30.018120843292706
30.157825013564658
30.224922244209964
30.369472359363026
30.452595466544583
30.47812634784681
30.57150727852118
30.591354987053485
30.634394526489157
30.718641994452987
30.779748431298728
30.831562985597444
30.872236347631386
31.010366209123664
31.220508054536992
31.300737078524264
31.32721049399331
31.409546334056042
31.509716447947707
31.538831578707764
31.625947664674875
31.654993955043153
31.70179634409443
31.934043974875735
32.064051784442455
32.24781057250907
32.35413118450738
32.49723427640162
32.99342308543927
33.210198485599875
33.303624257170426
33.47308474163563
33.59401670959378
34.2921458210398
34.343882512036814
34.60032521873115
35.0283258803086
36.021045909130706
36.57010848396802
