0.822110325534998
0.8379787294815341
0.9537738651576346
1.0327676789907252
1.119726470358119
9.949630926990455
10.247358914250137
10.629609898741066
10.685801641229096
10.912806041089878
11.028298439006601
11.195243990438243
11.201836114715055
11.467332787101034
11.726350827317068
11.793595880950026
12.105217777039323
12.139834791193863
12.173020348560891
12.311496413857336
12.413384576905012
12.464987877987246
12.517113333558466
12.52803180616931
12.53922110606343
12.71055250711136
12.73075810157912
12.772709536192272
12.82544161206841
12.87028001276378
12.933119198520439
12.967849507383503
13.036852596788712
13.066363699102022
13.094274371489567
13.130254046321548
13.213743983150207
13.271116611951133
13.34147730063545
13.35897084992131
13.434336858063899
13.474844689815182
13.510390293817235
13.602916182270024
13.657554598101436
13.675976476856391
13.701002211269518
13.721877017790998
13.832259030178168
13.933809173140116
13.960252035498174
14.009262463534613
14.042415380422195
14.047779512113973
14.12316573800567
14.133334013113384
14.234291301770886
14.290541630478637
14.332861843780929
14.401012525812902
14.408702266568074
14.48362177089313
14.575059212386115
14.616580573768982
14.65369315285512
14.6927620275321
14.71467284387635
14.76486861009373
14.787006781612389
14.81561889068226
14.842478563903724
14.870474035592846
14.889146308562422
14.907829712887402
14.951672844551622
15.02349474867412
15.03302673598297
15.066357596891933
15.09957370336965
15.143220993787862
15.179892473879223
15.210885395110441
15.248319508734822
15.306460649352141
15.33225425997748
15.398798001897903
15.434020382346134
15.434962288171677
15.47295230888424
15.490949648914295
15.580083898633625
15.602929136434042
15.645466667006325
15.658238779187522
15.690947071158465
15.71954563629897
15.781666926349436
15.838979856702476
15.87730948214226
15.890750151743404
15.962217308971828
16.002538879418402
16.059807915291955
16.123929252423313
16.14193093667742
16.16698566329602
16.192870006093724
16.268034349155997
16.30563961131334
16.326524412161866
16.33014341507495
16.40823916214861
16.43063839726638
16.47125379022155
16.497953193289824
16.535392193905373
16.55822683017082
16.579426993984036
16.608711258689922
16.65053567581461
16.666163061044248
16.73221353763491
16.759533851132908
16.82842050767714
16.830920129625426
16.868794462411234
16.90583825194613
16.941793406016114
16.989216716855573
17.064776355625224
17.07796774866689
17.108425787385492
17.14294233419826
17.166209335592736
17.174107234870334
17.228194166929732
17.280783001617607
17.307176127412916
17.322494179485243
17.346286528102027
17.361254144117215
17.424410572778832
17.43819563949298
17.47686486748073
17.518290948834096
17.561608220714824
17.596905395369763
17.605860513859202
17.67597677077443
17.713962686319764
17.722404892013692
17.757395878167777
17.787666060405996
17.89822456116411
17.9282574793521
17.94638418023602
18.001738769901504
18.02667043817721
18.061322379178836
18.1133954892818
18.143537155479063
18.163000030617273
18.177696236973347
18.19962339072089
18.24323804143088
18.308894421425652
18.323309696305387
18.338180908199078
18.4136633661686
18.423453145511186
18.441325115624547
18.4891495389676
18.503908397141984
18.535437287901267
18.610179732652117
18.617369514824258
18.658906161552046
18.70039270426427
18.740727195564354
18.781764356423373
18.811692929617074
18.848549044992517
18.879046070929466
18.93947268187201
18.9860839062283
19.015313327952203
19.022280265461962
19.053798085702518
19.1102385401589
19.126504068318166
19.144732647883647
19.17354932644707
19.195908736768363
19.2209038607793
19.257440641436546
19.29712351700406
19.35077024506903
19.388248746613357
19.39193542617854
19.44675012374749
19.498657163793574
19.525114835822727
19.55402536581979
19.606183071333717
19.619163653591762
19.68026315526607
19.712491196662
19.74009904896401
19.792699203861744
19.870961739651822
19.90530518184647
19.95009517026907
19.976260792576618
19.98767225263789
20.00976445359123
20.070385059722565
20.102999192887506
20.128141143688598
20.143140130411588
20.15352131484832
20.174482533402095
20.190246894481163
20.247614718641838
20.28894769351036
20.310460918456325
20.384675740700434
20.432426529916917
20.464215466479526
20.467515506366734
20.526572506050393
20.565808796214544
20.582996975597567
20.64963028157105
20.670769699568005
20.67918087104499
20.73160416592348
20.770598191414965
20.775784264551355
20.86885054859451
20.91024235289726
20.944269430450664
20.976156047598625
21.027922573096497
21.03941831768682
21.062857236915683
21.089624368185948
21.13910280186396
21.175729730200693
21.22920864020301
21.243548889169233
21.258346261660744
21.30387350510828
21.323229520585517
21.373451880321507
21.396867714483843
21.444677490415778
21.46399697371959
21.502281065792683
21.536885894952317
21.58459417850932
21.64757470776688
21.665169518712652
21.670099251761282
21.758037283542006
21.778234726002367
21.797334014428777
21.834209355108378
21.866179368511162
21.91428744442366
21.95796850113759
21.9788009377504
22.018191979404527
22.051586874046478
22.07013953291966
22.105969079264984
22.12997651798122
22.15418443245582
22.22599652653234
22.28864613965359
22.32668282081031
22.39157718734614
22.400916355945544
22.450858539402244
22.50194443819002
22.529289994388456
22.542534438544234
22.60311506671651
22.621993549601964
22.648209451710592
22.662589769999308
22.712329780894645
22.739820355425103
22.753991814229323
22.780320234809498
22.813493845349964
22.873213607256652
22.901692871226615
22.958506089972467
23.020474470167624
23.03159200693909
23.058012491126085
23.082944613236847
23.162162166683785
23.211324894414417
23.245872947073206
23.26010766317438
23.336361680946865
23.375600376252507
23.409823403731338
23.43501260789171
23.4648359327404
23.505610321997125
23.537281459106467
23.581110559425763
23.606430229092474
23.619968692034927
23.696698190599324
23.732080653832337
23.740436892352655
23.791644978321244
23.805983546097394
23.826619719835932
23.900237140631244
23.945600187912216
23.992042281103924
24.0132000417271
24.033361166473178
24.049095602503936
24.107232874846105
24.156029872262867
24.22174646691738
24.253764240091947
24.27492029997366
24.298648472339714
24.3135882540048
24.359364956936275
24.377972113734746
24.426131627472984
24.449907555917132
24.503692527372746
24.54051692266258
24.546533700864437
24.611078264936715
24.63171236976345
24.65813591808792
24.70037600895784
24.77207799370511
24.801415525653923
24.87581999564456
24.907431007185217
24.951109059828575
24.977878452258338
25.005435860297247
25.032125665272407
25.104611172704526
25.135433592060043
25.225821240768802
25.234172620683445
25.27100745211188
25.307237508490044
25.341498064592493
25.38627127026612
25.41648376695198
25.46701614427828
25.52906675224004
25.56763586115887
25.611383915888666
25.648307197546803
25.678995834208713
25.713106518455568
25.745539294612392
25.785322369886348
25.8198754839907
25.874511219575137
25.93854540981967
25.96814329127781
26.026910048533466
26.084585621413275
26.143423248764083
26.15679759675963
26.24540426843295
26.246671316070163
26.323051657190515
26.368377823644806
26.376151235343364
26.444791936973992
26.549544086022852
26.57770858599697
26.59424391784966
26.687248570508707
26.727057991008174
26.748612964370313
26.774593061801063
26.820239398192538
26.85879259995989
26.90276216814004
26.915669106195445
26.992433123813072
27.024564972474842
27.084663529835975
27.109669708043043
27.181316334494166
27.21231338274711
27.26678399552727
27.319353310293998
27.373003319444585
27.423250040132572
27.45595347986478
27.50436361992437
27.640113523126306
27.688290592803693
27.757946204642785
27.76838687341272
27.800512817912516
27.833702830034003
27.868419992323435
27.91817255845784
27.99629698579697
28.027639742253626
28.052829309455735
28.112971678662802
28.15756776741265
28.197495941362043
28.21546953265079
28.338201014637544
28.3570215649594
28.39754524664705
28.4872964046323
28.50455994689508
28.56809766427117
28.592554462070538
28.691273864144044
28.713503247994026
28.791841487129368
28.805468934568438
28.830946694200282
28.8905793236501
28.978009962424846
29.001596599622882
29.09105252121664
29.238267896294637
29.337925261918368
29.40798823434963
29.46185838547734
29.49084409640793
29.562190634351882
29.634297599152717
29.688327369053503
29.744986406976665
29.75642292208714
29.866083321011335
29.910589515701293
29.932460524605155
30.05512072198283
30.07019257007062
30.160744823611378
30.181438962141293
30.334938998088273
30.381919475364846
30.420299162671306
30.49676459544611
30.546875251077587
30.55144378383076
30.607457661047537
30.689027408898067
30.7086306711277
30.827987514648132
30.889836933140778
30.970307346168134
31.006598621618263
31.130476258602766
31.203785064035184
31.281699484755606
31.467436572864763
31.593353258801695
31.67890018815055
31.8210841526426
31.878296901566937
31.962233048568354
32.112274039000496
32.1372088780469
32.274146752950145
32.39174836597945
32.44340954567724
32.57479972209419
33.225370314525385
33.31972854261631
33.507786241181094
33.74557459721881
33.81188800541068
34.03254982582291
34.17919797132758
34.266422225476745
34.34767475416712
34.60406758753241
35.62029921698706
36.16844567132493
36.43438191176852
37.47123149165947
