4.286233379189565
4.370292974623451
4.422249738993564
4.868156051089836
5.132212907932185
11.177550216649975
12.632890971568534
12.754093592372866
13.019932543477546
13.531813696995824
13.752017287037177
13.899735942706208
13.985277731989445
14.065216815047268
14.111620420138113
14.341782644764082
14.376944372511359
14.42423221898743
14.556590243779002
14.79481496413666
14.894043280195344
14.93004167077766
14.96503777981073
15.00861309196772
15.055063834031028
15.096997973288275
15.215413769829466
15.309209411161936
15.389211460448273
15.485074973514735
15.539814817750527
15.587191925779958
15.717894655716535
15.7301130362479
15.787159701033948
15.845379925772452
15.866189034907954
15.947624855461656
16.036537340963427
16.076830021863454
16.093149484961064
16.127143472739274
16.162823646943796
16.244162058573494
16.323077391141627
16.386000609509427
16.39968384191935
16.448471804475584
16.51195784594352
16.521029396346144
16.55866399074979
16.647189533954144
16.67339194798937
16.74672555997986
16.780884028192045
16.85547775846624
16.895003643468115
16.983513478863415
16.999967025174747
17.04937257615936
17.104045398203922
17.129902129152057
17.15550275750973
17.201437012236397
17.21925157748411
17.277022038450944
17.29170122805893
17.30334529813283
17.405180373708173
17.46266895775465
17.496108034355114
17.601597090430367
17.640070726565916
17.67112008108758
17.771931305455283
17.78660911948337
17.84885545209655
17.859495974256856
17.89105635681391
17.972640639544753
17.991702875831045
18.062507857826894
18.107949401726334
18.12770937913878
18.139458244109257
18.171369996583017
18.260972428187625
18.275857357717335
18.316831445288088
18.344491474578525
18.436132543062474
18.462368306245537
18.55543838108623
18.591700276950096
18.610080912928762
18.67240601101
18.694461680931497
18.7037805849452
18.778176036869535
18.81979455105048
18.836184317609572
18.854584743392785
18.879855144809333
18.91239947440022
18.972889810535705
19.00108229656218
19.040289722089934
19.083880607550082
19.106534723637903
19.12769962009721
19.231302372242787
19.253969356023795
19.31265975568435
19.36478676301632
19.421503783420214
19.447913782840605
19.485848600571437
19.523905105182056
19.560707396770155
19.609790309888997
19.64295854907223
19.676402830809998
19.69036749983607
19.741171544830006
19.76875746261229
19.790449413889377
19.837668348673585
19.92043237538714
19.97660190152564
19.988405691528847
20.02540486132959
20.03464785590827
20.12063442568501
20.135371676105112
20.171116789026485
20.23767704155973
20.26333157169473
20.31400505607257
20.35044626780295
20.380670763635525
20.420304758760736
20.449127508537742
20.519371888088436
20.544856438852243
20.56460043253205
20.613092352987895
20.63370406818012
20.69485154357707
20.734181027466807
20.751511169385548
20.788470935324412
20.827785756489426
20.844749222861072
20.88762220511728
20.962178849950337
20.996576634882775
21.032683911194987
21.05675098956859
21.13283912411288
21.147887885867156
21.15550063755253
21.17015093636057
21.24450975303876
21.28628004195495
21.316652746304698
21.35318117498201
21.415483612137603
21.44020362239879
21.4848962332967
21.54160265104844
21.57505177156573
21.598715959328427
21.627359139927353
21.67468784983854
21.732767949451144
21.744876425789876
21.778606818223782
21.823287040232337
21.84962191267206
21.934848304716713
21.942819992694677
21.946680042180443
21.99814941203826
22.044140381242933
22.055629266212424
22.140378201678573
22.16555092197665
22.23003549940811
22.25177895027356
22.256046516317074
22.306309965915457
22.34639818699945
22.38895298857613
22.40249301638251
22.44873299465237
22.47331881208516
22.530972334936276
22.56528257229366
22.617462731756664
22.637800878603848
22.672680578016642
22.71804791539525
22.741360098747133
22.772494018318145
22.791016514194474
22.860064787624157
22.878061361781025
22.93307983558041
22.945703495392248
23.000561806738258
23.02365600795354
23.050321438038104
23.094248177433833
23.10833831317736
23.171486631096226
23.23105516738635
23.24816679789053
23.26757739099045
23.30360359993753
23.315951268832432
23.38689671954871
23.395722917379263
23.44027241898207
23.5004824421691
23.51452519086949
23.56318908740885
23.578284918905013
23.63788978123155
23.666328720553725
23.674879272180732
23.70727955454967
23.766402022660564
23.791125429271286
23.8493224583675
23.888317810242157
23.90571529359532
23.925438397845678
23.96241284578519
24.032245822547893
24.067835813929392
24.088297971643414
24.114153953329115
24.18324815422079
24.18961153239812
24.25142245051116
24.30274771455074
24.330708633992984
24.35988912250945
24.3888052484523
24.44101828575743
24.473673254059452
24.556594450113945
24.574797693706177
24.60333613967468
24.64689519888841
24.674713262566385
24.722059896744565
24.750589119930044
24.807266521426502
24.84654155651041
24.884813339656368
24.91595952481147
24.956610729327394
24.97960021912253
25.002858224184642
25.05132063026069
25.075971476936008
25.133866457606825
25.144942193094447
25.19692081814117
25.228293349589464
25.277744636534916
25.297816671564934
25.332189911539555
25.38240103932656
25.39689498432418
25.487852880089207
25.49634905931437
25.553213758890696
25.56153616381032
25.63973669070118
25.694533424704822
25.71269516402497
25.74331405219063
25.76225954949201
25.803959339346452
25.855364078706344
25.874499445144195
25.91152948478034
25.94012771027639
26.019399319738245
26.025071204530214
26.070230135817233
26.097188068876655
26.150708140969986
26.16237134193428
26.210817688046777
26.291547463670177
26.371567307702566
26.38753521088902
26.417016345866774
26.46307670580296
26.497323687742927
26.51157521331792
26.554626703957386
26.589780119696176
26.627954736849535
26.64354293220974
26.710465465647395
26.7485865487485
26.782899021580615
26.80096661936729
26.907350792591437
26.92375587987852
26.961797323362422
27.003779846162207
27.049220078380632
27.06635274985964
27.090528366820386
27.15428576634204
27.165709500861247
27.23606609970124
27.280955481395235
27.34368696260846
27.395825615721165
27.407221093534403
27.439363346430977
27.469266734018582
27.493878555999455
27.519941276322196
27.559178095342016
27.62660973474312
27.661424687885287
27.70885147532883
27.732083394707125
27.756764012551944
27.788383253732942
27.875522954454834
27.933992180272973
27.989056535243
28.037805072845707
28.048886172863998
28.08751024364298
28.115806649488764
28.147000388121736
28.193352908277014
28.240065109400245
28.27805793440269
28.33934318066728
28.35658602654534
28.382965061221398
28.446056647909874
28.461955115309408
28.50558331613917
28.56178079088628
28.600334184325746
28.653632655429938
28.716027850262314
28.76496010687637
28.831480722963313
28.893266943805124
28.93068730300481
28.94868876794522
28.957740992166517
29.014326188318236
29.081331044260924
29.118994693389784
29.13887149538145
29.153616859217024
29.19743087282031
29.30173645710907
29.337429289809553
29.350085747329604
29.41366622790939
29.42279288053957
29.476653772122198
29.543420761334566
29.5816906895951
29.607066876264774
29.647278116639683
29.699991383063825
29.710625959993532
29.774409005986307
29.802444472053732
29.855236331317407
29.870569305098126
29.970163013939477
29.984915670544293
30.01405681896241
30.07891317914257
30.135889783917026
30.20566306598561
30.258032031355228
30.32339530946923
30.356739176818714
30.437958441530295
30.454805650045806
30.49686496234235
30.560434932369073
30.596694292114226
30.649121497346194
30.686850329252028
30.75835787228613
30.807785085172515
30.835574531440454
30.86668010603802
30.96047582063487
31.009537513887857
31.040858375703586
31.144214628084676
31.18243635386438
31.253059727067605
31.314767773289287
31.362444526191325
31.40623387847325
31.41302812768779
31.49567249705317
31.52089442682622
31.552372385649043
31.61075272266496
31.689214231864753
31.71480659286325
31.755301661962612
31.835319569046277
31.90065991470036
31.951178760192803
31.983945807828192
32.07837719019421
32.18822655984755
32.295802486795495
32.32025420998206
32.38833058882835
32.47554008333794
32.52629929158868
32.60675418167014
32.63428612499607
32.68418492698401
32.72105437102996
32.793217883292414
32.839403945031
32.87040220292198
32.97967434173785
32.99211512431147
33.092033519553844
33.1625983872076
33.20036960175653
33.23858592897328
33.320461779317654
33.37803078037227
33.469326627811085
33.54563815570045
33.71443469983357
33.774194275786094
33.80136126973257
33.91769945526012
33.9640665638257
34.06966967239062
34.12404356416499
34.1796640743388
34.377915164287906
34.45445036779384
34.46548542202341
34.55932391727422
34.613976370966796
34.704926069607744
34.79600211120323
34.826533020573684
34.953920608801084
35.07487458607836
35.10884931645047
35.16729690463079
35.33758514887997
35.418328165882194
35.476128347741074
35.623857455726906
35.688316022301166
35.83010432972728
35.877968274041805
35.99120607620264
36.1429473057725
36.29038270535067
36.42275456411981
36.471981467149774
36.57846875154022
36.74947207037633
36.89026645723926
37.035935623293724
37.09996555380247
37.33700896559529
37.6039739121532
38.0721682774837
38.42497805880884
38.50161773171522
38.874569240968285
39.08076695223965
39.41729874145363
40.20693645757513
40.368599463211126
41.100559232472705
