4.438778089074901
4.5449668853644924
4.593701773003331
4.734737356523157
4.839654093061457
12.7307099788959
12.817532360511043
12.914201126053255
13.435220501366281
13.616496464956994
13.709974477181136
13.91620249164121
14.047664851933796
14.102624596699727
14.24891568835948
14.35844691861079
14.466256074710644
14.580854972844119
14.58365259796235
14.636983661856608
14.701323300323367
14.72681836357602
14.806497343593694
15.018914289393955
15.074883319379621
15.078473460471418
15.13762444801744
15.192941352661334
15.264518807114596
15.39022607711748
15.433303080595744
15.551136530760207
15.619551980538633
15.66262889196132
15.685853341026377
15.796642409590019
15.843543903974103
15.885279316305288
15.946575246681121
16.014666036657545
16.071452562519394
16.126868655602326
16.181961685910057
16.271407734519677
16.348379752496385
16.38093969950573
16.42884448795712
16.512569012706432
16.534137602296433
16.58293007881089
16.642490535997936
16.784891055822566
16.799643205854984
16.837117937417162
16.8697746637578
16.8940273265576
16.99587466921483
17.00892576894691
17.1092703727653
17.13678864437527
17.198449212981963
17.248946882818814
17.287355098880724
17.319113043327423
17.33695784380035
17.411052666600757
17.4634252258411
17.518953204959786
17.54611503857396
17.604531214407977
17.65275204698535
17.699173056576097
17.77658920087565
17.82668838536324
17.837136796661014
17.859014311489922
17.875653604769564
17.91449616777247
17.947257914801064
18.026888511224058
18.051282529805462
18.085582262208696
18.105690196755198
18.164454953986347
18.206336698827023
18.252145547570397
18.26897378420449
18.309883764544075
18.32502748712176
18.405393569046034
18.46358956546416
18.515982520878346
18.52795402873832
18.576568125489686
18.62731574996174
18.693330794791454
18.713435232336558
18.74676503888721
18.77273215432705
18.868652162925933
18.894346672910913
18.9352536287485
18.96300491368209
19.01697711720149
19.047838550389443
19.080878707664528
19.158420182073677
19.185668175617668
19.247210638538085
19.275652440174202
19.3279715419436
19.340219643423154
19.368661744991403
19.404724731401167
19.460252830861492
19.475021950933105
19.505080636218825
19.599013823992085
19.655532612267713
19.670029742028174
19.70347914505302
19.749500278102097
19.78570099852258
19.84997785182273
19.914159757074042
19.92104831140882
19.97444072195404
20.01013371440744
20.02568843945219
20.06580897319187
20.083741447107023
20.149712182403057
20.186187322712968
20.210500157444
20.256619717562238
20.3050995654074
20.34685550071014
20.36669600780678
20.42717813496613
20.448850931379148
20.493932278497866
20.541353527452518
20.567527841719
20.586261414759615
20.62348147648009
20.69713410745257
20.73435391984315
20.734900702179107
20.763909434594805
20.827325982436736
20.906825284802707
20.936565171710317
20.97648789818222
20.99273241799934
21.011657326186196
21.07219976731715
21.11019870941027
21.122569391741287
21.162053993660844
21.173275419947277
21.238709587257645
21.278782166858676
21.336991925843765
21.359022398738627
21.40384751268056
21.426961268068624
21.459916867984717
21.50005550656597
21.510791534620267
21.53825873654122
21.579582053286416
21.65064540827043
21.69751987948585
21.709711790076057
21.7637051462285
21.77522011995965
21.809090620532768
21.84925727165435
21.89518086864732
21.95683284872351
21.967506130906596
22.062867597710923
22.10306281650018
22.119004135531664
22.148165064132165
22.1874976630611
22.223206196085656
22.24198640690646
22.26763504493248
22.2959965060413
22.32223064353243
22.39031060785867
22.444291848331343
22.464228265525108
22.48456013202011
22.546504576890296
22.576885141088205
22.608180670100506
22.665560297050448
22.696427452911475
22.714911915162187
22.759531042257212
22.799694370045994
22.834254166912658
22.874483770236466
22.90236049984164
22.94068190362886
22.98379366679244
23.010116349481407
23.03338582669651
23.071880104880623
23.087633347497366
23.164964784283043
23.211821889191125
23.230706555381776
23.26625540674281
23.291347780156954
23.333753702526497
23.347613327321053
23.373996442797363
23.451715202379848
23.54235706468569
23.579636337926846
23.584516027419927
23.589674974110885
23.658787268080424
23.715900281360973
23.74265370333634
23.764066007810303
23.81194385103153
23.848387539455842
23.889851464764675
23.92796627278866
23.974219989047054
24.01179002565051
24.0494104563771
24.093150523194257
24.104096809600815
24.168396441009197
24.19972159095948
24.252466679336113
24.266416689086075
24.287909848634495
24.32948846375004
24.368739485458626
24.427700740718052
24.497645433690554
24.508231058756213
24.52210550126669
24.535391535613048
24.596404124729993
24.602042277877594
24.635765060534208
24.661151727924302
24.731221403263838
24.74635238077446
24.83065298060323
24.851296109282014
24.87190810739618
24.91684803872724
24.983902342804043
25.005622186389537
25.008270576923362
25.069045905719488
25.09560104963522
25.11409639627928
25.165768579214536
25.240444730996746
25.27816456623822
25.29944868638318
25.322852148106424
25.354280903913402
25.407543841752855
25.484518545440068
25.492059005509134
25.532054077673035
25.565135079012887
25.581319727082654
25.596460864559532
25.618175957495303
25.70444654414021
25.717260433602135
25.78036894018563
25.821074691589647
25.83063418880695
25.869187097235585
25.895599667595985
25.927900168088865
25.986736214599492
26.034556594330525
26.048528354845423
26.08556484096114
26.113124695244135
26.20531713386778
26.230086129265885
26.27946469761945
26.31086816373282
26.353102855723925
26.409424098832503
26.45293107605899
26.522790210992504
26.555893462201126
26.59201019603138
26.607805176614622
26.647831305143104
26.6718507271444
26.75646957444482
26.771224960810095
26.7939625345663
26.829671306483334
26.85346326871446
26.927123552424593
26.947473058677097
26.982467948879975
27.031681238555905
27.083548505571173
27.116894155498194
27.216535655558392
27.24895274261962
27.29383960114921
27.29899726326512
27.33683341466572
27.380945544360113
27.454758129405704
27.475703328120744
27.51176931382106
27.52758768998987
27.547748052770945
27.594010703239828
27.669284800326807
27.701968551334847
27.715668271672985
27.74444529361534
27.7937512464019
27.843511833401717
27.88256960584371
27.920881825349074
27.949432333302727
27.98547928374502
28.00946937768328
28.08820658599522
28.143494123139615
28.159275579079207
28.200736137596895
28.244423985422866
28.284990256387992
28.320182373456294
28.38558655273857
28.406869017132042
28.479600324580815
28.51447550744371
28.559963841624796
28.580626377558453
28.665618887125518
28.729040083992448
28.74340371200706
28.818659838699848
28.829815777468216
28.899305104800284
28.9249538533212
28.971868794024147
29.05142347937323
29.068598435507432
29.106641282220387
29.12052658072598
29.153663517604322
29.199587277563303
29.260123224271016
29.27248622366207
29.29880234669546
29.350275584583038
29.406759072238927
29.448694690844583
29.47174890594675
29.56084390730042
29.66219823843221
29.705015230432288
29.72873941347202
29.781639291019655
29.84489843438641
29.863064455874007
29.913101720488843
29.947037987741997
29.97577080729322
30.025324138566027
30.053592082242844
30.158091484670962
30.20587494746304
30.24274742281793
30.269289836253133
30.32918415657268
30.381258393641797
30.40259993256066
30.436517568713928
30.49112834314035
30.53330833230478
30.619102078684826
30.70580120965617
30.720269109406797
30.77401487343057
30.79361970848055
30.8275343340443
30.87356809973488
30.926257688773926
30.960196069503727
31.03475219466656
31.07970143228497
31.19677584352425
31.210257386053474
31.25316022355317
31.31349445043928
31.38650019011146
31.404057830292892
31.432853101946208
31.540470219636013
31.59967998910098
31.67550584631851
31.717094281527658
31.733306664422415
31.803419022489035
31.90846452760454
31.969478292156655
32.004242528482024
32.07474017709586
32.102329693482076
32.20392070287022
32.23035363887673
32.27503651568585
32.31998474284436
32.34399106752342
32.39481814760446
32.466541032335165
32.52726277775409
32.59626018900913
32.65398620810437
32.720988941933065
32.75698392339023
32.77045787379119
32.841923488770284
32.88546002611438
33.04788537062218
33.085743762043165
33.15737420390325
33.18412269344985
33.20221696175509
33.24734126155331
33.327491450633445
33.400656204938805
33.44192112589325
33.52220802888196
33.582584145673486
33.63568848224253
33.749332268088175
33.824818338241265
33.93253664907934
33.99665370104901
34.033990691044416
34.05549351023396
34.086801734332795
34.276002457154505
34.30062031883126
34.36930708177072
34.44168839912849
34.53424021783716
34.66470300244991
34.746153306264866
34.853452531798965
34.93481262534309
34.96738833092513
35.02166491906503
35.24975686673987
35.30581095407877
35.33001122310391
35.40943688398638
35.427899662778216
35.57729210313275
35.669523991461574
35.76828720939054
35.89814597022276
35.95422207259598
36.077731525093256
36.12993095536586
36.207488302554665
36.42229210414156
36.471016279663324
36.696265908981175
36.763957367413255
36.87007308809329
36.99475262938123
37.055284361478506
37.13765645288369
37.47967292620356
37.83728708334505
37.88410352230103
38.085231384226326
38.32735267198661
38.5744820900567
39.06901762552531
39.26944634472417
