0.6964704633758585
0.7485577267019533
0.8976796368009715
0.9632751218055999
1.105516581451486
9.14722166130902
9.268511461546241
10.041102958885075
10.782852494386622
10.942716649861172
11.100259783851534
11.315374818317462
11.360377507210147
11.561075804355973
11.71258820017532
11.779492949615593
12.000954339954122
12.076312334454277
12.122879720243471
12.241588440153247
12.256897046100162
12.381834480247857
12.410289318015643
12.467942061664647
12.64505042137351
12.71859908078779
12.728592801713617
12.783221487176903
12.818225218642946
12.820965455010407
12.904015827097709
12.956294126813331
12.965419282832082
13.05249887522281
13.135877026070299
13.200126205233339
13.208459640863238
13.293168197806722
13.42884835282093
13.498696033560117
13.510631441036843
13.559553599866332
13.608672397865217
13.69319435045259
13.769551172995481
13.880103842292021
13.928550914911991
13.952166844040462
14.008682196440127
14.064422264747227
14.112388913457158
14.119930101981504
14.130364145432955
14.206899173763556
14.268805892740758
14.292711121358687
14.319211092135992
14.336604570737453
14.41602042053629
14.432246373151463
14.517792988639181
14.557475288035379
14.579640326641647
14.64826672312589
14.672233471565987
14.706556988420978
14.769861880931112
14.784344125713769
14.824786092150584
14.871082599988247
14.888666278750172
14.918341616086957
14.951658920181995
14.994590190353398
15.031830708232482
15.056029404746194
15.067734376597654
15.08045950012644
15.162315306564933
15.200121636671916
15.234299183396956
15.253675919784113
15.294766989052528
15.33181671257426
15.373119053594765
15.43271422266351
15.473992814783767
15.497930772289857
15.524627476323136
15.567146948393106
15.58172534305852
15.649050024085872
15.67259070599062
15.676893605599949
15.707129715555489
15.75928822017297
15.842570221597862
15.859364287767818
15.913298437202002
15.9370477336226
15.9906345697448
16.049459733236446
16.073833675442625
16.120974402482084
16.1745855329037
16.22584225938893
16.276496876182954
16.293809323196502
16.314811633715333
16.348903384854278
16.408192066556193
16.41944893372247
16.50729978076564
16.5088086753808
16.523513427021964
16.589086445348357
16.627447822014048
16.677998354970974
16.739009930092173
16.74122869538678
16.78551577650008
16.800504930539226
16.847732883411982
16.90823633642341
16.958463992296817
16.998107542527958
17.024698778327558
17.056103230605068
17.0765076983819
17.103820516082692
17.135675340276226
17.17565439489319
17.18389181250964
17.218210286988054
17.244455312691006
17.255545107049276
17.290484149088638
17.324952445438413
17.367250213905074
17.422405538271995
17.440230463621464
17.481621764372377
17.510643184610238
17.541749116488944
17.601522753936653
17.627181644342215
17.644364565293202
17.67911135494532
17.711287799992117
17.73615570793749
17.775498828806285
17.806145489551962
17.838677745194882
17.87933985528056
17.913802985665868
17.951664891862748
17.969068749080066
17.986459372732426
18.018740858106725
18.03101453770919
18.08313922934764
18.119619766682867
18.165472803023423
18.218970477402213
18.23359576929604
18.268059358068378
18.30428218453918
18.343675769317567
18.378575258755394
18.398848474679824
18.42358534534857
18.440840979313695
18.478132204321323
18.525162234938602
18.548036559793317
18.590292442420502
18.61949089554071
18.670760928800618
18.702295194186046
18.72358275757161
18.740038070181633
18.811792033460602
18.837881083592574
18.87830689287514
18.936897092394677
18.965196026555425
19.001296290541056
19.025365286639037
19.05862868409263
19.079236067736975
19.140433541719744
19.171475927450697
19.193328946096127
19.231836849780866
19.28653122429549
19.32226479488632
19.346572193875836
19.410528573515965
19.42640797676768
19.45915655978606
19.469522038569718
19.509480206595878
19.54448109257473
19.590252914316995
19.601994613691815
19.640317458717433
19.667579544579525
19.674083920003813
19.715380379495233
19.740400702709323
19.792821894022097
19.80490929166855
19.828790618579195
19.854320510117155
19.889248754935814
19.918900821152356
19.938050950364232
19.97047319368344
19.997771198634986
20.071716996024964
20.074740849195205
20.127141044161704
20.186468262551205
20.203037445436188
20.21719213104351
20.26534833626332
20.281894072216417
20.358229785296448
20.38091686938925
20.42089689487672
20.44107889355216
20.46495235030813
20.507834290558428
20.52380944571967
20.56088937059858
20.579889507440704
20.600783389830596
20.627199956824565
20.689841782519114
20.739493146715688
20.758115079008945
20.8011772881907
20.82304891121522
20.84873361313586
20.91338862908248
20.92683372065778
20.958774404210285
20.97954855125356
21.010017184808433
21.06189839003165
21.090258937233674
21.107402161304602
21.15029409720397
21.210583281544285
21.268192681192136
21.274278861244845
21.28079802506535
21.323930902207128
21.380115284026893
21.38973453082055
21.43424459992295
21.455586725395786
21.509698490912545
21.542310479166474
21.626493775562984
21.66151125242827
21.675619052945517
21.69417675751628
21.776543013497264
21.787101688885404
21.820598029033935
21.862939888030365
21.893909944198224
21.92408083769752
21.981302085279506
22.014634429407298
22.030038636631986
22.085778185917768
22.11825463205919
22.14768389149864
22.187537527329507
22.213493535259474
22.247551917651005
22.317534237882747
22.350752957370165
22.38160274791557
22.383168964765225
22.441602877138056
22.481422789120238
22.53263373461103
22.558556118744065
22.586371603970814
22.633305983740208
22.65108826102005
22.698623869438446
22.710778409325844
22.759365903110197
22.79244820134668
22.807539209363263
22.83821304489816
22.870974702318303
22.907581760696875
22.95965793634016
22.984326867811898
23.054005360242105
23.07559973384241
23.107153073735976
23.144775073162485
23.198380585982278
23.226525376958286
23.24767503803809
23.273809816919748
23.349806331545235
23.398326985073442
23.42928143056789
23.45716357148955
23.46212466115346
23.51629859320194
23.540151229339145
23.597693101628003
23.603945315872412
23.617023790278093
23.66017857473673
23.749141320057504
23.783643950765082
23.79280834745052
23.835190612979183
23.86521167648309
23.904111424558934
23.92452216141373
23.949957344065307
23.970243465765222
23.992083532667163
24.073008113726218
24.096374273087548
24.16171600371375
24.194223250084075
24.245039016989864
24.28574869218172
24.30606243372015
24.364316543341527
24.374763289840494
24.417799144843876
24.470988535570747
24.49836752321312
24.513405446722818
24.577813272512593
24.60033352794466
24.611465694223458
24.64765981147162
24.684059664942666
24.69619345792875
24.759817833375312
24.801008811265227
24.845461994197777
24.877893727350735
24.923744336075114
24.97030449984129
24.990887606425463
25.00154110155326
25.021621368257545
25.10161358672767
25.16477700958376
25.186341165564784
25.210000211258226
25.246325663159585
25.255219033597374
25.375819802936984
25.4082432208157
25.4529583810201
25.492030443403266
25.514245454671922
25.550586324195816
25.61888505602406
25.640825635441256
25.702655215141103
25.723612635043125
25.753961838967054
25.77934377811265
25.835797960484292
25.859306214671335
25.879034728625008
25.95042604847009
25.981152969500528
26.005952963359128
26.041357579315232
26.102483729986556
26.13772279092243
26.168010572998185
26.18517459002604
26.304113984580187
26.371070014687668
26.443648703377974
26.482306915427753
26.49270886610413
26.5621832371381
26.615209638668574
26.652035302986718
26.68741245039775
26.773277880981592
26.7957953091556
26.866768192790605
26.925022205886574
26.976139154938533
26.97845584006606
27.00811594778651
27.06896392851748
27.087547375569486
27.138010468277617
27.14849842561205
27.220956244479243
27.2527865276586
27.33743971047108
27.429784599082573
27.443182109509923
27.478829502055294
27.540688635661137
27.56338396678315
27.660630014526912
27.71149955961862
27.77182105868916
27.788252887670623
27.859867636351353
27.892617638018752
27.952947711815916
27.971609848042203
28.021710275373103
28.120908495034392
28.141064160652906
28.184748000391785
28.22540865848302
28.29872107753635
28.343638666686875
28.365574865528092
28.467179670295867
28.48618239688573
28.54881882794271
28.607854607542922
28.714126900941007
28.72982840995702
28.77915443067036
28.81376062855758
28.8733857633313
28.926757121879945
28.955292274663766
29.083229872329042
29.148039040886662
29.173495202287445
29.233012171577055
29.272889643933265
29.289277547065236
29.361497510741437
29.41000710050389
29.438172880212537
29.518769540044843
29.574299666902935
29.650866223662394
29.709976203013277
29.76209701925428
29.839254762282515
29.950446502572337
29.97172554377467
30.026729711817488
30.195282000537482
30.236804385780932
30.277494867519035
30.35738308309344
30.512622426906542
30.58426600042781
30.697741355097726
30.71221561721829
30.789855856541006
30.83676631045582
30.873647095447286
31.020377407161046
31.156927905279765
31.24343008730989
31.31452845984587
31.32705621575184
31.433925133469984
31.52001988160322
31.585221514105783
31.678918284041714
31.941811332862034
32.044795892887606
32.17754845606712
32.36114383444851
32.55510473259069
32.6138437779677
32.754729185221215
32.82998628170552
33.06738593150711
33.56057059822707
33.81363329373121
34.00056996237849
34.67240028399108
35.32164718331767
35.34187533208975
35.37591962865992
