4.227287341708786
4.373998641864618
4.59358722456757
4.7287487539276505
4.814029891473482
11.025331278013551
11.934669218299348
12.021257020355472
12.249121092767012
12.668964957369358
12.932868213967852
13.076313675235907
13.267724378019981
13.636612554181026
13.686051158213944
13.742806053070527
13.78691308136146
13.950250296512408
14.044263301214775
14.158253697893597
14.259614341601674
14.356859247414201
14.41197651373643
14.517732081288425
14.62318761922377
14.859256434741267
14.90273898456664
15.111357294536525
15.195341433577793
15.219894961128492
15.28230065510959
15.39131277882869
15.45528769390656
15.489235128875386
15.520749009170041
15.541911345103394
15.60026365604365
15.647511917728837
15.769729808945
15.838364754660725
15.922457412956286
16.017423219821143
16.045304765578468
16.181748741746716
16.203166078107493
16.240161948167813
16.266377545549684
16.344217293012893
16.44543293486916
16.53177159707224
16.5689556622307
16.635529557930237
16.702712869471544
16.73765679427173
16.780616776547358
16.82199750278538
16.855537906608273
16.927354201507473
16.962319141433625
16.999228313026887
17.05086741123855
17.140188428005487
17.171642614636838
17.211523629271746
17.25577165346746
17.298481895813694
17.29971729125587
17.366080443124847
17.468043899445657
17.507257858902243
17.566163194726112
17.593384292503245
17.645420483778814
17.688201258451603
17.70577388965761
17.748727386111856
17.818995784195742
17.865107491333685
17.931855153050694
18.00189430964236
18.03330138791719
18.072449092959477
18.157377071429373
18.17963323620127
18.219614466113757
18.23358692740879
18.26784477383069
18.30384215035901
18.371073781129198
18.428951034175327
18.44789527855053
18.45790175265401
18.49115247110421
18.549245292661933
18.577597451920894
18.596502101345557
18.694271821257512
18.70733682187434
18.750821317423643
18.7801301182332
18.808969223625713
18.83991072009217
18.89971193692945
18.9080345877319
18.982147516712
19.022468437681813
19.050396348762963
19.09715199832066
19.12831887618463
19.16600993183701
19.247312475903044
19.26415975433928
19.28420161946143
19.319937901025433
19.408375299811958
19.445602569926134
19.508087921667116
19.530813277188553
19.564671163528494
19.58973722640123
19.60296249487479
19.642544389324847
19.673308252911784
19.694239529434082
19.721576197347574
19.795113801928117
19.852208619140924
19.88179939813508
19.92610790557995
19.966628621508768
20.00576131966792
20.034216149768206
20.079332141686912
20.138065466054304
20.17459463257163
20.186476737571017
20.233658132102303
20.28172023953072
20.350974480145247
20.364763937065113
20.405154612657054
20.440729570646702
20.46065678442982
20.48876743124311
20.567527296310864
20.607461518243735
20.632823900683015
20.644378651417043
20.720142119692774
20.732672274930085
20.806829126210367
20.839404076672732
20.859235271881925
20.890093251261135
20.945464495729038
20.97017504567707
21.03903872792187
21.10587330349432
21.112976261245414
21.141817940144197
21.196699580085717
21.245797548439686
21.262148798439238
21.29374193221411
21.328657755528376
21.389141118644456
21.39818535461823
21.442773878068575
21.503955299092713
21.547363650381666
21.587708421522553
21.613633844308577
21.640492779843868
21.68974423729742
21.72939542161158
21.79543298614677
21.82298461840163
21.837001955838208
21.867330152440516
21.908155957355056
21.930482145528902
21.97539263555758
22.012035214581502
22.03832939062281
22.10265395494426
22.127191877966663
22.136268189203076
22.214099334608086
22.28060695070989
22.287227782825887
22.353233884657012
22.374510783563977
22.39314994494435
22.45740892873061
22.49983034751162
22.523161868113014
22.55822206365188
22.59412928956291
22.62492214079599
22.66649920275251
22.70614233518975
22.72988945611939
22.783947754099923
22.79275269614331
22.849324112699883
22.854352802141886
22.92006629929448
22.95013944565428
22.97031655739019
22.9958547203189
23.003615649334048
23.060343055094712
23.067739833297875
23.095132311442427
23.132998135253604
23.192910823820345
23.233498921458274
23.246922920094175
23.31175322189756
23.353688944424626
23.377374661112334
23.44309078876695
23.454581816000008
23.503493525383817
23.556081887526855
23.610651004355482
23.642117927294205
23.660839037084223
23.686717164580532
23.713841090646323
23.736833390490883
23.779581566193865
23.83203251509576
23.87848954244767
23.89787848637549
23.948575840671072
23.98963106717295
24.007809983074385
24.1123667008025
24.123564769391603
24.16488225629718
24.174866372531522
24.20407310570718
24.247649857746286
24.294613900175634
24.30559336033792
24.37103768963212
24.38758107961837
24.43636556401854
24.477614781209237
24.492043502532827
24.538512207541196
24.609780552517048
24.663619667488792
24.681768980067556
24.724174552350355
24.730153941388075
24.772864102523606
24.804504556967505
24.85578978616647
24.89966089216396
24.93173030540417
24.948596316543235
25.018539972900108
25.064150353803196
25.086264434839475
25.1338897134169
25.19550380543915
25.21049736234471
25.247392475485004
25.265063094630115
25.30320583151518
25.3323379566744
25.380389073893447
25.39780759238551
25.503422478000637
25.511125450288045
25.547062010205572
25.558890854825485
25.655275516366707
25.67389628463918
25.71790346348032
25.751060855371545
25.76002281982839
25.864371610638617
25.878324430200013
25.928964147126575
25.96134798057728
25.985644061874105
26.03808650751808
26.05355513878936
26.073953084999477
26.1882754205043
26.20959148591597
26.23254103738889
26.28775001317445
26.31594546291762
26.373472050438664
26.401635542498152
26.43541285702942
26.48807958516706
26.490716008583707
26.53447232969893
26.567694732761755
26.602228095812727
26.674013281693966
26.67832949111063
26.740741938473846
26.770458416733007
26.803068877179147
26.87724016605175
26.93573269828987
26.990541069464065
27.00444027955077
27.046405745259566
27.0515195250323
27.161017621859113
27.19655890868875
27.22419038713832
27.272362540316472
27.292345348750036
27.348111612073076
27.37609598347731
27.4120461662011
27.44698292942844
27.530463292829555
27.550377435647288
27.611840111415027
27.633786397002176
27.68771930565107
27.72281974945133
27.750979133233738
27.773393695616623
27.806675430019904
27.832095761854884
27.93783577501793
27.988505747895047
28.020750349421586
28.05872289583602
28.09824535236996
28.132283068158035
28.195273674536985
28.242576217507477
28.256858593237208
28.29182402478648
28.344790019746537
28.371236910338986
28.41306032018103
28.436628755058813
28.52441698617112
28.569081205862624
28.572709849560773
28.64571585634787
28.681597800006276
28.721477984665892
28.77323539412922
28.827419723242976
28.85707075418326
28.90536802437074
28.969461020093597
28.980033648949817
28.99994205845215
29.063985189205408
29.08566907110451
29.215797942485906
29.233323199841156
29.242898692843696
29.310514411297852
29.347915701503858
29.378574889570455
29.42032713951048
29.43195074558206
29.488463920988796
29.555928891059764
29.62697810244539
29.65423263075248
29.666701036667796
29.69953870669092
29.760602871876834
29.815035858634925
29.836197934261005
29.885144138850276
29.895276759027546
29.955666780344956
30.042579693546177
30.09638392502689
30.125382280661327
30.20853365126957
30.229394044835527
30.279931742709014
30.302792597909995
30.421380340096146
30.445570283667116
30.480559625444695
30.540381164497575
30.570837308273042
30.585754115387516
30.651969099206433
30.697585817450772
30.766999968590284
30.828887711586447
30.869915737768274
30.92643032034106
30.968978583039867
31.007465145041664
31.041356898354053
31.097534364213317
31.198773321560584
31.22946021278146
31.29837079405631
31.320512468475215
31.334456362446304
31.449717796799817
31.505726651368573
31.537508240167604
31.596942943599817
31.669709306234164
31.697898611181607
31.70995011050474
31.86310734584271
31.913303883313926
31.977878256238327
32.01926602112261
32.04666839466295
32.13875810323231
32.21437800531536
32.24569510733063
32.323072619266696
32.36652731401888
32.40187847950803
32.4330558776197
32.525465876440364
32.56920392278909
32.67281567061984
32.72314956725802
32.76782719236775
32.799107691736815
32.833593601072
32.90884640874896
33.01945416713445
33.124567265880145
33.142426416318656
33.1870651529681
33.31682991744591
33.39860324882721
33.42966732010376
33.50406006394345
33.526616061500484
33.553531580760946
33.62224148866155
33.72628173520779
33.75349661958415
33.81237298073617
33.90635537051613
34.00754560097417
34.06318765231557
34.08469039279942
34.200572588244576
34.25459610732447
34.30174147603901
34.44859658738449
34.51222492135696
34.61850149520289
34.65529342551787
34.795225604887584
34.84849881900831
34.937691883201815
35.0284928616216
35.12166161089781
35.175607574570066
35.21510419101246
35.31411710535849
35.55795623398163
35.736470299576084
35.763619799603845
35.95444043746594
36.04734586515685
36.21306425726631
36.296666687127676
36.38335992998599
36.56003377802407
36.61422959992888
36.85571345243803
36.894598632324076
37.00723576927541
37.12222462720306
37.25225711556424
37.41548489843372
37.479260532865766
37.61441244660448
38.02818690262779
38.42142916229662
38.56489158797743
38.67859799991272
38.89496722907828
39.619636334144865
40.024258158763004
44.028455966866474
45.05340084777237
