0.5433255891995743
0.6317118125740137
0.6760522524096451
0.8135356660825831
0.8785948763473385
9.161136487530099
9.778304046298825
10.055590744160808
10.366880257757089
10.383383274336756
10.472360952898775
10.56129544510839
10.667306849861543
10.851367530587273
11.041652833786934
11.115634824326564
11.237136357209852
11.423244975255082
11.497383818268364
11.655756652052185
11.726908177425825
11.750467444308713
11.830505102601597
11.880154830848792
11.9329999297622
12.035354340260554
12.049841485354408
12.156827222946594
12.215709402154674
12.284011747709823
12.319343463114235
12.411094279727171
12.447410613766381
12.526745532103536
12.619830073247288
12.749309014658433
12.83125834318097
12.856873429762816
12.980097652720982
13.011337868155445
13.03871137762109
13.074426519908446
13.141379950763461
13.188214954162452
13.234217805331099
13.28505675368553
13.29583988681736
13.317055677233137
13.347140718511925
13.52929729671135
13.640943427294246
13.668464794433815
13.697857438296879
13.724699509283932
13.758676358929547
13.844008284839942
13.879108582907907
13.907817020050116
13.970340759869215
14.001919215783115
14.00821333661312
14.09366498838394
14.09438325870142
14.165596051042016
14.182920344018882
14.19977050703834
14.314348014593543
14.38513597293615
14.394139238679069
14.410382089554012
14.459531435971272
14.576196925904378
14.584740618095546
14.63767278509801
14.668519743072885
14.686421571962411
14.702143082003873
14.741106562469671
14.757401968803881
14.778979113446448
14.796901642809784
14.814491732733888
14.887644766639449
14.9448097353258
15.008177298340073
15.051651573051629
15.062993709599558
15.108819918393477
15.18754606780466
15.19328341100566
15.258174773934563
15.291733547778582
15.313221949576727
15.324959555187256
15.39970924488357
15.441383165101099
15.462475782520475
15.490194521457957
15.547053582779888
15.583201280978225
15.64387578032074
15.659529486536961
15.693406283319314
15.74280287283925
15.757889268644748
15.788908454638252
15.818250807767253
15.83894263184134
15.871504268184303
15.93131228959241
15.94115012053567
15.997711739826158
16.040535344944267
16.109660773515564
16.158796218584843
16.17907810363241
16.20025787264103
16.20656352103625
16.282253550584297
16.293471756590197
16.32067497137673
16.43570248034595
16.480826377809215
16.517228051249585
16.53659956256465
16.562472639431356
16.618496240686458
16.676409916276455
16.735907533185454
16.802115751838905
16.81648183358305
16.85850243648309
16.892745931615476
16.904732708333743
16.95932876149387
17.02308374655087
17.03549530356247
17.06674445611857
17.07402418744754
17.084542000273053
17.12245040790414
17.16894740374718
17.186702578616313
17.21626766723088
17.285369056376773
17.309184873489407
17.369217467734302
17.414685796313577
17.428942946567776
17.490005376354773
17.501017224863524
17.548883609950717
17.5659936302742
17.59319993828405
17.61490730689016
17.699855815113914
17.705333938401214
17.738004458252423
17.772784211901477
17.814653456090248
17.82689223434077
17.85412347255865
17.908797353796118
17.93820494450887
17.939699784471898
17.970225074383915
18.003791896884
18.027708889890736
18.05998238600539
18.10623454582208
18.129618037589566
18.177015851102176
18.1955739234189
18.24542193352011
18.285268209460774
18.306560170696393
18.341599583967568
18.376503020734802
18.40784586082492
18.439159491562798
18.46843502743089
18.48925755825927
18.55777505817176
18.602491280377496
18.60771018296076
18.615158784179776
18.644522884966428
18.70221391203764
18.728427850634674
18.75130314880691
18.78359092192642
18.8221106596591
18.83774459777951
18.88862314753285
18.91392124467722
18.979614144180097
19.026976848840736
19.038899630540293
19.067476746760743
19.104860655795285
19.139354753482102
19.15614058807708
19.20237213160984
19.23035235087245
19.2786518863373
19.30358869420098
19.319063567512824
19.3474932045456
19.38841375294303
19.441037147405076
19.481509316109
19.499275041540425
19.53193110408077
19.549301939405247
19.582168196952946
19.634920827320975
19.673469861205003
19.70653517972214
19.73554440388495
19.77315795088231
19.77905144805721
19.829423984796282
19.84225503137829
19.86587616959307
19.939895762129865
19.97065209918794
20.043584065288933
20.058383413794264
20.104156356181118
20.127151269350154
20.17071000108843
20.201548395020154
20.22291954183081
20.24734808338518
20.29233123101633
20.30707278188581
20.33898131620419
20.375040762970485
20.392226573734014
20.417804305218024
20.46718910730084
20.52884336680971
20.548447113726887
20.55948840842671
20.580522370881464
20.64563744075551
20.666518483234274
20.692698768952823
20.73185336815866
20.765276365368116
20.80333405991133
20.8322734054205
20.870816713002526
20.875833654167927
20.906820432280703
20.973595090158156
20.985371806531766
21.02510260113273
21.057100060799552
21.085100801090448
21.169850147761853
21.202233368164215
21.243650133195413
21.257871478172923
21.277233191632593
21.297505200938993
21.33387911060084
21.380047220126052
21.395024099238228
21.45918851918205
21.499509772195754
21.528021276248307
21.554908913368532
21.56780415850393
21.589288321733896
21.655308252450222
21.66926115017544
21.700883679532208
21.719066684064984
21.756086870757102
21.81870059032172
21.839343034972043
21.90558368548116
21.932805585764733
21.95786838631752
21.98768601310658
22.011912473766753
22.030131991442705
22.053400642386745
22.084836359806104
22.20600023595208
22.209284492605125
22.23260636542533
22.25601021180235
22.266748205129364
22.326455745678583
22.367934502381544
22.37577435549621
22.395379554034214
22.464787688136422
22.55815136879523
22.596832197251178
22.636335094705395
22.657418059916036
22.697276892610752
22.701152277946502
22.728949725380954
22.75075664271798
22.775058263564027
22.879395422618472
22.90943585143252
22.92135608865602
22.962970449721396
22.974882090007902
23.011360891859358
23.08304614615136
23.090940589220274
23.108446489407562
23.190272823062696
23.20744509021865
23.225101015030415
23.24855954896323
23.271018679279013
23.330332777563896
23.338395903951284
23.38895292422934
23.398049855653884
23.448388635574666
23.464053833449984
23.47881429840553
23.535655308085644
23.557698205903197
23.595363874903555
23.66713271008876
23.717024802079564
23.72863125615343
23.769134152497273
23.807316833477625
23.816991532690505
23.879313916723106
23.92297297176893
23.95739558036079
23.993703528535256
24.051083662825235
24.061826780035766
24.110048108994814
24.144902889753773
24.191893111908154
24.231776465817607
24.253061910479914
24.29818494311625
24.32170889285251
24.37383693088846
24.402758608693116
24.44606077135414
24.475667917638994
24.568082608090844
24.571473666702587
24.612931433241695
24.66399215916146
24.67256547644046
24.70292098612272
24.771444401913175
24.811210834055434
24.828216297762875
24.86342966323746
24.92415667513663
24.953555248256865
24.98506433876477
25.035695628844405
25.067205042578173
25.098801068361787
25.16126330825464
25.174744740296774
25.293897746009588
25.343559604211407
25.376400545786737
25.39087921649954
25.435496064510378
25.478177328444794
25.512796733315046
25.529569581710415
25.568222221879076
25.589866196186218
25.659814382431133
25.688506688462606
25.747209284959403
25.787707845366786
25.82602438656159
25.874260869118334
25.91215330719588
26.011758508015493
26.0229750112148
26.069046952106163
26.092161937431104
26.1423114349196
26.21458031264309
26.243407253668636
26.270496030784237
26.326157126612525
26.415920314084502
26.43094457989749
26.479325839850063
26.51672635777913
26.59242664455559
26.61594456088963
26.675285132157594
26.710510279323735
26.742208137703432
26.82176949582202
26.846640593458474
26.905679979438553
26.96314022607722
27.009351356536325
27.04882264755118
27.08738727680044
27.13939827232782
27.180012446453844
27.22312788962683
27.278946506250577
27.327595138311104
27.330557709510533
27.384446538051844
27.43840910596847
27.51658656506679
27.55788532758744
27.602055025901695
27.654451845243344
27.670946766587935
27.739202362564768
27.839741858279147
27.87360765048803
27.94768044421873
27.990564638494284
28.093860340982157
28.134287174324587
28.159696145244048
28.203159722189525
28.23462143928139
28.28288925818378
28.322510568293087
28.33161654798878
28.412369534406647
28.45204256637159
28.54528429089406
28.5896961697589
28.697237000008297
28.756311248091325
28.813561964209207
28.856452720581615
28.9289978142832
29.00083735563495
29.04036835859373
29.08499604113437
29.14274485681768
29.224614611551022
29.244513201416126
29.34303120869754
29.41276442749676
29.445962896057225
29.57971825690974
29.654356789262824
29.718481102022377
29.7644583105375
29.828677317352792
29.858104005433088
29.90935759466399
29.993474914625516
30.12801818332585
30.142449210522248
30.23474365983573
30.454542354705303
30.650614002150814
30.73294872627608
30.7529662696581
30.85838082541778
31.002565753554748
31.11081408729148
31.114392390581866
31.28399221299082
31.29176627690635
31.367614564948443
31.396971956010805
31.417739808959432
31.637911287658113
31.751596698350856
32.21180055907933
32.66194851538688
32.78144995349543
32.80687177598402
32.968619417739276
34.10393497919805
34.30020676176677
34.334916312261214
35.1526667176481
35.27333697846658
35.745981785381645
36.04242689713223
37.10820994075084
