0.8421049315674412
0.8867796854886126
0.9691121132999432
1.0222200109652109
1.0698725473959185
10.20119266681114
10.87662984826951
11.091727484532095
11.442315703320832
11.465994597795417
11.598028993743
11.660732610254216
11.694642843201128
11.769829851205555
11.944549716557187
11.973852290929555
12.149589770250246
12.196463461845719
12.216619773668784
12.21980599557215
12.316745947625515
12.413440912216045
12.507817123360056
12.588491343257074
12.591569896821293
12.745592383190225
12.837146346685872
12.992066526075327
13.082980546071072
13.141479399578285
13.192856295911639
13.258807804298767
13.286851150760043
13.337007396518825
13.361021415768779
13.366650349490524
13.43555221858114
13.573282353998618
13.606647330145318
13.713342823438046
13.786193225170576
13.823009037316012
13.885977681060156
13.890082136131863
13.952229533469865
14.0082069802281
14.032869542631191
14.044447567004106
14.114976769886937
14.126325897856466
14.176974614400267
14.220263191918006
14.24265495687688
14.337762416840944
14.363722557254235
14.390103793095182
14.413761199858277
14.480366884751039
14.509750346507909
14.525792789107543
14.573073684310737
14.604847899219669
14.683148653390809
14.741268319887054
14.797600454943424
14.811780444039181
14.838285264376031
14.880328650827934
14.909640929676122
14.944070320196717
14.989979229377223
15.03681125540258
15.088727712405387
15.1604337706923
15.18867540937226
15.26223396865301
15.298311327598793
15.338820880126152
15.391908196632098
15.398797070580956
15.491869528140079
15.519027316271208
15.58674645216694
15.611869750763944
15.642809440422996
15.677476413643136
15.711507682515068
15.729963014074242
15.744064389716707
15.803897477384737
15.852462385168526
15.859022989789946
15.919254809018106
15.93272243032443
15.993980981664528
16.01636790740753
16.036068404651083
16.04975401473036
16.115198933415464
16.183885408287324
16.197964017570687
16.206483164579808
16.22669695252928
16.29005334125512
16.357195278561544
16.38016816371021
16.393058253963915
16.43227918017537
16.496552924964064
16.525366780448728
16.579551426935346
16.590613127545545
16.630368565717934
16.664123312645316
16.72323332314954
16.750122088789556
16.820592926227857
16.873480129158672
16.92481089746025
16.95450830428416
16.97717131807626
17.013156798288712
17.085899233113423
17.109378007774723
17.116934446164233
17.15896219266627
17.197690913001985
17.214544629177887
17.291921914872205
17.322618520320386
17.335798705759487
17.371633312503914
17.385216326698988
17.418834224734308
17.477329721353502
17.511089714367554
17.53114890959057
17.59072337678944
17.638848571183516
17.649819821196207
17.72585609606837
17.755936326792092
17.77107218867829
17.833284462561558
17.85379923953689
17.914335992688745
17.933976471935562
17.989553423564804
18.02141574749713
18.04542686395911
18.060778944432737
18.098283811654152
18.1323370189894
18.155954454980293
18.187088468059827
18.198022417222642
18.238104938064044
18.27158954063022
18.280275775761453
18.318617556834603
18.4067368406393
18.42059981855978
18.453761526013224
18.489576095478462
18.521666625451605
18.556871419658552
18.593356265452762
18.606831682515704
18.660173072350894
18.681106731556216
18.704259296385665
18.751268389867374
18.77584182355476
18.812518188887935
18.840099635688386
18.872099832250647
18.890785768315034
18.95158788038368
18.972284790255358
18.995133258049627
19.062033277563028
19.082328263791737
19.122367465861604
19.133115788445625
19.16790577099811
19.20144790266492
19.23981048095346
19.274019138639268
19.285355250624477
19.32805046361318
19.364955601613605
19.399565714437575
19.43935708514308
19.470479403727698
19.482402445238364
19.529269503741165
19.554947757112554
19.57003970400162
19.63409433102539
19.676537856650853
19.721023600385436
19.7752185445393
19.77752537304705
19.827726904361057
19.85622526350872
19.88750623677247
19.92637046476628
19.967837090153868
20.00019064842987
20.044732147212898
20.088688640507616
20.140698052435813
20.15412663698161
20.18540794026024
20.205872604983355
20.250668432622707
20.2933866311798
20.349265122145667
20.37320673713591
20.394850929280384
20.442929756005203
20.478367005605783
20.503808596975283
20.536114613155544
20.55947391607332
20.57844026532608
20.608182981341496
20.64508053262458
20.67833307536522
20.718145871129895
20.7628642496889
20.772345431869436
20.834823070249094
20.86878986064357
20.894453347408398
20.93270907664466
20.94249002012815
20.989731768661944
20.99378985391536
21.072672722407887
21.100724827369767
21.131388386782195
21.16570870511039
21.183371615898107
21.252579756638838
21.282690648462353
21.30919086209716
21.351468617590704
21.3638563374544
21.398207583521287
21.451544316366466
21.453336569204502
21.49961659950757
21.50709625051912
21.55572346172817
21.57972313801365
21.63385968537162
21.682921543598447
21.684564169560606
21.73759876194115
21.750652388454714
21.812241358193173
21.845672065188907
21.868388131723083
21.911454041443836
21.95739297556051
22.014170334136395
22.025071670099027
22.06136914822124
22.10329413236831
22.12581469045954
22.159740546886223
22.255970080641756
22.25946204652629
22.299588035738058
22.32910124680777
22.364434237405835
22.383998996196762
22.40230306844976
22.472253837701206
22.495291894929235
22.52758289629635
22.592862316127153
22.613539359140333
22.64349087201465
22.671569411989303
22.685527343741615
22.741125635527546
22.76306553701204
22.781157696791688
22.81387925260471
22.884090450472975
22.892815602152258
22.914882754690574
22.954956283037742
22.961775158889495
22.99014652931119
23.031628576163158
23.06108758693509
23.090237943164006
23.134873251244503
23.161734964694364
23.19663204986812
23.248015027556033
23.264905187803773
23.289262233167527
23.304748034364156
23.332732117626904
23.373137580380018
23.41801172672615
23.4676626617727
23.474751795170313
23.50587050392944
23.543494389705348
23.581755348092685
23.615298229020453
23.62756017797174
23.663915578845398
23.70644498812461
23.733872481541052
23.75040730419722
23.800819585493677
23.815104678738425
23.83963824969741
23.92505035466456
23.941838667768852
24.025541589169055
24.04750468002691
24.07813450945159
24.114076419406814
24.14811335203932
24.173713474732352
24.197095943165394
24.271526615485108
24.286122400838245
24.364938068710725
24.40893605272555
24.420101535319823
24.453886185370234
24.470519900741692
24.52398815955673
24.573156387499115
24.58583004245842
24.644322832406846
24.710893917801485
24.730765679990583
24.771206006345473
24.795982888435795
24.862870412448675
24.87455618692875
24.969313516551725
25.017769901676665
25.049170893573418
25.07146849101082
25.110607619066446
25.150196703671682
25.18277519857421
25.243817838182135
25.30536924297377
25.34680612739121
25.36807646529533
25.41865060852974
25.443606138262066
25.463471420705883
25.528979735891138
25.561517345603853
25.597078805121114
25.64392324757542
25.70891560219358
25.73719149174433
25.760645792150722
25.812910554480172
25.875139844661334
25.942753961225854
25.970644815051894
26.011714137676357
26.019452586731298
26.090089638649204
26.118044997269102
26.1496681417153
26.174897186674357
26.26758386764142
26.289928949631463
26.337406024619753
26.37699325175998
26.41149942635238
26.45469037634265
26.477604799748697
26.540632009442728
26.570130103037023
26.62040870383821
26.680613071220055
26.706042193168294
26.740315497952146
26.769545568399437
26.84507246662599
26.890301964434045
26.94453905121121
27.00450963670237
27.02660418957345
27.083904707449967
27.100146713893526
27.161527349614143
27.263743921326682
27.301329908852473
27.334493725925626
27.370334956191382
27.434983366296397
27.483769066304564
27.551479833768845
27.563874114771494
27.6023839583618
27.63128869864846
27.67316730643549
27.76785669821804
27.79319917789908
27.818109427993186
27.887495959588648
27.91256082952139
27.93163595048141
28.0305754253428
28.056672820451382
28.133258633578265
28.15474131710432
28.25483517916569
28.282686846012744
28.28602100850436
28.36686926632836
28.443739211962686
28.517539914960388
28.541017864376798
28.632912606976834
28.64250080289009
28.672129660287766
28.75577685602967
28.81284014698553
28.829789571876866
28.86886328553537
28.966975009400628
28.99355885437082
29.070115251513542
29.133962587117384
29.19379112572263
29.236339329197545
29.305465620537408
29.339212401957777
29.392866514673113
29.4698785014422
29.507616174914343
29.61851066398667
29.636207506795415
29.70402665271643
29.731300631125468
29.754500832870303
29.873913567977947
29.895873241923397
29.95301958860319
30.000399226622186
30.05698659737114
30.17581198948726
30.200405338532104
30.355238501852295
30.384233518936774
30.419508648424305
30.49801170426212
30.654943820998458
30.710919604946184
30.753116142633115
30.799663142507747
30.8439576615661
30.884776706328243
30.984243368228213
31.121243294235036
31.19616736016884
31.258136898180663
31.316288420350826
31.351526813651972
31.452015979601374
31.52155332870187
31.573381768737622
31.59730495319763
31.767409112943948
31.80545895485385
31.853498816780256
32.03579917633672
32.33788744055722
32.3570426572997
32.62854813927524
32.73921393042356
32.80943419250699
32.98150786476735
33.15275373959132
33.207681891532076
33.380582429346696
33.55914716530861
33.60654613162911
34.40974392436109
35.94890697378832
37.09919746827988
