0.7051448312099198
0.8346495867960017
0.8658507130092918
0.9271226436672511
1.0607596628318146
8.424628153207061
9.153053982346266
9.166298154746064
10.02707601562262
10.349058985796143
10.9307714028476
11.309416294726438
11.342307659327238
11.536451653865967
11.615380406779444
11.642943652515566
11.830179621516635
11.894668387094027
11.943855288376048
12.088998825090997
12.183267527598673
12.245442570420494
12.304800969800617
12.323678371843807
12.3646969554096
12.550505870712248
12.576119065500755
12.595283518563956
12.760802003837263
12.849156115898312
12.928674504288722
12.992711475384176
13.06534302658186
13.169913006779522
13.22163271161135
13.250846135648068
13.270484460454094
13.329263465708427
13.382445379409646
13.424895289321503
13.484258572293077
13.624479946856507
13.653182067112235
13.676275751375298
13.690908045084086
13.745919063417823
13.77578425136016
13.810621165074998
13.865813678916767
13.91565578883486
13.930688111817918
14.006876076598532
14.027760068686437
14.062404859494693
14.103963526045996
14.135699236340777
14.14143487617923
14.223876447794897
14.247698075177958
14.310838271036232
14.349167173289702
14.37577583023129
14.383411100192784
14.453782539253693
14.51613618004571
14.53282853520635
14.554741537551848
14.654177563329394
14.695893028120564
14.719526604166179
14.744503280202572
14.836310738775117
14.861233077200128
14.924607489999516
14.94459034035411
14.980762230644562
14.994132081842706
15.007162745736276
15.069926267418058
15.084125119817644
15.135391148894861
15.154289743972253
15.177785508455692
15.191507072402448
15.232367448642439
15.2583601106428
15.341269521685062
15.398778558901343
15.42287867495309
15.447855269750992
15.463609996092508
15.52315469840288
15.608002999596488
15.626967881947037
15.652120414108984
15.685215711897989
15.717433328316423
15.780039365758645
15.812778328296407
15.855063665587268
15.920215919344596
15.948006469759402
15.980810680983117
15.997095477344528
16.0260939780874
16.068339966488583
16.10404374437308
16.11695729351183
16.20313497622117
16.223836836328726
16.234821046912472
16.24643691412508
16.29346949938947
16.30395254151941
16.335107995611313
16.398217573311175
16.404287147023332
16.47616004602948
16.502957148331273
16.525122830704234
16.54204647217116
16.586003888745076
16.617795701394957
16.68377912446769
16.740626132742523
16.751203354506
16.812308466847156
16.856125137927926
16.88819876304099
16.929111536324694
16.953221881106842
16.975587620586804
17.000253848267263
17.00501635796794
17.069966627909675
17.109534087308155
17.14150014946881
17.16475950755497
17.204985799573965
17.242298267227515
17.256084728545623
17.292501230466392
17.33541815589508
17.37433222452702
17.404137680199977
17.459542851639405
17.474682274760127
17.50572860586926
17.529396249317212
17.592552849924097
17.644644719254558
17.68382052316988
17.68831433457242
17.719281485978208
17.76405491244917
17.79202623568785
17.813274432942272
17.83685205091367
17.884571299491974
17.902181070586174
17.945767990454637
17.95725131239512
18.012900201915468
18.05752929944187
18.066118209797885
18.10481279040038
18.13744278240294
18.160504612738066
18.226521415253067
18.2645443265168
18.309697851811084
18.323758647390484
18.34181605713583
18.38241685107665
18.392779875481438
18.440616841835773
18.453512491637206
18.48874424206263
18.519993126279118
18.58284415800612
18.61820581686197
18.65461226103909
18.673792592689953
18.68258943173558
18.762727189277946
18.76673061569564
18.79874065713897
18.86596737170858
18.887485221225184
18.92050149616416
18.997158735567083
19.020777754350824
19.029862199059345
19.062304831873483
19.097893522142382
19.11206803921424
19.154610817669738
19.164389696574165
19.190572458642915
19.23833007585392
19.287242250432755
19.324001576227054
19.35075619001056
19.38497167538088
19.395096274863096
19.443605028268372
19.482954255055517
19.52231096163959
19.535282733806763
19.5641391322209
19.6055783580298
19.62723646041386
19.668470767606895
19.674020906415805
19.720469310580068
19.74052064252107
19.755752961189714
19.815113671959455
19.83235792668944
19.892617612922905
19.925848914293088
19.97471636273356
19.995452581350126
20.051766500073768
20.10505604762555
20.152539484919416
20.19642246947737
20.22197315458194
20.28564885887886
20.31780133174074
20.346452555445634
20.40394422722898
20.42928621344258
20.469399222736502
20.50754843686935
20.56285045693599
20.639892569499995
20.655580847422375
20.710816204376925
20.739575119562865
20.76771132587811
20.820726387909335
20.83890954855166
20.859110542547054
20.957726852046168
20.97147714135832
21.026507466889438
21.03375356411881
21.075220916040905
21.092193462676796
21.133627881054824
21.159861195957507
21.188272114294147
21.20169270808361
21.25132661933502
21.282818058673275
21.293849012077974
21.332183439042332
21.350558304140705
21.3933486595957
21.455920033932294
21.505904256363994
21.52062299404621
21.539859893417518
21.559522956326674
21.58294415065241
21.621620367570902
21.64625185286207
21.698275799816045
21.703339074724028
21.741667931020373
21.81031077787757
21.814922414925796
21.871199302121777
21.906209120297426
21.966487389139917
21.983078434051123
22.021725801036503
22.055387646966025
22.08155933070243
22.123177193125624
22.13799928223381
22.16383167958928
22.202548124287755
22.26240889709615
22.282603652358947
22.328949245835812
22.385504017353846
22.43877070389471
22.446297574539464
22.465885903556373
22.4970870736401
22.518626396607868
22.565585953217482
22.609697689190163
22.625121249334626
22.64539532159054
22.715362574400817
22.722079057601956
22.741652289420855
22.77873611783407
22.81809915301277
22.8560454198739
22.857067626384325
22.905159815321955
22.908412734042614
22.945416279684164
22.99904050502226
23.03420675682241
23.082770942769315
23.13416675919237
23.187591315591213
23.21052678506635
23.27268455850574
23.308291531880847
23.3255782401473
23.34981176056853
23.390007354862288
23.42693308035365
23.477232925323325
23.49979733483979
23.53187426864222
23.574919495690676
23.615726084459496
23.68690719855795
23.710150004113796
23.73249081396339
23.78930660994403
23.842970306946512
23.86280291386992
23.88179694389071
23.919932998258084
23.971981555250604
24.00258695922283
24.033434010718526
24.08506004341943
24.090087054988324
24.151909323174245
24.180636201050838
24.236980801448166
24.290218234658674
24.32365243686549
24.361624967802904
24.385503855239364
24.447226124185477
24.47768601779477
24.485188323098576
24.51066323891267
24.627055621184297
24.661074161884013
24.699742812087383
24.740360754175143
24.751042057823987
24.787551426431357
24.830279929023497
24.87065399517258
24.888658355309104
24.917006797550794
24.971521382131566
25.00542126993834
25.02110730530945
25.075279747556536
25.127920016352693
25.168636323179207
25.192144571443162
25.248837292782216
25.269422525533237
25.29966596501281
25.324666499564493
25.36004360717565
25.401258204146394
25.438424722951872
25.50723338538873
25.53812733248355
25.58391846780245
25.63537136996187
25.660184295684534
25.6838581262551
25.718345305124977
25.747681875141016
25.776908245988526
25.808907165225385
25.85724002855419
25.95601620676077
25.963705833811478
25.996990493887004
26.050773169365876
26.10459245561226
26.159189500008896
26.172133444286217
26.24571049139126
26.269927528902638
26.33000695538207
26.354474178500183
26.399452270002747
26.42201156880718
26.473906606896357
26.489526498240757
26.524459630937866
26.561071775191113
26.62955493672787
26.6620903421352
26.723058362609198
26.783393977737717
26.838783262853173
26.9327519206203
26.957645702809174
26.991579095628836
27.011317033214738
27.055436214590713
27.157126533695184
27.187282019064046
27.25330099170592
27.285337741328444
27.327409821804178
27.33913709778734
27.401358068026067
27.49043244648009
27.519850205522264
27.57964218292049
27.661076565032726
27.688031321751577
27.783666074172352
27.807495374963953
27.83330007452338
27.911767741925246
28.01248030353147
28.032004483000044
28.095000704899448
28.12297520041124
28.148286848890084
28.196174289713888
28.260679907986223
28.34689140982882
28.393261644799768
28.476431436535428
28.529000980810665
28.535365688750517
28.60110508255099
28.666633046326933
28.758312949598313
28.799263689514017
28.848530630422587
28.91657480354997
28.92978622416172
29.038233217625084
29.103250827745857
29.17135455782664
29.210329252003927
29.226272801564626
29.341707558032585
29.3653224533053
29.40600124789577
29.502021579151236
29.582694589848717
29.63736965716489
29.706718528294864
29.76935775896839
29.819444337009077
29.925584739247594
29.949477303577808
29.991688837803746
30.03790249966869
30.063769298401837
30.222089082584112
30.301411769546423
30.467334635723272
30.49034497269988
30.607533580709827
30.66365322025266
30.744371112066368
30.89307310986259
30.98559696136724
31.18397503138569
31.290438551424987
31.316754189311226
31.407180558018784
31.455745998381087
31.61914739139707
31.747305261866057
31.788992333497653
31.866871173026446
31.938151249248477
32.083863078421466
32.24279842009438
32.28332761611474
32.361020599895724
32.53461826665222
32.60537311259765
32.738174790054295
33.28349119180692
33.36708373198845
33.520746096564466
33.54840824169085
33.8554172973132
34.10934895381135
34.15062351515979
35.28018298906461
35.33867250876448
