0.7918143649996066
0.8791533880369595
0.9243504329719855
1.0489526425129767
1.137382860672801
9.205925459676
9.859117094992659
11.350388714330434
11.473630298479089
11.631045055238072
11.725669407666839
11.911662746548595
11.960199291820494
12.224860816664107
12.282600765551477
12.324611903723019
12.447296688600211
12.502173287700048
12.561179792570707
12.674708667346618
12.709522694387944
12.802354593037004
12.89789722308766
12.951057711984012
12.96247361710304
13.005660224809974
13.130240833950754
13.207578012944047
13.218499486195293
13.3229744229458
13.395745943642416
13.448674963742583
13.493154895617005
13.59884573094009
13.638158675794978
13.6870321069044
13.688037842002078
13.753650187383421
13.777520272926433
13.89729654000521
13.944836022689692
13.981146995844004
14.01231432124814
14.045193907921215
14.158590462872521
14.215974695836799
14.220457785818006
14.284292899409959
14.29161533993571
14.3323500812655
14.40957857110882
14.448526205752023
14.487253459750997
14.540400886239663
14.582426760560915
14.63248820176209
14.646686636956547
14.693162775324438
14.827659720133651
14.843884161830506
14.873863323081737
14.952485500573328
14.977554903944238
15.033362372614429
15.04803545480653
15.134957911845774
15.155773250750231
15.17378609550975
15.20504982856158
15.254895259971233
15.272043732393469
15.315286544615937
15.340486127426445
15.388472639879053
15.430058239194132
15.474385288259956
15.514113285948962
15.586006632427788
15.618860958234064
15.653240743625593
15.722639993647652
15.747362632475115
15.777230087499108
15.821320971348063
15.828079834110591
15.856329476735596
15.92769371421871
15.980396304979523
16.02647068512667
16.053752153396374
16.0811316115298
16.111473796334437
16.13128668738244
16.159578815353804
16.187296309869566
16.24088572751064
16.301556105062573
16.32834507090511
16.343425185567586
16.382413661009576
16.403108433625114
16.44674184796017
16.568489242435113
16.57031769218226
16.63792108879901
16.66911047561162
16.708469613648013
16.727836389182837
16.751448589604514
16.85665842120917
16.86951930655083
16.93670529421691
16.96515923362465
17.018144314071087
17.055352987115793
17.082564189723627
17.112027314565406
17.13562266351265
17.191492464848174
17.260425301559316
17.26948067544794
17.309757002503183
17.34966647862086
17.36779013256981
17.411522699103244
17.458019304684523
17.483674576364745
17.499802342947536
17.57382731401972
17.60541731812489
17.65080734098843
17.697711610886408
17.720253097278672
17.742945512259514
17.795483392329096
17.808665296140845
17.832403412992836
17.871554112054824
17.942001021142946
17.977443479271585
17.984278311234387
18.002834250591093
18.044196743970925
18.095801334866444
18.134507663759056
18.169738992937624
18.189051289364258
18.2133001838128
18.2691012484181
18.293553981526173
18.308612693615366
18.320815291451623
18.400019021476293
18.402476527203696
18.46275204201961
18.520080378500868
18.53679814593511
18.585658391597807
18.60961403405562
18.631962639291782
18.66772311575171
18.720164843729513
18.752921376888917
18.802925085096287
18.837115798685982
18.870943511644736
18.897702247832182
18.9444869553021
18.945645126613574
18.989679566469388
19.0428729570481
19.054530673059617
19.07748748992548
19.129013962296273
19.139932955749774
19.172757400518517
19.213245274499236
19.250037330062398
19.287244947160126
19.29712075194662
19.33345631246597
19.37657420598662
19.403347222596317
19.420708328312703
19.493735125226014
19.503959932020233
19.557793211045787
19.600088186668362
19.630757302748226
19.683347154772854
19.689398984606953
19.71891227837808
19.741437411453475
19.834633240537467
19.838305219693382
19.87279010816662
19.914355691600406
19.921022546127773
19.99613490291472
20.020931660126102
20.062568546798637
20.089090590713468
20.138509469119196
20.160505739155035
20.219139951814462
20.226683661428805
20.22833072093463
20.292857274783692
20.347351937949444
20.395525706505442
20.42379460708683
20.45033069660623
20.460246524740235
20.52549275648692
20.56563731517985
20.584998009136008
20.62686507106365
20.658765032630928
20.684148371281953
20.725558039195114
20.77471940788868
20.81138029202755
20.838203054734493
20.853344463914432
20.939105717960636
20.955313599374758
20.961281911231104
21.00861661195655
21.086431982912682
21.116207383205687
21.131606599593294
21.16371736140634
21.192792544796447
21.20077505084621
21.24200850297066
21.269698948179887
21.29592289085819
21.352553063460736
21.40348539997079
21.43428240470863
21.454067579659867
21.45561210271825
21.514313536222012
21.53499832397628
21.574401735891485
21.62487153045165
21.645141525267277
21.666559458260963
21.674885721666815
21.749339752921873
21.773855371064556
21.827580236625565
21.870595395215425
21.880366133860335
21.911771536023007
21.9473447072234
21.98398434811637
22.02959429535799
22.047272562312262
22.094674704568703
22.136170666789074
22.173642807846992
22.188229301587132
22.213315370469072
22.245189832189794
22.30864530231828
22.322328649070357
22.362860766890943
22.370341634541198
22.391112375862562
22.441890756315708
22.498041084254663
22.529041869463043
22.56145385948805
22.59668097899766
22.63977527268191
22.67837957332165
22.69698143467531
22.74012880563187
22.797825140518192
22.805216721578393
22.83832612092695
22.85441082109272
22.92769171982891
22.965875201501078
22.985062567852555
23.014288404147166
23.034289828079427
23.0765368084059
23.135962478032937
23.165778098483358
23.194813925227507
23.2120497669492
23.29314243627239
23.301392826343598
23.32638087923219
23.36590343490519
23.39409604346141
23.42556773513361
23.477995553571372
23.48710368745081
23.51729562371046
23.580884805789434
23.59086286464074
23.614123693742073
23.6427653626305
23.66573627662489
23.70936326227718
23.746059795225637
23.777173262307038
23.801671587458
23.887520676488425
23.929527244392094
23.957707035899237
24.008214048353146
24.071603013117397
24.105260365985306
24.134961810569546
24.158326684547745
24.179851750346423
24.244581338843535
24.296523877493637
24.325974886318736
24.349790354399577
24.361363606123195
24.398482770304813
24.449845751853722
24.524500201651005
24.559789345411243
24.597310172084025
24.613623431024923
24.639940833759326
24.67377713945861
24.728521374504634
24.753555059600256
24.780603078110833
24.794460960063308
24.818802407541593
24.873601755072155
24.900621227613925
24.932419682299784
24.97297915476625
25.021112370344074
25.049810526739606
25.097527234885707
25.126631514077314
25.167451241972643
25.19675122828712
25.250267104099482
25.280425064151828
25.327333380063788
25.374047688777157
25.402957271255215
25.445576833834924
25.49470051258171
25.528352103482742
25.561457731871798
25.567369150085884
25.599206200020106
25.64905037282212
25.701847469078977
25.73523645621033
25.801761817288803
25.84251363765478
25.877419659113254
25.9347342067618
25.95400993425289
25.963314853917737
25.991751574934415
26.083918575677274
26.098497547616528
26.153072307464058
26.213491132743993
26.24988958910431
26.265969388984615
26.30614662620258
26.33628679204662
26.369135863536606
26.423179508937228
26.449685153913773
26.469351926510054
26.510493904766975
26.55288303339355
26.58488548504176
26.609875747132143
26.697804854374336
26.765871302638242
26.85555957297441
26.909986226509236
26.96377034138387
27.005425319459818
27.03643664607704
27.071012573057683
27.094712621502175
27.141881949788647
27.22084269597508
27.279098016066726
27.321430209992872
27.355436074536296
27.359394900075827
27.41479439485532
27.4677476427439
27.48935334320176
27.499394899737652
27.537210977631887
27.57217106004359
27.634304288119676
27.67333045800892
27.711386676680235
27.7873486524908
27.81106367206237
27.909332531371778
27.958787754861174
27.98659598500307
28.025305508978178
28.121441234067813
28.178712056525683
28.247449563700723
28.293317995954453
28.31383237085844
28.33087656290305
28.422185047393846
28.509556767623856
28.532925595792676
28.60852822765284
28.656751249180484
28.742679474794173
28.764666804998665
28.809534980006106
28.85992389068354
28.879489440302738
28.947209146010476
28.99210074604823
29.019979627083714
29.094550652085847
29.118242272894786
29.16752179266339
29.19229038861139
29.29666093733378
29.324974005468672
29.41751957290938
29.459857886203107
29.4929914727342
29.571704147579602
29.61077034101888
29.71910763853799
29.7591965503911
29.901833858267402
29.96098007649703
30.046170201091076
30.16582905763134
30.170794845125982
30.201618119489016
30.288106482786077
30.368405961949843
30.42732586251151
30.508944848989795
30.557698323738272
30.611445061583503
30.649341610916515
30.7507198163886
30.936813192960543
31.0026357241334
31.042366110637353
31.13623562011171
31.2211213945432
31.298665870751236
31.32719281059378
31.419790957796454
31.580678827267466
31.622775630237506
31.623984593546865
31.74877182969381
31.79447779058752
31.82469045709333
31.954928045281655
32.11236141752061
32.270199704526775
32.39363139221245
32.4243111017283
32.43289010690481
32.524564248538816
32.601966603368716
32.7310523539729
32.839232500656415
33.026500472827195
33.087474437039184
33.16594610858819
33.56678843282619
33.635039883897335
33.91568381352398
34.75766731127899
34.786825094991855
34.8762820179529
35.397442955279686
35.4201227723996
35.61541687226111
36.088924762110054
36.88057644110204
