4.015262876896973
4.308768985734191
4.638222747761872
4.784416914642704
4.879803216091892
13.172158542547049
13.687119392978781
13.990529456105024
14.015563995358136
14.088701631043328
14.12719687080929
14.382160704158975
14.39011474366921
14.478522503429017
14.53839604313862
14.622728784799616
14.688557719829546
14.762892888000222
14.814089415484895
14.845071795864394
14.93757642959513
15.01636881167569
15.046378001375114
15.178262481763095
15.229965440972226
15.31204635408719
15.436934541789345
15.495399668096786
15.515705748577052
15.61696456151198
15.638734033543887
15.683807909313558
15.767403459466047
15.789119130984666
15.877328365290099
15.988278084306558
16.0327719579639
16.089742513818955
16.129149297463417
16.190424721142175
16.272718378627435
16.292706021430824
16.341558361860077
16.39368893076938
16.47565726104791
16.532408114214224
16.584074535647254
16.651434507084954
16.671973453746887
16.739351779936825
16.827440560071523
16.84162365407854
16.86546585119132
16.908220985179746
16.953692411433074
16.992809646336493
17.050121880460193
17.102602262130826
17.135028312941888
17.19739801045629
17.27178388266684
17.335260727268935
17.375334863678738
17.400180869271143
17.439534844533465
17.512397277626864
17.561729823003112
17.589588832138833
17.618927944478983
17.650729592719653
17.690002183139573
17.73765903546564
17.78934305236362
17.826600941356897
17.886674541756282
17.94232678286179
17.99373815650794
18.061232615404386
18.065586722332213
18.09907338842499
18.15249427166542
18.184042153645905
18.222187943410045
18.27806185270052
18.28596992374681
18.39151412760967
18.41624213055735
18.424843706011426
18.45931066091564
18.504142510616116
18.549777513359206
18.576913709830468
18.602811470496597
18.642029804015472
18.715194056170166
18.739189941481754
18.766219767415027
18.811506772402076
18.861273447297176
18.90455352874349
18.952866154771172
18.993231082619022
19.05807296283086
19.062554864790837
19.11055228607577
19.155394100673615
19.19725774017506
19.222676268691966
19.23545330460584
19.284990800771105
19.322850518595416
19.375003379760575
19.39907944651441
19.44498984768264
19.472000157680014
19.563419850365243
19.592809689448597
19.608966572040252
19.665396603826856
19.722949924461457
19.728150730420634
19.789864291943083
19.81059037847999
19.84479231180303
19.878358200779367
19.90407862802637
19.972219284529125
20.014680392656444
20.057041225417333
20.115809837811167
20.13998979403029
20.205103946046425
20.215583261032606
20.26998532496151
20.28966567073505
20.34802403759541
20.405657405400724
20.465020028810777
20.508837222082224
20.548382759052274
20.568777386169966
20.593527519154726
20.62350872686202
20.644671206483142
20.716790086107018
20.775811310478936
20.788994351724632
20.816403474584344
20.84610068853685
20.91149576851926
20.940125418613178
20.99265369103533
21.022857446854832
21.076593315327944
21.16138715436575
21.209937254743522
21.23402278532912
21.27446880548243
21.293345765395088
21.378488733374116
21.389410113541974
21.42702741414821
21.50681354052211
21.53395581101099
21.547360878737848
21.55855786590925
21.650764688482337
21.67086451027634
21.712755351592417
21.730693520799814
21.79409197390883
21.81374619967543
21.823531203744267
21.90219654864711
21.91093109964259
21.975239420480744
22.027160099476372
22.05432914766414
22.080121550236
22.113487100686413
22.144497296382298
22.19137777216076
22.216636131540216
22.264603448603577
22.30216251614353
22.35478559343198
22.39340597894819
22.41729460195834
22.49625126461488
22.54681277286645
22.570508281440574
22.589532382728294
22.64871151478635
22.664908816492634
22.67037044207089
22.722458743379708
22.78329323650311
22.844373008940828
22.88518658815027
22.898379467456188
22.939804529096133
22.975224498548414
22.995558610656804
23.024542860340894
23.078931146941407
23.09460559487899
23.157435250862086
23.184985623366213
23.208024854188277
23.23797513619501
23.262373229073166
23.304451162317985
23.36302171645994
23.423751569817046
23.432627094292855
23.48809003898104
23.507665641880003
23.543457451880958
23.580100649990616
23.629738972330095
23.679101845289463
23.721061343630407
23.75820368409086
23.768065326058018
23.785663716910165
23.800243491455422
23.87555586888895
23.902357652571983
23.913485804767543
23.997146164772097
24.013782134204284
24.052651380820556
24.07323719765077
24.0941466809733
24.144643841877933
24.173349087215573
24.263814529427716
24.29761262383878
24.306221193144598
24.365281957619057
24.424689999488052
24.45140461989105
24.468347428868775
24.48139303606263
24.51067724476287
24.552187524958015
24.577013326091286
24.640435456276904
24.670710878157156
24.701167555902195
24.709420358227234
24.77924454159221
24.8317131606225
24.90029938085955
24.91693326400423
24.947970026669502
24.987720312529323
25.002278716803342
25.0282966971334
25.05265487390479
25.101721761183196
25.139152877613565
25.182977474414255
25.203403625015415
25.263928715047477
25.282937315608173
25.357402966278734
25.384342701703844
25.4394010103763
25.45691852977518
25.482554328164227
25.53031014973467
25.553095033781965
25.586634064231692
25.619725728299414
25.644355142900416
25.723403805485294
25.738604648584015
25.815902118921613
25.856460779869106
25.88328116119212
25.932562198407897
25.963795413610164
25.99123229106008
26.053845024612677
26.075877571657237
26.107174545507686
26.184904090568306
26.225248625945447
26.264724676871822
26.276406465118807
26.33004022696158
26.394141152730395
26.413246262966446
26.451007596083674
26.484654154172603
26.532046904679852
26.56141872381287
26.587779029394127
26.625402457242377
26.64024159800375
26.695767542481693
26.739937282147213
26.813285544290377
26.862305498363767
26.869499947694344
26.92241606779808
26.98273799112995
26.99766158882707
27.09294635244429
27.112616028584096
27.134487813547892
27.162716286439604
27.250379044552187
27.276319536374796
27.31284036769906
27.359263106075037
27.40373407697453
27.47967394236163
27.51086863069766
27.51840485174624
27.54310951465894
27.624783678461924
27.65211872509888
27.695170396544874
27.733286573125195
27.75250367086937
27.830021429144978
27.85736060108426
27.912456857901805
27.926856464847866
27.991320625944837
27.99462433790939
28.101767060742183
28.127526409701254
28.198362954286267
28.22119571959863
28.307425277153783
28.325351121837496
28.38416974871631
28.419969625186084
28.43995850596282
28.51319183168844
28.567491211841965
28.586226815213806
28.58946413546295
28.671399571527605
28.71879209124774
28.765864247898744
28.788921299927512
28.827336530653636
28.868925105110847
28.911069711213035
28.93827987978181
28.979953412948184
29.004239739773624
29.092364337890032
29.12905783286816
29.15813613120264
29.224624953062666
29.251521886045836
29.267940409411803
29.320339749371936
29.374520448987713
29.4286653330997
29.46972792614482
29.559597997759536
29.56696811414282
29.62033414133003
29.657741850059963
29.752777979035457
29.7972456748486
29.818902294111535
29.85599434527989
29.900394313448043
29.928962249720506
29.99143726485815
30.043701170826004
30.071959143896752
30.12983113360465
30.1767353531067
30.225080141221873
30.337731704190592
30.38850493327378
30.452467017390916
30.473579174761912
30.57303892316546
30.60450534633777
30.680977206900224
30.69343730996213
30.748117322807058
30.754795347474847
30.81977679269655
30.86890261533581
30.961735660238435
30.985112081663825
31.038307585277675
31.083095092873567
31.146095664659388
31.196614872302504
31.226945192000798
31.2881863798161
31.353508592425587
31.40808270241605
31.460988318898764
31.511321704840334
31.5521951364943
31.566838183625197
31.637312263520812
31.69288269545844
31.73514552235684
31.802195922140537
31.894349989441924
31.94464630552868
31.991453606903725
32.06700429756914
32.088832108380636
32.13502927936278
32.203934245770576
32.23885127810032
32.28843935107046
32.337057206337576
32.40331713338953
32.44625358642191
32.54670052966522
32.599649764562805
32.67439188041939
32.68655793451389
32.83142895510873
32.83639261966994
32.904997832251645
33.01379983480482
33.047580368687974
33.11315416726973
33.230363208271996
33.25541950033484
33.27879649280732
33.336224071010484
33.384155196240386
33.442319200976286
33.496774392599775
33.67657594212085
33.79230228019658
33.8207912925019
33.88185450178203
33.95319025548117
33.99411791019926
34.14701487348175
34.18606621836164
34.29200000115415
34.3580597667266
34.413076829309595
34.58935962540374
34.64912987102239
34.66026938912861
34.82008532052586
34.88147119449341
34.95854412433331
34.97314155910379
35.1508014498341
35.176609604571965
35.280679440851756
35.3172539433863
35.34306711809224
35.48608650571148
35.56078802931537
35.60186428220176
35.616051482631825
35.73515622757216
35.84415160161777
35.89584215017639
36.035662708189776
36.113407576277105
36.27204378028771
36.34097988369108
36.402247728534505
36.43760424567285
36.61132442920059
36.74007266107635
36.84967974869292
36.898692886599335
36.99034078279357
37.051253746288126
37.11919565409818
37.304321933528904
37.39853423687142
37.877267215728175
38.05448418383814
38.39645439233263
38.56813806190663
38.7861251973387
38.90338362328165
39.15883291925515
39.27115085158718
39.46387973583904
39.82291110836246
40.11210508826483
42.446184774002326
43.26081528232569
