0.7063189980080896
0.757323240849497
0.9150721059316019
1.006257517645272
1.0571612080383528
10.118342339109708
10.684497512027649
10.872310175039422
10.953538274756614
11.22347564692625
11.494618743074046
11.614110256058456
11.761275623424794
11.81145600004162
11.86268008610393
12.041714447613751
12.255411465142645
12.270874360999818
12.331940206025154
12.477598515899391
12.49926330344784
12.519550104424514
12.53423022990232
12.580906037136668
12.687522295572556
12.726126740909146
12.782265323951846
12.83139004821504
12.877942123683745
12.917430943977841
12.992289274842385
13.098753070634702
13.128715672391262
13.25446688049972
13.277555261574026
13.336777619872057
13.450358850757254
13.4667364546833
13.527898244654441
13.534983809664551
13.60816701451211
13.632393297459572
13.696606415905816
13.755373472555693
13.789848112821565
13.8245196373798
13.904919356246069
13.909968135187302
13.95597579754154
13.97455406692189
14.022356768363403
14.105526926118081
14.155932786352349
14.230294486015438
14.3089776078126
14.369162217351496
14.391233409616975
14.414757945878407
14.469915175339686
14.515281556000716
14.541082905524968
14.56362758444013
14.606427252528816
14.685843839885301
14.718210992959955
14.73868756106972
14.776042572520707
14.82402716867124
14.828655894617567
14.901830840199874
14.919824222411346
14.962649025815022
14.998530264449135
15.01439452122191
15.105347554824784
15.147272603278745
15.178324942258888
15.20276184898062
15.238854001596549
15.318122543345805
15.33542761115668
15.366539018749165
15.415372101356978
15.471679289500221
15.494931076614929
15.56201452850394
15.591586944287947
15.635633152681239
15.710304963508033
15.73707061028066
15.752421780737473
15.80981085234165
15.815712022236163
15.874746019631877
15.93438714401429
15.950309188214499
15.996323080160362
16.02195998989298
16.034426992362103
16.071701244029082
16.09334840106137
16.1427680979372
16.18839713332137
16.253697619255004
16.258825698323108
16.28466192770081
16.38884177848453
16.40047452385306
16.45739012648784
16.460620326987957
16.49774178348335
16.581647925081164
16.617519171777786
16.644526086576253
16.711863592555943
16.740873892486135
16.775265277589032
16.78781792354089
16.802573855515874
16.860492208853195
16.917581611833164
16.94362931090059
16.9947253279497
17.050396775150208
17.10092614850428
17.12235762479496
17.161359493774732
17.178381830987416
17.191164575570266
17.23824972274061
17.284490188329677
17.318362466334282
17.33930307906028
17.363100039754883
17.439498457289897
17.47877166421776
17.51585684186957
17.51730026817415
17.539597723831516
17.605152549828755
17.628311281082702
17.649172033267536
17.675796600724418
17.713688075821338
17.73987363917081
17.75339323511495
17.803558819759317
17.86936098537676
17.907142786009693
17.922807474221635
17.948719702679334
17.965827335522487
18.041947634031338
18.065578295678854
18.12065225792747
18.1305119276536
18.166630429539037
18.206690191973248
18.26726351175151
18.27822034270404
18.30553708736287
18.325954597802856
18.353523056107036
18.38723706738801
18.4170815270817
18.434248562720267
18.499623237875984
18.520074448265138
18.55426287322196
18.59341951153687
18.606526386409225
18.668692273110903
18.718436217663086
18.741401578988942
18.77698114447255
18.821026284928582
18.853156148429996
18.870202046911338
18.936401626780956
18.956917704084006
18.98299033300746
19.033545482117056
19.06204024661541
19.11176698512593
19.16661038848862
19.207479326913624
19.232775755360787
19.273945002349887
19.28061863159393
19.310069621825097
19.330335086147805
19.37049307541204
19.418845827344096
19.45099983459923
19.465121715797693
19.500806270806166
19.557983701414962
19.58719778594453
19.618353163826143
19.63808489230347
19.701559994839815
19.737871196529586
19.771479741841567
19.794586381299574
19.83124824061167
19.849988160698096
19.88641397029258
19.906710981708432
19.95040241688125
19.989015474776128
20.008918548256947
20.037068050337847
20.048883113258277
20.07554057996935
20.113614450111744
20.13576388002266
20.183873051374903
20.206226263669617
20.224429663088827
20.27864050953932
20.336243042776605
20.3479313187331
20.41154002397383
20.44151323359983
20.460616045483064
20.471080949336844
20.50953269201403
20.556238211711488
20.57829008293
20.66674961471302
20.67134404173048
20.707194121778148
20.722412182879292
20.787823591397416
20.823197938170463
20.83516360377639
20.84783851242378
20.87889532362924
20.898375832989636
20.957538894224097
20.99082988587817
21.040424890622532
21.0477046137992
21.060010267268144
21.08842690966781
21.158951458231883
21.181333873257937
21.214247749788193
21.27971368968236
21.305324359418
21.32506073395785
21.352155722646664
21.398030081408134
21.4448317687914
21.459562676152355
21.480852325650673
21.507262401587514
21.559581027107303
21.59662248821224
21.60126214302946
21.66242353886879
21.687847122515063
21.71203723195464
21.779240248511787
21.7968073035702
21.833660474551706
21.864811092294488
21.8686087786633
21.89579298480895
21.951795120829306
21.98853092274508
22.01303640193079
22.095833618901853
22.124638860723167
22.15920961611618
22.179129192335427
22.225418332266056
22.26245256195241
22.290937179401997
22.332526832704332
22.374410565504867
22.394540761503766
22.4206454765807
22.441517860005106
22.452117917456555
22.483680904793047
22.54896787253254
22.596970065165035
22.61524483104286
22.683252509024896
22.71893461338629
22.75627178538238
22.808667650583835
22.826368810323764
22.86051809402327
22.951050350837836
22.95229109942521
22.968247396523353
23.004139370593535
23.042066007283108
23.077014907719636
23.111022967208303
23.150588807059393
23.18454373515081
23.22528555733489
23.242217657286545
23.27103129923664
23.36342057126091
23.374448591918824
23.403612812068545
23.45932322412628
23.501871590786447
23.531987243297092
23.573864067136174
23.624199459683265
23.664712417108007
23.762095498594338
23.763983867364903
23.77367295950016
23.82049122246588
23.881660978784943
23.892840635831693
23.915974317753175
23.944679532053744
23.9813679436743
24.012992826436133
24.0616352533702
24.1006162676633
24.14962159185548
24.17556724444713
24.207493242390125
24.228171517220563
24.267861328006028
24.306235447735606
24.35178388180051
24.40060003461339
24.445577892733994
24.455962474348315
24.476968629552033
24.48920882143147
24.558733890122795
24.587361536020875
24.65837763695882
24.69065733982489
24.739495357769137
24.787104906277087
24.825348631984088
24.872928684854898
24.896289262739558
24.921245250252525
24.9680345050022
24.991571030967503
25.066533139436192
25.07174882040292
25.13027921572321
25.176072347761703
25.24517675026089
25.260743723605394
25.300419913604596
25.330824691091447
25.356815868535122
25.43694532270937
25.49839993870138
25.51275270965705
25.585031659543894
25.606022621743495
25.624503899936524
25.717041234238017
25.738198928307938
25.755321663917982
25.771287640900496
25.78770504460301
25.849419871529562
25.897420069834602
25.920291743682146
25.96437563541684
26.036658182285787
26.093799213275243
26.114952985712186
26.145234286485792
26.286823453037766
26.314180866940344
26.34097104755443
26.374217975158395
26.411859872085465
26.422802627308787
26.469767995148338
26.47537936644833
26.52932502799103
26.635038664207475
26.64983929780859
26.686368532443307
26.72579671322402
26.733112294969512
26.776100058061395
26.851298815532722
26.91672681714701
26.952176614552553
26.98023841816013
27.02984208565562
27.04382577062525
27.07071652537139
27.11646374274439
27.152935821163982
27.197929548326908
27.24812049389844
27.284153442154572
27.426999240602182
27.441860628031417
27.51604123277437
27.54872284125203
27.58784311419222
27.617428717963158
27.671165512234612
27.717717711043548
27.77788639835788
27.82090817057792
27.85744222872182
27.921890589868386
27.960360209804616
27.973071206804974
28.029334271463117
28.092131578728246
28.128036169619104
28.190800573116682
28.223349878931845
28.280540709836686
28.32524215662234
28.332403067113734
28.394151538520216
28.43108639575524
28.506595798146837
28.536557838367738
28.589567503520684
28.686346241798052
28.7035176865199
28.75858796508633
28.795338638812932
28.883965395693906
28.94767123573523
29.006580077050057
29.05305757421994
29.091361406420752
29.114604561588006
29.223812344043864
29.267711508709546
29.37008072788054
29.399736247997527
29.48103750748255
29.53355505290968
29.5716684353019
29.669611075991313
29.752757131578637
29.82191075279587
29.894606669158065
29.945763555083207
30.018856685980985
30.05557602242313
30.097182513190347
30.13693490767526
30.231731142250226
30.25877022712853
30.35427630508096
30.39802444872433
30.564340572347998
30.589688148648793
30.663397691370907
30.781314172218405
30.82958570411723
30.936555458033816
30.959269053128082
31.05917071427758
31.094318012504985
31.192157139138455
31.286809239600657
31.313665642063295
31.41644657620228
31.4590817855571
31.508481832147535
31.738670737753896
31.854060058313156
32.005748349694485
32.03026476921836
32.16146096860328
32.220403421334815
32.29154240904935
32.35779359111803
32.521123990878145
32.64173322896866
32.679479334588564
32.71733794187311
32.756200465938264
32.94725012619345
33.31750207695525
33.77557773943066
33.80422712346356
34.05271719075127
34.48366885108048
37.23801177492201
