3.950441497674069
4.137863448501686
4.357918984662773
4.391517790631371
4.533345499095539
10.342996952618586
11.75099942932542
11.988523420390855
12.239139560698973
12.607713081618728
12.77734382068557
13.04567079001455
13.373835368966438
13.513460374837287
13.71745645667661
13.812267283992806
13.892988868712482
14.058321748334908
14.186833401905453
14.340920931827526
14.387788560515899
14.49424723662747
14.590375269021656
14.65353039822486
14.726656360389782
14.745209528114536
14.801731364415618
14.898774061063571
14.970319126279767
15.027232656902132
15.128612444673642
15.203690291469481
15.306249261045387
15.333096876699207
15.415277786856525
15.50192432082003
15.550481512869004
15.611174870731148
15.682460165987496
15.740201832727754
15.758253863538737
15.905937454042004
15.925581693552541
15.989540126779866
16.02385490947206
16.053046022873
16.140175262017998
16.179780876451446
16.22919408079979
16.250701078496153
16.3174670695242
16.39737885816614
16.430773627704305
16.526692384059434
16.541525594929734
16.5901397680123
16.680573769198027
16.686635565393857
16.75965757871854
16.779162724566614
16.841444971039664
16.851716332589387
16.940194464662092
16.991952070251354
17.0375383302231
17.07820279622021
17.120207935544382
17.14991906675595
17.17865524521013
17.237593192570895
17.28605267059657
17.320078356945285
17.360287191533168
17.440029438410573
17.50181399248848
17.529443856609348
17.56596246998866
17.632961085568223
17.68090605048781
17.765988227593017
17.774134888407975
17.848231975670465
17.876358876062245
17.94016367450166
17.988598698429183
18.01113205730471
18.079235983475602
18.15645612496936
18.185905169381545
18.227227696384936
18.25377821497996
18.30605099297061
18.320741928657927
18.366488155645225
18.3842066460956
18.424878507735457
18.491718604362102
18.528357211693407
18.566588144292762
18.636613835155185
18.674644332912102
18.731190814586732
18.742544594287597
18.795362951163963
18.82623967584827
18.8601798869867
18.916429976259845
18.937176483575442
19.00920601290354
19.056548444978592
19.075879524716413
19.121568703602385
19.15671782503389
19.178248179620336
19.227727375263644
19.28446112836729
19.303052730764804
19.33506221864603
19.405268397608495
19.452343105278448
19.485219513139498
19.51690453255444
19.531600748364
19.55369265967257
19.635826764143584
19.646172545872993
19.70463802807768
19.732651024047748
19.78142456182453
19.84747926926351
19.909707603324332
19.925475658874557
19.954583266938975
20.003042149589287
20.04694711673415
20.097946298913783
20.116567298143014
20.152040329293847
20.190920064158764
20.20739818549235
20.26171560050036
20.282180156826637
20.32123332916249
20.328656403732737
20.393584799007353
20.43734961286758
20.48938476976891
20.498379756741755
20.559085604891607
20.6055052506412
20.631177704350907
20.653479470939637
20.707213948303664
20.783689081348506
20.8110625442569
20.853687270477565
20.890657387307137
20.911565821780865
20.92963024542434
20.98298619782286
21.009263914492035
21.041117614897
21.06839097159526
21.13193372514951
21.173866599937906
21.202847106073563
21.22917034404578
21.293334046089747
21.33519282348153
21.387198463597077
21.397151901370858
21.406220683748185
21.444759384051814
21.474876698920966
21.51474509051856
21.540848571164815
21.597006629555956
21.607866211318733
21.640673809506687
21.645534813560186
21.694258867478954
21.752534794776075
21.809204131736276
21.830072426452467
21.867232593657047
21.88583384210367
21.929333312257995
21.984291802654056
21.995824761407608
22.04902378232135
22.09438404429364
22.10143135092966
22.11766609609004
22.17022011927679
22.19043046940749
22.278201103263036
22.30596804215439
22.383046024517586
22.449881138313653
22.47115359564509
22.486840862313873
22.518515917472502
22.5476115928002
22.569357725225434
22.591972149088942
22.622531227166828
22.64808673663519
22.713679247468637
22.740394257204834
22.79338472295256
22.829556703246244
22.898721282244
22.93051725744484
22.94248466638887
22.959711500353322
23.004669453467386
23.008797893194096
23.03935201483128
23.106594290857007
23.165287123915387
23.19293896892789
23.21775307761736
23.29174716934904
23.31403421878111
23.344994378372995
23.396397094051412
23.40401293042417
23.447455595994377
23.4790561797727
23.534309472750017
23.55424513862622
23.600799696289968
23.629982025217892
23.67351775934584
23.74200413610712
23.771351288944924
23.836938587839633
23.858499807808606
23.89724838590904
23.93911662129975
23.990851964450087
24.04893405605276
24.08979502310091
24.1332284828224
24.160398103630122
24.203855027747352
24.24620055963591
24.26943352502927
24.305508868594238
24.32102401178344
24.369872745778874
24.411011443308002
24.424517287162217
24.494116013516273
24.52591361436775
24.532608217912877
24.619321588087136
24.637223617310333
24.655803726454334
24.709904465031805
24.741988679395057
24.76513881113118
24.835094291406243
24.864057149107566
24.88611213372286
24.92572958501472
24.940724653306
24.9834478367681
25.01847783849713
25.03073004807243
25.09466597004402
25.131111347300337
25.1842155842138
25.215329299372137
25.24641624575012
25.304876159425028
25.341698388093402
25.350617192341293
25.378699409626563
25.457252378101874
25.459980637665655
25.48798646881895
25.55512316290416
25.582222425388867
25.593482028061054
25.632585627459402
25.655788627597868
25.71831555217584
25.733029699741227
25.77030497903311
25.826224190655818
25.837058617278082
25.915475359746882
25.964958329328756
25.973249815678713
25.98353165478705
26.035336930654747
26.10649086451225
26.113846950695404
26.159601498531007
26.187718073115093
26.202648828009973
26.30844406589938
26.327230535342125
26.343332566498788
26.398079943436475
26.418062263040277
26.47548576165957
26.53229314902623
26.564013062314007
26.61343496994294
26.667844193914526
26.69376691053493
26.743213339950394
26.779819223693913
26.80851317238898
26.855457348685945
26.90275786016045
26.935352648097755
26.97647729619355
26.997732470373467
27.04337368460148
27.111619306363373
27.135439829893542
27.15119396343161
27.211779385604338
27.217715608402113
27.259834802073748
27.280375326865894
27.331095485514243
27.375383676324482
27.413273077422964
27.453210565842188
27.472897547859024
27.522543349306037
27.60852176083188
27.63991081945159
27.683386820275018
27.73481500496229
27.785239925750222
27.814565877378328
27.89598406468416
27.960170684736102
27.97599591229867
28.005909349083776
28.034386465586095
28.088936421038436
28.136396857971135
28.147002715272773
28.22371835671821
28.29957976775679
28.351302096255463
28.363804881191765
28.41260993728861
28.457390959068093
28.485407649839342
28.53478083715256
28.569146518547853
28.648006457319834
28.694158431702057
28.715777952392656
28.73542068696094
28.824362348268533
28.848894747749256
28.90095217445233
28.94783740122626
28.95700843093774
29.035077862473926
29.074043124163712
29.108308155596596
29.117122319591722
29.19836709741115
29.267773022577547
29.299670570521698
29.336374452529974
29.358875926087915
29.388004180769112
29.445026779536757
29.484098996136353
29.5136341073047
29.63230341103812
29.666996268377755
29.698317668652297
29.717499875932464
29.804587696761274
29.82208890199738
29.85876094370665
29.911976715509137
29.9582263418679
30.075196618775678
30.091900261596095
30.115714460654914
30.159467993437698
30.24348190004083
30.255031821268688
30.327842075360127
30.358873892919277
30.4348434323917
30.48784218343367
30.526300793051973
30.537315388186123
30.552594259353388
30.588843447046738
30.647860712152777
30.712810639577956
30.774783125473007
30.8067919322612
30.918117491685436
30.97370996917566
31.008264072112297
31.04925850900573
31.11624262207009
31.18809235984623
31.209956733767566
31.27503354926559
31.305493943884898
31.338340675659403
31.382919412550706
31.42043052441837
31.458145367332648
31.57979132482538
31.663757838101283
31.696380207950394
31.72484636218315
31.779736978901422
31.83181529343945
31.87109578073315
31.91748186502229
32.06411395477189
32.092865814434404
32.14796726414376
32.183410927596896
32.227209256488216
32.30684533418387
32.331542236716935
32.37536771592101
32.4370682120619
32.49961472389574
32.560180990157626
32.63234567659228
32.67384670023115
32.75916478601339
32.80002098248842
32.83725658316826
32.87178080275867
32.96845890419817
33.03562844233675
33.10589081866879
33.1698789419854
33.28776494545557
33.36566638947025
33.43576897461397
33.501565055426255
33.53115577672351
33.59152191988605
33.62635555912212
33.70321738564813
33.75529550874013
33.80837089779706
33.89293750156925
34.018903424055246
34.12542819321458
34.205707239891716
34.28450866480075
34.338235047107666
34.38930365325406
34.48308451018869
34.602474493055986
34.70169066415417
34.76911358917875
34.80258579861955
34.89912601730187
34.953189522728024
35.037032324731456
35.09933603832906
35.16781619015345
35.29108151731127
35.46853252814957
35.50177709322508
35.64728434971069
35.815853808150244
35.919027172942435
35.965401301702485
36.02592300279724
36.216155468512085
36.317316045167786
36.364480862108486
36.46554454325614
36.7052589344808
36.80704837259488
37.17811249961506
37.303114258729664
37.42630228937063
37.602291976507736
37.754856165715715
37.847191362206694
38.74101641595494
39.58054856210519
42.31017663622073
