4.2414330331746335
4.475431115914371
4.602897490174547
4.842232923433242
5.099657728930968
11.204438900119236
11.386761405606292
12.141928339208256
13.109288620223436
13.218845331135011
13.740501155222248
13.799936295169683
14.113710076900114
14.522579842983307
14.617504509333807
14.684686527285693
14.783615629088965
15.066856806031428
15.100404832779239
15.180061620949054
15.25422971307407
15.305262927421323
15.335299633016929
15.408614830365508
15.457015082443492
15.4990582968793
15.529362368311778
15.574899586728415
15.602477666601173
15.670183007891293
15.714252490603137
15.758790258781668
15.847246992039912
15.88518722171153
15.960166288427772
16.039451421308833
16.047941051824143
16.191712139660165
16.20546773098858
16.275038290060394
16.3260756801517
16.36421261446553
16.42302740017413
16.477435276644474
16.500195137980793
16.54585217652439
16.617201200141114
16.672842319145165
16.71603437138451
16.747238210988975
16.79137183386641
16.845363265965123
16.89011461466139
16.93653427907043
16.964044922284366
17.071367054807823
17.105615853979085
17.200687840642928
17.20255697256397
17.222034512824084
17.268705415606675
17.355507997657316
17.412815937634686
17.41990944322789
17.483368117575665
17.55744524498171
17.607322679861497
17.627456962607013
17.64309412074542
17.710664456094324
17.727266592693983
17.76652075499739
17.84431929566347
17.896755185303178
17.946911671550776
17.95900380399937
17.988426556241457
18.03555406840801
18.081037166824697
18.14863757767459
18.170927641095695
18.271986007448014
18.299272612574114
18.326943653282708
18.381872390998833
18.398715209247534
18.437557900014962
18.450270072340334
18.478122392873463
18.55841819962245
18.61276906285552
18.643989194674045
18.723363768483498
18.752980886868393
18.81030385827033
18.836322476213677
18.867964261477873
18.92423217883373
18.97312266685601
19.018548784432113
19.073706381142014
19.113786964139372
19.11855844534241
19.151542695895653
19.242263735846834
19.285805620580124
19.30223632153687
19.335309492817867
19.37359868751366
19.44107315307282
19.461182398940185
19.47272726359358
19.5245994712453
19.58162639837331
19.617137061944046
19.65007830957241
19.673779583600293
19.776877697728978
19.80326786510905
19.81646966444503
19.849606574184268
19.891314694974938
19.941286087620835
19.98367765081527
20.01028807101843
20.097710598710705
20.134821741185235
20.16066974912106
20.22248854480892
20.266761237460724
20.30204706334089
20.316571734153072
20.4078880959805
20.447113059234105
20.480680618979353
20.49706893622683
20.528342305179425
20.569355253461573
20.590695250465085
20.639866995436144
20.65839079626071
20.71972921407391
20.742978991465307
20.796146996252524
20.825824568600236
20.88597772048522
20.893211399263667
20.922665534406494
20.96668689916858
21.002260733807457
21.045646418141303
21.0665620911192
21.109339917318824
21.183628265315463
21.23475934745354
21.25725610509658
21.28565694241365
21.32501245999619
21.36258845771497
21.395733780198672
21.41847172277476
21.445003550010732
21.47611118713386
21.488350645777004
21.534568490891605
21.57417849706209
21.588967678100946
21.621110185888597
21.658642263145637
21.70642185753453
21.733907768392267
21.763982129654163
21.88569840972499
21.900519655305725
21.91816823273914
21.93302268435276
21.961750172358652
22.04230176222349
22.09611762125252
22.13463717137062
22.14719433197953
22.191599647119606
22.20725058426766
22.250112791329116
22.277688761947967
22.343465575233598
22.34644533682173
22.372646242942448
22.395675499613354
22.466284491328135
22.471688567680516
22.49187908605881
22.56027180283474
22.599473599248604
22.644385585037675
22.669126513675174
22.707251720081814
22.767719842466352
22.77506939600076
22.80072272553714
22.824868355843037
22.901254426117685
22.92427220296859
22.969977710765914
23.006054021468625
23.036867470622536
23.0429180514779
23.06887986388812
23.142407950786513
23.161451222395577
23.228740431142498
23.23669749875567
23.244924236404252
23.294908868956114
23.329683958393986
23.343681627238126
23.370968012064715
23.3950734466279
23.456788912757638
23.50534828884823
23.591182316985645
23.61153304239438
23.65252660232782
23.661005311242565
23.688167502651712
23.75194491555416
23.76878607298123
23.788350013782527
23.8115917169717
23.829374541232223
23.93059399134029
23.967468691503996
24.040437036046225
24.061957869354927
24.110456247783564
24.137667255931554
24.180011737632437
24.20979512147358
24.256432055221353
24.266009587486078
24.33381733620081
24.378734996230726
24.383966411389917
24.421843224576815
24.462147442355125
24.466088539427474
24.515764437451473
24.57581096589455
24.63041289148768
24.652453002865684
24.68591050288896
24.712367015365885
24.76574899443735
24.80544292977324
24.848013937459342
24.880380795734887
24.908812181817854
24.987772470377983
24.997715982790506
25.031122146422945
25.05252902200962
25.06640179132641
25.115911692581975
25.192789080874345
25.23126351391783
25.290572523306867
25.300411821069535
25.360511306732217
25.371918034507864
25.390941273331098
25.407035553690854
25.508700783524656
25.531053937526707
25.57558356807203
25.590425223950966
25.610898196259946
25.681862140977906
25.713408906165693
25.81708227237331
25.832647259670207
25.875871053367774
25.88258911392808
25.963560951943865
25.981932918437153
26.028226088985548
26.039460819716183
26.05592866367026
26.107182298597852
26.138643367932158
26.18801252924287
26.202085204440085
26.243370439169563
26.26960695801816
26.313907229013893
26.349977290647562
26.397139353951857
26.424978463004386
26.481395236735597
26.516367762309713
26.54392629396636
26.605590952051337
26.62317083925017
26.6461866124676
26.695375105648367
26.74424688063135
26.779897219985507
26.824840982411263
26.880238742513473
26.906036310787464
26.97196950698765
26.99964499371004
27.052868942480284
27.055630466187708
27.114900733683477
27.149534823232834
27.214210492506204
27.25837717921
27.30356051722483
27.342493622504325
27.364321515122274
27.438343108394697
27.46819305482344
27.522587281645816
27.570448008260456
27.596073265294912
27.644885329586735
27.65735502176396
27.679886786316853
27.76428621652909
27.79981670192919
27.829748252653523
27.850182682280707
27.90306957276995
27.928366571415502
27.975340300267547
28.01879689234773
28.090417404472245
28.10186523403054
28.14833106986751
28.185957061879588
28.189656692261725
28.271174357169865
28.31319868042348
28.3431722489374
28.39584775567078
28.42387338153683
28.459928755575312
28.540677461174248
28.582749407575136
28.632640914376836
28.683094730686147
28.693909295367618
28.738999454654984
28.832748775704577
28.865064833904203
28.886595169774758
28.933529844939294
28.945337719171448
28.987905282259558
29.055477600217948
29.078847174485777
29.152796617462016
29.227864138966527
29.246385479236135
29.30078002159447
29.317835437469522
29.339738807176456
29.38861154499
29.484497266414394
29.526955265558886
29.55809545923796
29.583232438407915
29.610112915785557
29.65800756166742
29.789959478310355
29.83617341261226
29.872949836652445
29.886057671237403
29.904525628976888
29.98402383774147
29.999800640959375
30.02747610855486
30.07134650514602
30.116078111301384
30.17450465867368
30.1993154474972
30.332038238715455
30.34389539613172
30.384285919518984
30.43330510553537
30.48983155450498
30.546283175180807
30.600090343446947
30.62260152125892
30.677646569777888
30.721317677698575
30.78410212262649
30.799094618641508
30.840292461837468
30.889909363166563
30.935013971265107
30.989399611613916
31.019798415038725
31.060628000256838
31.11722116371337
31.183285762650677
31.28664436468879
31.297792278446767
31.36243482553997
31.404120223845023
31.43532669832791
31.488003014779622
31.496620354853192
31.563931729055525
31.61511055918874
31.67611840468235
31.68829834613508
31.776374334345128
31.804607656926276
31.87948061305561
31.92375334713565
31.99067621632653
32.05146961218373
32.11607796981978
32.20062960843351
32.287026723377515
32.35953114869177
32.40050969338897
32.445902267656095
32.555674249568554
32.626424986815614
32.65863647455279
32.6996940401685
32.759788284685115
32.79690163764391
32.827025506875806
32.87455724817002
32.946246372888275
32.96835409228221
33.098486796220776
33.11602529450789
33.1799311406202
33.24893289942741
33.278630575802104
33.37288456194347
33.40819165898285
33.50712077993844
33.53381657191573
33.594128846186486
33.62889200898343
33.67441117230311
33.74432993670685
33.80469978790819
33.8891475868362
33.974334707946966
34.07427814657564
34.11892781871249
34.130884788299355
34.20133091854162
34.296892380936896
34.331206661384314
34.45558657373238
34.51411427115134
34.63298864059867
34.70131765400107
34.7617988161991
34.87034967763311
34.90948191779902
35.1015465680296
35.1773412657253
35.2665057975989
35.28901557025114
35.43325574964185
35.505470695645066
35.648001744347184
35.762504888183614
35.91431449823232
35.98913278419191
36.00499366934374
36.11346449398633
36.28473308574465
36.461738231187184
36.548306206928274
36.69636547178442
36.77506947288404
36.93079943870174
36.98234037191076
37.16112400490361
37.35253783769791
37.73746747992325
37.8890583355151
38.32757866311446
38.549157755628194
39.012744791436184
39.07157476822782
39.29489702604246
39.866965002069364
39.981252658826705
42.33927790131209
