0.5966661568669741
0.8345632652326117
0.9000241142174124
0.9572229387019098
1.0643901458935685
9.14369902254366
9.969585072371224
10.140582045259658
10.228821992886425
10.746352294977907
10.85638759606178
11.013052123519333
11.121178621042766
11.506003042955934
11.849179330561032
11.905528013991562
11.971023167581084
12.213963427388475
12.251462742210439
12.309917609757516
12.409554250616859
12.468430319258616
12.494168503234766
12.636227736198519
12.686844917144123
12.792369740296259
12.842445902402206
12.942021812572126
12.95154208571718
12.958931300734317
13.037665685895295
13.211422830120188
13.267421520239838
13.361490924577941
13.437547384622693
13.504411173965186
13.54412652784078
13.58336226141256
13.602967789036327
13.610310027080711
13.676300225382548
13.75840409717464
13.763146535380853
13.797157060269873
13.81753380732262
13.856892808667727
13.91575752705245
13.989831913120307
14.056130635590101
14.110591354858743
14.176246069218514
14.23333552585908
14.27403330014379
14.3331632956313
14.369288585518913
14.38500552393339
14.406465654584204
14.433744095489395
14.468698109828896
14.513383196679772
14.545711585196765
14.617027248871539
14.690176429839036
14.723509386601695
14.731607759571563
14.831962351606693
14.867240445726182
14.87451002898908
14.929305725827279
14.971993345508306
14.989370577962811
15.026801200264101
15.02831391220088
15.093648707903792
15.157004791799931
15.196591792779142
15.213672234468032
15.285366921540781
15.329704026240305
15.37472628231203
15.407322109403436
15.45692624017238
15.493400420424416
15.532387614656795
15.584973170298198
15.610792100488403
15.68504631576005
15.700469583289543
15.737985274571162
15.780632949980665
15.824779856233596
15.85225162847459
15.863322477368145
15.928350291022129
15.974593771603248
16.006608749039543
16.02656073723343
16.064177569672715
16.078995157540867
16.102620823470637
16.192639948348983
16.195073273812397
16.256073853101846
16.28612628443493
16.34828243128402
16.384115287301192
16.41993849513735
16.453495552348897
16.47129405935549
16.489459123440493
16.551057337362703
16.614704595710094
16.6425278375129
16.69538729308311
16.763109794053797
16.7762052010467
16.827501645841526
16.830640139039005
16.86916510751393
16.935838475526996
16.963369503965755
17.01518746408499
17.074829395109212
17.111198713798935
17.1397469662746
17.148323464789943
17.17399640164535
17.22848448567701
17.244036499231385
17.304120352560087
17.35432825149793
17.36191563776451
17.38856668138117
17.410184823387954
17.499009725229115
17.51664007682462
17.53531238870935
17.567235142911645
17.60076929824789
17.613897331035712
17.660819672624356
17.69403857314375
17.719512318082174
17.73468334084691
17.7915050608493
17.817179321083326
17.84449770497303
17.896653638863324
17.914905069946343
17.980604881269787
18.005700252658404
18.039098364763657
18.085335193194044
18.095995133505372
18.120609935148106
18.1513832061445
18.184946792508505
18.2300620255853
18.267181075152887
18.321619286875983
18.352873094719524
18.361531675768358
18.39369395850026
18.407606884972907
18.446877083164726
18.495957956938284
18.515538852524557
18.577348244192073
18.608770068249278
18.629062632159116
18.683705019711024
18.716758489501032
18.76011689366297
18.76922587170965
18.78363993750809
18.848810305634593
18.858202465488496
18.880771921750988
18.947753698720998
18.969037666403473
19.01777911350344
19.033073068483333
19.062149971790063
19.075850022402033
19.103798688347062
19.129362634225686
19.148278166144838
19.183089876755385
19.244232753899247
19.287524302014624
19.32385627493793
19.337485483753362
19.367298760477347
19.409529954006345
19.474647259247096
19.51870626455061
19.565237228753233
19.629228249153485
19.642325664045998
19.673366060852633
19.696487851832448
19.706908236695362
19.75002307108224
19.767337755041133
19.79022599389828
19.804667944758837
19.905554772777837
19.927027861302964
19.954720042196058
19.97465970204802
20.00172697727728
20.04072734301085
20.079255418363267
20.09726881800639
20.130097370511354
20.1690788593157
20.203571836860824
20.212604053283556
20.237463734471532
20.263465900934857
20.286965821860935
20.365256336768784
20.416040033861773
20.425854494203225
20.45854454895331
20.465488084631733
20.483841512806897
20.504539735086485
20.583009977232745
20.590935367980823
20.65915726394522
20.667137865285053
20.705047045061562
20.76444772897525
20.790827692212233
20.821166565827195
20.88946225619791
20.893436239384897
20.91984943658723
20.934141856228827
21.00203051992914
21.03202020372939
21.05382440961429
21.083332069284488
21.129057434843286
21.167534808394297
21.1873781105552
21.200346394133387
21.250806012836268
21.310528915878265
21.33303045325881
21.346202133902125
21.36909917849183
21.407568722178667
21.43017678991535
21.455957014105866
21.56055272948592
21.604153067590104
21.648501932138778
21.668756477560397
21.72214214822321
21.73031430928518
21.7563915331324
21.806452142519984
21.8694324644195
21.889755918642578
21.922674741545865
21.985960371643504
22.012551924433712
22.047729484850286
22.07300554914641
22.105112655682948
22.111044491232757
22.144624524090414
22.183010971618206
22.196682498269702
22.260784072120707
22.29262950188476
22.341895959028363
22.364566305283798
22.38457158010014
22.408309628276797
22.466360577705196
22.479906031894945
22.515399129392527
22.558346277996144
22.6015516561155
22.648865480999287
22.683438366392874
22.715246477157304
22.736898148476786
22.78281158319275
22.83471256464348
22.855809368831178
22.8955521769339
22.924318924193944
22.951524267036827
23.01072896851947
23.045694724091387
23.085511752340594
23.125485678432668
23.185547841975545
23.205873025533425
23.237556302826686
23.28385193205498
23.308167711854892
23.330369707662122
23.366614739652302
23.372291672247975
23.429154709890096
23.48807720850165
23.518427246574337
23.542346320026308
23.599715536617126
23.636574181293575
23.701076258622333
23.732187891408113
23.772887857648325
23.79561823727164
23.82927016360481
23.888401754772627
23.9318643474724
23.937043478242547
23.96186418315225
24.01638900868649
24.04210644348191
24.067499524924383
24.094731310974066
24.160459760017066
24.19082731528008
24.209655469592615
24.240007390569602
24.30802933751106
24.333641937921062
24.416882563254497
24.444012325932224
24.452861599596325
24.492083705026584
24.513139659192817
24.588029906564582
24.60201223683188
24.615034464366794
24.684682358316348
24.73003596585842
24.78610999575922
24.79821585971573
24.84558550936991
24.89270816619597
24.91065813168782
24.938851563532168
24.96620863085247
25.00146118357406
25.05974211644111
25.09773281361032
25.124632082239152
25.154792827962428
25.23983549819605
25.27104924176725
25.29324125637374
25.422210664883107
25.429652093915884
25.478817429887965
25.49793827621779
25.529216907858203
25.577441910587627
25.5863506673011
25.625393063435713
25.70386090190963
25.761996434379586
25.830157235923707
25.840770776927346
25.86615051072525
25.888692361548173
25.928663898789818
25.9946187351649
26.049616267348906
26.123472041447375
26.13017372586148
26.18011945033757
26.194022656955045
26.266111896498348
26.294091999310297
26.317478270734462
26.39317271378313
26.43312390004628
26.447600884584734
26.501422698079352
26.52226670868843
26.53798152825089
26.572510233919022
26.604426701194015
26.64062057535109
26.698307225449348
26.775836007837
26.80781948684542
26.842129387123435
26.898343731264767
26.919203760064462
26.957542899001872
26.986803038585233
27.07245857769262
27.10581920201055
27.171564935585838
27.190083531496875
27.230067039544856
27.300745200333267
27.325329748559728
27.37324058189772
27.46471171663587
27.53358352399188
27.544891755012497
27.59112169450511
27.64108133516653
27.714357292492597
27.73003022631418
27.761801839597542
27.795335963422506
27.819510927860378
27.86286028659373
27.882093383760637
27.92037140391074
27.979512091859075
28.035826327423212
28.057271887081452
28.085748240996942
28.123474115912444
28.14594787498605
28.22776298646893
28.29552023650484
28.33173887530469
28.39296193775603
28.47498128445
28.501996942966393
28.536024882532445
28.60835286869722
28.658456175418966
28.748265963962012
28.822130802332236
28.869457677308667
28.922611370250163
28.929014785241097
29.006375020405667
29.07003000646282
29.09333870747671
29.141564892092337
29.222303958381556
29.26982613172728
29.29833643784316
29.39688166165997
29.48362347464211
29.584878670327246
29.627853121030867
29.65739505881867
29.713906605492376
29.756147262520148
29.882903656939156
29.888748732683872
30.159345348311113
30.20234550696987
30.23079702144633
30.260315599741684
30.289094342091317
30.374438527489023
30.42952502380519
30.528042378474662
30.64184956696523
30.663622537921487
30.722145395258792
30.90205368152992
31.021093488720876
31.057909654007037
31.18371526537718
31.276856938659165
31.340181895811632
31.446731599421177
31.51565385801347
31.695016465262533
31.77122756746664
31.88591666603014
31.974447719456645
32.00782106892646
32.066589559488506
32.20657039186947
32.297422484832126
32.54362004585961
32.60212352482464
32.645096266940854
32.71249699258485
32.85880733042711
32.87700056802604
33.047555027212155
33.27468829121428
33.30998550340684
33.56056394710079
33.67288902368296
34.25076344962261
34.44313207173429
35.6864433949136
38.198691234458074
