0.8087820184044838
0.906872632688692
0.9869761856906405
1.1511928037612102
1.1897573055978712
9.019970076970832
10.143246031565463
10.752596651879553
10.895561125928639
11.10034305039409
11.360473582534048
11.39301312783679
11.537778035368346
11.647205464686767
11.759311969290467
11.917436311264776
11.994734693377184
12.283313989907674
12.372854658357953
12.378770412055
12.402796160991793
12.449617841661778
12.472082429569818
12.63536578017099
12.740429256529223
12.783699707666345
12.840345906659902
12.90485856759551
12.997248286278047
13.04015207757134
13.069739460418532
13.119091749232513
13.27848583875554
13.325084183806874
13.39089566011778
13.455457041947733
13.490255792756052
13.494267657149349
13.551947978703573
13.615052727212381
13.636666587018102
13.689388123899233
13.779471190335551
13.823503937343972
13.885974496196273
13.896733104854551
13.975225949799068
14.03853517759154
14.094122753509804
14.134694479841874
14.185895681363801
14.240640446068728
14.302718788583197
14.338651616463958
14.345092278542467
14.35639271836222
14.382618083648536
14.478531275332141
14.529279520784968
14.584535694674427
14.60493438569896
14.662099169326224
14.686111222247703
14.73440044160851
14.779698650402565
14.816242556581026
14.887020588536739
14.926444845127426
14.945373225900063
15.004723929980218
15.049993806047024
15.08659267547936
15.104871390717985
15.130337641401711
15.201129360293027
15.223076684865608
15.298699791039148
15.338163444249865
15.369605098506296
15.395732712107604
15.434985344597452
15.489055336904267
15.496717861870183
15.549039115752302
15.581381202135537
15.612156780638244
15.648799419306862
15.702150051376684
15.714649000463853
15.745211893067202
15.800736118897074
15.836665330726566
15.855528196131527
15.900254920031273
15.945452475373864
15.960873951232378
15.998511478873006
16.052778108638826
16.06389747169795
16.073315353821886
16.17357008954617
16.206928000551567
16.229548203579196
16.265155193593632
16.30101125390338
16.31458067858406
16.37938741073374
16.413624771331296
16.44503437946499
16.473564429926764
16.519690836675174
16.546706090314416
16.589217032023406
16.60176210894998
16.626472510476734
16.708114986118304
16.718462653562224
16.760073831566892
16.76976533366107
16.794593100169035
16.82611690514848
16.858218130129845
16.88811832573735
16.927785561845507
16.940750778882258
16.95664690363975
17.029375428541922
17.07487471310526
17.116506893893437
17.133634473640804
17.158568273437247
17.189187106620135
17.241561340163834
17.276556306609514
17.297824296582363
17.362357495307208
17.407993386723053
17.451151497702405
17.49227550725725
17.499349438462076
17.557852623480677
17.62041320517931
17.65918156204885
17.678698808761627
17.701947299237673
17.7126297700916
17.777304358956712
17.791894628420312
17.858625805829867
17.86711301350144
17.93056776217918
17.95583479702178
18.031920311047173
18.05007850773066
18.064779082103094
18.101904682209447
18.10993636892684
18.165004252079786
18.202262365927634
18.25217286396282
18.270672699830424
18.35441937917651
18.364743417866404
18.419014569269425
18.421805981021965
18.483104857943843
18.518911707224166
18.522101660593293
18.541732212658935
18.612693808949306
18.649320533741953
18.716126310196497
18.735814440708925
18.771781692952857
18.83796039758319
18.86967584654332
18.887300634243946
18.893702359492462
18.94598477582345
18.992839887908843
19.007226217162167
19.05380424258102
19.09507870525996
19.118014228929404
19.151490894011467
19.211272706375883
19.236825942908936
19.244687526701593
19.269834753006467
19.328298518918697
19.37059191758988
19.401858181370756
19.42537550053509
19.475846748397675
19.49757947487741
19.51219107682841
19.560400557423662
19.573062638678334
19.619373214473818
19.635091477323467
19.68537457014443
19.69506201643426
19.71129389513362
19.749265956580377
19.804972022884257
19.810976972145294
19.876532844913307
19.904196245158918
19.950847887918616
19.970598629189382
19.976703072045115
20.003774264609138
20.04002886539773
20.084090801547074
20.117382413487086
20.120430652725254
20.210590077374505
20.24765249401376
20.27296302583553
20.3080621275408
20.345277610597698
20.36773399657988
20.411672249829355
20.434134980123787
20.477463851218733
20.51935978472786
20.545549557344913
20.583352839174704
20.637197294682352
20.659097097033253
20.68521779125596
20.713883294989234
20.736098684303418
20.789161380502126
20.863896334885265
20.874482056940742
20.936370776935306
20.96285669064548
20.970439884597322
21.005982879950366
21.08611912824385
21.120826838693947
21.175573696454528
21.208273677876438
21.248641783752237
21.28393436131458
21.33691260963358
21.35633906651158
21.37410366760137
21.431648033633017
21.438862208573486
21.494252528644445
21.51886670099581
21.549848370195356
21.571805564638645
21.607753871611234
21.628143792642742
21.64033026543799
21.719742136209604
21.761143419237108
21.79086180368811
21.799190630558613
21.832349189522162
21.866723902172062
21.89453238859191
21.942833086193332
21.985915106301086
22.011247951213427
22.021791062399114
22.080166385493545
22.165886637488796
22.21813846550734
22.24939126493163
22.257038127780877
22.25993377316848
22.33220854409901
22.362170713147812
22.388963949853668
22.41949723451687
22.48092242771147
22.487758718446802
22.522997730132975
22.580805357778114
22.593465093227724
22.614224663956108
22.67152023655327
22.679272866291118
22.71337782904054
22.776615164055485
22.791321789651256
22.841175215344496
22.864084398009084
22.884340171123185
22.921911997232876
22.96145535049282
22.968876479960638
23.01585540912225
23.08783425152934
23.108474923464556
23.144814272747595
23.164375362100294
23.17490992951336
23.220559256967775
23.245225043977875
23.255228450399372
23.314709123900492
23.358006831400555
23.395684740887226
23.455451461296402
23.47229626090876
23.54458677909392
23.561145363647388
23.625252658286577
23.64567336128737
23.658765567471796
23.7083074389694
23.736475504711006
23.810370287041852
23.866150790135652
23.883903024396883
23.931121999471944
23.95336690282525
23.981621899004605
24.034675820937878
24.060705718647647
24.085273629827956
24.118663482679555
24.158810662882622
24.23447555052853
24.254229554469507
24.290711778708868
24.325947683349337
24.32920641914579
24.407250628352617
24.43434170321114
24.461247496702878
24.51047927318126
24.56279090426305
24.59211636103707
24.62685222285324
24.654169191843437
24.679319704388856
24.713318352022764
24.724433976897274
24.75823686717379
24.77894300022665
24.86793781073927
24.910629929023447
24.953194823559535
24.958019149109532
24.99774878591941
25.025865278594644
25.04180110072456
25.097564374566076
25.14756630120474
25.179597946846588
25.231951490026063
25.2606200830238
25.30023792895325
25.38024394490437
25.435383633803713
25.480954740687682
25.521111685331043
25.64364814041737
25.661089271509343
25.676560764357966
25.715959200338048
25.755320172824796
25.821642630191683
25.830647412217925
25.857546456292987
25.93554277811374
25.971948102339496
26.010417295395296
26.076748743338886
26.101438786021962
26.150969679081403
26.18226872192415
26.24619897506592
26.351577315748546
26.396385140479584
26.419012406314884
26.422541114805394
26.52076747477154
26.539534124735848
26.541832000412192
26.56521976765859
26.63074390988502
26.697029009389837
26.73537015388043
26.773597868365286
26.834754536952794
26.848933316542222
26.864488201956153
26.969352881805673
26.990616325325163
27.02455647788024
27.086607430150156
27.14129926738685
27.150205642064623
27.248391722253604
27.291648767099204
27.335545249947064
27.373487057430605
27.441394720010997
27.499415696002345
27.519347669589855
27.55025733449264
27.64712269160901
27.705083399744602
27.729253870703364
27.755893402023748
27.815371405580063
27.851585652322594
27.901263509886427
27.962359941955558
27.994077942268227
28.03616101888711
28.08097533871523
28.197795909429384
28.216469363232548
28.255578729538033
28.336102092960086
28.348842397626346
28.379634531637656
28.414478370414255
28.557213965379823
28.58189572502135
28.681912115363218
28.74293181701606
28.76439245470197
28.811136439537183
28.88641911741316
28.923631277189912
28.986977655474803
29.091597566950146
29.099991728716997
29.145195421024333
29.240468001991317
29.271926897664144
29.371764995686327
29.395055886303084
29.429773410270087
29.5107327336298
29.556787157530163
29.641213560168733
29.66318279382844
29.712873006661933
29.76176788081955
29.86294631799457
29.905403579755596
29.935511673656872
30.03459691267055
30.075390767370468
30.182143794054817
30.276695939139447
30.384422394221517
30.40190442429471
30.46492790877296
30.575715256403885
30.691498709880356
30.740329754538994
30.78210642289338
30.85461302911977
31.029765576254203
31.06024552827634
31.118134096429444
31.154613684588323
31.23176735607765
31.2834076168416
31.328538487210604
31.37175605282486
31.547344906554084
31.565813300932074
31.606539952245896
31.644880698949443
31.68860449287269
31.73841314209409
31.773032908371558
31.931623817222846
32.05116431002121
32.1649299774843
32.21757744217423
32.25056681932891
32.417995221880076
32.53084011639907
32.646111167570645
32.70076994804887
32.79497288051633
33.12018706268706
33.21183146346623
33.50414944795862
33.6843188580078
33.73200191716427
34.07435316941165
34.57340126838704
35.56548234457084
37.053638093908575
37.13436132284664
