4.2393682705875
4.472158717119622
4.5867435410122415
4.746083649162977
4.854463439095118
12.661404601085472
12.908553148619085
13.014230190350592
13.233177028841629
13.293274425710004
13.381810714163624
13.904804958491363
13.973800994289837
14.110442488192641
14.122709398839232
14.214074614291627
14.319833981861189
14.41777660703132
14.45851373402493
14.562631837557703
14.65859996115505
14.749186876081591
14.7952132734594
14.822670727249493
14.948067952305392
15.031402987555742
15.13883463969278
15.193486041710566
15.293211352466063
15.348412712521474
15.405229826837639
15.450568579580334
15.565274371594088
15.57382434051778
15.672514498778108
15.734239390393778
15.755094244517315
15.82238177581013
15.845484854812701
15.867413676020126
15.98097460735462
15.995699841520338
16.0872190353853
16.152810375996467
16.20749823789748
16.234268945217437
16.311164948613953
16.35449013431253
16.427408637451247
16.49775493874278
16.523521471451666
16.55166868131895
16.593900264989447
16.63079150591081
16.68246172546747
16.777754071378666
16.791172854926536
16.866856176401956
16.888537201121704
16.9319619384571
16.97695780836642
17.049477544900324
17.05566741163157
17.066157797415006
17.161328644452322
17.171845831749952
17.2074230858592
17.261730663825137
17.327855175133
17.335302458902486
17.378689994594193
17.444979094237016
17.485303835723265
17.516333687264318
17.588483620535822
17.648132259814812
17.691387767406095
17.738290243278843
17.774982636499892
17.78501371225184
17.836645056598638
17.853777396056692
17.872853887835312
17.953727732511133
17.968373379002326
17.988643418979077
18.04700914705714
18.123208837474813
18.189108149719658
18.211289623343294
18.252714868151642
18.302803652425116
18.366424741998284
18.401944039671818
18.434787262337448
18.459793218408908
18.505474568165155
18.570885952697758
18.5861457125
18.62948344629427
18.661454119226697
18.722973810860633
18.736238750117398
18.78011973091287
18.86092496765607
18.897455406827916
18.92177017446761
18.964810162599356
18.979126184509337
19.030147625019556
19.0936224491276
19.148068473694327
19.169522045139434
19.234787100451552
19.259069157625095
19.263607158226993
19.325445636637536
19.37364095978898
19.401602549541135
19.427415560673655
19.478168793051335
19.52142948939417
19.54212910263868
19.59526475485702
19.63445899469933
19.64576173719492
19.683566139193644
19.728114383961653
19.74007448468282
19.80036467652812
19.868722064146052
19.917624258962967
19.927018436165618
19.955081620137115
20.040521214298078
20.061706420497547
20.095166809088536
20.14649019746507
20.201576825477957
20.222739695266142
20.252754633233987
20.26561012979972
20.301671763725206
20.32482517772128
20.35214501916595
20.412068660923364
20.495774846134356
20.517063395440065
20.56882638838399
20.621285189439185
20.664940131816145
20.687598482501752
20.71605905176641
20.757268523476682
20.777962911329386
20.815991982302155
20.851688006984546
20.87506151552598
20.895562487418704
20.91579168297566
20.995565149677816
21.02857409568125
21.089923201081692
21.126056497110117
21.136352755255857
21.1652840509828
21.2486298849074
21.2590995931179
21.30049290865348
21.339730190307154
21.35652589175181
21.41826687118907
21.427519739351034
21.518637339948384
21.531949470808577
21.54504004388208
21.580767282528782
21.612109553876962
21.6417211666118
21.68937089812526
21.728127644468355
21.74595143881698
21.779191581718326
21.823840077797886
21.842990574890912
21.90378433190581
21.952680753276656
21.981669526323294
22.012432134394498
22.06408190077694
22.07884639591282
22.135530312834174
22.146008419154786
22.1739982385505
22.216094461341317
22.23908602993479
22.312068792777488
22.345624416883346
22.35250018429101
22.37932342124056
22.418780439433977
22.440690711890507
22.477226075560722
22.519877148702346
22.56024794818987
22.63397918861662
22.65135254950979
22.686134481904332
22.742414396795013
22.806115633667325
22.86080945243799
22.874551558486917
22.911732793110907
22.962638287507772
22.994574024352058
23.03574212695825
23.057872635749256
23.073019524902495
23.106561718396055
23.15661888704547
23.210157357511854
23.240306390658013
23.260320746428945
23.277180410792514
23.322796339329788
23.355346558250496
23.366741029466116
23.41044590585497
23.446155083776198
23.499851027251253
23.55845738162903
23.59361249445937
23.618239964794764
23.691471586699908
23.72757981489126
23.758290708407124
23.793069461907645
23.812692281160015
23.86453202734284
23.89322727047211
23.94132432391654
23.96602723356522
24.01201875515685
24.061758331363112
24.088740112048885
24.099027811543607
24.167693268690027
24.203278411609435
24.246676071202412
24.311047361656495
24.327864012345213
24.355301989677706
24.37984296109825
24.44840571326229
24.503334517132885
24.541740625480877
24.59979207585326
24.61791532907448
24.638721328853133
24.672898783199738
24.733215318371645
24.770024608048512
24.82247428215056
24.8597615003283
24.9160090052252
24.932646906881086
24.94757044545014
24.98161511915895
25.079688797731905
25.102914574492093
25.123819734223197
25.168400000080492
25.190726681210254
25.284526882399707
25.338523904928365
25.35229229859665
25.397314895948316
25.401664546502804
25.4571304054553
25.503201720435424
25.556802041023214
25.567808444126634
25.616442453647494
25.6515291602428
25.699752905702127
25.715510686375225
25.744286148974425
25.811747574222803
25.876438621756332
25.89869475595714
25.917056165130266
26.004163887188163
26.04174321485771
26.07052563831213
26.10112012127766
26.124899357183477
26.15247742654698
26.176080925489607
26.245481474347088
26.278178168464134
26.337174474266007
26.400034963289002
26.42798155440162
26.501354942528433
26.538660602612918
26.54268944942892
26.56907771656674
26.588879196861395
26.598176622684544
26.642015306213143
26.704726191823294
26.717920322026735
26.786672400824195
26.831586975233094
26.858455300989256
26.8639118050901
26.9256172529103
26.934291588516242
27.003693726474346
27.04764180430424
27.104143296585367
27.177520676199926
27.20992756117496
27.218401704857147
27.25470969439783
27.32667458627402
27.380370920014233
27.448661237035825
27.45479039118789
27.499976859844836
27.533326982412063
27.625999309552643
27.651825282965284
27.702393498413773
27.73157061085065
27.7665038740083
27.826765318970697
27.834293264042156
27.854998987940075
27.93284403669209
28.016153028780113
28.051049063626913
28.070346037708337
28.095291717092493
28.145762504827147
28.166606513843348
28.204211930329993
28.250901278788334
28.2682498829472
28.30696157631134
28.39621788673439
28.43290269922806
28.49446455038854
28.564172438341416
28.58386653063366
28.59821948369066
28.650316990715005
28.713225539546254
28.748991358202595
28.795231547206946
28.87573988411161
28.91471591025255
28.95725658910742
29.01232762165216
29.047682415746056
29.07204035008908
29.11430915348739
29.12156971005329
29.160387493319224
29.255837784541573
29.302783654879367
29.390808227347634
29.432732552772887
29.474002664430902
29.559742438744326
29.58279650714237
29.614880533997496
29.639826895212636
29.700665638559276
29.712486164641597
29.77549933228603
29.843139308488013
29.870626118818794
29.92056258127114
29.966774919418516
30.017519070707646
30.06735513507893
30.100846320666427
30.132422319238366
30.213977392155314
30.25382286908754
30.30637794999756
30.346039988764176
30.384084329820432
30.44162628097926
30.488416780916257
30.56365894202919
30.59171887512922
30.676966059465396
30.73195294441487
30.77152502915361
30.820962778086333
30.871819536526726
30.94589733090307
30.970168356172678
31.019030072132495
31.07091177432133
31.136821130628576
31.209229634744563
31.245039650592688
31.295268628814153
31.32556567946624
31.340595095687515
31.40836680430761
31.42387287791846
31.507740494417437
31.572442445324207
31.590588108158073
31.669889830729034
31.748736219826252
31.788718038531133
31.819903723485698
31.874869167006093
31.898473342031306
31.9581082038143
32.0780235655607
32.12271212714393
32.25104559690875
32.303437502595735
32.41876120544044
32.44184136779123
32.451830463369596
32.57261331907136
32.64873622517598
32.66022381980817
32.774531090620464
32.8516842595249
32.90747165615952
32.988551715843414
33.0276344188254
33.05097454749532
33.11410159118107
33.1958318056979
33.22617912180097
33.45540980307942
33.46485336264233
33.54552410295253
33.583518491111725
33.64806862428584
33.69699422705958
33.7342363491239
33.78772585536409
33.81809093456819
33.86915842657511
33.97633378101832
34.14289676913312
34.17331055034114
34.270856512696035
34.366620366729315
34.38641335851531
34.514129518336915
34.59474120048199
34.63821950845484
34.80866259157228
34.86508703908692
34.94390153743185
35.03383648826803
35.10044568507213
35.2291619153943
35.31373231763448
35.347585497186444
35.422875316533535
35.50783341684383
35.60899269128254
35.719337360845294
35.813848031225774
35.87162506568372
36.07673889719554
36.15098387257231
36.170976499782945
36.27492013831442
36.450621961018435
36.485249543254795
36.68249904637595
36.915561837095666
36.923648541586005
36.99528124909871
37.33841419914431
37.41122489532081
37.49947512086076
37.65836113031171
37.73643557320464
37.8511520820874
38.203119818693274
38.24888617545257
38.51588262004868
38.59929473524728
38.93874098800546
39.024808522909105
