4.08201980016748
4.1065059928361896
4.50518623919719
4.899735150948033
5.20492025728922
12.533925284443116
12.942678198223858
13.255288219904996
13.458285325587404
13.478905816648394
13.704912128836261
13.774444144742473
13.961950950152584
14.16437445269019
14.277195078128601
14.348288359423508
14.416577505802993
14.52495290930365
14.569062255447536
14.581913656680504
14.712703393108072
14.85595876054138
14.919288984364416
15.017452611640882
15.110770627805444
15.252558764517085
15.33215214678616
15.407119917384472
15.451302614572828
15.512570719229739
15.543186727042158
15.60512857688465
15.672790084174244
15.72973782142915
15.765867844428247
15.852022423791126
15.992349592599178
16.03584715374123
16.089297189173234
16.184758323665896
16.214240869720978
16.241336497319384
16.293381405497417
16.326060814910136
16.415462438830414
16.44429937079626
16.54141067620872
16.621173986880414
16.66197736779836
16.689840981277296
16.726290875660677
16.837336544303668
16.903721795591597
16.95269215196311
17.000563138466873
17.025354281647186
17.10372616326779
17.13152684128887
17.17467031983684
17.267711941024775
17.28800456434479
17.356589435921613
17.361537696709934
17.40832241888037
17.49316540839689
17.537631681960285
17.549341244717567
17.599273213241073
17.6583934719027
17.684821931120016
17.723356088011567
17.739128933499188
17.756601136215753
17.8009715033126
17.868512809064864
17.93943101024502
17.97813441451122
18.005613506715214
18.040573879035243
18.0909496769388
18.112161982218563
18.178633202358665
18.205991094141996
18.279640175080363
18.29729833405508
18.334908388048074
18.382292975944893
18.47226891914481
18.51316131571688
18.550711087806764
18.58726443976268
18.61875903365036
18.631661377437727
18.682808939074604
18.71107114269379
18.757363151376385
18.806406906738495
18.86435948791735
18.867972906596183
18.903911463175238
18.950793600318338
19.002002611447786
19.052770099384972
19.100211143738363
19.126161831500156
19.147047903631307
19.208344822430345
19.241510735985077
19.246273401852672
19.312886313001716
19.34484265066224
19.402324616045572
19.42089259434537
19.504945605131432
19.564643581507607
19.58714239939408
19.621673566802855
19.67439868337093
19.69277656482246
19.70521053681006
19.78235334380998
19.78996778779922
19.868422029378916
19.897828400956616
19.92351757007087
19.966419852537573
20.00589111042911
20.046386979768776
20.06454888190236
20.105501116399708
20.179583038422514
20.19895814375054
20.208430271906234
20.26309545100665
20.31911658305263
20.3484899127381
20.3878483627617
20.421847275329668
20.468639767135254
20.50842811688441
20.529360286641307
20.595448641073972
20.645924608865617
20.674089670030014
20.706931919071057
20.75013401417587
20.816561619615335
20.839921043164654
20.859298009185533
20.91126219530474
20.943445952123284
20.97780347029052
21.043100944617613
21.048281534299
21.069161070144887
21.158440507927246
21.19864668288751
21.228035034069617
21.2980539021504
21.331352438237115
21.361653404791372
21.37769336094128
21.448748247885785
21.47646935912669
21.498394994370095
21.571765616627957
21.62685867173799
21.654443106463464
21.694267418178864
21.704725916986327
21.724560569661588
21.77934312402472
21.82286846553246
21.86071440216287
21.920243876810183
21.944321357584304
21.961146418720595
21.982641038275784
22.01327954673322
22.04614102341947
22.13126604862621
22.201039805533203
22.207620155837617
22.245761249428206
22.263799329755557
22.30518024291373
22.349462997807002
22.4012535558478
22.40361742550259
22.46764607458604
22.487539780938775
22.54963226339725
22.59581978008643
22.627213804370104
22.651040165555745
22.66943124351215
22.716086265473933
22.753820292272465
22.775577710580222
22.805532828830533
22.8528135811635
22.88509252078839
22.902041065737905
22.939983100070773
22.964499628619222
23.018995821513105
23.047933600818777
23.088560508202182
23.115081470996447
23.175133044156418
23.19851690899893
23.26541253253078
23.270148050428496
23.308279416494468
23.351489512208317
23.404185389502633
23.43112399183009
23.4690203876493
23.495563824011622
23.52652513828226
23.577352021335955
23.611901397025896
23.64237947524983
23.676846135338845
23.74246437805651
23.777214969273295
23.799139935999825
23.893327900101085
23.89878245970314
23.937698013508392
24.001389935855585
24.017535829863473
24.05091196339311
24.09272706242619
24.135969393332676
24.159516396334652
24.200194666042965
24.23263110637787
24.252384744988994
24.32278452773488
24.359380642360534
24.41439894449421
24.460445603243688
24.512819627714
24.540898732952876
24.558663910917193
24.60251432488098
24.628110229352142
24.660800368897302
24.692553371933347
24.72775982861621
24.793102821985954
24.814676122220245
24.837759237916792
24.852217946483208
24.869986712265078
24.957342541062797
24.99804383541313
25.038394040913573
25.086043191642354
25.10434086336386
25.110876936504205
25.158042786969823
25.212281821175356
25.245621800588026
25.29215651083588
25.34746468522272
25.36982529313069
25.418998508396054
25.45332526586596
25.4889568801468
25.515171378403775
25.56914040820079
25.62353363996622
25.64139834686826
25.67772309544764
25.698431871061736
25.747768440386164
25.767267972433793
25.842570731431092
25.89257131477468
25.894076611411514
25.96375261999435
26.009102724044304
26.036060217836216
26.051035912051344
26.099444089078144
26.13380412935644
26.171148113514068
26.224576360014172
26.26157420250887
26.30337944833004
26.360360665713316
26.421013916371567
26.471057671924324
26.493568721199107
26.54191640776619
26.58492882661026
26.62591268516663
26.67698837752657
26.70814982519532
26.739867702737374
26.774019385792172
26.80758736781298
26.820909495577403
26.908844330188373
26.928110372148677
26.977753890042504
26.998135402650593
27.0223483443095
27.05010324741421
27.127356206977584
27.19019900679372
27.20426387837503
27.27159386371548
27.28373325111181
27.338222255558446
27.356741221860357
27.405369114041
27.431349380711005
27.48230668506898
27.529337700893787
27.605592877531688
27.610715990196955
27.654384864384177
27.729379470853505
27.746288351011298
27.791808180971447
27.858753681161478
27.873642304683745
27.949100591136137
27.970591430957032
28.009423807649007
28.071766631128998
28.128901861884568
28.15317618938288
28.19215151204622
28.22598305197374
28.262497281113077
28.354645030779306
28.373846849538026
28.38261501884508
28.43024113303342
28.48765883216228
28.552899952040914
28.567136283046
28.60429034452849
28.641919489922767
28.717530868982895
28.7588624925305
28.796339781258993
28.82589778272067
28.892540185703297
28.899236195241993
28.960693039014618
28.987204863232943
29.02537245757912
29.068921359846254
29.122229121072543
29.144864555883817
29.17679100882669
29.206738876358436
29.253192458045874
29.30264979660552
29.317716976001417
29.446797498754112
29.511487466507578
29.535869092167285
29.57987179812082
29.592334006323018
29.645893725256098
29.692905980682344
29.74461259401532
29.816119959148246
29.849532540239938
29.894311617466812
29.905494580478745
29.938807166124146
30.010217866982835
30.07579684537668
30.092008269918647
30.16618547688295
30.205609081548182
30.245115661540655
30.323564033656
30.354099185453688
30.387732857609
30.426677086379577
30.463579415440226
30.50000379010594
30.6319336082222
30.65781964077031
30.717901628264
30.753866221864204
30.80547585772815
30.832983205632505
30.877296097818856
30.919733216375473
30.986609956834574
31.049843839087732
31.092726777582698
31.153557443677386
31.216635619220497
31.279673043770206
31.29035729370365
31.343406021670003
31.357942176531377
31.38319969253817
31.452868498589282
31.479982041088153
31.551067554225718
31.602098736164393
31.694661204270716
31.699386001064372
31.75810362381122
31.773228714202094
31.835287268858504
31.9378015183301
31.96900049104043
32.05311582787345
32.10472517882048
32.119173590938324
32.172728765255826
32.2680273782624
32.30400740966276
32.36418230798778
32.41995485921202
32.47459119208521
32.52403748050419
32.618218452562814
32.66770041647447
32.76035894284382
32.78058639336141
32.85381775382566
32.89458475772784
32.92901024325408
33.05958524870368
33.101669549997794
33.14496628829018
33.25494962988937
33.26368856582401
33.34850883486025
33.40027796592813
33.50510360516451
33.52173890860393
33.55988048727559
33.6497487766105
33.69891778989777
33.723960297704984
33.85356007393667
33.88698043028797
34.02039274893679
34.048312183283116
34.22595425770182
34.329793376472885
34.405514964391394
34.517143003602854
34.58838236136274
34.69120686090959
34.75596837612401
34.85793403813725
34.89582087035705
34.951080225850795
34.97658655967474
35.03533347634138
35.0916136233323
35.149185687091524
35.39854635903547
35.425475462150374
35.58618621733828
35.63667545349681
35.690547849043575
35.8264788450835
35.85682964970184
35.91839157316063
35.97658915027874
36.069941904686154
36.18171793926903
36.242955695629384
36.414746641119294
36.45127091379053
36.66916485706345
36.70831601939209
36.85150140830557
36.98406641069071
37.347385928457726
37.594254919283706
37.69706962242416
37.76490685157716
37.89704503657856
38.33692918582444
38.60464318634979
38.92843471460168
39.12733502225699
39.569575327278336
39.79513892095508
40.03514154648037
41.16169267640902
41.82449469702763
