4.09390755718747
4.298785697543441
4.622128487864313
4.775983297314523
4.880062629015785
9.435537507673923
11.798535692747429
11.897049025161255
12.205782199080312
12.473407312348796
12.65118668234498
12.904018717056264
13.196778324484773
13.499603200235395
13.648525385186076
13.707978723744267
13.867378408730172
13.927837376810093
14.018697537754885
14.162971896330498
14.254143475209446
14.341115002151817
14.451810192790347
14.64563397151446
14.741856970200855
14.83887367472923
14.920653112467349
14.962782391292675
14.997348830893715
15.220335848913512
15.239949842594871
15.2797125075319
15.31253169537938
15.41209893995126
15.437880098666582
15.573003194983793
15.641437211186505
15.681599080425638
15.762643656749795
15.777330590198172
15.836613333682715
15.951310565383443
16.000503256952214
16.03171370627836
16.098838492878098
16.122679071285724
16.17603585397075
16.262941330339164
16.30596996356429
16.34770150689493
16.459651368956504
16.520896245368625
16.554533947730565
16.561926731559033
16.593872285743927
16.646090590591747
16.707791648774748
16.721533770386362
16.769613637186733
16.837361675888157
16.94088884061544
16.993946483942352
17.040251786996322
17.04960482676393
17.141442486728106
17.231243657700276
17.259648988619627
17.289968100877818
17.35366851059492
17.447650760258323
17.510987405518566
17.560408881930933
17.619474394008165
17.651965736582337
17.708833988311724
17.767982356913564
17.786874599241756
17.830253075136362
17.887320290316758
17.91694372617469
17.978487164747616
18.035332409361718
18.082107102422672
18.128186204560237
18.15946585371171
18.237670202498155
18.257347506354492
18.301680552834675
18.34910524213237
18.397679630556343
18.45762880722482
18.462462565106375
18.51107629988933
18.53899562769755
18.56039919938037
18.600147271878658
18.64964866150316
18.69503793248033
18.72780367720199
18.745977320803338
18.817953978592087
18.851068215238072
18.880530914701573
18.919533506540233
18.952797789064473
18.967235500547698
19.024916111516564
19.079679095677097
19.091251682719616
19.151277528908132
19.197396897896354
19.269714812934716
19.277938663006008
19.317089851012494
19.36148948391642
19.406498159630427
19.44361909013193
19.511760985398077
19.524840137323697
19.55077716504355
19.59569110790239
19.628452521908525
19.65913546843611
19.716633671143196
19.743761565337493
19.790695969667304
19.80328296100806
19.852582620219433
19.881044600045186
19.92952829211273
20.01756766759796
20.036027868290923
20.081428577472142
20.10272896733266
20.126568818261322
20.209051215547067
20.21915048863799
20.251691133768627
20.281662000793776
20.351854004817632
20.36326147558044
20.384956515699766
20.4431052665203
20.523950804014937
20.58346888154537
20.60417967613333
20.608693555202898
20.69627913694241
20.71958898853939
20.760402163663663
20.81626784011061
20.850292400436878
20.89754291087597
20.924893104271554
20.986815051163564
20.995603208733236
21.007961008346854
21.043641610938987
21.09121604557131
21.12221830645696
21.136317503483447
21.18949549987403
21.23022152764705
21.23970312041444
21.26564267556243
21.330281949573102
21.406572565027133
21.428403464621717
21.46883284471609
21.49885907474109
21.569025138833236
21.580172704823706
21.60803725951276
21.62258697818278
21.662744595828457
21.713466853221654
21.734406642392354
21.786644550157952
21.823473217547956
21.835419063845507
21.887865453802323
21.898998295181013
21.91704271541182
21.95680644611553
21.988795340406014
22.03099455537185
22.043446419416245
22.096065523627875
22.146926820758093
22.175797550911096
22.231061854452392
22.257557615737337
22.273923720529556
22.289624406760122
22.34248802643263
22.390978792090756
22.413693813598137
22.449978022853713
22.48220901600749
22.534910946699604
22.550925728965222
22.558471451010902
22.601792835297182
22.6698073552104
22.746398350645418
22.758382618326817
22.79045539168975
22.808190906978176
22.848830814783618
22.94126381242645
22.978599803160062
23.025423381126743
23.06870601504242
23.084619617549684
23.095705547529604
23.12580854886493
23.142982123625284
23.188425344419965
23.23334332617412
23.275074658934056
23.31071005513415
23.364631665894553
23.367139305486347
23.402457313539923
23.45054704714436
23.49076927091947
23.50433541004992
23.546484030987216
23.56287119566342
23.629675555512016
23.667472623725704
23.671806896326245
23.72094514642388
23.756671711179774
23.792253282547705
23.819878939256096
23.854649497767987
23.880691762239504
23.922313300762685
23.960025671050147
23.99237264278666
24.003326881438422
24.053287662904054
24.096735405033805
24.138674630852762
24.222811496597608
24.24636228919976
24.28128631129419
24.31360218538108
24.37568015460151
24.427663552031273
24.44935585817213
24.493021131302566
24.53417083885559
24.577727096029314
24.620718000918146
24.627562191896818
24.652296045032028
24.682233172812325
24.704143447498215
24.749351701256998
24.773728086832733
24.84935031341734
24.890626318795572
24.951312037448474
24.972469001251707
25.005255690950523
25.02874899726931
25.063657030911685
25.095357818662276
25.120488869489282
25.167185128222236
25.18057288912557
25.222569753930575
25.274794621918975
25.310247011015043
25.34479296158071
25.410022570915103
25.4283480065235
25.448785799757157
25.53080593949728
25.554329287358925
25.573565457743396
25.628173473138094
25.69958597945138
25.750226501433577
25.80074073538011
25.81798660537489
25.862118505982554
25.893650440864235
25.913529276027777
25.949740043220444
26.015007924255627
26.03746344282911
26.11401692801657
26.130661891325666
26.17277528651461
26.178153014645034
26.253467642890058
26.28497425054745
26.320207525451902
26.330399884833632
26.392025867089448
26.41167092619489
26.443829237795473
26.48646918833082
26.492651083714655
26.54906461741977
26.608631758562673
26.671277714676044
26.727207194161682
26.728417570165092
26.758828005185013
26.825443177539047
26.878303029981982
26.949082129584543
26.95693502830428
26.99005067021129
27.01759792507854
27.02555878876893
27.10991534544387
27.149414376926348
27.188840197387137
27.22496989519433
27.251879309030556
27.290077334321555
27.343086038096274
27.36080815973405
27.421115467950663
27.440828018748913
27.467144618585984
27.525505249296668
27.549183111480623
27.58524306224072
27.67160307555492
27.70311105888685
27.755620346406875
27.786723398906613
27.83409857482187
27.908609398680998
27.954207459558717
27.97654555622232
28.01021817291729
28.03019577235591
28.076417039662037
28.126353926813813
28.155583975118933
28.20995827103293
28.253908461893147
28.31590473791016
28.340959004531875
28.39318960014966
28.452513001859792
28.482129114604852
28.49871207857904
28.56209089127201
28.580415822484195
28.621604111365894
28.66736850858402
28.729928117928612
28.758194018984106
28.815460120227005
28.848646232922366
28.88989377362495
28.9634536999147
28.995159028714614
29.02489763022377
29.108641495899267
29.157960654085624
29.197515383762426
29.23474734933919
29.251398354275967
29.335765320120487
29.338083897454403
29.353866885055158
29.381716293976236
29.440380822961107
29.45655408400987
29.598616901127627
29.630198772651053
29.700046212905896
29.709018760610903
29.780005374186462
29.8169004846987
29.874486516718278
29.91907255059314
29.95614299793775
30.0023937731737
30.12999605300861
30.16056105449663
30.18989651946616
30.219606520205534
30.28222368094325
30.335317318465567
30.435141819177414
30.494881834575967
30.508088844847776
30.565466050996438
30.5953206655931
30.62317737845342
30.642762956474378
30.745018126187976
30.79444863783109
30.83029401191719
30.864764247297217
30.90308597295749
30.95011497259037
31.009675086249143
31.05660734735944
31.078378626191327
31.19228196486686
31.234795715965408
31.255165670348372
31.276724999444042
31.30468908084356
31.42206818169763
31.433737142735552
31.486784758247914
31.55078291657237
31.60079021007824
31.750802665164944
31.814229669562195
31.864538359148067
31.894633114711624
31.97996709321744
31.9989344279136
32.04916438699208
32.14977463703989
32.21040036400903
32.27448902207844
32.383546994477236
32.405271475763186
32.42474122589448
32.44337182269944
32.52434871366115
32.603933386679934
32.69398804079209
32.83764527395953
32.848846887900066
32.92430207622671
32.99340820240526
33.04277697339181
33.08268835014275
33.18613754667446
33.24116678236006
33.344832329143046
33.47963399010815
33.53914147894101
33.6163288692067
33.68816326129374
33.75797539978895
33.78939142722281
33.85436330577997
33.86378766892246
34.087991336560094
34.12036131389082
34.213092666024316
34.283132451352536
34.33828390721904
34.45772377695622
34.530497537056455
34.62587687729046
34.67560075108154
34.71335948708966
34.84223409440857
34.9164421840751
35.007637309584176
35.13946588522102
35.238653648631896
35.420158722539924
35.44653631491151
35.53798449251271
35.55723065684757
35.72743392881957
35.8695059223311
35.96721822959624
36.03261183259359
36.29285906363042
36.37908050492593
36.57647225033599
36.62415259396893
36.841697839516904
37.063582135977796
37.14085390409773
37.272299939695
37.470926347692256
37.686549372225976
37.742713813946274
37.84542275490466
38.08522348228073
38.22809930504158
38.47473957418851
38.53430596098367
39.04476022003695
39.60698326846062
39.94736505833649
40.14244914912488
40.507722401430335
41.621487557260615
