0.7615169928596501
0.8620134985584351
0.8725290358775325
0.9253953583565103
1.0848489661829894
8.515232412044634
9.305761464528166
9.49936349942329
9.906952257619347
9.909264853957488
9.979573602811737
10.414253685588012
10.836820465074561
10.992857085612775
11.26047182899525
11.458515353388858
11.489022116155585
11.530817837623513
11.73514418662932
11.777317254676882
11.797330950567668
11.849519842718307
11.95324591610609
12.170525696653053
12.22552501003765
12.300767716046078
12.37528307511577
12.46014041250333
12.466986752123463
12.581381180796761
12.603697943925383
12.645667452844592
12.682241335388502
12.73184231198589
12.810754138543762
12.846709583671858
12.86262665231188
13.060732066607269
13.11818238185671
13.140633978473904
13.179589554316275
13.264528935265457
13.27683693604884
13.46338904610039
13.500507950273922
13.539036825000755
13.613014192835365
13.630642812939803
13.670352935894678
13.708411436342551
13.752576015718404
13.788641430054843
13.801667898384709
13.849952548376768
13.902153794326166
13.968545658018247
13.98614515336423
14.011917563882394
14.037682336064243
14.081508177743094
14.100998949958273
14.184574649959961
14.247449283303721
14.270152927883178
14.348694398813397
14.355803927459243
14.390663498683198
14.466347560192212
14.537652889522057
14.55731089727405
14.59025142416938
14.595859202001762
14.619275997980969
14.680881963654787
14.778200353300724
14.86502354185342
14.884716836738605
14.93891357240948
14.946458821288015
14.978347066065217
15.026492974375591
15.049588264529001
15.072207473308588
15.127627801929032
15.180099310220218
15.22800127799739
15.25874383764744
15.29472071530658
15.300116473965952
15.372589281354712
15.389162913905308
15.462791262982206
15.49421935058443
15.523468495296708
15.54567627843636
15.55559523103254
15.641033710459999
15.68768237649229
15.6987323215791
15.773308989978812
15.817009050640996
15.860919212823607
15.920220239081763
15.93909257757338
16.008868899151004
16.014962157783497
16.072039245638898
16.147331964153885
16.170893343265686
16.231218209427517
16.244028476537117
16.29512341686383
16.314042931809297
16.364398806674227
16.404416659279295
16.41527643849796
16.449130721680206
16.490413862269715
16.52094854394518
16.546814538273654
16.62657634237253
16.644645821601333
16.691281784863495
16.71765496706035
16.742939987881403
16.770982672428378
16.82583843899743
16.8579972047636
16.87525739419287
16.952788131938323
16.95924634678595
16.985587422119913
17.01031856487764
17.075420764200484
17.146374640837667
17.150027109652136
17.194528151286143
17.243824749046073
17.26868769299991
17.315918683704677
17.347575890855328
17.370804540977264
17.3781833425776
17.422606534240845
17.43970661035217
17.500853627150796
17.5224918317648
17.555449281928016
17.605174814565075
17.65564349303167
17.71108860518615
17.757378586631315
17.793434612636545
17.844363698537535
17.8476341386843
17.890510956555307
17.938629846741858
17.953099960801445
18.00183218548313
18.03311449598177
18.056314715047822
18.08263092178848
18.119116083556996
18.162636354456534
18.1776099086985
18.252328610534192
18.28332683792721
18.30101939097063
18.31479540624116
18.34366162593267
18.40776126288059
18.416395729116065
18.52424706873143
18.535439771608743
18.578305384017593
18.652114238678294
18.658043858382023
18.715243820695093
18.737244948089906
18.78047893183134
18.846505233143322
18.859129265572395
18.883913757934483
18.914489150815342
18.934010296329294
18.969712795164035
19.02300054173992
19.06126329661181
19.070257523683136
19.114325702470573
19.151342580034633
19.186881581451363
19.20094363242309
19.23359291756233
19.291511377124056
19.298079474377428
19.311439542147113
19.377162626846033
19.434550211873496
19.44318240651809
19.521202930058692
19.55136392889962
19.597734808168656
19.646961905362616
19.667172467595623
19.70552440885001
19.717983374003502
19.748229447333454
19.787719410679966
19.804203891902453
19.859888909273497
19.911246244693885
19.95437377021334
19.991411076749404
20.027402497400722
20.04403044201352
20.11642550321598
20.14448533057134
20.16360725483626
20.209611125843466
20.215770469170447
20.230077915881115
20.30197379958673
20.367756345488054
20.376682044377514
20.432183903244113
20.448673001222545
20.514486604308797
20.53652681477358
20.56598556773351
20.590081025427633
20.639769106376313
20.65774718632741
20.70329932020036
20.70629698237209
20.733760925917185
20.80599546302031
20.868376611476176
20.920628577376522
20.941696738924396
20.98925126626189
21.003659591470146
21.054135757273794
21.097891498167066
21.127591333007523
21.146550470565906
21.19124677387462
21.247112753298115
21.252880913513202
21.293813919680346
21.32382617933813
21.34147769288513
21.346816257062258
21.38080104682844
21.40485120465906
21.446293081197176
21.486270406548865
21.527331444339456
21.597017955727498
21.62096544632234
21.639661609287455
21.693089672792993
21.739957873359916
21.753288187627728
21.762444384620935
21.788237726297723
21.8076799776054
21.822105743563654
21.891060471808785
21.925779833344468
21.96058823024463
22.02292568383494
22.047295821477796
22.111833408335873
22.120850049494486
22.162986414041573
22.191683102265593
22.239997074960407
22.26614786984363
22.31636941421192
22.324419537254748
22.3584644969335
22.38572392778713
22.423711391428096
22.520167706120112
22.55253257161643
22.609437124248846
22.61729783584858
22.694685654330808
22.714691855002787
22.752954958548067
22.755814733083028
22.803546814657402
22.84689232110602
22.869628840046218
22.92182454788384
22.953843480071058
22.962869216150292
23.033038405702783
23.051829663790347
23.141302519798263
23.171344626912163
23.195026977206894
23.237928869739036
23.269136252492594
23.338755777359715
23.388232641709283
23.42049820936136
23.470807990506078
23.489631942524564
23.52789136424255
23.556979425180785
23.606826496811937
23.635726258121302
23.67077150250029
23.735115939473307
23.75928833619164
23.76425337779495
23.818781065390652
23.84623630383546
23.873810749081724
23.889256102749545
23.95302744508101
23.96937512082907
23.999455330504357
24.057038791651095
24.07814631228171
24.107848221790928
24.138887145529637
24.17032252046198
24.24911599420148
24.282077184810387
24.325382983837663
24.413576931633415
24.431885607159373
24.437549696851153
24.50313637679929
24.540474757753973
24.5666128330572
24.605806366704954
24.63380244429021
24.68911018702571
24.71471119539662
24.733929273966186
24.791681263516377
24.822541567486624
24.859034938910092
24.909858290334082
24.918845483794367
24.942815851700797
24.98864211119968
25.005877604887207
25.053079806737497
25.117260831769972
25.16025799570036
25.194978349658594
25.214892953007475
25.282584058071993
25.2918199086426
25.372716980379845
25.39508824033729
25.448714776300374
25.492489763352797
25.506702840663735
25.545437262593
25.61065140821543
25.636297132461372
25.682851067387034
25.739246139509216
25.786153597953337
25.81030739065451
25.834343292168096
25.893055771187562
25.94421809813786
25.99021129406245
26.02940194018071
26.04353679349151
26.118225237839873
26.145816512608402
26.18503214414909
26.264612643653958
26.282000731636717
26.31282829720529
26.37345672745406
26.404259696056897
26.44911665542851
26.479158919146826
26.49050993776131
26.515807395808558
26.5577608268327
26.566049956187175
26.67688889192494
26.71234616272611
26.737738560914604
26.79114409213009
26.846247392615258
26.905074082383585
26.909781722556378
26.933818691827348
27.024969453825726
27.081360629209357
27.11458332594179
27.156235735787455
27.19998764256388
27.239250345955153
27.272915317182918
27.361177448837115
27.436512895829523
27.4414911389698
27.468876679598587
27.548487680531515
27.56569166768809
27.586658853065217
27.64562909067511
27.67100643999772
27.718262452717457
27.775452417373838
27.84811689299996
27.85767996630249
27.909940383579844
27.97533649493313
28.036288762404645
28.101101201743514
28.17504528657555
28.26135381053231
28.295583237987227
28.342755263798384
28.403699251184605
28.44326372383627
28.483408447841686
28.53964939588762
28.55450651335715
28.631468764226124
28.64688559928218
28.690576870590746
28.711648331037715
28.774507612071773
28.866394746344984
28.908916443538615
28.987820383845882
29.0832717578309
29.14367821612981
29.168240934950788
29.202443448308195
29.212303758750945
29.292928909379626
29.31268491330585
29.343090278261798
29.473551938735085
29.5355358919804
29.615809798029805
29.62746173429562
29.68159241387124
29.73577598849851
29.784174391477375
29.851198854419785
29.896499146640437
30.06606120550178
30.103440822685265
30.167919838387395
30.183411926956705
30.237896276182603
30.341946069677824
30.37129528436857
30.452502826773422
30.51381687726818
30.626637752509872
30.6559976916042
30.783106837488557
30.827045174842574
30.88478982871303
30.996420764535184
31.179170380733495
31.18843730512951
31.281134839355996
31.351455465178326
31.380122457593718
31.64810742459106
31.678603665268714
31.788197186937513
31.832324044996046
31.88498802193496
31.999730090016683
32.072657997204594
32.07834972242881
32.09947087782487
32.19044569685345
32.370766976305596
32.415906917362015
32.617408280997765
32.861819447497645
32.93954135482642
32.9607132092699
33.09993326579161
33.25507201059957
33.336531457587014
33.534348485283815
33.70646353782299
34.5090009774104
