3.91558422403134
4.1263197554696
4.313821621566991
4.86854766308319
4.962431880488871
11.76689436527565
11.941092302046147
12.980174833101977
13.498308424566888
13.685547510687778
13.81154070287984
13.882419780759882
14.017930923046164
14.075252061503361
14.237808539546153
14.37968621248206
14.485614197992577
14.666330685290811
14.756944858046042
14.825746710586223
14.938452243138412
14.954786258449516
15.017801229463405
15.114063406565995
15.130892224875298
15.16518660473455
15.264276021380036
15.402135930176737
15.464039913683475
15.559914312858641
15.634296577546307
15.713107495395764
15.769567198227852
15.899726951317744
16.00945292716031
16.045496421044046
16.085459146056923
16.12852930497708
16.16471515256226
16.29784721202618
16.31700837142102
16.369079610290253
16.467440544177133
16.531169996882156
16.571440958643084
16.59996274024358
16.670589030736615
16.74324976427638
16.7993447061305
16.823319146412697
16.89057158226021
16.899281522205236
16.96359902965377
17.022257386666915
17.051205622977438
17.109618784959626
17.140445013889085
17.19650851214358
17.227573145460266
17.302827484980877
17.327032057997638
17.372445979264853
17.412826164189006
17.483582764684243
17.567577469726356
17.600132002126163
17.601030217564713
17.709833402239788
17.75451307957609
17.810724505685837
17.83781714101565
17.892813747834463
17.976785286026956
18.01112107691148
18.04744059517446
18.09749443587763
18.109967898780745
18.161239145240092
18.19269331905003
18.22278261855789
18.300907173556123
18.30854815937445
18.351941596642977
18.37859848046405
18.40020213548262
18.45369607442779
18.507880050321877
18.55419930880268
18.607819837831943
18.681985171508135
18.694119313754616
18.70751545368007
18.815123554858864
18.829818152549176
18.871350894189796
18.922069721824588
18.942539336567073
18.956930566022997
19.023727893211007
19.06329997154984
19.09772361075816
19.154990618916095
19.165703364412643
19.186811711042306
19.20117395317498
19.294673417737904
19.350857182818668
19.385711311297555
19.439776516196023
19.49616878226967
19.550917805096088
19.57600509782652
19.6059923495147
19.628972698262967
19.688478388597034
19.74829277757673
19.76461663227811
19.791780644925957
19.869375033912895
19.90110860194029
19.947408684816374
19.982911632669474
19.988323384796587
20.01866540954344
20.064296745456122
20.109359347394744
20.148580909573287
20.166532441998562
20.244769290128954
20.286769094587555
20.311325072407683
20.383559970980446
20.41749447496685
20.42399309164121
20.470448130679127
20.55008673593318
20.611315169178752
20.619880289391013
20.660546946181228
20.677978640483314
20.71165745388621
20.770796437489487
20.793055811855183
20.83837336290583
20.896972674440878
20.93844584300079
20.9499795079739
21.026848485487584
21.039404727443248
21.093945721719237
21.172783324857495
21.219210071300473
21.234439815586754
21.291184225285132
21.316483819987596
21.344189105308104
21.378034620902564
21.4616800160108
21.48995552530268
21.500790678329327
21.53505423112414
21.593420165353262
21.627473221258672
21.656169444299664
21.690427124472485
21.720527467487546
21.76583756700951
21.791950469344602
21.821373206998665
21.839816717002204
21.88988580904686
21.916901523305008
21.93839552687579
21.985078851163316
22.00879943582198
22.06286956141266
22.09957132855196
22.17037622678007
22.215699199130043
22.219663078998764
22.30943804135735
22.331905721397565
22.348215899227363
22.39421565763135
22.420260411559248
22.433142466957506
22.44708544620791
22.515707918208296
22.549989138202292
22.590927723435055
22.609910358541566
22.655700707668203
22.70811157275027
22.72950389428196
22.74717454651858
22.810614351995735
22.834035229824096
22.846521835973345
22.855626669551672
22.902924789178424
22.9697065386052
22.997698887315114
23.0005175676424
23.030329029823704
23.10607061428239
23.137249859611636
23.16884998267961
23.182372455847815
23.264503487819052
23.311134533857402
23.342132129551683
23.34752423952096
23.41998647038189
23.4361068395087
23.44875681112124
23.498340231167234
23.548013396996204
23.594471987591138
23.632980489996154
23.649202153693423
23.68355305462189
23.723929916194407
23.78545689610385
23.801114038295456
23.84078328146219
23.866113744424574
23.90224922075218
23.914258263190792
23.954694219534733
24.012775086943794
24.02338310517423
24.078501889542995
24.093150140098125
24.13234280226231
24.137530370434394
24.194539583619704
24.263057954242107
24.269644035963736
24.32055183902351
24.34849772821271
24.403345781636833
24.429736680339094
24.472801017369626
24.48880462479358
24.53830598748416
24.570548386092057
24.661789845267165
24.694406912529317
24.707905941010463
24.744614455861548
24.773610755171312
24.79671315257048
24.839672904549644
24.862695380086524
24.877424459105004
24.955210123148685
25.007844886313407
25.037371482956168
25.048309014941523
25.111588409077232
25.147847694154216
25.185380455538997
25.22561968374069
25.28248476775154
25.300213694753637
25.3122079984442
25.337974243050034
25.43058122952224
25.46072143762729
25.495839752959263
25.52232974015262
25.54638078782777
25.56737967249446
25.69847700362887
25.707436468819463
25.73951556982828
25.77188149350759
25.84960234739537
25.868201200141026
25.89549185526366
25.92132228849348
25.98203515849768
26.01369356634048
26.057160248012305
26.073471047439778
26.12195107157017
26.170515521599544
26.19966241397976
26.231065180223496
26.283820125797835
26.308826334226406
26.365443475766394
26.390456774608573
26.411005789445863
26.443622962502776
26.480800097031324
26.55294714774711
26.60332230272119
26.613349071740952
26.675609922834226
26.715245878075105
26.7306532124641
26.774094692956055
26.780682444263775
26.815071423779166
26.878638922135227
26.93192254175322
26.963818072934483
26.993277587089768
27.001958467739456
27.08436827606006
27.114826171962147
27.153371159988932
27.171793600971004
27.22267348607949
27.28639104332069
27.32191826370479
27.377724098825254
27.392794102840814
27.42858358087107
27.44920008490339
27.493256961679332
27.597390651318527
27.61032112786476
27.63838511929644
27.747518547711664
27.785926018196523
27.83427138219244
27.858397003238228
27.877392168897664
27.93605527477361
27.96046752644421
28.00019524565129
28.05587939136431
28.08342863800239
28.136529340365637
28.14268877039802
28.215340297854283
28.257830359228198
28.272888858098685
28.326023761660235
28.35538636752262
28.417800121761616
28.498648433457085
28.525377221083904
28.563368655257662
28.595539855553632
28.60120617194829
28.639689684229047
28.713453895837585
28.74217361771756
28.78047918215337
28.81957752211845
28.834140444335006
28.902447234149616
28.94034313148572
28.977095632956264
29.015419735072832
29.0863529517805
29.12018215894422
29.16350903846022
29.223915910298718
29.247008365760102
29.311939299713014
29.357742974197798
29.390834680308032
29.406198329520457
29.440550155683525
29.494584151596708
29.54660253545459
29.631823628671306
29.645686167830856
29.68463585733063
29.720583433942334
29.736716716918316
29.81536748121198
29.892048102324882
29.937884916935875
29.98354053094662
30.03448345470565
30.05101352030431
30.082096208651976
30.114825506486763
30.14431733862467
30.21076470781173
30.253083074131965
30.31234350750024
30.336210724798054
30.393013015023953
30.41942423154286
30.486891523134428
30.56672363679132
30.568220596380574
30.62528911300528
30.67441678596455
30.725224373414065
30.732172985530422
30.768586194318043
30.845652433762037
30.911194084339748
30.960894572472167
30.969194294080616
31.00892460649837
31.08580778332757
31.164414542903412
31.21061804654601
31.24095956061725
31.31323237215432
31.38259632598009
31.458923175897286
31.49362905536899
31.546005916754236
31.59457854981908
31.62671847569103
31.719845331150474
31.74911887722915
31.79863100296655
31.81103800884823
31.895290881748412
31.912318217385845
31.99166010498624
32.027955093672595
32.11619787604392
32.15161003271177
32.235592620812646
32.2616337469898
32.33166573059401
32.42053860893638
32.43539794668
32.474581218510195
32.56448794020901
32.613268257052766
32.67064007118331
32.75312129678042
32.778707768258485
32.87015711777023
32.90820229920997
32.96891066477178
33.03268951584221
33.134012239704944
33.161700176337725
33.21925221984282
33.27119048917041
33.3191414398196
33.38350738174173
33.47330102217835
33.50598534692976
33.54251479651664
33.67441142789562
33.71600175203395
33.80833203857279
33.85419914949121
33.96052875413037
34.03698396590072
34.08725109221971
34.140939935579176
34.27813560866116
34.3911335908357
34.41233672781213
34.44120574709052
34.57850375665947
34.650404746550585
34.717642179033966
34.83379713691465
34.87424227753592
34.96650322588129
35.05567392196386
35.15011423979163
35.167941142971905
35.23535674873985
35.38341460998667
35.43156369371501
35.557384902358706
35.638011473812426
35.76856206408994
35.84613193901386
35.94558080560356
36.07074331511278
36.1537259002524
36.1970216315122
36.30896442684512
36.473700405484216
36.6149625862174
36.767728571305256
36.954949524962444
36.97651123135665
37.13124817685429
37.19284988457928
37.31642062343229
37.44552498345624
37.75728497620467
37.99809168356777
38.14206899247027
38.227108930903896
38.3782320450626
38.660185802042214
38.8344641124746
39.08054868358096
39.76132247554762
