4.14783999513436
4.376102039248149
4.515667997921929
4.826084039036539
4.8804355528766505
11.259001193147792
12.877930488414382
12.96636962384179
13.082002886513372
13.472238398927026
13.735462333925504
13.884445036322212
14.043657183907623
14.14805125445768
14.22364886720849
14.351514573201264
14.42838251469155
14.505201996496208
14.556795329545547
14.656999934684945
14.757071337561582
14.800432198685936
14.932632836027244
14.949169865788743
15.049446786811416
15.089130899170144
15.194782788352915
15.28919455911198
15.331833016441168
15.406204196214475
15.463518425456398
15.510667876212318
15.600492078975895
15.65558982196708
15.726820021850823
15.768251623516697
15.78987890411928
15.873935592885553
15.958747303811572
16.02125427047635
16.072590562858203
16.110373045853994
16.189903496639545
16.24588352162289
16.275002741190807
16.305895538112082
16.382507590580047
16.40772999212376
16.44844831783931
16.53391858307303
16.542991336452868
16.665756152631623
16.68659965069864
16.781275002913496
16.815933835698907
16.853837538633915
16.91009432919061
16.93793505706922
17.000160393349
17.055721372871332
17.125219554729597
17.16642252695746
17.221220760856827
17.244660163076674
17.31755885928596
17.35834790737562
17.42137197877691
17.441388384946535
17.483639455980295
17.55407149616046
17.624805622351833
17.66279972004682
17.674791663587648
17.685265467042196
17.783946841975244
17.81523201009758
17.843929427222275
17.85116607145771
17.889245599996983
17.93375672340387
17.95294270909041
18.009638513381102
18.072693534792382
18.135924255856892
18.15043304821864
18.205355449512215
18.226807050831393
18.282473669711095
18.29106074963666
18.316250582765626
18.347854219442144
18.379996637618905
18.43753743279014
18.550687052814645
18.598334261822608
18.635144772834696
18.6417247349413
18.68165750558114
18.73862792124153
18.747506384757127
18.8093854891907
18.848905212211033
18.864629041034366
18.891708297099623
18.921645329790927
18.994418114062256
19.028655166015138
19.072885472489236
19.092740779075267
19.188297962847265
19.245985813644268
19.266065986780827
19.290369193545107
19.335599794485738
19.37127350443266
19.417971774944995
19.459761357904107
19.484340846409612
19.51287423021382
19.578691050247794
19.619202674306184
19.661494782190893
19.698716715912575
19.72739107079113
19.775195746972976
19.82769077545411
19.85254423259625
19.899593970883156
19.928947980934673
19.957437350655148
19.988357407643555
20.06255173608456
20.082716151216083
20.12187106900564
20.16412954788946
20.18899677106639
20.216463630273157
20.25972791624894
20.27111697042454
20.34188287074538
20.383073575626725
20.408248402254017
20.4526498678461
20.462506453946364
20.517819411545755
20.5353694477086
20.5929657452267
20.624313747343336
20.708588448252343
20.737329350256836
20.770344627698467
20.776468012242876
20.838722463613813
20.86950736177162
20.887681967002525
20.933366398441375
20.966894136892538
21.042558223033907
21.085613507441007
21.115148686625517
21.143816718892644
21.162521253450475
21.216278720450447
21.27147475657933
21.299370593276542
21.357200984278606
21.36400027818121
21.420405850064775
21.481247990824542
21.50495497114769
21.553241714691836
21.58831526901468
21.59626705880065
21.654943409687327
21.68295383873607
21.735229008878484
21.765215032542258
21.807302096953414
21.877221919757073
21.912895581445948
21.952856852279027
21.966662831006172
22.001148054683885
22.017135551766977
22.039758534452307
22.09928579217569
22.151136503481435
22.166350659298548
22.219171089468237
22.24864706611051
22.269775954738474
22.35362235493367
22.381964177323127
22.404929043701774
22.465094299536478
22.484659873210102
22.509468037630143
22.559795483305056
22.627245517989255
22.634421990922696
22.678013733675787
22.71351204510704
22.72247318252127
22.774420608865864
22.80060521559881
22.8546142515752
22.901771547571798
22.91448712055988
22.95532279864603
22.996728484499865
23.02273720069994
23.042798305568155
23.1113548219338
23.134509807012538
23.202793001438106
23.26026107778643
23.30304591648504
23.324309648443478
23.349633971542247
23.395213481568977
23.48084692300166
23.48377263587083
23.504471121024253
23.53930020160696
23.57201172689485
23.604307921358394
23.614394653040407
23.687160849920915
23.695415579685577
23.755136655326872
23.789819200428695
23.837844786144107
23.84963881833254
23.88026266482988
23.910805094639034
23.928442036564878
23.980920689875948
23.984063871692673
24.037703438755354
24.065448689429612
24.098366114073706
24.15448296208005
24.18726284852569
24.225299628304676
24.240585061838416
24.290573056087307
24.36695423937085
24.41764843311205
24.419559402165824
24.436270495738356
24.479689997591077
24.485121688702495
24.55505298559547
24.592426067021442
24.67424492009488
24.719564347357604
24.752009896190973
24.782281274630655
24.828580447033296
24.847871874523545
24.86958305039408
24.872711440451972
24.94374135913203
24.9951077873018
25.013592827471218
25.017500611318873
25.05257969857953
25.076989841332804
25.140729035353424
25.191682642012683
25.2020375245671
25.2388865511292
25.270767882594214
25.31410727275051
25.381056952281007
25.39893693067683
25.448955104007975
25.48914453495454
25.518506940112452
25.545081897180946
25.60116484782988
25.616924343834498
25.673302782805727
25.74770989783791
25.800732460525577
25.8394271082533
25.850619991083274
25.88568736089411
25.95769468212575
25.985313251002776
26.033928455505613
26.034480392444593
26.090540222493434
26.11227827930184
26.163021430369312
26.207503971874583
26.21788886241964
26.270599713631945
26.29698503626913
26.386238765566144
26.45674631847066
26.490682809371428
26.500094046456677
26.524487179548096
26.542076502014552
26.62069547660912
26.674544104977187
26.69295687621043
26.7158178189753
26.78509294331522
26.818883283791717
26.830772060853324
26.910372325052833
26.94318780613123
26.99099364822087
27.006650666443225
27.02037651429075
27.092944975734923
27.116644629493113
27.14348991186311
27.180909819556057
27.223314844361727
27.287804944328386
27.32577229876612
27.3931610377583
27.410773690369105
27.441949777036157
27.48073695092383
27.496534989411025
27.564473105694713
27.5774591630201
27.635457637404535
27.6940280874569
27.72842793864882
27.775545456718735
27.828442201954275
27.882408577834177
27.981934716026974
28.003122358073526
28.05323654581332
28.09402131656546
28.111699652711756
28.16544052407997
28.193703037874037
28.239689046326575
28.272164399287735
28.319559413983885
28.35248129275804
28.379250891701574
28.45174421696354
28.492195464057176
28.539961477300853
28.56872177587606
28.606261219888232
28.667443202089576
28.69095452060991
28.78573605677779
28.803818208918948
28.83212883117145
28.857838478481813
28.916529016431163
28.982632215076848
29.04348320195012
29.05040539988872
29.122114835850308
29.1751973623724
29.19503607132257
29.22677094848349
29.25217763838402
29.350581039544412
29.369529394987847
29.431012326519937
29.46841867924499
29.498083089866814
29.5240065291466
29.616759601141982
29.65010693682546
29.689562011586858
29.74107566305161
29.814537839248324
29.83148213571413
29.86256396880697
29.93615605318945
29.973491597117263
30.008782843522532
30.08321123597573
30.14016822834555
30.151370144382305
30.178201705349288
30.24215532910421
30.297120339984914
30.309131314119107
30.390816974560455
30.441481698901462
30.50845070793668
30.55293474018804
30.600483419697458
30.62507953984399
30.67029434984456
30.731936508073915
30.758383995732288
30.80353119800275
30.808172144244352
30.889744039295955
30.92648508079697
30.943958909172846
31.044574738059413
31.128170244633687
31.154216602360975
31.189775828949628
31.21333639030188
31.30460133019229
31.340947887928717
31.37787330213185
31.434474277551512
31.48683378043023
31.520209902335896
31.553811161693922
31.594730748011433
31.70616582621892
31.74262913369035
31.85392028946025
31.874492792504707
31.903976300185953
31.976132807171762
32.05419603574823
32.12649552639523
32.17745780934238
32.22786290363431
32.26493959328155
32.35742216353321
32.40354301591292
32.46987186628226
32.53895541563389
32.57758379207269
32.653589412881324
32.68052610639961
32.78215098004244
32.862831686568065
32.920939825507816
33.00238341665392
33.0580384622721
33.0743455778275
33.151003702022926
33.261194338366224
33.31830334894153
33.3609824044702
33.415588003622126
33.4641016360008
33.52782402240458
33.56672377439114
33.63502157395016
33.70332237200942
33.75293560069224
33.83680287018113
33.940605519141414
34.06847618252922
34.12319328855178
34.1979460734527
34.282813093526705
34.299329985842746
34.36990590306395
34.40384364398169
34.52594024464415
34.61403927120221
34.63798404334147
34.71608449770624
34.847085366500075
34.84992095081258
34.94492683625699
35.06339491520002
35.14473873973196
35.23877760012234
35.3942343870564
35.53007019273169
35.63387966507095
35.72933260570508
35.85779772883258
35.92755412786755
35.967113882998454
35.98077578079448
36.16183735910624
36.368852743456216
36.65183097954123
36.85633695453999
37.04681296039492
37.26290083812004
37.3155176003314
37.447132104242705
37.7406701178218
37.791483312450296
38.23762330740698
38.88978032953127
39.721510378984924
40.07367844765226
40.48024096807749
41.10977123243126
42.13628933758683
42.96044482886592
