0.6927094069579642
0.752025359340077
0.8443052240398349
0.8743879469630225
1.091347819260837
9.216707965334976
9.368274935580315
10.748458709704861
11.404060063866375
11.450978140784185
11.658841458041943
11.736111409836917
11.774284420944127
11.802518342435384
11.86011197713817
12.025071259435455
12.083845637868157
12.166139995967981
12.245763000769704
12.36856606074933
12.435141297992908
12.511592977209048
12.558252356115016
12.736609631034012
12.862096539409377
12.87465105743454
12.92423172911896
12.958378998101878
13.003084245055343
13.02266544278229
13.085819642960454
13.140096676817144
13.170507091610768
13.20845467819862
13.256864324981308
13.323966177925097
13.338718970016682
13.400831350720843
13.488821862221375
13.530723165386798
13.54854447766689
13.551533271514126
13.670666158889823
13.74044428992309
13.805252046178936
13.83718346701756
13.880230084209675
13.945490817252288
14.001762067137353
14.024134896780689
14.066714874930714
14.1098506991535
14.155936042132607
14.207683638553226
14.253486158691977
14.307728870322835
14.321752640854555
14.360311970251063
14.378140850906307
14.398694434923716
14.444272414416682
14.464612966973334
14.52403933822321
14.534233303707648
14.64072856338606
14.691138948093709
14.713827469419895
14.744732996311303
14.769492409984677
14.817964553893404
14.881981884530335
14.934011619633488
15.007495241624333
15.053790076647722
15.08483320680514
15.139052115427026
15.144987073279813
15.217884531316857
15.250934362558775
15.296685448509958
15.33220423366639
15.339113317943948
15.40772065490067
15.416960698930303
15.437981530914655
15.520635200749757
15.531492078287744
15.548342659604153
15.625141763680958
15.642150010193223
15.690571636138948
15.721279948724415
15.767646445434815
15.805003320275851
15.828633312627879
15.86218595386116
15.889887647294307
15.934889988757659
16.005871063889913
16.025069800817604
16.087442850867895
16.140244278136475
16.18487489276285
16.248170904778217
16.27179341966485
16.366108974328373
16.39039871125217
16.402113429549388
16.474430342898113
16.502904912177137
16.510512872920092
16.537750548218828
16.562490712307284
16.575847247376963
16.619997052190993
16.632869272025975
16.667275486874814
16.718005553549336
16.75978407737847
16.802712324415378
16.820659519813447
16.882936467759727
16.95157368224061
16.996241533845648
17.041517504988903
17.057812851773598
17.081155018426347
17.113249659937406
17.18242472367358
17.23643422986983
17.274722326753274
17.316249947239417
17.37162035722034
17.405834654688448
17.444606185409867
17.472839813970747
17.524207670104698
17.597989246253395
17.613711121353415
17.63582603226738
17.686975341961563
17.725139608486362
17.751508038236018
17.78186734213214
17.79929862249214
17.82475060909265
17.844260152939842
17.878467000982152
17.899409604742925
17.96759542217516
17.98706758153606
17.998668175499798
18.061868180869418
18.083249064350206
18.108893193015774
18.11956879798116
18.148013656848892
18.191658743949578
18.22064767027166
18.25604726608173
18.25972787276064
18.313580892502433
18.337394233060763
18.353696642281307
18.400871583097132
18.43938229077537
18.493114564499965
18.54274815979631
18.58319727247828
18.606556328286747
18.651083479677684
18.6901003287848
18.72711891469037
18.739873899438088
18.795581827518365
18.818343705386166
18.918663412969007
18.944506215299818
18.97801786228625
18.992116314257665
19.031972410630097
19.09191262267238
19.10878437291778
19.137465477698555
19.158917844745705
19.217547542797202
19.250142474157453
19.26973652023261
19.306754219867177
19.336268392685657
19.379892505407575
19.38746938027477
19.400946224714573
19.484563040542305
19.5107860743627
19.541125226617414
19.591741387974306
19.620770707941503
19.63019744514869
19.679089561353766
19.716809227714297
19.75012673276431
19.770111040499376
19.802024449606844
19.85309146672234
19.88565861890756
19.903593469212023
19.920405699890306
19.958103189856555
20.01332256677357
20.05994866114154
20.070066129876487
20.083831445730272
20.127579843646863
20.161657430560666
20.226776887138797
20.243650199428487
20.291808562179227
20.32929326745008
20.339287507253058
20.410816943377807
20.440218455974584
20.477976514309788
20.54446646593058
20.587580564608274
20.618312643830844
20.66866612044556
20.688794323176975
20.70952291842689
20.745681249515048
20.773205419117705
20.793183390202866
20.837317886308877
20.88055951314792
20.89200113587299
20.927980027134147
20.96594314466424
21.00590123827034
21.077197744986368
21.09044723319975
21.103176073606317
21.14398327663773
21.185212549302502
21.198822532783282
21.226798875792664
21.277911479033623
21.285455688410178
21.30127624926758
21.361361314572125
21.424548286820208
21.43528147422253
21.455671343006003
21.484090570929066
21.514315863006
21.546517766013118
21.607695771132406
21.635295973191038
21.641275834835024
21.677602748568578
21.725859217822705
21.740335571990403
21.80446306551685
21.82075627372167
21.874078216092023
21.928517642917768
21.978248873874602
22.03576848141286
22.07341121170725
22.099167812351705
22.110513673269615
22.136014185317315
22.192494232155013
22.2073800405213
22.250676331041014
22.267414112614524
22.311099882544738
22.321414527240957
22.350143342943042
22.39659467862156
22.417515670217842
22.483132401532476
22.49021804141736
22.51100185669123
22.567595165975902
22.589760386349365
22.628297524069865
22.70187384670638
22.715769814905546
22.735251604707962
22.786572022027485
22.83310574119809
22.88942040463332
22.933542497772958
22.943643664991384
22.966464763631205
23.018450302357085
23.04268855520651
23.05133133848972
23.080942093396022
23.121467306434013
23.185813765249733
23.224272182499693
23.244263477997954
23.25864697328846
23.289199070257894
23.35374132174044
23.402739497801512
23.436163093168926
23.476929150545953
23.4999714347454
23.547178726051705
23.568743337282704
23.6052986044042
23.708671190932822
23.724886720091174
23.799124649320103
23.828931712932143
23.862190662793623
23.876594622825618
23.88130138599112
23.95319983335343
23.99253730816332
24.002612341706612
24.036417948706237
24.124828343071616
24.16348472173616
24.182133287575795
24.237364330948974
24.295827385003683
24.30511288516539
24.361213556395537
24.39995633578786
24.508782346465615
24.52032975497386
24.55994920135221
24.594393695078654
24.624526153205846
24.636125488752352
24.662495216227633
24.759487039962902
24.79574984185861
24.85796512844266
24.88102795351862
24.917478138893028
24.976873567333126
25.008807904216763
25.023562770150775
25.098290598530948
25.11527965004652
25.132462613341975
25.217952038980446
25.254562123800333
25.306143751092222
25.335749829968538
25.385365336105554
25.4040948066414
25.430227347445864
25.43673314912628
25.519560861605243
25.544600392434873
25.60396068848935
25.62664648953959
25.677665963122962
25.716487743753103
25.739776468243083
25.79892660121711
25.840825836092552
25.860460555475125
25.91937233359548
25.98458016875506
26.00281904285892
26.025041827527957
26.080504652512364
26.129080977853604
26.164995952015406
26.23669572480527
26.318112869069452
26.33360934204712
26.385509021582944
26.415849091237767
26.4424042014763
26.478363262547713
26.52079525234673
26.556889052102974
26.56924936806242
26.628817998278514
26.644566494162117
26.662990304345918
26.678937100224218
26.761846272934037
26.798160342510613
26.86400132748955
26.907448053822158
26.917873535462462
26.973218004699547
27.026980827811073
27.06119948489484
27.11761351991271
27.16331495849778
27.21144155699368
27.24638488167509
27.303582663783967
27.336582026185003
27.35011451569942
27.402450801801724
27.49790103781553
27.515258341278724
27.596268371551893
27.615397919040625
27.66139720267987
27.73327039212197
27.77803269381667
27.85583438706398
27.87886649152627
27.929204112670615
27.984381985847715
28.046233055472943
28.09051468957406
28.098107851066153
28.15841123576295
28.223552646596865
28.254462783037646
28.282631941937158
28.340253408651307
28.412209874973176
28.481157038777873
28.528441063513434
28.57393613528912
28.620029151788405
28.701416793212005
28.748123355155613
28.794612163973948
28.844270398497788
28.87535467202999
28.918117120475028
28.964727718918553
29.00888908856527
29.130949214735843
29.16918075509267
29.228229819105778
29.31085296887957
29.374523178795172
29.442834919068257
29.49494041009811
29.539094914678614
29.566676895853092
29.650771116204368
29.74478136165939
29.77666499270227
29.83755799895945
29.8864464643911
30.0058866008723
30.056055165404196
30.147756116558057
30.225464405730484
30.246720749381286
30.294454043785265
30.327294118981442
30.435911262736855
30.45146780689053
30.501910324102493
30.54289087599215
30.58258363218935
30.646182990231882
30.698785391135367
30.83784275707644
31.032894145628603
31.114064277574
31.190327330193025
31.252166942735528
31.308198729348593
31.3542390499299
31.442361730387855
31.494960366621562
31.63350820866683
31.70306921490274
31.780954967570644
31.83519097970778
31.97582773699259
32.04770025155847
32.09123621325809
32.168272021142926
32.302952466157585
32.37846758783836
32.47892195377579
32.52117955511665
32.66848696366636
33.11183634466179
33.165301249398674
33.28266465460288
33.32057975951105
33.407153014939055
33.59336598599679
33.63261918300988
34.16473341339861
34.23029453139512
34.74777217031627
36.21828598959106
36.29366092911414
