4.2496989876048845
4.372391191901088
4.646502799666535
4.692161970304281
5.057075547722873
12.62657856405018
13.549483802631611
13.6241171824692
13.665436720393975
13.693311313658324
13.743040719202964
13.85166579801216
14.10485396528767
14.280120704258007
14.479399132856871
14.529894462348514
14.646623562122107
14.757775885022575
14.827701473442733
14.88019086267711
14.887102505380295
14.978616044425848
15.114643666460035
15.231151159496083
15.28548946150297
15.334472234232184
15.35932110843764
15.402880934157533
15.472735630118787
15.540306164579368
15.580845237430525
15.623795188493082
15.632556991693852
15.70803387809625
15.791026446760416
15.87737316540192
15.909851561187445
15.957194713897572
16.00047744411361
16.073101044313134
16.12715770341515
16.168722363968516
16.238766652127335
16.321650055148616
16.379874110480483
16.39078447165892
16.421753711520132
16.500827513255132
16.542082935685833
16.567735410072967
16.639856502699175
16.682799457779755
16.792093362659163
16.799605720627238
16.846216697596727
16.915918494553356
16.935606578980277
17.003473600071636
17.03526527551651
17.052538881009465
17.1011083309213
17.186051030139822
17.205913457191937
17.242448670773385
17.29547644517546
17.37309542510865
17.420898644927192
17.429016032927976
17.501115789244313
17.53772619054649
17.586248108021042
17.632802936703474
17.674668125787647
17.706753126197412
17.73186621453809
17.806363354307873
17.837986501685812
17.905984501470144
17.91884333515984
17.964934884851548
18.018787618884392
18.074491515945525
18.13969014258671
18.156625739516283
18.17621580412032
18.209873775012248
18.246059340629976
18.303289807944406
18.3866697465154
18.42669033350356
18.458599901338534
18.510369955350612
18.581687582268675
18.62357968856398
18.64469663143094
18.672470307712256
18.743082481630896
18.775344591743224
18.796144749473374
18.82309549141493
18.854295481555038
18.912199210243585
18.92968329802602
18.9515652836606
18.965988137541235
19.081732051682135
19.139653400837872
19.15269257759263
19.21866880365294
19.24322337697315
19.26864755419141
19.352894646350403
19.400518477005107
19.42010845578485
19.428696205333782
19.463569882600485
19.5057727332908
19.54461302331732
19.58357605677589
19.632277956302154
19.66930621626628
19.699793922688382
19.737716882833176
19.791936754793223
19.81548625901017
19.8427697030391
19.86206033224701
19.89210233195906
19.932391944935965
20.029216503303132
20.036267729098807
20.06683214833468
20.144786047707544
20.18093696833178
20.20518700533989
20.230876183800746
20.242816757909598
20.25244631335574
20.349377715244106
20.38541614267245
20.42532283189001
20.460657897965202
20.49548678397239
20.5178853236092
20.548266470141172
20.591136471460388
20.662152166510754
20.689233452411205
20.69206644964959
20.726308701861
20.796951303540805
20.848328185787718
20.85469923049732
20.912439594790946
20.941889675107408
20.992496935755984
21.034972054386483
21.082058400496997
21.09714939302319
21.110007195851637
21.16334290438459
21.208026443155337
21.216745585235678
21.26382637157397
21.316355464355127
21.31933761898105
21.36048604169917
21.422367739955288
21.46980483401604
21.496078340698773
21.560306173609852
21.59703103680069
21.60803236197651
21.70259804490865
21.711148928407294
21.74775604639148
21.79891786211708
21.814211184354452
21.861799843663622
21.876705817501193
21.932919230741298
21.95364308099161
21.983245855018296
22.006981429610466
22.087914656746385
22.13254172271268
22.14696894176788
22.197400518590893
22.210237639389756
22.28189565072723
22.345671765283885
22.358379136527134
22.409058397788762
22.42551521050482
22.46879303946286
22.49752835811948
22.569245089840322
22.59186257846894
22.66201741684981
22.686443641187818
22.69829932924951
22.733070039802875
22.777063752908088
22.813830634164134
22.830689754661904
22.89865184485241
22.946176488326692
22.960338257294964
22.985898173167254
23.03431132320795
23.072145756095942
23.1049566471938
23.15917223759942
23.18716062189206
23.236195415417534
23.29514275679531
23.343905910480853
23.359680250212744
23.405291457077524
23.414637771212035
23.495216501525622
23.518336279775625
23.521866052058403
23.569954314061388
23.62294488795913
23.651661379946933
23.667353308213187
23.730682186199736
23.778559517163906
23.809165087744745
23.870761395835597
23.930682933397435
23.953013776959168
23.97986803986833
24.004632010358414
24.05970907871618
24.074017580955854
24.166440100682202
24.209679745187046
24.22075394695114
24.248708545541998
24.287528395485527
24.32680984831104
24.35931105608262
24.38679724397992
24.40183112951295
24.434585709564377
24.491304867243965
24.534689565407433
24.58299529466439
24.61978283828159
24.700205896512305
24.758361513968605
24.793189307101905
24.80337907421934
24.83034828572572
24.89278748859994
24.923431192044095
24.93852779487403
24.973848812682977
25.016299842724795
25.058676684275447
25.089314120919354
25.16066715238693
25.17807089165016
25.254574052156812
25.29902252352989
25.318382379936548
25.357962578202454
25.388909725278456
25.40508581086012
25.441934757911422
25.513271395276707
25.53010324927335
25.56499604792776
25.574335397309692
25.60666329300776
25.625525851787135
25.703162822122437
25.74394529191862
25.796383370574762
25.884988217598778
25.91982574195284
25.940698828328248
25.952308446732275
25.99041606869724
26.019150774368867
26.05895602504143
26.12348445380004
26.136629736569848
26.20263464939206
26.233056587839606
26.277609803366758
26.316137510147524
26.388251624511607
26.427783101148272
26.458944885138777
26.520963296001753
26.569558137110693
26.620570700650195
26.64817331292014
26.67756590920489
26.709547027082753
26.73786757755777
26.761795903585778
26.812272326478016
26.830700613300614
26.89545035078816
26.909774717962694
26.93778546348303
27.00762594094467
27.022275497120578
27.054286028493316
27.12618826979942
27.202076585929362
27.24223413493164
27.27355250956877
27.2893514250487
27.350221315807328
27.37979332930156
27.399705894834245
27.4473002379627
27.49379783757811
27.522975593075515
27.580767435604862
27.60088848720126
27.633195768775547
27.72400141816994
27.77445085403505
27.792076672313325
27.82737800126554
27.850716244804733
27.88788504938246
27.917544382893215
27.96644288743095
27.997423090367775
28.10526021667812
28.149229692601264
28.19682249798689
28.230324037008515
28.279320481593214
28.311389966387175
28.34255598219564
28.374976263821534
28.4145504323259
28.442204229229453
28.479907347225748
28.555805729278724
28.605897011157168
28.65100356848696
28.68445622028703
28.7202266233366
28.7573899235819
28.796310063069424
28.850069468294326
28.86442619261208
28.93112164961656
28.99566177862197
29.008929239334954
29.074268194386974
29.10138064575252
29.151565315930466
29.163050919609546
29.209003650791402
29.25414432531848
29.363178900102127
29.377144615372373
29.40909031865185
29.42370499675982
29.438567523131553
29.49408144017682
29.54686155800795
29.61388547397946
29.622506895980816
29.65998175321901
29.700345711951975
29.772892037184725
29.776569386507866
29.88152183159793
29.932600145100565
30.00636386827144
30.024342857577373
30.084382753220318
30.092372477389247
30.196714043613046
30.22659855005157
30.262269049549023
30.281868910176968
30.303304700531918
30.3365668039306
30.379633255716765
30.49282107428399
30.525369609865624
30.594720645569716
30.621077716879928
30.679757076673617
30.759281100474187
30.802396860194413
30.815507204469274
30.874898593831087
30.939962021822893
30.997210027527096
31.064876053711036
31.085335152153828
31.133173417181162
31.159951151707062
31.223677422480442
31.275912954916418
31.319187314262567
31.369607901714733
31.38160303697598
31.454991667566635
31.478809247005298
31.518926463125783
31.63087857240258
31.705046865687816
31.73601035931528
31.786650695475085
31.87576860429319
31.890451948071515
31.970474182555098
32.05659054090729
32.08290633822991
32.145227697669704
32.17236483095205
32.24450286415327
32.253774629796816
32.36221691689967
32.39257446900227
32.41794792130783
32.55635009920678
32.60264733593422
32.616226007393244
32.638944208354765
32.68897455492019
32.72199137057589
32.780598515253125
32.85157127848451
32.92410041829093
32.96897791166496
33.01154230859563
33.080932554357354
33.182106773146366
33.1956521097323
33.27944470048384
33.300543140671415
33.369946716018795
33.39196820122084
33.49160411307933
33.622248053710656
33.68691135970236
33.7383193488297
33.78873972505024
33.828370921815264
33.88562683106441
33.9126228125283
33.93572191567707
34.0366110363064
34.174729511232954
34.19241806757423
34.31390983062519
34.390762108702965
34.47545451770366
34.55095167836919
34.63256878448332
34.70013845990412
34.71559777139286
34.82800934081527
34.92728548940004
34.99600571688446
35.06868830469995
35.170188823748184
35.22923617466304
35.241675357771854
35.29341017895257
35.40213221912338
35.453330773462405
35.548865858763456
35.728707906235094
35.82161794780773
35.84593913641499
36.05034894191808
36.16147978825609
36.28594245444373
36.3606436215212
36.54974684933004
36.72555815533828
36.80240343609684
37.16170524614526
37.35290382500578
37.382463048325356
37.93051477941232
38.1401080353394
38.25379002003205
38.33421008880043
38.57480893594138
38.74914726877489
39.07143782143098
40.19689636597459
