0.6527738964501779
0.7496424957753144
0.8757772572567948
0.9619146446672261
1.042248725767526
8.270521754354395
10.104515539383081
10.125349446657005
10.803855142000659
10.89547824196646
10.940752208446137
11.084033679617818
11.29890749287123
11.399280581134985
11.467191517259135
11.69145576571026
11.886759237513031
11.916413061669575
11.944200460429377
11.973363421867042
12.011052143778672
12.138950000694326
12.249171269955673
12.262938154805335
12.38373525622968
12.463768507422007
12.488899161439559
12.580790692004081
12.626421434101903
12.761433797692181
12.833549552924513
12.92072315274255
12.945547659782884
12.997020476320957
13.018562336391751
13.148985589434945
13.215434667126582
13.258763165523215
13.314134016819425
13.354802743920246
13.400891057369767
13.429874927905752
13.53717385555384
13.560098692876648
13.641463885230273
13.66736069960132
13.725711103864136
13.747789350419396
13.811734733408521
13.841759993275732
13.865595656837579
13.911218346765219
13.99444111648469
14.028764149801004
14.036772063654366
14.108226431356108
14.163993688470821
14.25913014748294
14.27569851087594
14.303974878629166
14.337208462771818
14.393980196875434
14.401368953586248
14.476295412901793
14.559545995583418
14.600128344067405
14.634075972996133
14.666752059862922
14.709680430844207
14.749666888086653
14.783098538485659
14.805986434237226
14.895761560181027
14.935676264866773
14.953211649279126
14.969733632942985
14.984773701472133
15.050335485262123
15.123235447878072
15.143104727801052
15.155635411632836
15.223140579238093
15.262592185470895
15.273220131373444
15.313061962873386
15.387045519614869
15.405333818448588
15.419144638994187
15.435281358409696
15.496153243807946
15.550590448585147
15.608307341115623
15.637622238986184
15.732399708875388
15.73825575527962
15.774570533828562
15.802677542596538
15.830801358942978
15.849509534836978
15.859036493571407
15.863248343647376
15.917718121062627
16.004361654790404
16.030349632428162
16.03940097025677
16.064989992327963
16.144338652076478
16.185445732672374
16.190245222323572
16.229258346457645
16.277336062648924
16.286682971613544
16.32798089271319
16.349856468160066
16.412968256198617
16.424888092865476
16.487415880586088
16.543938559251174
16.5555002615978
16.583603562939448
16.647732374426408
16.668928529989294
16.72772298301935
16.74136293576208
16.761867337750818
16.80712492098056
16.817952958164994
16.87611134197829
16.907156406723605
16.964343324141993
17.024507057718886
17.067328572494507
17.089103024206253
17.138979089181635
17.171913949503736
17.209059219426713
17.241694459499257
17.258035335820473
17.309536372029847
17.342717507035804
17.36970886320592
17.38585223055778
17.41903008179294
17.446830526974626
17.499829086542423
17.518930660245225
17.57224114498761
17.582758261941812
17.621487098325563
17.6511719426436
17.718036867110307
17.72794648116589
17.748538568607326
17.804213893590514
17.85625642635669
17.88453392434123
17.96338376406835
17.980139839485382
18.035890219707806
18.039561829788937
18.116261747265526
18.142625847335484
18.15625004423242
18.187339046841103
18.226955864693693
18.246126415372707
18.30074879013065
18.329813697036354
18.35800427442058
18.406172115690314
18.444709916774613
18.472867624785447
18.474604336955256
18.501207016387948
18.55668624345017
18.577747596062558
18.601934555568075
18.616660241923924
18.653271482097697
18.673127699983926
18.733003583648788
18.783170148558803
18.811099596816504
18.846470344673943
18.87839407436555
18.907446198500494
18.935805297540426
18.954117571514818
19.000796976590404
19.052330380273695
19.092851723768018
19.108703467607548
19.147363392095503
19.166561618911427
19.18113536871533
19.222828371568113
19.273889617157604
19.291550568747095
19.354913283079334
19.36725239019541
19.415507576077268
19.457095570919794
19.46328810460734
19.503531503807586
19.52752041931653
19.549367724527162
19.558697787861206
19.643918973231916
19.677459476118944
19.70926929977686
19.71887897814064
19.75589546631599
19.770703254235176
19.788537168111386
19.826297156188822
19.920441295017355
19.9345684785299
19.95726875706255
19.96803157680904
19.99404548234466
20.02400462619446
20.096673051510862
20.153702101180684
20.207980365310874
20.219217567746274
20.266644156379765
20.296318150571395
20.317915065186117
20.353198867827714
20.375345298984726
20.451373587772373
20.460280055519302
20.485723221130502
20.497528255955743
20.53442054964245
20.560032217069924
20.59049256150331
20.624255381211828
20.663320032218685
20.698942550259048
20.719548073669902
20.731338344865136
20.78282063196505
20.85303031965875
20.872694152926986
20.9249602047203
20.94768700481906
21.023431830842743
21.0455294735647
21.065433708480438
21.11376590056951
21.134341107259626
21.18440235531911
21.247362628076555
21.274876886628743
21.313810444835728
21.34686209425856
21.373312129671756
21.442440143073068
21.460189059672707
21.4863508583694
21.520186241031933
21.55631776420984
21.58923231147779
21.61415846274631
21.65085574559605
21.699814733375316
21.776765418579707
21.79356503570662
21.804397961073047
21.876743189155203
21.885328354055357
21.932890956981367
21.98957734011328
22.000138267392412
22.025985137094402
22.089806622181733
22.097934172876492
22.17848581350883
22.183695970581294
22.234994381703384
22.26007436297058
22.298885583009906
22.323105519435998
22.337103383261738
22.39841444108127
22.427758502232425
22.446223623388455
22.482966979188564
22.524642310261836
22.57185166088236
22.586010872383984
22.657195603033404
22.66420738449651
22.680927428311815
22.71562804493355
22.723839375219193
22.761004762068307
22.775032347780595
22.818754412448378
22.88858514275588
22.909434345449213
22.94851342621757
23.007207297562918
23.038716448098143
23.04358697536558
23.07626339859031
23.109669138253892
23.158659695543395
23.18241615352922
23.188515999955403
23.22784339543571
23.320380514291422
23.340802822415352
23.36753164757613
23.394933566919637
23.419576156744412
23.463643423360036
23.539950521455403
23.60426877698051
23.618697032258858
23.633152755201202
23.64264647198054
23.69939122284192
23.734615325565333
23.78397614449588
23.830906529006608
23.846763488206932
23.895313654977173
23.942165028322318
23.95057023890151
24.008709575354132
24.044315557692588
24.10969190438927
24.13744180878577
24.171865340346862
24.184090366601954
24.209980777919057
24.232960390934462
24.270875483119433
24.334064004283757
24.341425391227048
24.39280839539623
24.428185971437458
24.48922560035184
24.49891492754232
24.57289446496354
24.64906270976294
24.671426375969418
24.749369581421945
24.791026500200037
24.808560727412186
24.855623692381904
24.91320312583977
24.94796919412202
24.994719563410833
25.04553992794926
25.088215036851484
25.115149448075147
25.15859587398698
25.19859039998489
25.28245220954795
25.320472756321514
25.32569358120343
25.376743908874236
25.40108090661295
25.477063501952014
25.494726157161512
25.520100416079043
25.537315481703896
25.602367535669902
25.62982109458353
25.681613049539767
25.704249348357965
25.740561595497596
25.79444740501196
25.809084480587366
25.848775787143815
25.882611845249485
25.910755716090048
25.9457411116695
26.030753327914383
26.054701554653043
26.104967801245863
26.14307497958746
26.200248949652995
26.21390276927562
26.236388220720062
26.31372990486047
26.37506596640929
26.410254211989404
26.485475639935643
26.521133353811226
26.572402964203462
26.58734423116954
26.63240350435721
26.69427469591171
26.738101848639644
26.749016306941876
26.770264588429153
26.786428135642872
26.88298270757957
26.926244253237037
26.940093041920203
27.00703872746206
27.063575310221577
27.12300387077963
27.16328602682002
27.212502494857358
27.23333800644741
27.237962429249826
27.314690510272033
27.468993805572488
27.491441600942814
27.623403924363046
27.663250028130406
27.67287486387664
27.7240948284592
27.790426891727755
27.83247094233026
27.894184030094397
27.931668916085908
27.93672454019477
27.978173974239915
28.02470744351031
28.06052557875988
28.11233638402724
28.140684531536113
28.238549374992086
28.30921683180697
28.331003273879432
28.409499209086132
28.441391594657187
28.482516883073142
28.506250530966742
28.53800011203702
28.66301674805464
28.750255738241826
28.81724305473179
28.867016472505078
28.91035418439241
29.076708002232028
29.083004259733162
29.22698489445781
29.261389974799688
29.327139763856984
29.33794968551246
29.383306432672036
29.466301036766314
29.514639957726306
29.55792926308379
29.649329793640014
29.673927105199756
29.70082809279855
29.834973413855245
29.865497821332117
29.90781527931446
29.93297153640394
30.03702269257366
30.07582620892951
30.130368907216887
30.22440419795283
30.30112664271388
30.434755905410523
30.458846830569755
30.49195540810096
30.554334907700998
30.63070136287007
30.720613179753467
30.75885057035555
30.831058357143675
30.913747435852112
30.9707122998627
31.05521843586395
31.12470387884643
31.31042007916905
31.387185696103533
31.42897150115903
31.5323657180701
31.622267273104697
31.658145475829443
31.738724040987716
31.783316626655814
31.949056802043433
32.05589481399484
32.2842073206394
32.34182507320561
32.67836437559245
32.72850710067112
32.8135639837256
32.85429245431044
32.97085128150076
33.021944860269734
33.59142869083582
33.75200993261571
34.01169520279859
34.255062078244826
34.5757062507342
36.00842969459696
