0.6497062367127593
0.7630009856949508
0.8346933639987232
0.916371357594631
0.9896316403516782
9.090034880702639
10.0493736650562
10.635327126830525
10.73408740759217
10.90943551650829
11.022204836497282
11.551625664923009
11.583967208612762
11.611047901550528
11.694229160795768
11.832819326409545
11.887641675866199
11.90148321610269
11.933970497437395
11.950592866355878
11.964272626925277
12.120650742281919
12.199473540431361
12.266535085464694
12.428246987961726
12.52079579937487
12.582317356770645
12.695108188685268
12.728844491405223
12.774049233866668
12.853658758750749
12.936890211496925
12.950619030519029
13.022813442942054
13.096745864343776
13.140125832125392
13.189680293437053
13.197012967338068
13.23739039990939
13.261224409447848
13.296620798258786
13.330562063960114
13.425216556702907
13.441541516166136
13.446516799727942
13.534669420186695
13.544425211355744
13.604311228413497
13.666469109997225
13.747071819980706
13.835054366245208
13.838428134772538
13.886816210663829
13.91515878241454
13.993319837736117
14.02901078521536
14.073502864400272
14.111193167106746
14.142644513326694
14.160450004228236
14.200897300956301
14.26291933486981
14.324521813129243
14.362773967692682
14.42519325626596
14.440648521947498
14.488764477297167
14.588500144027016
14.632917457243963
14.676200061740026
14.716297250325594
14.749260432284201
14.771105223167046
14.846023384809335
14.882479557367828
14.926877466006768
14.969019050786807
14.984106066440042
14.99669664431243
15.07708962649721
15.151172333576833
15.185095920954433
15.226192659541308
15.260743588701883
15.382812269492707
15.398787476442475
15.406042402045157
15.438849095131149
15.465839714765186
15.522039141433599
15.559372996179667
15.581386397930071
15.600550731011328
15.607603626429311
15.674923030708836
15.685817212123988
15.729272705700659
15.762593093601014
15.78751906178091
15.86298714561135
15.870545605919782
15.940434446149206
16.001760507946994
16.030828846239682
16.038055750463197
16.124549320812182
16.173583130584124
16.19044281031026
16.223272910223255
16.242635388505875
16.293607487786677
16.332328100044165
16.366120510567207
16.414769468127595
16.45984819769973
16.487305025485522
16.527160132985504
16.545211172945688
16.614752107710267
16.6762229867479
16.719073781709387
16.754443472771015
16.769012627794847
16.824626527419337
16.86364367352812
16.89364172034426
16.935264314056486
16.959122676873612
17.012415756279836
17.08967761752575
17.102140342471706
17.15454054135314
17.191885170929993
17.206615977372714
17.248867817002346
17.29315820417835
17.341994474529667
17.353819141066072
17.39364248133231
17.450405131392372
17.48003560100871
17.52015958034334
17.550506187244885
17.644796622786906
17.65638143186172
17.682370160079337
17.695530696658615
17.743124332110067
17.757921720987564
17.816024246261595
17.827605613231704
17.842025745773338
17.916581279210018
17.94902630339054
17.96799792959897
18.013639128732745
18.050517539115365
18.064827106476724
18.11801228841371
18.156535425973384
18.17685977436312
18.256514343957967
18.275914066179325
18.290238175592695
18.33566387131271
18.37409424493076
18.431498780511017
18.45035405203992
18.50028578304208
18.511105951242147
18.542014491355378
18.58337451177976
18.628575062182296
18.642778391090125
18.731421005114395
18.756250223886813
18.772679362029116
18.83025976376672
18.94886429826637
18.9856133393711
19.002539789520448
19.06447827437508
19.109675560194976
19.14126301475466
19.18604500123855
19.23727001176814
19.27028117584642
19.278664282926503
19.32795502182865
19.34411381449702
19.370820158409998
19.41808377189251
19.47251228279025
19.527754807449927
19.55984048463884
19.570528883847995
19.590482484417326
19.602906851153076
19.615985081458696
19.663106961612247
19.699823888233375
19.720115959983353
19.730822962344146
19.797013800442887
19.82560765913399
19.85259676535732
19.863311606638373
19.927280286470065
19.962156396923877
20.01898640483152
20.02685886634579
20.08929356012358
20.092095459114944
20.112699708528353
20.16990362459426
20.20120459795945
20.2145248688715
20.26173129504079
20.322758605791186
20.355130671711017
20.381695426240626
20.417856052768215
20.438020889331845
20.453001943377416
20.484038072314945
20.498006184457605
20.524146205233915
20.559255827265716
20.61607095022062
20.655232739726593
20.676904044119816
20.712370835248688
20.72668132214293
20.79165397853525
20.804771205645547
20.84037266787598
20.851802217897532
20.898655750769365
20.9268178174772
20.94330312800677
20.969474920192116
21.085307775899334
21.113577401445994
21.19731238779668
21.22591146713401
21.25124922383049
21.28386220860389
21.324801682266596
21.35599140612004
21.37879418595271
21.391016300249454
21.418830451361455
21.46307022343037
21.490684130605473
21.519425705112997
21.52860486752566
21.552269631271766
21.61334657347848
21.64062817158508
21.661100415366704
21.707146901964077
21.746319584464224
21.78003521700339
21.83238136100795
21.883025570653235
21.91635409812926
21.947470560135436
22.01046327802249
22.035029408621096
22.047964694908444
22.097941370694766
22.124774087537098
22.15343179478287
22.181020698850944
22.19210386555722
22.263118146767066
22.315560659038095
22.338151177299416
22.379565020311347
22.439452972849676
22.448663818590155
22.505791005804475
22.542398437904914
22.563117758428398
22.603528056007992
22.665756436701034
22.6790339390944
22.7015929522289
22.71023217386376
22.77488895523098
22.81069978715748
22.847979794820034
22.908158338552283
22.91593243888902
22.967311724334166
22.990885564090775
23.00301464483383
23.024161429898722
23.08900004968381
23.119859132434442
23.133093020314192
23.170352363927854
23.217314794618822
23.289155057734604
23.323435344685564
23.33262118399049
23.40428076373036
23.433430131707837
23.470840107560715
23.491116759931042
23.532118832441466
23.54458067271907
23.56517068684885
23.58251794017267
23.620899796077264
23.66687984064902
23.686406012769968
23.745784002878224
23.77041310706924
23.801093956439527
23.866652723594477
23.90119263581211
23.911488322714103
23.920559064432005
23.974953825142443
24.004542651526187
24.049222274640268
24.070358778556365
24.109915219963845
24.140948559156964
24.185561920725366
24.250814336013676
24.26832296552464
24.31014817808417
24.325370369348526
24.383480109348117
24.411067635646337
24.429607484006404
24.45609295305072
24.526982840642447
24.54089053932091
24.584387876686055
24.619080928240418
24.63965611979094
24.71399142855927
24.72976679851384
24.7428597385475
24.802446050687568
24.907631874816474
24.927434312981475
24.934443252777164
25.0094410674234
25.027010619804425
25.102626460388034
25.14240576487194
25.161834452229627
25.206411422168625
25.257277832292786
25.31453301997338
25.323793528446444
25.362078025882987
25.392886832794343
25.460162742571807
25.51950481013067
25.5384234439934
25.5843054347561
25.647908338000416
25.689773403833193
25.709516334303743
25.726931677981693
25.797091456553783
25.84371420772124
25.869240232360546
25.918456214056246
25.96470879797581
25.983673657481205
25.99750927310105
26.04587388056975
26.051503410565186
26.08558990372511
26.170566156174388
26.19333668344134
26.24761563668322
26.314407388081207
26.352540932760853
26.39088313274301
26.473205518617338
26.514196116545232
26.569056977147493
26.580234733417168
26.611727304884578
26.66249816087327
26.713117527617253
26.73616782993393
26.778257846260246
26.845084112395014
26.888672652641784
26.9290944966023
26.980285460656916
27.001400272964986
27.0405564463419
27.05479772180257
27.085678940230004
27.191815271909228
27.26285371935854
27.280382467172938
27.329221437659882
27.4210978048942
27.435162322759997
27.472454032270008
27.548802547228618
27.617693866173333
27.63896638081354
27.700904125008016
27.746888327212805
27.78415801315623
27.820177784217176
27.872918428617403
27.92448759630737
27.990190520015947
28.01376433829153
28.046178491965193
28.078441724769164
28.176252362085584
28.248536278843872
28.2759365376262
28.33488561398973
28.36042084359981
28.407866879368573
28.456065402037947
28.531628942608194
28.585928564724547
28.668594441104435
28.69429124128002
28.709042516255124
28.743548927256537
28.874348682106817
28.93359751830311
28.968087880005818
29.008564956075737
29.074536645951486
29.129024611748278
29.18556315391777
29.262969465848606
29.34799876329422
29.380470867203854
29.417784540557076
29.5027748319565
29.53051783907277
29.63623874626406
29.689092418599287
29.730214360972628
29.787753745266908
29.833697428356476
29.912387493646737
29.95716514191575
29.995827469624057
30.019628957024963
30.146342980498467
30.159841695660596
30.21459634111814
30.31608175350076
30.42495480532427
30.55069681396785
30.565554317803393
30.686683216125182
30.734376401361587
30.860274050004445
30.906939512924946
30.954937125820518
31.083382949364122
31.197962329112208
31.32781585826268
31.366643253781255
31.46131445152204
31.508176762968453
31.56272913052328
31.63076530584225
31.675615642438533
31.761133502230447
31.920850848879997
32.04718370419009
32.18479459454152
32.30781526009708
32.31957777207194
32.51911365272285
32.58113108401875
32.731608396754375
33.06600218496466
33.221741384420355
33.660817176557416
33.78036320495514
33.98154962115531
34.47865079383275
34.528475376949366
34.92275709263685
35.468035465504855
36.18081700244919
36.705713058143445
