4.112329505197408
4.425241716726745
4.715934680097343
4.817057918140204
5.116040815496456
12.181387487351254
12.195235532185995
12.70419655375666
12.879755408824684
13.32247738564885
13.679523643448366
13.758901083292644
13.973368108578487
14.227302862162883
14.416336410026092
14.427915970359598
14.52612563657003
14.59081649150951
14.687488408370363
14.838835666683444
15.02310397621211
15.0366614623041
15.138427619745434
15.184371703148367
15.227556670984141
15.378783430978821
15.404993618812236
15.582648326011103
15.619334591268554
15.663770411522059
15.748457338971829
15.771678305656273
15.831259550387466
15.95458219739114
15.970892781549033
16.04584715710106
16.080379827939478
16.134091704661365
16.14312328055108
16.169718309207852
16.267484592709234
16.326888992861825
16.384002157376347
16.418656051956834
16.448956917319503
16.534879053332922
16.551220054670825
16.60611718685067
16.68692018680489
16.737769528481103
16.757841720600158
16.789230029666875
16.847644029269805
16.900662274000936
16.947324136140995
16.963475756095555
17.00535966301112
17.02354170699089
17.09720152817873
17.143728052770744
17.16175901121463
17.28494903157974
17.335843839421432
17.38220984295874
17.401418102972205
17.455160000995296
17.506436303197653
17.54318032601496
17.589636368841077
17.616476259321814
17.62377618557338
17.65862472326572
17.787591726065912
17.796489141264665
17.84726394174012
17.90072943750409
17.921736651286448
17.989007029916568
18.00796849148673
18.05416372554
18.082965491990915
18.14871362759379
18.17571865077846
18.241802609187257
18.28900541634479
18.344481416512107
18.41504516676982
18.439962365590404
18.473121562565535
18.499793054993162
18.571970368328135
18.619622946238866
18.68430603602824
18.741780139299237
18.748541120376533
18.75488388731579
18.76870052523809
18.828819599515764
18.88408475610543
18.923426189110508
18.954551286152753
18.976166991946545
19.009711934686838
19.094525878058693
19.145122094508817
19.17470348268242
19.190590879666463
19.282303302457773
19.309506271557318
19.356610480772563
19.369729327088546
19.389595028622207
19.42938079587525
19.43832517953041
19.512843777599336
19.557373029069762
19.570584679362113
19.598543537737303
19.656739589817953
19.706773874143863
19.75042565633756
19.80764834869748
19.834997708501408
19.899242934174353
19.917411862616138
19.962141551156392
20.024089645117368
20.06893043140283
20.124167385904116
20.137166607495416
20.167332974069897
20.195729859302762
20.238125942192465
20.30678457211352
20.339458234787983
20.373359028715864
20.42008975352743
20.461537864394536
20.477131805753555
20.506233602389944
20.56905475385738
20.63460715570203
20.6892980724155
20.735446771530697
20.760081465687016
20.818739249025196
20.837751121016826
20.851925713196856
20.903216028179916
20.918063355855534
20.9827703853236
21.014534635376506
21.033797935177482
21.08204167525492
21.12598511605797
21.14752401061098
21.17084383729104
21.26863600198818
21.28108125257293
21.316710960114793
21.3398408154202
21.395745482172888
21.41296900046006
21.44323930234398
21.48996203922948
21.516565045213685
21.568869777799055
21.616163565422628
21.646192553511955
21.719428003161877
21.75268434820383
21.757920096828293
21.807367272955048
21.84393013220554
21.886620452810238
21.91507193191601
21.959051633015083
22.01423652396898
22.05054654584761
22.063004221460677
22.088865100187157
22.1196149127261
22.181289453761735
22.230459210485808
22.25217529779736
22.32518178509528
22.38266331729037
22.403396002945758
22.42192991536389
22.46747246559093
22.47844219293992
22.5304046550857
22.558785635808228
22.60967004205618
22.652537472237803
22.671584438668614
22.730187114136996
22.77155776580802
22.80824172003369
22.83180327244732
22.83464036035948
22.885857705568817
22.89603546670786
22.96757936483573
23.027306897245083
23.04496278972892
23.08815527581756
23.140861779572095
23.18384253621462
23.196979245600193
23.22406527065421
23.29405736731255
23.34290514296806
23.39044428985467
23.421759031336332
23.440105228651916
23.473170631276407
23.549548199646164
23.578360907223466
23.62035934139897
23.650846497402306
23.694886798030463
23.739214578381524
23.76508737019136
23.778154343007618
23.826327097223345
23.840968763554763
23.888826363951516
23.92295382777606
23.95817655635325
24.03001039872151
24.05250265710152
24.114234086112255
24.14401325914562
24.218655978604446
24.2542120051804
24.267624742030335
24.309802337976315
24.394219950956707
24.410680560846917
24.43945422520981
24.482305004700446
24.516524144992285
24.536749951519838
24.619349352035496
24.661588103645585
24.691683806342727
24.72712124572888
24.743934344805783
24.826716636367465
24.82867198541877
24.88806549025164
24.939403992210767
25.024006072585458
25.03972180376896
25.05934028445263
25.099948751785274
25.133402062963114
25.167234827886546
25.233305483720535
25.251835838162066
25.30673125450719
25.316127731160368
25.364353758179043
25.403248526502118
25.484967766605656
25.556951075405888
25.57031986719246
25.599963182436564
25.668084686352778
25.70547501691208
25.73845132468469
25.76537169580962
25.80627779028946
25.812898293730647
25.886852354877373
25.89723044338755
25.929955341002888
25.985703737850354
26.029369011835595
26.048405184392877
26.057604971289077
26.068699729523882
26.137477793726816
26.19116743909351
26.215534994651378
26.249803087733923
26.32888049259775
26.350422731636474
26.376378060278352
26.415895744286686
26.469828787519738
26.486399393764696
26.50758231284532
26.57000030170368
26.621897038199315
26.667953372258427
26.703349407886527
26.707190472015938
26.765175854400923
26.841748051589278
26.91241328840401
26.936964039140875
27.001185177392376
27.046892821719712
27.093557911897097
27.130318154918005
27.15082092261498
27.2059817750195
27.25130004493135
27.268033307947366
27.270442864116426
27.33207647987599
27.368901317405438
27.422984328527363
27.490777488832567
27.526562598173694
27.54331680217334
27.588918751356562
27.602845694977194
27.62527117975096
27.68316619913772
27.729063148745794
27.753046303121888
27.809687341330253
27.86984047502547
27.942880812776306
27.97355228399834
28.03886353302583
28.04482965576392
28.078676726040833
28.141285063136593
28.159352223497123
28.16704712781443
28.23902221785398
28.304211506244986
28.349661189426214
28.396368851199167
28.4179469057683
28.46668632488523
28.487212480745498
28.52360211554812
28.574674422131245
28.622260715498733
28.66572942824827
28.726103548438818
28.782569789117083
28.794845913529407
28.828694589674992
28.858303937362233
28.92644712772452
28.983462574716953
29.010613162199586
29.071099611514533
29.128801609273342
29.165048467846642
29.20682441062744
29.241133799235502
29.2766575116228
29.34638912520134
29.361148068992154
29.43609632567176
29.545571651183806
29.549615535663676
29.594251734540915
29.64313879194919
29.694514691870275
29.72226281250515
29.80823362088099
29.828472732061236
29.8833345748134
29.928069402279913
30.009490210043882
30.053487951554896
30.07565329313274
30.12099706701018
30.147570992748904
30.17684901166428
30.22536020335725
30.234459436299165
30.310655363588573
30.34736406154759
30.405701373101717
30.460943586808398
30.513476214088413
30.525097070706057
30.56794228839221
30.595568091996352
30.703613292527486
30.724796033260933
30.77994791732077
30.824717087810587
30.85556509722158
30.94237134994609
31.01528574429123
31.035405228830268
31.09563151845327
31.13358372801
31.169156587905867
31.239832074027863
31.345120307518254
31.39198196721505
31.458277587083337
31.48094001745321
31.502887490377855
31.513642667674016
31.631581901282793
31.65593912671668
31.724805052317727
31.79586833880431
31.872322122865004
31.891798752518977
31.9561304307798
32.01080345197235
32.077421445066086
32.161817788670135
32.18536114742267
32.20864126295534
32.23927737224858
32.36012947492076
32.39275159893072
32.46172359593734
32.47850537172751
32.570165617344706
32.618835095625705
32.633649772855755
32.70785651143055
32.749967257190015
32.80902660740683
32.86458561925681
32.9320530470235
32.95886829835712
32.99331069199286
33.06798673727178
33.12937879383676
33.156951110086126
33.31688337629236
33.38276068505434
33.467442928688314
33.4791528578501
33.56105996066702
33.58972237917348
33.65448795082504
33.69918050605419
33.74271315627162
33.83137020765171
33.85847540152928
33.8820807851784
33.99208716085952
34.04062712000521
34.08227464325329
34.08587004848669
34.18186909260157
34.36499419161192
34.38852259420205
34.42302930744581
34.52924589465936
34.549339916088634
34.67321363289467
34.82751382731301
34.850549522795504
34.914539427049256
34.979296587945626
35.05667737433639
35.15562604524079
35.255283580728346
35.280034236632176
35.441943899833824
35.47567967365059
35.51399990850329
35.64605348305973
35.695277388809885
35.79391416939857
35.920592108670775
35.95026311936083
35.98607888026519
36.10194971249868
36.17596622689518
36.28138478573062
36.370341770209286
36.436041639603566
36.6055153960633
36.73947497002589
36.92206395175233
37.022681121058106
37.11248317721643
37.21072267735474
37.33081389870975
37.55421203521093
37.682316146667574
37.75464142239812
37.897994422332175
38.00692824156828
38.139458627225906
38.283462229724854
38.35702664045795
39.08292255437092
39.37312211822145
41.58595084355152
