4.1742598659188115
4.614637227160484
4.710728759029144
4.856595283370074
4.987779158322147
10.45403913791925
12.772660649792806
13.080880891078314
13.400897972161424
13.426057095335961
13.604391647926514
13.810336043418665
13.869732284496786
14.05098457867518
14.118071109021612
14.190011490612752
14.295537220736284
14.325569299982693
14.53522541201793
14.577150071067962
14.73962649955473
15.023235648939155
15.135298268900765
15.224682692785821
15.281301295190989
15.355142490293773
15.391388393777069
15.437373225825544
15.470424667395573
15.554734421858265
15.59212580498088
15.710086073975834
15.790026790976551
15.931130126446767
15.964784013093448
15.987224455780085
16.059244021871642
16.117792557006364
16.16155032165854
16.179865211475565
16.220834090253724
16.284668036643346
16.30944261256799
16.355946598086284
16.428775868403935
16.48582827115553
16.546884976699737
16.6062320614464
16.626270386234406
16.719412593304476
16.805201367420807
16.865025353627477
16.896108696209687
16.957795700730564
16.998196767317218
17.049787624454904
17.110063334853184
17.238081878977376
17.246578908988
17.297563448888162
17.335912488056785
17.39996456305944
17.4157181483961
17.456716828438502
17.52696905943248
17.563679319447
17.617261293825013
17.643293124088277
17.67903544284015
17.74018958731347
17.771805269511088
17.786757272612178
17.877073673986832
17.89656220603484
17.95346505632784
17.95554276819968
18.024700087696022
18.06733660747189
18.171550740140788
18.21614987851738
18.24237822168744
18.296910900579054
18.31376199545581
18.39103511804687
18.425466229480186
18.448126811058383
18.4925151240291
18.566154928732907
18.61884261197694
18.66243502965855
18.667035978082367
18.715050987538685
18.759469319943932
18.78578673803026
18.825046454044973
18.88582919081671
18.91425198965488
18.953154877853724
18.962956717461083
19.006177188671032
19.056208871886202
19.126177690260192
19.1530764293001
19.19341455712655
19.234481421103276
19.25074849794015
19.303401865406673
19.314168305626918
19.331373971187833
19.397912732652696
19.43910262235287
19.466010684098976
19.538384434089046
19.582393189466345
19.64238108133826
19.672151377339876
19.742598002180575
19.75833656507222
19.795157791770695
19.882042293383854
19.9084327629714
19.93355199919108
19.995452363986615
20.02673342303686
20.07927731117224
20.091802881767187
20.158057640851418
20.202786025290678
20.21745414046926
20.27027943163585
20.329703842200153
20.358297745184526
20.408366511407703
20.441363412542408
20.468564831002453
20.485201521804967
20.53713580642184
20.594556361384768
20.626431090069246
20.65458164877623
20.697564845060608
20.74449035754933
20.777144183238402
20.816665533520993
20.858074708262908
20.871608162736877
20.880666186655812
20.922960862998305
20.983643325218143
20.997921226202685
21.039388498008265
21.10232017081806
21.13622838849783
21.156767397807734
21.189578661706406
21.259465855882183
21.298275957889444
21.317166292907892
21.351438393385923
21.383926072730695
21.401891464681086
21.470697112310674
21.515538778264574
21.553389987817937
21.55932505749327
21.643488092177083
21.66463229169367
21.68160311458175
21.72554508256681
21.744206821572146
21.791175453818468
21.828678790863524
21.873645375673195
21.92200444408591
21.93784988812312
21.94923351519867
21.9930075360783
22.0425957625216
22.094563667090437
22.15632923080473
22.173332591545055
22.202819974146472
22.20745628484939
22.222223215098882
22.244404118730895
22.33207285330972
22.356668654790845
22.37134594465365
22.406339995955644
22.478514656668196
22.514499868457186
22.545765351151424
22.586381099367816
22.635786514284984
22.648428762174593
22.699155857981896
22.721840294566874
22.759917133790122
22.806690210745337
22.81695863174767
22.880924264595315
22.972526500371572
22.997405301561336
23.01557728743355
23.05728022729687
23.07858478494892
23.096092633856276
23.141394875264375
23.157357745524322
23.191065619065814
23.282316875977216
23.298606561004192
23.345525137790087
23.35241195154998
23.375371348107553
23.42067421690014
23.427855636103104
23.47368708195603
23.561497998832955
23.578519178518405
23.617018097435544
23.66527176457648
23.700008342067694
23.733878403529435
23.74900748822199
23.785669317403226
23.788710964785952
23.81891429344257
23.886561256976208
23.911635688425125
23.966382444418024
23.99011962505305
24.05197686023884
24.061995981542196
24.10530263584404
24.166369996441382
24.195061274128033
24.21987264728105
24.286795173657673
24.330191597839878
24.378811909244483
24.40831385523773
24.46472376042783
24.497544946610162
24.54168683710864
24.576266004051618
24.58123237887457
24.632456092732227
24.646012747228866
24.68257152524592
24.710439189648362
24.782064072387058
24.82655834119089
24.866720364739514
24.90310382597069
24.910390129268357
24.995459902895952
24.998744715503502
25.033658108793503
25.072969833585795
25.157510239513023
25.17004100726672
25.22025090142055
25.245782678453335
25.251495381710498
25.267043142201825
25.35943793709113
25.377741509860883
25.40658669249977
25.459321988312308
25.52400120104215
25.539356604461133
25.57497809113593
25.627148373939757
25.685781179855343
25.710694687538602
25.720509987306723
25.75212651288024
25.776720108569936
25.82258314833537
25.842188483712075
25.862170402746198
25.896131812405187
25.950055296172632
25.985708992380605
26.04063058407422
26.063723235916573
26.11171704448508
26.142101967181883
26.197265086389734
26.235935306949155
26.254851599214128
26.288915444473577
26.315894622133484
26.36192757709782
26.4093402176345
26.438868560625465
26.4574689414403
26.533225608110385
26.548434105912634
26.590897528815738
26.613670710889746
26.63868984030468
26.66051078203798
26.752731375180073
26.768646094511187
26.804359126089185
26.814746766042607
26.908858207137097
26.930346848238056
26.97512172976733
27.017006596839224
27.05548132727809
27.08351579406869
27.097908961942025
27.13808819488641
27.221786456175153
27.26740410619837
27.29827603745586
27.331482664173805
27.366097002868358
27.397016917114186
27.44941454512048
27.50475470202759
27.509226056482984
27.53768408455128
27.625351989610227
27.68210547858379
27.701976145564686
27.72046715348289
27.75734783433078
27.850814307883358
27.860869015659592
27.903154723760476
27.954831191953147
27.97237933102973
28.013490012427194
28.045258871798623
28.094437573807088
28.107700018597765
28.123183919888884
28.173372226369096
28.21966845729767
28.265748120744895
28.330251482566965
28.386075208102255
28.42323133526269
28.436301282475092
28.527793669938532
28.53632344188465
28.55066283857589
28.61994312801131
28.623919982838263
28.64856290815511
28.687823578844014
28.719331352652638
28.78895401824194
28.83679853056851
28.840144767259996
28.88345784275148
28.95350582133875
29.010452936356575
29.023418874217516
29.094787648935434
29.13291550021192
29.17531941749428
29.216551175039594
29.237932861305637
29.283994112836538
29.31647358192374
29.38826651715187
29.40577343822728
29.42427117909173
29.49550838625512
29.56548517110784
29.599296742462315
29.625684242386296
29.68944270440235
29.751185447196214
29.812867438830015
29.839431602107073
29.88238711183647
29.94608905910864
30.005487059716874
30.02156368716167
30.054740733063106
30.108176364193177
30.181639644502006
30.217214963424198
30.223189413789612
30.290179638963842
30.34683474491002
30.38498424705822
30.429058046529942
30.43713691987475
30.538777047072756
30.577052421407483
30.616573798170837
30.66602337520865
30.744401730951903
30.788576418637717
30.816933528066333
30.883002728811306
30.913499576276596
30.98939247381922
31.067042525002392
31.08533832325916
31.16405674312556
31.21692318054811
31.245699083837145
31.262573968154545
31.389500048405854
31.442972766137267
31.48308670908783
31.51479214748212
31.54707991102295
31.597846295622897
31.632752184712654
31.659454466348414
31.703488527394555
31.789670578567836
31.837676946408987
31.873097631672806
31.921796486918296
31.9780245345673
32.014079765921146
32.07243391782012
32.14730741692485
32.18444080752697
32.2340704541632
32.3252849524985
32.3668087751207
32.39800730222013
32.52681176611644
32.532946595071444
32.582234516918106
32.72251266289251
32.77968081689886
32.8018661735473
32.843888194223354
32.87166578697101
32.93045654092947
33.012315701305766
33.19296967293623
33.219329020202714
33.29805312599925
33.34253521088099
33.43233951047837
33.52392332674329
33.58718901549207
33.66826261806961
33.76646182880031
33.79414165328203
33.88573215598242
33.96786569893238
33.99487285450754
34.05280594268099
34.098334633897025
34.17562969596365
34.257113187429894
34.34799788444411
34.37596200975049
34.503181102244355
34.54312794358858
34.63805471101038
34.69723159409341
34.7582000197177
34.89339259844321
34.98912242088982
35.01450806751651
35.15640352173977
35.2027619974673
35.279386422170205
35.34970258239109
35.41928966932634
35.492193612504174
35.53847786571744
35.66541009586963
35.82841475226774
35.925085968126716
36.00819735729881
36.1724245953811
36.32099167359893
36.54632500279606
36.65364441943376
36.73520654271027
37.20061753330027
37.281047514707886
37.4867142323437
37.663607865530324
37.79087993148507
38.04552982800056
38.43098353430327
38.92555169145195
39.154886359564536
39.26522488399525
40.387906187189294
40.625409212638324
41.31175254409875
