4.260432152922823
4.390970691108876
4.431610762329555
4.713332331393839
4.817974830815404
12.564549181369902
12.932284762049433
12.986067207246464
13.32186895164195
13.406904469310206
13.598346794388947
13.717729560425727
13.792105156273333
13.916011047629661
14.00000476783721
14.128868989397322
14.385687100955746
14.472875284777441
14.491090783311472
14.527929529134132
14.568138743098876
14.60101937391388
14.741766778079636
14.763023943133458
14.85168236551888
14.906203073495373
15.024041948617388
15.061320110486982
15.119573535685895
15.211686253840494
15.34273270979306
15.371891061300891
15.434388417842243
15.541716765769326
15.563612364711272
15.608209608748638
15.61497513121313
15.740176144694955
15.825739814954336
15.902073305535064
15.933443079719185
15.98150754569274
16.045543179164444
16.12183088364933
16.16137403316216
16.21315503551892
16.3319773962312
16.357967740536996
16.41690454391375
16.469555895776494
16.513436149142205
16.59412297637715
16.613212727434238
16.63957474584741
16.70366781361936
16.800319673240473
16.867795744644837
16.885576964933833
16.914171594452192
16.94934614815653
16.983937672022762
17.067352339494487
17.09824005523922
17.114705297822855
17.156223254299878
17.173364320771917
17.23993042044957
17.271658441661515
17.33982269367624
17.39391384964517
17.414424017207118
17.473574940774085
17.54004136621242
17.586110093655844
17.60324656543438
17.702349255709237
17.742469022817488
17.794350562418042
17.79947333644178
17.86245678135743
17.90890148072378
17.975655131866485
18.013152931016254
18.06075792651023
18.081402784705336
18.128078341722063
18.148992719632993
18.194016960818672
18.23917688622699
18.29890124136387
18.321882344090767
18.35540395589623
18.394912650268115
18.443215287095796
18.46781044889968
18.541116724385372
18.601716326560798
18.64322988976814
18.6590461157282
18.68705270494275
18.72677705985818
18.818135562191372
18.832651892587343
18.891541571251164
18.923098324367317
18.952572349436515
19.008570973864153
19.04619693718486
19.076093418025085
19.101083215362653
19.113925737800955
19.177521758064916
19.19890748897197
19.23085643553693
19.266457383712996
19.329007245662915
19.38152003051802
19.386769313001064
19.479816305486608
19.51731626325895
19.562483375033654
19.584873990286553
19.631858021203847
19.64880887919941
19.691279747147952
19.764112596853828
19.780810371726847
19.80737010051454
19.852109751553083
19.881545713127647
19.929120045227744
19.95624113531261
20.008565869656525
20.046458554851394
20.09461877608247
20.12462741816443
20.148559493509374
20.18844370173332
20.235145488501427
20.309040837087128
20.342736184379234
20.364418158034695
20.397380270588908
20.442010607504393
20.487635613628836
20.525017052296295
20.561692432081614
20.582109374534237
20.619311211140456
20.727860556759236
20.749561937137923
20.78436051058257
20.792773873135452
20.840916864875876
20.85826469457933
20.932514224461777
20.937149685368922
20.961633664903037
20.987381102752284
21.026531309339845
21.066552214902345
21.113045444856404
21.1859353408054
21.19020603810513
21.212379077307617
21.26365139235066
21.31904141420256
21.350215999284377
21.410979206371884
21.415298162724152
21.490469277304214
21.511369068964395
21.541051474906983
21.553476926683633
21.623237811443605
21.666583377993394
21.689273384737945
21.73200257699708
21.787323596818755
21.878326831000326
21.919783893530663
21.939075066292563
21.97624031465256
21.992066618663365
21.99824835334818
22.087915927405074
22.105076094258365
22.163382956618044
22.177402316976224
22.20550384194414
22.23633340544537
22.273504482825363
22.30026734549776
22.39311746473807
22.41934191503273
22.4418310403647
22.469878184198947
22.483465368254453
22.552532345745092
22.582736159816633
22.6187090174913
22.672059222110605
22.744701172746794
22.767076458981744
22.826358719761092
22.855292614419607
22.87295118255698
22.923649890824795
22.93980999287088
23.01935238943755
23.03532684006388
23.091207731997052
23.10316699687057
23.135023770298616
23.198149164794742
23.229165346712954
23.307747129566565
23.326022860118115
23.354525577036753
23.43100521728402
23.45397522491681
23.47531763618821
23.47980211373477
23.58950249786162
23.615424558746795
23.669733789911348
23.681383440180475
23.722699416506416
23.74830935545555
23.790917407507504
23.821741213613482
23.89546614543327
23.96252716994754
23.98754079081771
24.006482673870707
24.048037627197242
24.072709693425093
24.139873029540777
24.191250344000636
24.211792692460886
24.2261293336453
24.27488001211269
24.34308374332231
24.35513309088786
24.444255796829374
24.46240811619388
24.485812315915528
24.526286303747042
24.579237015300837
24.596469102693742
24.61816737311709
24.660951163924008
24.693488070698915
24.761658029578754
24.792782697038874
24.820812864302344
24.851900707650934
24.897091981983433
24.960812553904855
24.979799656973363
25.005959151858846
25.01801728396736
25.051255353552584
25.07974951003602
25.132241979309644
25.171847813927297
25.252846531819255
25.28951147292641
25.324903049987345
25.3496737142672
25.411568627876008
25.428724657156188
25.45773628822504
25.51023944801749
25.540375966498754
25.586602978724475
25.60588310453171
25.61697252109027
25.689977878376013
25.715373157780956
25.753270768786656
25.791891925858668
25.83237833611259
25.889042698186536
25.91166119942889
26.004868871947174
26.030661825357804
26.05996270440036
26.125959908636222
26.140844221604652
26.205257697880644
26.22089427962271
26.298659849419483
26.33583975393172
26.36078900675076
26.39728627729506
26.43596562737622
26.467307998098956
26.494800008563818
26.534123617714744
26.607636443325784
26.62285283745907
26.647203431650624
26.68947934513687
26.709682782326002
26.739699053855396
26.773339085863036
26.82422050430621
26.852341901523356
26.886452118978116
26.915037665814392
26.93667679594487
27.015234313926285
27.076292398530075
27.095518981337374
27.185141398006206
27.205939580813684
27.273127777111522
27.302833803380143
27.33032998263139
27.41176084712956
27.414626981828516
27.457966219344616
27.494411451131533
27.564995239361085
27.585162224289306
27.625236262651747
27.66437413080681
27.723238723191333
27.774323598270517
27.77667771894124
27.84823863723982
27.881216534964544
27.905825700644456
27.950044788339824
28.001521211574918
28.043373637775463
28.086838074266016
28.122234127469063
28.173656551954366
28.219968782005438
28.281217717463715
28.28360828048881
28.34883473530725
28.37355518982018
28.394607530532372
28.434978585795562
28.462247540779572
28.491720796083484
28.62317379120023
28.64965460675726
28.67605549835154
28.69674784883679
28.729345207525757
28.80214396905645
28.850526978685988
28.881157298193113
28.891559005571953
28.937631332510534
29.006695872333818
29.091677494416324
29.126138682636064
29.187272404601952
29.23907731287479
29.280621232938074
29.326882362547213
29.33810111942415
29.40408678669778
29.4532027677679
29.512345965369395
29.53093242123841
29.551022458841413
29.62457394720054
29.678545929892724
29.685100661418087
29.76709849754509
29.787262481647225
29.896115726503922
29.910411313691945
29.948347670548053
30.002683716814634
30.04156710569234
30.084471782030608
30.127859685499633
30.152904426388584
30.18573243080138
30.246150903977398
30.32865394255094
30.38672216944827
30.409629420567928
30.436848191458715
30.525181503230932
30.598764080496398
30.630233899296087
30.65571427513027
30.733245593513274
30.78039996245703
30.799866409128168
30.817758280187178
30.861771622769098
30.959143626284018
31.011568203775255
31.03129555962464
31.09591974924033
31.212963666054698
31.262710238936712
31.28190560379121
31.303887970925494
31.372386351686366
31.388870421555037
31.42433194062581
31.46773593521435
31.55574640905466
31.630100752188437
31.651887372149336
31.698236651770134
31.810872174708155
31.87812794494157
31.892337842529592
32.0220072208238
32.05608852839789
32.09918320142888
32.1146006385457
32.18744819410363
32.24050313068973
32.258226464911715
32.322497963464855
32.39189595056894
32.426997207288494
32.492140470611226
32.527867655184984
32.60245736789413
32.62967207535688
32.77609784409253
32.82337726164536
32.85720744533093
32.89859925291029
32.94279414685447
33.06490295618811
33.120351894866715
33.18542220769063
33.22988795489928
33.29015465118942
33.35814242424081
33.38388999462695
33.49468818549983
33.52193286144286
33.65261315068648
33.70798333441191
33.840625855731645
33.85941936578841
33.902289599107824
33.96843828507418
34.07289900938787
34.131825891479984
34.21734409672865
34.29481864297454
34.360001453141756
34.40292350866125
34.465190734154326
34.62291286911626
34.6703983534279
34.76478187352777
34.78244490322882
34.926233017565416
35.004605116622834
35.05425697059106
35.108894761418355
35.22338961063166
35.396606228120746
35.43178545917101
35.55275267886504
35.60122069487117
35.65725956947785
35.695623467748376
35.807979141696634
35.868308927286556
36.01659115316143
36.05235344594853
36.18722854981969
36.258291547372394
36.382630204252735
36.4982689719742
36.617131279206504
36.70665385255784
36.762102463561895
36.99931318501525
37.03050897362098
37.26090052408092
37.48815346857796
37.586592667158996
37.69535730362657
37.76768942500809
38.524316053489
39.132912207326164
39.60629232200002
39.63636524151916
39.8955057206346
41.31546513029344
