0.6092412292501511
0.674667493941204
0.7924170616110552
0.8368964108518755
0.9252664903168935
9.46255976535941
9.857833388798491
10.024469397524967
10.63930714237101
11.39282355226635
11.774929145714491
11.811124915972512
11.836880784560314
12.159410216355047
12.361642629271968
12.417233653037863
12.443081385670041
12.483988429304278
12.526887484973214
12.654679857250734
12.694828834790792
12.768443718177522
12.785355450515139
12.79938622836366
12.852915364664838
12.965333370728313
12.987838193783842
13.014455038997733
13.099368917539993
13.185693854479094
13.26876102995231
13.306242077819805
13.376214229263296
13.440790305738497
13.446038492464984
13.512348358054465
13.624959397262222
13.68953803085449
13.691689861603514
13.754706323954403
13.821062155088677
13.8526969640199
13.917753125430767
13.965081804355071
13.99106166672512
14.047400887521498
14.119414896062755
14.15938741411408
14.215373080478715
14.227764128267939
14.271121473456414
14.324678422447477
14.434883626317927
14.460156015783127
14.484920993825229
14.538918515049518
14.606483140197318
14.622814845825163
14.687961177882379
14.731638728029148
14.752683117217217
14.759333016139758
14.864832897469517
14.878114996227916
14.960729884276201
15.006767616066979
15.04095932279468
15.056798696733233
15.104041432529833
15.158904816567164
15.176137001807595
15.187072025884335
15.275822880257582
15.287716959440107
15.31618318284031
15.342929126349679
15.379135016341307
15.403817998443593
15.430873424389464
15.51097459863613
15.542699868020785
15.574687447438087
15.59875135198059
15.649588413724876
15.673862340959131
15.717564966809368
15.73511586464236
15.757145006635758
15.827335850950442
15.855751686399822
15.876598018692539
15.925028239803018
15.967323872659176
15.9860621239972
16.019172934486953
16.043247249386443
16.101528845640818
16.118373769408606
16.13115222007414
16.22003330055755
16.248095111540383
16.28863212144573
16.299242152933097
16.33171044466109
16.39441524980333
16.44190976567856
16.468966434747603
16.51716698794003
16.53868542751402
16.583575413008116
16.61245870732026
16.6606161562462
16.695026458849636
16.746612793086946
16.78535180859589
16.8502542379247
16.8868015844581
16.91065913034545
16.934915889372743
16.98515600380545
17.02383768402202
17.12057759723393
17.133474594527478
17.16953592871636
17.255326697779104
17.272077449810034
17.316961212933077
17.3736679598091
17.410317160734305
17.446909958179013
17.471195223561274
17.526471395560044
17.54068358587233
17.55858982798931
17.573006541546246
17.617872345040432
17.666874323529942
17.678817693351554
17.72226055726804
17.756519692509677
17.790792712759465
17.833035189781558
17.882349105124643
17.885268313901225
17.93286303070565
17.954757322679214
18.009045557908834
18.033167397030585
18.10352677316604
18.125275090319334
18.156640267780155
18.225073584430984
18.24795912827072
18.25552258841077
18.286158264683177
18.321402368380625
18.35443672545929
18.390229984600083
18.412430117531795
18.454449159951736
18.492151601600337
18.507048749069547
18.54966207312537
18.566099624165584
18.610851938096488
18.639191929865117
18.651214066346892
18.696296431551193
18.718908144447315
18.749956341193432
18.776194216408527
18.85523297453811
18.873496210518194
18.88587600148256
18.89802793995375
18.92787004160619
18.956245259096587
19.032627050360674
19.061749482458644
19.08165803337819
19.099774701800758
19.124148372722654
19.151521343515917
19.207854555370492
19.22107346980981
19.241525551760486
19.2661696481057
19.394353840123625
19.41809018188312
19.444937948313076
19.47262365535748
19.494613724047824
19.548056606390855
19.566970666275147
19.591889369703082
19.628477812753086
19.657768340750494
19.723645782977616
19.73063831017116
19.791163407197487
19.79708576773053
19.822569853980866
19.86613703707525
19.894672681473516
19.91755058838833
19.957333639066942
19.984979588861368
20.033338323094128
20.07699862185401
20.108882701725552
20.144047200213286
20.16922624119736
20.18275422509611
20.21535280936775
20.253734455579856
20.306480842711593
20.334188606871606
20.361185381766614
20.37619206097551
20.406769836145415
20.427966421214947
20.45609247135763
20.48069759657596
20.52042105082251
20.558351208878445
20.587444572544168
20.602642615029517
20.63613964072124
20.693839072631302
20.702562349667634
20.729203854058312
20.796346781451554
20.841913619724178
20.863674489016656
20.890819903411984
20.95198239816397
20.9617763988833
20.98066741102203
21.048107940433646
21.058294021655136
21.11501434147345
21.1628229532728
21.166316538914312
21.19916988566258
21.247033283586816
21.29124824175451
21.327650409504386
21.380313063418615
21.405564342111052
21.42402308725882
21.460148339281595
21.500621145550454
21.519770755783522
21.557715624852232
21.589330004992362
21.603032184248917
21.6666169742947
21.679247078493837
21.688891185112325
21.743278223785143
21.793802381406007
21.802215973946684
21.84164621472721
21.88774796016665
21.938994635336833
21.945597334063077
21.995915700876424
22.053644329346724
22.08382895110552
22.105654700753856
22.134734318191295
22.17570496391584
22.222195342993952
22.247973654065397
22.300202398364778
22.33654107592465
22.377065054842923
22.405584211133764
22.432598197294606
22.465418692820464
22.530108743301465
22.583567692577002
22.59119605394611
22.640885585001882
22.657473422001946
22.69753683481487
22.757033344483002
22.763293551060727
22.792641260390123
22.855561189901444
22.909070896874113
22.939654723280636
23.007876884841615
23.019053418282727
23.040533793103773
23.054023169614155
23.095002270080887
23.126279280456107
23.160594005414186
23.17181649208383
23.238159286915668
23.253158945637338
23.296172170522535
23.35202468160527
23.371843935120324
23.413521665553358
23.45278401012779
23.48085583163322
23.50323709676423
23.569428207598524
23.61553130525758
23.63434347508357
23.665465250694464
23.697087968748274
23.71796698104524
23.738305473641145
23.77306774090783
23.806025834371972
23.840373394107022
23.87577880958643
23.93281497167194
23.963074032652724
23.99785225740865
24.04451221177242
24.10225668937587
24.12577953500628
24.144318979524872
24.18995813706147
24.21974190990422
24.241834191426925
24.245865398051574
24.311768189584175
24.35891042679457
24.376423626056727
24.417628585429227
24.47911583466288
24.51701210381747
24.6003188873243
24.6349315790221
24.64132458557609
24.6821902886276
24.71122092363475
24.76081211928035
24.82400179518734
24.8560856959202
24.862551816563087
24.906687213884208
24.92220500888478
24.992194702543664
25.0179733669789
25.044614381508563
25.09856173319708
25.147310844085787
25.162007520535898
25.17489412404509
25.196321341561553
25.243948652862578
25.285872413744492
25.330774288242527
25.351011961925433
25.399650911606003
25.429269453958245
25.484093257437657
25.522181933016245
25.566767525194493
25.584219285374537
25.623698629380176
25.656614445132146
25.697209652668313
25.763269156614022
25.78751884183065
25.854968295858633
25.871269337987314
25.936180241185788
25.946869126799104
25.97872948116144
26.086679495718634
26.107058646335787
26.155760612805032
26.187561347042067
26.23066917713959
26.266923887376198
26.286432272866104
26.328544662817063
26.37409107631767
26.421022197103994
26.45258426896119
26.568498676029517
26.60337503373059
26.62000370990699
26.63375552277629
26.71164776132012
26.750042896665725
26.763104704511107
26.827538395539854
26.859388848269518
26.879941181146794
26.929083102177543
26.967611065604604
27.006010183191393
27.068518164338922
27.08060159359469
27.121184834814542
27.155070500660017
27.201496560312037
27.248277341011374
27.28632186833199
27.3306958115564
27.385335423968343
27.43427946407843
27.453572328263313
27.509107137313972
27.537041098022517
27.59599133275156
27.630236701293043
27.70907416372487
27.728274803429734
27.76782351513552
27.847720408009128
27.941809942082063
27.946711147719125
28.004070865544556
28.01523898029484
28.105947552667693
28.16276725940118
28.185774449051465
28.293393890102283
28.33144143274613
28.352631644863873
28.44122039985311
28.479035142798597
28.547579104814957
28.61993995354291
28.659872309514625
28.69213103458306
28.75361560195775
28.805765045368187
28.91475985399838
28.94377706436859
29.015809528314463
29.046089701497873
29.143763271324495
29.228996513084237
29.2815869062322
29.311284779735928
29.36133221121416
29.410055239626217
29.46860230770289
29.5201392106842
29.532529644980247
29.65274848388363
29.722307141764198
29.81556354632955
29.844678399330288
29.967916217555818
29.992098140160103
30.067864116531787
30.090821108271278
30.23478141285928
30.236661685522765
30.39627399662754
30.44307433613494
30.559733773997554
30.69043571684372
30.718851001687504
30.785229641562776
30.826961629210587
30.91110752106977
30.96158864203532
31.006502158876714
31.095994891491813
31.208542305615467
31.24005287003572
31.282276883903204
31.43552508864739
31.47334876685603
31.552566897099464
31.60670375658997
31.667278861607972
31.801394507321262
31.894049154046577
31.985163300836728
32.12215880172553
32.286972740569354
32.41443758717086
32.49456886832552
32.51331573205837
32.635327088811714
32.758426768926874
32.789242945288876
33.22099399279199
33.32118472530859
33.6196150626304
33.84680170258397
33.94441244482527
34.156828185050216
34.204840053393816
34.77514189616692
35.500247725000754
