0.69610000365977
0.8409565887823793
0.8717652345428075
1.0138869237064003
1.1462479807490518
8.232759076357851
8.436662474875888
8.576145479370188
9.882783707809494
10.630021022428727
10.697648954235097
10.808252065875374
10.863078733301089
10.95766115483747
11.132582427105252
11.254479230775168
11.312740214007038
11.52821099897406
11.555962562014376
11.629532427047623
11.82037107735064
11.90468152675254
11.940328405928723
11.974901311708184
11.982131578437269
12.215950254370968
12.289973612411767
12.316912185619683
12.365045063303286
12.466608624302678
12.554058978741914
12.60608445802025
12.86649867980032
12.909924036613921
12.928138362158663
12.977692528774025
13.04734793914263
13.1180220729017
13.21739891312207
13.272682480371003
13.302905150530606
13.355396501380298
13.408867549216653
13.471415138869212
13.511463622843008
13.57186739379173
13.61026941848904
13.641901723076954
13.689492540436303
13.744367090842216
13.788882715191315
13.809988414938983
13.877631774628126
13.941543630789077
13.974250611420619
14.070265609966265
14.138348828406336
14.18852777272994
14.216884005675283
14.242713919290532
14.265791376465277
14.304231217451933
14.349605204133614
14.397283126261488
14.407115711858776
14.465018087526705
14.531625428576897
14.586587107776358
14.682748913102769
14.73788572288915
14.761853088123091
14.832693950419506
14.849636116543413
14.897806149360306
14.949613838423593
14.99190449456289
15.047521631525639
15.092705996652825
15.131763453234718
15.145917418124593
15.189159344057538
15.274974882544807
15.281701258499178
15.330520334538816
15.351024521115022
15.38741781375047
15.418381072166614
15.441652815086453
15.470697344671603
15.495362458188731
15.602678544741343
15.623187791713946
15.668937135774367
15.718773599351868
15.732991694305495
15.760706214365667
15.790140618040915
15.859192161210716
15.870637109812755
15.896695355562407
15.936846656930967
15.98059964182059
16.008625651377393
16.035059101464007
16.05219155401589
16.101043146890696
16.1186812523294
16.225470573382655
16.27925535521324
16.289354066266487
16.328995234750234
16.35128411993294
16.36779275849441
16.40694566797573
16.42002929799881
16.450570927715038
16.470954085568902
16.543901597694642
16.569578499754243
16.585824137327442
16.613873552904806
16.65679784693427
16.722117939302628
16.76884623513169
16.83934197784938
16.867193619816266
16.911801473386888
16.968022696445452
16.980393546341176
17.0096159898074
17.04682892164511
17.092484155842246
17.130592037854633
17.161566306405618
17.19500028691048
17.22960921201117
17.270608342966558
17.29863136901222
17.32794217555719
17.373314512665008
17.456148737758415
17.504010441110594
17.519295935615094
17.536250598754393
17.59756744629217
17.623539891803812
17.683634106453013
17.721772128868658
17.74330102175763
17.783062364999314
17.801541016166556
17.82677319945018
17.9426013087688
18.011287367714164
18.030970106401476
18.049466220702147
18.085833670846934
18.12116204696355
18.14456800713155
18.163428338466776
18.229102965868154
18.264074514084243
18.267799915988594
18.31461353792582
18.339336052251788
18.36199965931919
18.41971111634821
18.451058993353186
18.466959433403222
18.504299211440905
18.52795129407111
18.535894248777552
18.565415758250115
18.633285733527188
18.663348718737343
18.737326481347548
18.756530441607033
18.79827714644539
18.839855663124037
18.879319512184367
18.9125595358786
18.942520979356306
18.992523465599326
19.00743684346852
19.039124580263525
19.086363235586735
19.09588832072841
19.114144441255906
19.134630445496036
19.169383158184555
19.207763130918384
19.24086114675454
19.2926276725882
19.336853584201574
19.370808409489612
19.38893852980132
19.426358458662257
19.456410476757597
19.468046059862335
19.497783688494003
19.524819703886497
19.56517359161637
19.62910565748393
19.68563261726674
19.718814801526094
19.729036634275776
19.767121420638215
19.830464234335405
19.88224879361467
19.90148085633826
19.9181463114372
19.970587011835505
19.990194282096684
20.020428502804144
20.04996019340428
20.078265958631196
20.102322587802156
20.135523093945952
20.159391778316312
20.196758334280517
20.221332986424187
20.247982862306397
20.276152771357427
20.30403289654889
20.38714506085885
20.402534698572612
20.438354373182655
20.459021631498743
20.48598788469536
20.50385783092983
20.512592773693743
20.5333605670341
20.55020314301572
20.62028501884361
20.628034632108456
20.691330477983744
20.70855977986523
20.72687673778875
20.776269558751647
20.811683180103156
20.828251382833454
20.84610237447164
20.91445545679015
20.94178498059514
20.966999182345997
21.01332985978817
21.03800220559099
21.072134138886852
21.111443408462506
21.136005133579697
21.15105446177436
21.2207353399491
21.271156512572617
21.28279849527787
21.300798180722797
21.396481233562337
21.434226492082566
21.48249031852568
21.50110235880508
21.56726960375489
21.579316368385665
21.6211749775003
21.635734040862182
21.69975095392832
21.70969139772219
21.73697341961228
21.75207274059086
21.834746226408505
21.86103535698426
21.90642078461088
21.909996001864517
21.9499751100633
21.99885596921923
22.00772239624595
22.044546451932025
22.10051562287017
22.127087546377965
22.15869371356431
22.222646302632928
22.2683818590061
22.309831791317677
22.328963269054587
22.351567857569112
22.370901387171347
22.401028916112736
22.420061506249844
22.471066920921057
22.485583332417878
22.524194794809166
22.560237845355015
22.568447671527938
22.621428314416754
22.65874570509531
22.708855446593006
22.735784570386667
22.76663377066703
22.812472208422435
22.872677627360407
22.91710883264667
22.95449880376735
22.960896749646103
23.015205001718577
23.064143345665567
23.100377074671485
23.125693091700178
23.15290544886719
23.167709276438842
23.202163880052268
23.255283281954398
23.359333214304417
23.3852690407709
23.4059373259323
23.46211754105854
23.508168131061915
23.53653670019207
23.580984800651915
23.631895436584067
23.64129452865145
23.672559768524934
23.73858987100162
23.747309326461192
23.81060029265679
23.8220248910758
23.89355292442114
23.92272902889235
23.932067121829864
23.9673617258944
23.9923794605137
24.051666439338707
24.112026895836976
24.15634916380859
24.188809434880334
24.20079089724998
24.21958780990448
24.265397601288985
24.31261750751079
24.32005558827659
24.38060880402036
24.397963489221134
24.414077514680592
24.476057323509682
24.533634121973606
24.54747668622205
24.570979659620267
24.602950473662435
24.665533469759765
24.707915588057396
24.74783391357692
24.768339580900665
24.803360896741122
24.858146659362077
24.904484255595072
24.91715085225433
24.95245550763102
24.980892136073575
25.03514310182632
25.071685498182582
25.118755912140337
25.140007223144227
25.22398661478937
25.232900105367424
25.280273068693077
25.34537230716687
25.37224015923412
25.40205749331214
25.433171036794658
25.448230797997596
25.502482465075964
25.521466862891877
25.54134405490324
25.56252768701073
25.637001823361015
25.6669010052534
25.67999562155967
25.742796979820746
25.77678565645125
25.803538039088203
25.863137379476875
25.905179776419004
25.939206655380676
25.95576597912568
26.02513561897185
26.092840061916355
26.13932735793521
26.172959681057804
26.197637121397584
26.2404508075623
26.285029184062974
26.359067562479535
26.406972926825652
26.4636518006059
26.50603843909798
26.57065942229465
26.580135764156996
26.660142111794737
26.67721181237546
26.76687900423554
26.80993282753075
26.845651670368888
26.8998460486099
26.924128547181688
26.96138282821404
26.995456804166437
27.02943763572434
27.04952899999993
27.107181280608753
27.136593356432613
27.1796396875836
27.2430207931684
27.29091361503136
27.37935646786861
27.404501200384587
27.44967219589853
27.514423670933194
27.530792804213856
27.6530841790548
27.67324579032787
27.738878547596215
27.785639443486467
27.804451718773525
27.822555905064647
27.882354466569325
27.944296294324822
27.965335774442643
27.99680420326776
28.07664008524706
28.12295420179186
28.13737516212793
28.230951617614853
28.322757167882255
28.372580575954125
28.405212630911578
28.473539372327515
28.506951145088713
28.55799057145187
28.641679669457673
28.65734434686577
28.713525562015093
28.73203182847883
28.775731814861235
28.822339981690536
28.899057559753217
28.932040482046922
29.0314892684865
29.050945022547374
29.07737787365739
29.156802959593495
29.24609959597203
29.28966749923562
29.380241934173526
29.384810558897403
29.42191510380692
29.476586920455247
29.60890451350497
29.6488317544626
29.70385372162939
29.74608911701574
29.766208376818806
29.815992215290418
29.894560542049856
30.00230023017429
30.015421454392403
30.068617527899345
30.104446299192617
30.237620861451934
30.253333152207865
30.36313782719853
30.41400804981018
30.434732701810617
30.538563475873623
30.61603552947592
30.831314806892326
30.924731498163577
30.959343029843648
31.05828184778777
31.181878399554744
31.272245098127698
31.353549214550963
31.45089923509048
31.462846784286445
31.573298130319493
31.665627316680716
31.763332946557988
31.906188794976966
31.974389228792162
32.024330162073525
32.06669565635542
32.21641326228635
32.31651851075879
32.637995833459875
32.89529296691019
32.92919316824829
33.187906808995905
33.4750790286346
33.70679734390887
33.73571576527151
33.86524863622599
34.47003135786553
34.841644942361
