0.7162439756595956
0.7868173619877851
0.8792631893668402
0.9648555089506353
1.0086370321965785
9.41891536107979
9.80509092257253
10.379690202727172
10.462567692718778
11.13361387097397
11.170195936934702
11.47425414517785
11.534416567090867
11.611832464143658
11.681241053136313
11.696861178955064
11.878566268101547
12.151155878881022
12.242055522527359
12.249053772357689
12.27940067631413
12.423868209307244
12.503883617956285
12.700667733234763
12.761290796920118
12.790312123517312
12.826607979863017
12.883518422420247
13.090145512563154
13.123050183948463
13.226620702127011
13.284034005799413
13.347559017516877
13.417744133271054
13.48921917311136
13.537962723101241
13.648720444958272
13.699112850587076
13.712542413355736
13.773368802479602
13.807366830869663
13.833816514080567
13.85889656081147
13.890301617799828
13.948887062448676
14.012699852785055
14.056581170460092
14.120626104330794
14.212297796078646
14.257231972315935
14.319414602504986
14.403668708333182
14.439312319856024
14.513742598298146
14.534032246090787
14.586756445747238
14.607413748078459
14.64170419646296
14.705104174541058
14.750455655411582
14.765506997423811
14.833858186381184
14.83857695118394
14.896191221735137
15.017376461367045
15.071552446016675
15.14863281637166
15.162048045229957
15.190943098617865
15.239993922817147
15.253548702731376
15.306523555302213
15.353027312368278
15.386524884438867
15.450846547629066
15.502724198880852
15.531490850779422
15.552570494311492
15.642681711164045
15.669611738141235
15.692902802010684
15.719437545596822
15.772567183932468
15.800194468949524
15.83458724899501
15.86414657906195
15.962139338917277
16.003393147401447
16.01946717900267
16.036332928394355
16.089113602453267
16.112665775886857
16.173019548187142
16.202180617311342
16.35155039070092
16.411366087121706
16.42193160565864
16.447938950188917
16.51088373575168
16.530532120886132
16.587636131428123
16.59934758676223
16.645259442708557
16.653362136560066
16.70902935876661
16.72891695533869
16.81609304941477
16.861320120499084
16.88823397410568
16.959070251456602
16.987990451359153
17.01635174932695
17.030054012974077
17.093850237766027
17.105624142679975
17.129345933984837
17.141863943922242
17.20653225343234
17.25348310232254
17.307024140985718
17.343690030160804
17.391679714003015
17.412984583726193
17.50577258281084
17.52827016196732
17.586597561635305
17.59081285639376
17.629427813870034
17.65905385013258
17.69124984703698
17.709822659861793
17.726669992854674
17.77267220855667
17.82040025588585
17.845408656663313
17.865561143636363
17.883821263675273
17.914797510966356
17.942175997266226
17.97517662066091
18.05123054737356
18.074154601504585
18.108619440888507
18.13150072068221
18.15532600278133
18.174674006262048
18.242999603665307
18.251059134990793
18.298472817798107
18.332532452282162
18.350327379311306
18.400457794786593
18.409807878384512
18.447588369425386
18.532151996109583
18.53644393226773
18.569757361625307
18.598508189800544
18.624764207258725
18.642303746095905
18.696848472639317
18.73137249661479
18.783631627467464
18.82942501578698
18.85666069328294
18.88509571103954
18.956495626550886
18.97890818818536
19.003918373098415
19.076426057335798
19.090474215079887
19.12726770508531
19.170669573088464
19.192923906820678
19.24163598924591
19.26749436249946
19.309296767585877
19.35460377200385
19.38502216214051
19.451168643399978
19.479511253518968
19.492530185629672
19.50902439093832
19.567366867446026
19.581187462171766
19.65965146124624
19.671642667397613
19.710032332733267
19.72655905725088
19.732838926502826
19.773653180424187
19.784823878870156
19.80673555361554
19.84829751420673
19.870059980034153
19.908157323616926
19.921831650200282
19.94409063076082
19.953337502257877
19.99251739274163
20.03552001543125
20.044369944846625
20.08322834379133
20.155903168871397
20.177561188478332
20.20226271277506
20.259265729476393
20.268447227611116
20.335184729675895
20.38789654656469
20.39827707388829
20.419360829909582
20.439070762724736
20.50340955370595
20.53499845676439
20.583626584213373
20.589573793789633
20.64157355786312
20.668226752940583
20.722295847145062
20.727788532987176
20.802752095903482
20.85164033456432
20.878975327798436
20.92638028720754
20.9721679762756
21.007994684032035
21.01213000656376
21.049389830604095
21.112156615532747
21.153813106506416
21.175388721365188
21.22222283962449
21.2700971191865
21.29268992799874
21.339432510476243
21.35950198161138
21.384790827680238
21.409145341071856
21.43450827689065
21.452585964080942
21.5179404938727
21.557349999086775
21.574209896813144
21.596729921307457
21.60466351267232
21.691533633066342
21.735441172219595
21.75947483461493
21.794125422197716
21.83017955313186
21.856491746265096
21.88012738487924
21.89051933901236
21.934495278425583
22.016195419400567
22.02532205355899
22.06351120001613
22.105040163513507
22.12168865818291
22.190952550331573
22.202540501409867
22.23378845587975
22.248297908196868
22.293613111569165
22.321337580896692
22.331785914328417
22.380740495517085
22.41721035063263
22.44328600256221
22.498702998783145
22.537502977013173
22.5816748674393
22.60204733774875
22.647071496562603
22.68319491992048
22.694808317975845
22.729613760583053
22.801839152582094
22.844378315464414
22.851337288909562
22.895090005406892
22.95749062021078
22.98409153321683
23.013032869589487
23.049894218521647
23.05957759560933
23.141196078633477
23.17349714363227
23.220669293684946
23.231823196463605
23.25309839785484
23.296426971054476
23.334305604378578
23.401281702755057
23.406110101527876
23.458831376629973
23.49572117572702
23.534064021029945
23.573884705457026
23.5830428496992
23.676459307832122
23.682339911742073
23.728009884909802
23.768666089737746
23.809663972162763
23.853306141961124
23.880967007352968
23.906822831206366
23.929532061809162
23.941611715067125
23.960656756357317
24.005701939342377
24.03473262275125
24.080251061813563
24.1172876608912
24.149408757589278
24.21247596061324
24.25447250113197
24.28408894385777
24.309178122988346
24.33623479900675
24.405986488135383
24.44259032822348
24.490842415308475
24.541671996206745
24.57145118975595
24.594185288115803
24.602633194777223
24.631643692556896
24.666007137951226
24.727881176448662
24.77783542346319
24.81746637743537
24.840736257898868
24.86954766852657
24.881249353236633
24.917070615414303
24.948192277146504
24.994562816706054
25.028171272177914
25.107882014865062
25.148481642436458
25.178630087906235
25.192047488291397
25.246876101257417
25.326404069131495
25.336833720120577
25.36694984761539
25.384372932784352
25.408180068161247
25.462115546633026
25.473400866693904
25.49483876551408
25.5735442502341
25.597085236721117
25.609807438954363
25.62773320388095
25.69056747792589
25.73795315056347
25.743456095789274
25.79609580837306
25.889129286174057
25.929370222729005
25.964511893609068
26.013325330192053
26.033813198523873
26.08007857567878
26.122062255268602
26.127858442640722
26.176156386128532
26.18365432767731
26.2622379541978
26.271368200591436
26.313203097043555
26.360929928892624
26.409351685878395
26.43798591202491
26.466008717356587
26.51237928393534
26.550224720662573
26.576362754238254
26.639394357507207
26.669004391798833
26.703407632357003
26.725948172817144
26.746978732442546
26.81006581595213
26.873380345016248
26.902316587392125
26.92269855433179
26.98842647044349
27.012558846161333
27.035472484409283
27.08030456493693
27.163412812427
27.21837976767911
27.26322632496802
27.276547945063363
27.29603651081442
27.35721599761828
27.394037297564378
27.46982346565266
27.554466322188183
27.58350903910224
27.621188480033656
27.635176124822436
27.677092608425827
27.722002538810187
27.748177479090202
27.790509359549496
27.82269490895673
27.934933540295024
28.022162536149576
28.05287539053937
28.079685032150646
28.117757829856284
28.161521113849492
28.240459058669124
28.255309064607616
28.32840678222786
28.366847566166832
28.37409473983732
28.429412934178444
28.435881245539736
28.520485100592875
28.55405206485869
28.627648301732265
28.67784863235301
28.72230170468389
28.82743045841134
28.876278229379786
28.884374491208344
28.935417518907997
28.949140656570464
28.957566795785038
29.0963054483803
29.13969374747178
29.169105764432196
29.188784691532675
29.259920969849098
29.311407565488267
29.331184967002073
29.416107580245534
29.471924883035232
29.573603385668267
29.63259566470501
29.679700447004826
29.71177925005361
29.765595736446397
29.86134728729267
29.918144138870765
29.981112947044622
30.003088925980645
30.049920148469415
30.202891139681604
30.253177778392626
30.36323928130833
30.406042075175872
30.457710588839046
30.51252139671591
30.520230185318702
30.600571664771323
30.605831423433585
30.679645774844357
30.736001652234286
30.763324148205683
30.834976531518056
31.08244806850075
31.104998638781005
31.147366984675916
31.259353671110272
31.39271944448248
31.44663346449701
31.478102169289468
31.496470541904685
31.692654352565494
31.796133561059087
31.94091972787021
31.98527960236881
32.062156943658664
32.126445379215085
32.24641300702159
32.29919238384859
32.33884637753886
32.44277278352194
32.49659051975785
32.54435808716094
32.68758869454589
33.078789907124076
33.34726221885533
33.58752998807978
33.672028687403056
33.91668474238845
34.153996156147755
34.212611985407776
34.70324001335457
35.52696183611803
36.09810691662469
