3.957227274720882
4.4465203996500255
4.538331711283916
4.619129791258524
4.773062226614284
10.369635303416937
11.980474634825182
13.025896900950144
13.102651257975767
13.530861351628216
13.576457551890595
13.635363052670481
13.830695658246713
13.89215657706993
14.00214001992683
14.087024735617925
14.306900243146844
14.454213455259223
14.496894149779932
14.547199772845671
14.646421648623754
14.788409410314722
14.880986044635105
14.968221551588337
15.01776143464301
15.087639625360959
15.269906151851444
15.298397144928567
15.317867005938881
15.416497265311637
15.453436358133086
15.55869800791792
15.58934424397111
15.670595782713896
15.752438851541962
15.81122545537352
15.840223806289059
15.955386561828234
15.987566661586397
16.055412063323704
16.148306209850773
16.17467884867961
16.189831851140934
16.260102126173326
16.319146898830056
16.422757539814494
16.457149889387377
16.502377281150636
16.57189517935661
16.61379289341953
16.63932899877923
16.672370981521393
16.752114043991806
16.76893776128659
16.801587872302694
16.86176654089856
16.932955262321833
16.95977817975256
16.994949259010493
17.062479432363574
17.1382567243207
17.155768833156724
17.176527579778398
17.240567216073664
17.277663556854048
17.34448025621357
17.38534466457179
17.437199662746085
17.472073972873954
17.537622552385844
17.601376463003877
17.633038788720004
17.65776030980567
17.74160789361799
17.798012579236456
17.825418235609096
17.866896948708575
17.93664405932202
17.97018673215957
18.008187274013483
18.032127288403345
18.0497195960303
18.09656344796106
18.15211250335672
18.187884866185335
18.26754354067161
18.331278775668057
18.341925750275713
18.383519697211312
18.420859254978126
18.488751655003924
18.555170004400637
18.574181754613445
18.607756122494024
18.65015845943356
18.687698562214003
18.769279573493474
18.78704024503379
18.82250664488357
18.89234764771506
18.94367161225374
18.96640150213728
18.999005751374316
19.070676463039916
19.086807114763058
19.126184285782234
19.159156495888155
19.1950856456154
19.207059423924168
19.25095591606817
19.348060895017003
19.381603969311247
19.432564317128183
19.44998333650921
19.50768517173988
19.52430785448247
19.576847174882477
19.650006156324544
19.68232948080628
19.70605565180285
19.74107145689819
19.831734032698442
19.866741632657725
19.881440279331194
19.94880529226859
19.965686079805934
20.018259515046033
20.05379069610048
20.10005890210778
20.126373001755287
20.15488079248967
20.228847933141136
20.255244502958362
20.268812158566647
20.287532290523398
20.31975416064282
20.3423544258114
20.39395144689032
20.40886365518109
20.43950321316643
20.495571389156495
20.568016865326772
20.614543472911333
20.618989810174828
20.639739347638404
20.692319869374078
20.723079823455024
20.791273681651507
20.822595537391663
20.84138769000383
20.914810507138448
20.923660052048806
20.989755477286995
21.02971824881412
21.03948342720315
21.062970274129196
21.114286579031347
21.13342403381367
21.17202089461426
21.187811833256774
21.244287577249292
21.299238845169643
21.334624961589803
21.337985889333982
21.41786387777636
21.450482369001612
21.517049129837314
21.54764529850225
21.564348037558393
21.606264744242306
21.624655340621075
21.662495384910066
21.672088520541497
21.751114028407578
21.82068310504105
21.8621355985538
21.89162999670766
21.928236141290366
21.966761356910236
22.00148192045225
22.00999958266693
22.033470341430945
22.078650354819594
22.094014563201746
22.183243562721042
22.195569435349256
22.251201476294682
22.27635584170435
22.328908437021497
22.346548745250043
22.427413005048358
22.464599220222794
22.49655187145044
22.52559966883921
22.565760181379396
22.576731820851172
22.59941318841661
22.633888708731057
22.69408646088899
22.725583872045153
22.767643554033832
22.795097562487328
22.85358723632781
22.868741323858483
22.893486255803523
22.92036611295416
22.972268286220242
23.003457617391863
23.016495665051515
23.072681069754868
23.10665524719841
23.13451949746534
23.157825688268762
23.238139016330997
23.294372897772263
23.332683224405734
23.364844399156503
23.380096240507584
23.456648326494577
23.478562823442772
23.54464481739162
23.54708437189034
23.62151504238264
23.627559888004463
23.669043644671902
23.698569579791425
23.788668623023813
23.803166270902164
23.84682267147609
23.885452170816578
23.914194666778428
23.93745075332448
23.961221613388837
23.998156439199523
24.026281581641623
24.04923915845491
24.13655927293469
24.173426047848473
24.183205653952015
24.214929514348704
24.254553626759204
24.27580327024314
24.314229702635142
24.33304344527004
24.428438446437436
24.44159885047203
24.49243560087267
24.49514019725893
24.571146324927707
24.581909904996177
24.620988722715737
24.64115436154469
24.6961384433149
24.754524465467338
24.755266253984175
24.818760112362643
24.83606771276448
24.85241916193069
24.931723337029887
24.977949430049453
24.993352441461596
25.058376881318733
25.070910634030625
25.07794937013913
25.12427251180704
25.163126949523672
25.18642882524557
25.214603128716416
25.24807128561285
25.309112951543412
25.336773813232554
25.39321493300908
25.400064512990348
25.443951763640374
25.494093613571753
25.531655371037274
25.592738422946592
25.63281478524694
25.681911587973396
25.691881653135752
25.76421776075756
25.79603006822898
25.811626444901805
25.84697358915499
25.908528301513865
25.97409795393026
25.998264965054215
26.02830331764797
26.075995902039057
26.125858625189945
26.146036108866795
26.19275416090302
26.25079579736232
26.270010746893963
26.326579576550802
26.36435609591096
26.377625341248642
26.4398352363444
26.476630460910027
26.48487864704854
26.54236747698549
26.557056206995274
26.619313522464342
26.65070053017302
26.6970376635378
26.76446073340219
26.830061384188173
26.86734500168516
26.889500568101155
26.92323341001775
26.95187029677747
27.008569824138878
27.02287958576087
27.04332147637266
27.059498148740214
27.131064815925715
27.147208307885197
27.221180592795882
27.304827360007035
27.31868719234238
27.377478587377258
27.399307167889802
27.456933393461046
27.474535385536505
27.534728869075497
27.57081287011049
27.602484593430937
27.64427770639529
27.64654286526887
27.71474919643961
27.751441074652096
27.814104457429835
27.833938576331438
27.885999267657773
27.958484100771177
28.00276931652475
28.05003907248221
28.085199980869156
28.15090562550437
28.19917630059007
28.215803634002164
28.23171747145295
28.29617696497101
28.341024394097467
28.397968699438447
28.473586114611162
28.507169284678195
28.52292595961435
28.541512137817737
28.56421852609654
28.596067401256825
28.665765169876106
28.745057638842052
28.79032007983211
28.829448300265184
28.841367781226165
28.91629427118185
28.93147154741004
28.986612573123796
29.031218280671418
29.075538641066455
29.15876810826092
29.186808682497407
29.19369452519872
29.225217424262027
29.273473518825448
29.310413710467838
29.347386328327847
29.408365679610103
29.424704300452554
29.48394068603377
29.517727313817414
29.603808573664022
29.616845074432895
29.706206403362554
29.717212773835865
29.748370636012005
29.750902674002024
29.784634085134524
29.799630567758676
29.925223067319678
29.963259324212903
29.987530495271532
30.06606654699235
30.096807017200774
30.144293924158273
30.187260952704975
30.21026172052325
30.24399095071317
30.322542909368437
30.42768821015276
30.47008649024696
30.55204575263673
30.56707051577442
30.607544473951474
30.63894741427196
30.651273311804378
30.728103526965263
30.758949856806296
30.763785442477133
30.81665214016809
30.864778975386322
30.9106062197965
30.955794179859673
31.03504968066198
31.05925659193814
31.108356642849362
31.18221009757795
31.225998230360766
31.323698320248926
31.366769536345004
31.41986539801934
31.554653025876743
31.617073427884197
31.644089862898266
31.654172834869687
31.686205013859173
31.74472533234958
31.75807195302069
31.81808892731834
31.872641166025993
31.941777415923994
31.975650724735075
32.06998820504112
32.10314484690842
32.25463635588266
32.278406022089456
32.353335519694454
32.39468864969511
32.444833268865345
32.46649617021331
32.51520091627886
32.61746011147034
32.71514663926922
32.77156487808289
32.82329854854667
32.86229871270471
32.912480240810055
32.96585885788077
32.981379152575386
33.057225127001054
33.156731272400854
33.20129933873875
33.323400223035385
33.33707916084248
33.401709677420264
33.46823280987568
33.5225711431904
33.53886065403162
33.69198185030351
33.721102195291394
33.777745438358245
33.877254772803504
33.98099934334458
33.995300277247985
34.10279682306502
34.12131379273816
34.16234992384461
34.26770808598527
34.32041102187634
34.4269627458912
34.50710394787483
34.54416623052842
34.63252313528118
34.74286813436775
34.89873193237788
34.93680187039601
34.99988780268254
35.066903543006575
35.20684630847983
35.36271479610025
35.41507913575855
35.49089145950658
35.53892112324977
35.59869572748453
35.77007262675973
35.82118810514
35.96341244397538
36.04335028739648
36.10376785614296
36.285399474022405
36.46216766691953
36.574240116217595
36.600935211010736
36.84747880164088
37.29011150321535
37.436630430446066
37.50771477129323
37.717343580477895
38.17308038361002
38.395935110951854
38.66041415343052
38.915106962908496
39.01010466563213
39.363970253369644
39.398965566185765
39.958804127970936
40.258627360418274
41.85913198931229
