0.8550303332833037
0.9038566965491972
0.9542548008982241
1.074840407399879
1.1659953320286822
9.29646635192102
10.650355119940714
10.763438047916374
11.128623401694705
11.362771262957631
11.952580214663774
11.988701866205949
12.00256129367291
12.043582740743263
12.161961329630376
12.458165948889295
12.486193413420605
12.512630751798907
12.543228151677807
12.549372371866683
12.564044087109103
12.636112483327793
12.742949509512465
12.797620733037425
12.84214493994174
12.852812321076188
12.930632967864693
12.983819082731436
13.040004354130355
13.103434934063646
13.195147082686585
13.243945523975942
13.320721461205672
13.363337634458013
13.482287454472717
13.552364397329983
13.595532294336888
13.652615898712577
13.70650692182091
13.755413270376481
13.801924817648024
13.845001690753811
13.891976297677024
13.922187944500637
14.014197487288532
14.036365226708282
14.099861773210092
14.13869214564381
14.19154813576877
14.209974912762062
14.233922070965395
14.331605626511173
14.357534453730546
14.408333830618007
14.442755160711616
14.451534214680615
14.491477276350421
14.561111232011962
14.574168010210109
14.583905959336613
14.657391326539775
14.706460377606609
14.729913316833503
14.78342619668767
14.866488715198358
14.905655743527676
14.93110852653845
14.962852366299778
14.99006996262487
15.046221935866615
15.073271641986363
15.099063051026018
15.181446018307007
15.210995395018633
15.228312694900701
15.28878725935152
15.331665661934435
15.356528358946779
15.395863795968932
15.475395073208315
15.521478337217385
15.543808534099014
15.586388508968678
15.62372639676724
15.65511357688459
15.667314294531419
15.718638239067715
15.751932158819967
15.81263745168081
15.839641001845724
15.85716034249262
15.890283876272493
15.915623503491313
15.942410657216561
15.972837463260635
15.996075610029022
16.062617580041984
16.098200842967415
16.169115733664484
16.207784728530875
16.235067861689295
16.320346731972606
16.33058388513219
16.3844791779848
16.402935879966073
16.419604303213696
16.43292201531224
16.505973747956666
16.526317403342233
16.583001616005554
16.608005190513566
16.639855672210725
16.6418213889166
16.67301817715836
16.719879225048178
16.727804321895277
16.779573888959145
16.803777644702024
16.860359772041182
16.928155281650472
16.97462209894201
17.005934736830337
17.02817154066614
17.061364285675538
17.123460779847324
17.137633708965698
17.22222128444669
17.239723263777364
17.251586416246127
17.271348676306893
17.305053758566547
17.319242154028675
17.401644148523058
17.42210679495974
17.438794472401046
17.482934445745478
17.549550114922997
17.57262701198951
17.60720453672387
17.62284327014296
17.712958768525
17.74837407330041
17.779957252678113
17.787516315012006
17.85821141318499
17.885904588365936
17.933441123727622
17.97703181295265
17.99728615742998
18.019937190089475
18.043075232180335
18.11712701226432
18.141061935155925
18.164930778000972
18.192373989008296
18.234156268939962
18.24777830837978
18.286991875243377
18.366807649862118
18.371856524176263
18.400417735414823
18.43768176705932
18.486484280294817
18.49815675598687
18.542995224633717
18.561147028484285
18.58518766815055
18.633903614232192
18.6534388964133
18.691902012250154
18.70979417094607
18.746264087079158
18.782369297559363
18.823781174071268
18.835425818956445
18.878490424837082
18.89064802129312
18.90110191772849
18.960820082147645
18.983197584844334
19.054910797793347
19.08749584073937
19.115063108018024
19.14618553990999
19.16920610456867
19.237842053414457
19.248050680244948
19.267982085791925
19.292347339265977
19.34982647612263
19.39502883324583
19.417835256235485
19.441324349663155
19.47395648997668
19.527835641438735
19.562847359343262
19.57392854113777
19.618273570088476
19.643141634959466
19.670475957126985
19.721964362194864
19.757076175668537
19.809236217673416
19.83211867362903
19.849446561626003
19.896959441669377
19.90919582972695
19.974661964210238
20.00223174733519
20.076734696787515
20.092030127371643
20.126766159734277
20.150392837122237
20.159153839501602
20.211981844461288
20.242178510389998
20.2718819151505
20.296727388245056
20.342017701787093
20.371794924767563
20.418349307630216
20.433118211786784
20.447315312957926
20.487164290304
20.521443068142357
20.5463064960352
20.563286394998205
20.664092090503487
20.691417274876144
20.706135861986187
20.73149672275076
20.760898622869405
20.791714998610043
20.816454446837383
20.835879214292675
20.862832087101797
20.929056984010444
20.9412961329142
20.95813625112649
21.036527535203405
21.05507994059835
21.086981757932392
21.10417263296983
21.136363791806687
21.167625816463218
21.235801805159888
21.24490673577841
21.341151224026245
21.37554891600944
21.39856734023881
21.432425883153183
21.4569749570709
21.49375589190147
21.516952412156822
21.540397758538685
21.579372700796565
21.625566346595633
21.64405119968591
21.705799334682197
21.71102025665386
21.734449814677056
21.753080478129053
21.82227316233613
21.8408098541301
21.873060708447763
21.911351452851537
21.93385646296975
21.987551572779406
22.008453977281743
22.045089665373755
22.080842959573747
22.118783289067217
22.139822154390096
22.19148769446703
22.21127806259869
22.22315980365314
22.276196475040507
22.309787119723392
22.344171267046775
22.349135522060358
22.383880380911208
22.447000201300934
22.451550813371018
22.49470545497245
22.524472348441382
22.544432935724533
22.576182063119013
22.60802491970798
22.672201320621767
22.70621091621418
22.744265742951306
22.77054397159767
22.78243617292524
22.8267234333425
22.846500361439997
22.922546132124435
22.960816000093928
22.98285144478515
22.999985350788698
23.025922647260433
23.047433889499914
23.073194570594428
23.157885764350322
23.168515582280314
23.197340472502365
23.249317939744316
23.286803117714605
23.29854447963798
23.326125769036715
23.377521218343635
23.41281674635769
23.43384846040088
23.46347777136187
23.49513241311275
23.53002476364431
23.577275795794048
23.600047038951402
23.632613580638697
23.672759646718163
23.692864945060467
23.735721418710146
23.812881898548696
23.871770976295945
23.900975089219404
23.90516268257779
23.936049458551445
23.95859032110695
24.013726302801988
24.050777153558634
24.060226547136146
24.113711173445537
24.17722838198637
24.24046203880178
24.270275072068973
24.304186161600953
24.316815355099802
24.345429895592154
24.378443941433673
24.448286497634264
24.474786646468967
24.510756136974948
24.564480311917663
24.586875056443443
24.646752074897222
24.702074215533912
24.724188666821156
24.745744861681377
24.784231102240962
24.85695490233221
24.89089084411475
24.93580070990805
24.987001176992123
24.991149231235983
25.013469642609888
25.06942442566636
25.122893100715743
25.153837257649432
25.183891513270304
25.250549483750664
25.312203266324254
25.31991264124206
25.37031425768136
25.380238455476402
25.419455184284978
25.42939834848882
25.47280432065476
25.552208829404087
25.565143003167496
25.58853964001486
25.629809527418953
25.682865405416603
25.725737050123538
25.738057549957333
25.796522571779537
25.82753968230857
25.848293535364604
25.866979617663755
25.906350028126468
25.962155114509105
25.992738638712353
26.04106284956416
26.05900410173738
26.091791117014292
26.13371895056032
26.186352836490478
26.210851761330446
26.275108362902063
26.296397547890752
26.345397303185432
26.357048149806953
26.406319374372178
26.444173683740985
26.46801210781379
26.541705441562456
26.580184707401205
26.645335503730788
26.65711812886523
26.6794268022333
26.72733823507129
26.791991930362283
26.801292296393857
26.86077834065348
26.90942869873334
26.936880192873684
26.993665934207673
27.026737420433765
27.09167956523537
27.132424353431368
27.158719843214364
27.196789929922847
27.27101650070891
27.34405833244421
27.413769010933862
27.433193090438593
27.52296655189966
27.591589714290887
27.679045953116653
27.686963601974284
27.708648323311383
27.733301625074127
27.79669181676069
27.828414875445077
27.967661559680696
27.977018537064957
28.021861125603035
28.05218231618233
28.095683598820493
28.12481268347814
28.158409661111218
28.182303514896343
28.20581809517209
28.254224173717994
28.303472524436362
28.385229982640247
28.40450061790487
28.51224547831674
28.58034439659077
28.65627745084632
28.714473860389433
28.76738410479592
28.86584587538623
28.8807329888891
28.963993122310768
29.040746236152508
29.08336705069738
29.13963120736252
29.20335939605543
29.261059936455432
29.32268485505397
29.39470559485342
29.413957006653643
29.428072406347805
29.513805344336028
29.625345863403503
29.635555804636624
29.757853588894452
29.771662711196743
29.825733238368922
29.86343235459417
29.932609552626094
30.04101998898074
30.04491152640305
30.070254913165833
30.208289405365104
30.262826992279482
30.28957814121198
30.418069377011758
30.545533678689374
30.630910740960886
30.666146686928258
30.68659351235011
30.731076783721534
30.81977351025905
30.926706693650942
31.021513183518756
31.091565390218786
31.284864438005112
31.38106474962277
31.46060515363066
31.498224194296917
31.569897566167352
31.631369698916654
31.64444165276923
31.74140401365409
31.77287873369986
31.885645444547905
32.05116251887134
32.153849237167506
32.22557924845568
32.340333827084216
32.72697713219228
32.865946665709814
32.94547631826654
33.02292045446084
33.58312728824934
33.79459195816665
33.927304505510925
34.510717676616466
34.966293032445535
