0.745586391222883
0.8106487682082119
0.9231801651135209
1.003852370659429
1.0191548681840816
7.590695122174525
10.414701418253008
10.740523132558438
10.84658751674105
10.922635263512348
10.94025564666866
11.494121408058643
11.517432165761807
11.604071129929153
11.664261242154993
11.716540648079773
11.840476922962479
12.104946581305752
12.172172410190543
12.216736189014632
12.340661712359543
12.365816427706267
12.406125333104344
12.433844832122887
12.624652053829658
12.661920779631144
12.692710342122403
12.727700202218648
12.767367156346499
12.921324181774946
13.027277554389094
13.046991096177189
13.12514689945889
13.160296584373643
13.209758827170193
13.241055083136592
13.277159474951702
13.331264369922252
13.367793294559174
13.532742365171526
13.602953490861925
13.63298458127991
13.670411017380902
13.694664246203567
13.762240700272853
13.789446767889174
13.853342213637836
13.910682378708465
13.942611031726468
13.980410884579774
14.039225606343916
14.190320864680697
14.246962805315565
14.289542959548227
14.312700778074525
14.343607030898708
14.366684072485558
14.426008325326809
14.511759237600383
14.520448008373684
14.55431354760767
14.636355205668533
14.64888346424345
14.70604352809916
14.722062654263468
14.768107516044742
14.776025021909721
14.82607668159191
14.893772788626189
14.928272075003555
14.961487551945861
14.993494440744787
15.046163973854286
15.098192113856337
15.114065453330396
15.182376972124311
15.212459483876303
15.272917230920141
15.304185578120464
15.331578752378807
15.351018467730766
15.386010191046566
15.422413627799816
15.484273118915997
15.516447669684766
15.55582906994758
15.569057386982587
15.622569794648905
15.645007430293369
15.679140334842591
15.697309229754769
15.760755349289694
15.820120567144622
15.86204880228919
15.891170864443326
15.944124491770786
15.971753808504918
16.0302596626092
16.0691535452761
16.1190165015295
16.14499065229401
16.156201026825496
16.216896668590838
16.259736074823255
16.278504215162663
16.299941348493576
16.331806301609955
16.384440817646002
16.39972374221211
16.516652723674685
16.540607148531656
16.581385611571193
16.594677170260738
16.628082099049116
16.670599762651403
16.701683718145656
16.7235646475774
16.757925250295006
16.775136161834386
16.816464431310767
16.83820993871342
16.85443083827833
16.874762220744827
16.929109890251954
16.999128431076013
17.04842537345316
17.074391610122508
17.137967923288496
17.16956374118654
17.197667989947153
17.253419395660213
17.263987144396598
17.30880840796832
17.352901873402743
17.367405774722858
17.420839662154073
17.459189219762912
17.484077583378483
17.521739425496715
17.556457029668024
17.582219356522444
17.614828349800494
17.68212506578214
17.718799586699582
17.734212639285417
17.768087058987472
17.82582858412319
17.86115989294933
17.869412742389375
17.950729582927536
18.007353053322362
18.040749188428748
18.08366945559307
18.132158666391682
18.164096401701848
18.19202515944485
18.24920981648951
18.280629989140376
18.2987021055244
18.32225229066298
18.36532244112557
18.382836169832757
18.43145813448216
18.458655598238664
18.462736142197915
18.49816879794785
18.53445918923045
18.562904517527166
18.591011637277678
18.609020351450447
18.616320531006817
18.668546204991866
18.712871455705123
18.73448361490665
18.804299931538683
18.815255665399015
18.861058643288303
18.873760929466922
18.903036618554218
18.961751638895407
18.976282475544128
18.98841045856508
19.084809682645336
19.091362078258246
19.162146016315155
19.19559092726535
19.202518930438796
19.230445137346678
19.240890065284283
19.31178115893203
19.351390046658512
19.367546748830392
19.39387023671317
19.412478498391433
19.45524582755491
19.48279519515791
19.49037549893444
19.5508363986549
19.579669499139715
19.60144435310627
19.675003872826437
19.718470597985355
19.753148898098942
19.758824579447406
19.792209812141987
19.803187213366346
19.858876590810745
19.863244799412985
19.919348269986436
19.943434688210196
19.99869355573223
20.001068431915687
20.043005907504867
20.056384684038637
20.093494765072542
20.144120489249136
20.16582972869377
20.197603735994253
20.208405980544594
20.302677659274334
20.32802843903766
20.36591528729705
20.417738291495663
20.449883316530606
20.523501654647
20.54014049051124
20.572860682394413
20.587496877073374
20.62713553128577
20.666742996218886
20.701407009924598
20.730567293634333
20.77246999744254
20.829073026912013
20.835606520587337
20.882310898730882
20.944743338890273
20.975899413012538
21.00390829403108
21.0274940132848
21.089672764080962
21.103616103976346
21.13618572524973
21.148773395561374
21.156664371042794
21.19050150880656
21.253101816609384
21.265490601261916
21.306174091747028
21.31550886255525
21.39190412545034
21.404810149557594
21.42411035995576
21.439709814941395
21.475402175638415
21.54970071558118
21.586806868877243
21.607340747042908
21.680255296570227
21.704783422379823
21.72609784775537
21.794409378557955
21.80635845062266
21.82547290565709
21.88559372390848
21.92520167706742
21.933060651491317
21.942715280263332
21.988412331617614
22.065510455231525
22.117723039248265
22.133512718890096
22.166084891531284
22.20398225311604
22.22313249090333
22.23575204412362
22.297867027191366
22.381705197072407
22.39530232971816
22.417984870562655
22.453627066342356
22.479873915888415
22.48780716006721
22.532559188920622
22.552271106512254
22.570941180862018
22.610671555897767
22.63718248772271
22.669588939630184
22.697724578360393
22.755696625197515
22.77546433573289
22.812039445317346
22.873591181593163
22.87816637646122
22.919245324064637
22.94322770304636
22.980613032680054
23.04062678469594
23.063766827879522
23.09548455404435
23.162433487748096
23.194049636104175
23.238097101093008
23.26999280455702
23.296066993679517
23.34571488110647
23.40732359678266
23.435238962312795
23.468908582458113
23.52291014714305
23.55030901391346
23.573805851179028
23.589443915980354
23.641031518087562
23.653189058123722
23.708230521171277
23.73030020682842
23.80799502352523
23.84596842888332
23.897516123699628
23.924812328841742
23.963729724244356
24.020708226620815
24.0476569179339
24.065071472661803
24.137963072509603
24.14884828765483
24.179728370950617
24.209082903586122
24.23704145851104
24.29374843161508
24.320064858401654
24.33369725085514
24.357268893663512
24.36906199164863
24.448834814974227
24.476691781654022
24.509291577923708
24.542293788319526
24.558963127348648
24.627943611794205
24.694434066145508
24.69905317742332
24.733534934006567
24.749223707231938
24.779589608460988
24.78373995408288
24.82559830074212
24.867138156663735
24.916979386227336
24.96586732725535
24.990170774605353
25.02223601413418
25.03876451082746
25.057705302406205
25.080648010207202
25.113311259869032
25.181594095766155
25.228569247724604
25.314481843430027
25.375269187017494
25.395340320600784
25.415623789118946
25.463711934081633
25.48539482239077
25.534508384658746
25.599886507470334
25.64300419090302
25.669607295648635
25.74060830506782
25.743294921154458
25.809063207465368
25.871559067001584
25.90213898513474
25.926068243359595
25.96990100810726
26.02801691290624
26.0486730210512
26.067972175245025
26.112064619293122
26.150138403316586
26.17694013935885
26.213273560537008
26.245437261000273
26.259253507830522
26.282688599422894
26.33801726395628
26.386196882131454
26.446150978810497
26.48285444008518
26.525483339488897
26.550525447864445
26.57232429208497
26.610097509383543
26.627287347090633
26.71231295249566
26.74393493950203
26.77006766065816
26.847530122179332
26.905708563329288
26.949468522343956
26.97661896794398
27.01283129325275
27.04665018720762
27.086163880021303
27.165353248923918
27.203294621846
27.27155899760847
27.321535251009546
27.373956855404497
27.411662827325802
27.518069800814573
27.531960041655392
27.56940789215055
27.616393961882864
27.662153849985955
27.75871146481909
27.771209182165602
27.822107003124298
27.874276927844374
27.918574248971105
27.98341644409309
28.02307841009837
28.040342980000826
28.107425528691564
28.174299619371418
28.294519696430125
28.345287194915883
28.461415913364053
28.492465649371695
28.554135365416826
28.572851346850427
28.599951305440047
28.70046935737746
28.725809298951702
28.752994032450715
28.773023783180406
28.903113439380956
28.941706941167197
28.968462960929333
29.01064468450987
29.092706160006227
29.15369256137323
29.221821596286475
29.2491025188433
29.37661649036625
29.40229811471833
29.432479426703775
29.494465447519964
29.52726608077717
29.574559683208246
29.578744206801723
29.737554626608794
29.744326171644797
29.78735784262827
29.901115657647296
29.954197149616046
29.95788993239478
30.057498412182245
30.134533211523458
30.187311258355937
30.276738931607447
30.344327229583296
30.407391324984424
30.46168908289103
30.54792705964578
30.633635780573645
30.732152717693573
30.737256929395507
30.795861865993267
30.850939947993282
30.966885712005976
31.076676293393422
31.11488891944883
31.210114483201842
31.2534068876189
31.37660193960657
31.46457915098309
31.51393641549139
31.657047049723676
31.77013526819279
31.86463185262957
32.06416308857412
32.337743926853584
32.44794710811274
32.47532156635563
32.66088293403662
32.88213633684462
32.919372317765834
33.003084121890744
33.0377725688939
33.23699770557029
33.389462061225416
33.5299302326119
33.85333018046105
34.052074218865805
34.2199476830042
36.27287320130754
