4.1654953969649595
4.478477327066325
4.582222143224548
4.806421444049462
4.975910864893178
9.550788360342686
12.896570139747972
13.32162648219616
13.509488691106613
13.612344367919873
13.657767262730248
13.770072447086193
13.852629262964047
13.866894905476727
13.984801432280692
14.184582992679823
14.321373299976269
14.386942837957422
14.532820294589827
14.672827403112471
14.77892484382069
14.812421714186009
14.959704568905897
15.006242253554907
15.075675952726584
15.120601757182303
15.138667945704283
15.226569089467553
15.248250090418406
15.319937465166666
15.383902015773014
15.462324757112437
15.552389645197453
15.598911606662849
15.60881286947341
15.678228913154092
15.863352598595808
15.880532916019106
15.93174435998182
15.942319586189997
16.092394507584356
16.15705179596471
16.21537151095941
16.269034863676453
16.315047712595614
16.337400593555344
16.47869512056615
16.563078389955187
16.63594312482113
16.67425029414736
16.80880661720272
16.888681556988818
16.918564560108067
16.92551436791148
16.94868766149704
17.004952611653447
17.021325500745235
17.08860969639092
17.160412687754263
17.189490627325174
17.265147698181135
17.300544189960437
17.334296056863106
17.38838094846045
17.413524115726016
17.46776605915918
17.53889495760149
17.578376013220886
17.63418799595545
17.75247803660516
17.78967785604548
17.808447705511036
17.852003106770542
17.888130509004586
17.930787697101742
17.963635678666098
18.02124661580688
18.03865843590798
18.055368024086317
18.12012266236618
18.162220977661562
18.24472483460139
18.274869419266157
18.291170453595093
18.346914681104778
18.426115626290112
18.434946967614597
18.46954253504493
18.482688755543528
18.510618464965752
18.554590603863296
18.619971033525417
18.678917228081588
18.704878210706
18.756462505854657
18.797287131554164
18.80483516810233
18.856942503239956
18.86506756944114
18.952214791978143
18.964219195272555
19.019249875245094
19.03639823103127
19.09169540734696
19.138281038700068
19.19542740641503
19.223112534387248
19.279053342818177
19.31791936291054
19.335187103428378
19.389023793151466
19.417109953002214
19.445219318366323
19.48934390119201
19.520232865116856
19.57783006701787
19.611663894265337
19.686521111315614
19.714829232721847
19.765205756411476
19.812976812130312
19.82721087314083
19.848401670837134
19.869256098981236
19.900223492078084
19.955546223689222
20.02292897727761
20.082240467015126
20.102879728934187
20.12255968959994
20.16395960527932
20.227684394458496
20.244268335486048
20.299989942493312
20.350616022781992
20.404729651231417
20.422401530537424
20.46199199635223
20.479711491779465
20.530985307251818
20.593100201097528
20.6093216892336
20.662561853569027
20.701093382725364
20.73707949711461
20.791671759989324
20.81725977377803
20.836505519712922
20.895577901209155
20.932656575078518
20.97505307189775
21.046025594146005
21.10433268643408
21.138909028799205
21.15949524026933
21.186981043385863
21.195599598945343
21.2651042060643
21.302503739554464
21.35077160027953
21.371320322043367
21.39839256405531
21.431736032307946
21.48843618454254
21.494258840564445
21.54281364730182
21.59080882729245
21.628794417798755
21.66894900060888
21.75381491011397
21.771026785035875
21.815178069085917
21.842782967866945
21.869001138170976
21.913448355263473
21.98994837261549
22.003972829848248
22.07817111903959
22.09435015937208
22.139186068774993
22.159168134858998
22.19276826066239
22.241478592202643
22.258913114520574
22.309533924269065
22.345214920294403
22.346040036713287
22.395058352918625
22.420460655287897
22.501942524235247
22.52272433582689
22.540543389728445
22.607233844709025
22.68602615516406
22.70440694619753
22.71094874267415
22.763031729791198
22.774214254031122
22.831093800148643
22.876121747399324
22.888464502942103
22.909269015118454
22.936966797299686
23.015023751708814
23.051169958042696
23.10827798686569
23.147917789281397
23.172599470380465
23.230936249554418
23.258692814596266
23.285288590330197
23.334266627818117
23.37141982453993
23.37490240992152
23.40467825418313
23.49281270399782
23.537094348806054
23.57447091314726
23.607147439407917
23.64536484044639
23.65105886180204
23.703837154143677
23.743516140143395
23.778894625605616
23.811743944993477
23.839692456965935
23.874683384142553
23.915633443600832
23.96393601840812
23.977846129947782
24.01599262577915
24.06686130818915
24.09628497336993
24.11392024747925
24.13499843222236
24.196763926849506
24.246636401958934
24.266101613729045
24.29063754869196
24.357660732940797
24.380346526227147
24.413378731451687
24.444003277254666
24.480608517682654
24.55998126092706
24.579349947941818
24.598176686954357
24.63715044449246
24.705512797873258
24.76440670391385
24.818772703323244
24.84345100612171
24.911595798127614
24.924674731368725
24.96103645929242
24.97706392461891
25.00095622557923
25.040724236421667
25.09465873404
25.11175348974168
25.185533393709186
25.221161687269035
25.237629590493597
25.26084689386496
25.34474102118389
25.355736655343204
25.41717233885995
25.44093192062877
25.47590091352181
25.488571987592884
25.541056759367233
25.557317255868778
25.602457696802865
25.662729602144044
25.709037593204773
25.766194960320494
25.802553553409254
25.819748354940334
25.8628594442212
25.91840368825413
25.937169289629008
25.995089811386293
26.04931876403915
26.063759857840815
26.08810808640002
26.129178694492314
26.155393801695805
26.23120837175355
26.244748525560173
26.281730541455474
26.309766200600226
26.34622064662058
26.36424898530412
26.411016543207783
26.464406748150704
26.5195196251659
26.5272983235034
26.589854016612865
26.641371831874167
26.654542034100004
26.67844054202072
26.711698212802148
26.782872634679155
26.82720477483984
26.864082723726238
26.91095046928022
26.96375146949668
26.993113104622516
27.039928942225593
27.07412995070047
27.08546927849071
27.169045301480256
27.199390941410485
27.222019304339458
27.267973528157174
27.30290716585913
27.342211999148144
27.39958028234135
27.45213105933389
27.48259449038754
27.530992421339757
27.555660226710486
27.59835614751929
27.64680007662813
27.719018898956627
27.734638162907103
27.76162192177464
27.77493373225426
27.847051950251366
27.89005782791713
27.916814179750215
27.933622569796224
28.000467764669917
28.06759635085284
28.101935602670135
28.155290217450897
28.17535361203092
28.2058347101784
28.25112419353827
28.30208878986959
28.365014257687786
28.439286813462264
28.467886765638145
28.556014222077657
28.587076731961307
28.63677710612201
28.63985399035798
28.68035663281223
28.690502942032072
28.741436253173074
28.802961599524615
28.84208319434906
28.900158606322385
28.959801963290147
28.98553669303793
29.020690213305098
29.056049115999908
29.092404922324324
29.154205071105025
29.200883222379883
29.280956656054972
29.29431826808264
29.316046681959516
29.358172065971985
29.394881424903904
29.469494398525704
29.502981271891088
29.56812461346651
29.607566681503656
29.643148216572857
29.753319143933876
29.820512884229355
29.829024873485572
29.86460236691765
29.878460715512787
29.97955905105432
30.04430471317895
30.0653075125484
30.106791714518387
30.149724056289717
30.226996250389888
30.264065362797062
30.334718376828658
30.389970462086563
30.433666369270803
30.455503846104072
30.524756840701567
30.586720956058084
30.661649306464465
30.68344978757099
30.767538580093706
30.796941150092998
30.825376078495363
30.84532544080761
30.93215459526964
30.961434523045327
31.01049503803129
31.052056986681066
31.124664451589947
31.147945590830382
31.20850677244751
31.244944227431144
31.29191034842065
31.364309521882102
31.417372726370257
31.46585058854778
31.485824169204502
31.526946216395487
31.60142582672753
31.621969227614148
31.735202545535934
31.7804073619604
31.803371144481442
31.849655135015134
31.885923518410795
31.92443132089805
31.97769728001375
32.055833076253194
32.066381456226566
32.152505869236194
32.21725403905291
32.300945589598406
32.37485932286484
32.427674942108695
32.43920067182929
32.47763322452782
32.52595023575492
32.593499874023095
32.61349646954905
32.703971165106786
32.80650786226851
32.841010637044455
32.87484615373965
32.89102650326459
32.96735100267536
33.01185981799492
33.038614564343135
33.145919545719885
33.15512379532223
33.19829721593399
33.32723958526963
33.35030155023455
33.43549326463845
33.488045874034455
33.54033683645243
33.65737782125179
33.69125522996013
33.77865809975987
33.82353174975945
33.878006246318954
33.90483718465573
33.987984078222546
34.07019095459259
34.20439685164502
34.26552695047443
34.33757979527894
34.384533214568194
34.4268789206595
34.58380564983159
34.630316383466436
34.782415406262125
34.87419132554564
34.91339190825769
34.98927710327926
35.06140716353891
35.192528698393794
35.2590291430719
35.29874604869236
35.43336196740479
35.520440825361646
35.5239967009353
35.63546964003109
35.73350817559393
35.83609084724307
35.905714945842135
35.99447287097681
36.11194312381269
36.17141540344646
36.20306758202412
36.263626276441926
36.39131716764934
36.43526791029778
36.66156706179704
36.68930140668599
36.83512612021558
37.03750561543316
37.16763440872146
37.2474632302854
37.47713460897678
37.60260644003763
37.75580489624751
37.97787838716515
38.1569183171836
38.34638038299136
38.552847723280635
38.82905128436692
39.06573809954593
39.41135855157434
41.28458672807006
