4.2588556445525585
4.31071618231813
4.438635296537596
4.605167312914698
4.8289775664260635
9.417797735436478
12.49751622428118
12.678446886738508
12.810926700551095
13.259231805666651
13.472247370532894
13.54103812979163
13.600777914594746
13.839537252064
13.87722887877079
13.94319384697869
13.9906158448972
14.160478486953123
14.22712781659445
14.315587667529867
14.32125770383355
14.460270923826162
14.563544861744482
14.641771917313147
14.84129209351774
14.855778209492264
14.964431905481812
15.088077560708363
15.141697330890135
15.176011813265673
15.32546114384711
15.427756232139565
15.482249550471622
15.573969585140283
15.611577779270105
15.679362334059439
15.779669249624748
15.79553236259711
15.901409689736875
15.951433253441184
16.02456690131385
16.100918127600604
16.169708052316683
16.21873692653394
16.233668824628513
16.28031975057882
16.302221384704133
16.40899004943268
16.442722508475132
16.51626572559163
16.536098645706705
16.571717427586062
16.66987130755459
16.725544888798588
16.757057347676135
16.807484447901867
16.839686141565096
16.886107140128157
16.93473075825599
16.966012816487243
17.116490375684727
17.142753084818604
17.18076750019764
17.215918509896532
17.234783951080697
17.305441693207303
17.339183002957725
17.443300840886813
17.487345222511514
17.524231453541933
17.54394988227912
17.653966027768266
17.681621832813654
17.69505164674597
17.73243215200413
17.787630059765476
17.834443195050763
17.852759288806805
17.88620356036982
17.973867404611404
18.026024442849074
18.04303913731283
18.11300159579835
18.15071529081045
18.184559883358425
18.238877506252265
18.279894163976678
18.340920208913623
18.40136658222346
18.45568521723757
18.475159731944398
18.52019009761383
18.52230859005666
18.612863590120934
18.656444773538716
18.67557447427833
18.71218601492362
18.793532144927028
18.815787141324247
18.858588099861375
18.91396489697918
18.920372392331263
18.92867675437966
19.00273333946173
19.083686740079244
19.098089422770656
19.114999392223233
19.182171624842404
19.244578857354576
19.282557251874216
19.310339704555464
19.334345682541194
19.36645778389958
19.386843633922272
19.427905870149694
19.45530248161745
19.480867221202434
19.55751758969241
19.608115334738912
19.636936307716514
19.64579855826109
19.697865622397515
19.723754100300848
19.787330041003305
19.853589654323102
19.857015501563154
19.95277817027761
19.966591422878693
20.013887039591314
20.017120659223167
20.06912988338612
20.08319457488069
20.167942960217406
20.19349882007685
20.22163775733809
20.231525563161338
20.25547310541224
20.30353423196822
20.402820936245625
20.45279083921826
20.487278613494553
20.53755056146969
20.55998595867927
20.58728835368342
20.60987145476409
20.63530418889233
20.66122584055281
20.70968083888973
20.72471381925546
20.75546295481468
20.799697558633714
20.893195699406824
20.895300423900146
20.9253997483547
20.95647405742685
21.031955470780588
21.05280938243228
21.06719710034364
21.12239524835487
21.196544720875313
21.23266109995124
21.291131641719286
21.340174290907743
21.365034201839315
21.39079988371181
21.412919978649672
21.455489536221325
21.491193473911046
21.51141734594078
21.60114994500589
21.64416583132692
21.689652202963426
21.697876496079306
21.724014571925533
21.768846965869393
21.78740335509247
21.838541367308494
21.913229202355705
21.933617368514184
21.987649867252276
22.008748433451707
22.03630582730387
22.089955410872246
22.133829140497095
22.180436139758054
22.253486094088785
22.286151005086513
22.30255171166607
22.335337324566186
22.39375431762168
22.42561504869681
22.441070920129675
22.467211045575883
22.519877200359055
22.54731481224324
22.564011595033012
22.63534783400343
22.659591665268053
22.67415076033063
22.712965855208836
22.751518478893114
22.77226479573006
22.849267412884434
22.895504153405835
22.91581842547227
22.93513698121195
22.980423063544983
23.046091163766473
23.088886681428978
23.132008510192748
23.154196747340226
23.18820503375005
23.210150727132937
23.24020121262234
23.306509852776866
23.32917313186928
23.350016080161378
23.390228708685417
23.41138226344223
23.461303869405207
23.4853196879133
23.53944920183557
23.57332540383765
23.614931645686454
23.62803725711761
23.689233447101355
23.69870753950613
23.71863176820047
23.81372101413072
23.834576344900988
23.886558804804235
23.916124512908233
23.99044179132782
24.053418096516225
24.078599956608443
24.08881520990349
24.105344805287135
24.16689851398582
24.207231333121694
24.243906693691816
24.266112533638797
24.292679572859022
24.341542723859174
24.359356735440496
24.39773922143888
24.45051202024015
24.496692240873504
24.518737204144575
24.54742465245131
24.584638509703765
24.637609234915523
24.649480567682314
24.70002952028667
24.798399650666656
24.833703433894712
24.847671032773327
24.928224781757947
24.95485664415146
24.984593925478844
25.05115267490957
25.111344955703647
25.120194210546945
25.15626504743711
25.18421746247448
25.243570001349305
25.259350061844
25.30002435273468
25.334432128794802
25.37872268574907
25.39478597570743
25.414840092978046
25.42243921722362
25.493394651268762
25.56359181751257
25.628751215733917
25.649215613412427
25.67583308222254
25.73075450757753
25.782183271907467
25.823977177202526
25.857167511270905
25.894221266370387
25.92953473321074
25.981404709898342
26.014516836696792
26.054395216322924
26.079918131762792
26.183538464755458
26.192815041817656
26.202720623353223
26.246812549941986
26.26113735150731
26.30289473986189
26.346283908046264
26.37224954046559
26.393658680051242
26.454798186189308
26.489517009974307
26.524435612018436
26.569142301840728
26.623468817591988
26.657005193273484
26.686778035386617
26.737137047652208
26.767277562631918
26.82202187497932
26.854967834765215
26.89472853237256
26.93391634291984
26.98420845923911
27.03469574808028
27.064093446098713
27.08792398189132
27.132776001568942
27.153786755189714
27.22889077880996
27.281534437673812
27.31553524296121
27.336891054881868
27.364233717935118
27.41614484908304
27.43701176489226
27.480134638932714
27.53270706002869
27.6188122565586
27.651032975697206
27.675002014678384
27.713329486457102
27.734679602519087
27.780377382302
27.82531825006094
27.857983680855575
27.895501681669902
27.929890535396385
27.9433668620107
28.010632576946346
28.056220331412945
28.09163036261022
28.121110064827405
28.17368952434205
28.221629539806596
28.269747810239814
28.295016950326556
28.347312364244097
28.4131324365104
28.4253084140042
28.501104708106368
28.52896805169629
28.573185271352582
28.612143750246027
28.707659473014886
28.722347240465538
28.777289126760696
28.847005001524597
28.863895715641846
28.919933912992338
28.93552300587252
28.99643484453719
29.00463019352365
29.066897863298777
29.07611908441746
29.130231490982606
29.206311507963903
29.235444938510536
29.28313525941571
29.310002133139605
29.367063410145516
29.393824007490384
29.441632172923615
29.45154746147409
29.53778764955251
29.6081332793816
29.646175666191905
29.655653940564232
29.72491979385019
29.79707245136526
29.844658581879465
29.883231248953926
29.93805033497471
29.94343398252833
29.99249996684221
30.05562455644256
30.102375053446657
30.148570595301543
30.181570263381726
30.22572951153329
30.345377628284552
30.39603632577972
30.44162188639823
30.46192644393437
30.519353251316648
30.58035502809327
30.59945228725257
30.69732772559797
30.711846430872047
30.73472532332598
30.807371082177045
30.8176321140148
30.90234546454195
30.91407143094612
30.94325584070819
31.001468750150675
31.006633232809293
31.052108110119697
31.17002420284841
31.209191652042122
31.237993860828315
31.32399199609664
31.355669876255472
31.4460744799767
31.464780211371398
31.527536102836773
31.579051237979783
31.586153108744853
31.700050489620413
31.726524747311668
31.763338341731508
31.795002089563514
31.872749379100107
31.942665207182387
31.98410605642743
32.04232730891846
32.06777297353467
32.15803244614531
32.232530574855
32.264434204425584
32.29657024395615
32.3693137562503
32.46902163766725
32.49185984203025
32.53466998943316
32.612001038624804
32.655147112600275
32.776298761270176
32.81811720519734
32.89520156682809
33.00143081048052
33.02838391430526
33.06435606757181
33.14800215308751
33.17324319465719
33.24026686205607
33.25603976793366
33.33072570806345
33.47118138212887
33.48400335575374
33.53209832024733
33.61096390132791
33.725585813257055
33.815803488014524
33.8638373173334
33.94753827718364
33.99903220894327
34.065620674000044
34.20110044021068
34.24738761028377
34.340040916454534
34.387596286405824
34.425531775721005
34.607838266021474
34.68970438999079
34.712660973614945
34.89515119081721
34.924691209839104
34.999058339379374
35.078709463933016
35.17140651717852
35.24076869193409
35.334664059489526
35.38655888991791
35.42536458962098
35.57025865666293
35.6875886584574
35.77714555266334
35.86574112947713
35.96736494587144
36.08069631382609
36.25887589885239
36.35514356764488
36.45894261177984
36.63163983913602
36.68588585096492
36.7158069833512
37.143434915797485
37.25200216298848
37.44371213488428
37.54952134420694
37.74153093841586
37.9799172928459
38.04638423153622
38.26579319736393
38.37493861946318
38.49344221315566
38.682722156159805
38.79128803766909
38.95598286587551
39.62262990063327
40.66995674988936
41.54031531622553
