0.7597926832515342
0.8229887579997079
0.8299842939934764
0.901957850919407
1.0299619974785845
8.264891932453025
9.153532327339159
9.286136797586908
9.864622670403532
10.019798703685076
10.706662331743182
10.99827641573967
11.006516331126043
11.345109585643232
11.49975172900716
11.566685269103196
11.58280386560971
11.721827779032672
11.859348830116039
11.912224188939366
12.089367252815178
12.28323186314327
12.29290066696975
12.417283589584002
12.508896044913008
12.59095199815967
12.65735500620076
12.665253608741777
12.701703925957187
12.747437834747286
12.775848499250868
12.847966970412196
12.897583547916232
12.910109955010686
13.039851981862526
13.08745328737746
13.209984506995616
13.26190114162062
13.26460623873623
13.310820200291554
13.440595448667022
13.477705200342143
13.508431719585554
13.589117872846753
13.646489701298906
13.700019924731105
13.723459999242218
13.755274343191529
13.848532131349927
13.954011422623472
13.98581374480749
14.037414307464402
14.09334235919842
14.164456438277433
14.259105149646082
14.277200821763264
14.358103855474758
14.398914669505151
14.48170437207235
14.514637456517876
14.52632575353506
14.578271403497205
14.621029499263065
14.660034217296234
14.68068089816826
14.717015157811854
14.742223089792285
14.81080527648264
14.831916265929665
14.874305168056843
14.903853145787718
14.946888886945837
15.014791918377782
15.0460109712576
15.083707244652478
15.125965230585734
15.154242652563576
15.160289605758067
15.239193701156163
15.287459597347164
15.307079994776423
15.407794366529913
15.41503565064876
15.470238219267781
15.515483416571504
15.56321076043808
15.634160903408503
15.660097674779923
15.702902820998856
15.746684475692874
15.767779529670154
15.812681896588458
15.82070766490372
15.850913966189925
15.889211027225267
15.928134639049368
15.984639912951033
16.00542842931854
16.042519579478384
16.050975903210347
16.141497663998802
16.167287103012878
16.176327465173642
16.21609915417458
16.232984465344884
16.26993233903981
16.289812233812395
16.347718983512255
16.36406659151263
16.3937976292296
16.402996980758374
16.445487315664163
16.49285936223583
16.541576237658113
16.59250497077161
16.67652788678975
16.69588777769649
16.77421913499873
16.83337344909362
16.848637777309044
16.895405161604305
16.914459264611036
16.96185622130133
16.96816715960675
17.036718494897187
17.082339429087032
17.11867503413943
17.148357624471014
17.18361670234434
17.222155401809452
17.253185659866784
17.329637059297376
17.35768520203051
17.375665986642527
17.3985476629111
17.425506029223556
17.463095124866463
17.498062992894766
17.527320213818317
17.551011231291216
17.583530641071157
17.665661830108455
17.6780916654358
17.747349816946297
17.761321252992044
17.820290991134584
17.847607964775943
17.89468447541563
17.91594855746579
17.954665713928236
18.006755524249144
18.01600299040938
18.05942174797033
18.112913451470583
18.132992558698607
18.168378382757876
18.22631896184864
18.262100565551094
18.30221794820964
18.337190719158222
18.35794981939442
18.39285241465086
18.431592814843988
18.4664872225129
18.472351443477187
18.512195723230704
18.538667602563624
18.563072395464502
18.595969608162353
18.59864587612299
18.61592832357806
18.688437366612913
18.712494093768537
18.755885651474937
18.782528765922418
18.81664907930816
18.838825125348603
18.87104447431089
18.92685036581624
18.96738018636828
19.01113383278316
19.05013712897976
19.066140238336388
19.079775268071383
19.122031268329167
19.172489838538866
19.24658639510885
19.255195087803507
19.26447941822244
19.332505687166982
19.35875335216522
19.3926436230496
19.42284654184799
19.437636770430124
19.482188533337695
19.506365338353262
19.540677806864803
19.595803645880142
19.618961565895354
19.628268596865972
19.680442954255522
19.703859737567495
19.777703242300582
19.819001567464056
19.830610837183084
19.85248201196048
19.864761668774218
19.908722017220658
19.934982323703675
19.96672861890482
20.012318392496432
20.043799616008602
20.0989925756838
20.112893937229128
20.150340665138856
20.206532728051947
20.21493648859122
20.263847328635393
20.28979345495865
20.320791533674925
20.355901735833548
20.403040336157233
20.41102949597843
20.45916780969907
20.490112454602436
20.528446507949972
20.561500758706885
20.574542475390043
20.62206056377536
20.638584380884943
20.677964512153626
20.716317693133696
20.766428652144565
20.813999605633274
20.840732128521296
20.887613585068802
20.912877561547585
20.93768085615838
20.961562746807104
21.006074914487737
21.03594191169739
21.057219172749225
21.10950627263662
21.129607959506593
21.172905145528343
21.204558016509747
21.25578717000422
21.297972556391663
21.302367832851655
21.319112798770593
21.370955275686285
21.387831905409456
21.40776017976179
21.456858018919394
21.52884005190215
21.555546478174684
21.5700673708316
21.59106482881107
21.629654087531677
21.67330289841921
21.712056367405356
21.727937409871384
21.782726479047394
21.852568917971972
21.857267000065033
21.89734282719799
21.928384631988145
21.968073813378478
22.007150820522636
22.05670012572369
22.083734547180075
22.124055763345584
22.176999500981477
22.201992005666224
22.23082844231497
22.272299632638884
22.319006765105662
22.34240911351513
22.369871790023005
22.396035197944467
22.481317229535517
22.504651192715595
22.53349639502003
22.55195714459843
22.601393180890337
22.631939499606975
22.650881642469432
22.686811843672437
22.742768194082817
22.783369707986783
22.80700214525734
22.834157085063357
22.877731249404654
22.915226524231162
22.92746216126938
22.98369065676954
23.018980408655764
23.038848912747905
23.062241806014402
23.098042507707248
23.138118616887812
23.152470107156955
23.193340185693604
23.242155023568497
23.2655827951041
23.300482705612595
23.314476837866017
23.345300927129074
23.42431576604612
23.44273390321461
23.474680301045062
23.517343851156536
23.561909559590298
23.609811335967667
23.680459379370816
23.721737547720277
23.769395747863275
23.789575269863178
23.819436761320073
23.85215149292098
23.896624380596418
23.917237244152258
23.9920205640104
24.00092510348585
24.022749009736916
24.08238050219026
24.1451845957758
24.17821933040816
24.249951932143954
24.25622346741231
24.28725866316289
24.3255740297563
24.35591148039069
24.42156834148052
24.437166245289532
24.478298271697415
24.493748898978275
24.53686786010933
24.56774153078904
24.610860832578965
24.640195892625837
24.68209819857952
24.70903629683969
24.73427468684
24.80458919342161
24.823261402281684
24.84741729458832
24.907849226268404
24.92531393433419
24.982500183319257
25.007585615572708
25.055237886294833
25.097576354220347
25.136896098081525
25.203659810354733
25.230264731437835
25.28883847898347
25.31860251118736
25.3460272756945
25.374597419191705
25.412063915637997
25.426492315469623
25.479936879762768
25.506210454540586
25.5294166716823
25.60302060885762
25.622096596018725
25.658690631515224
25.699803680404358
25.729177210652082
25.770418557080603
25.775796433075147
25.838463957347646
25.88985602326418
25.90794544655518
25.981458287501667
26.067226142391046
26.097338243982385
26.12129846001521
26.146666480083084
26.20365006878657
26.221454926284643
26.293783174874186
26.33667313925203
26.353506869446367
26.39284213968249
26.412739737903774
26.461541780844293
26.5251428366792
26.59223971338294
26.61883520289708
26.640464305780075
26.661614154601867
26.73453051078263
26.788693429557217
26.80822807154706
26.881601948181395
26.895070175151254
26.972395865001698
27.015700034256177
27.096545474295496
27.110952524201004
27.218188234508897
27.265685742039377
27.26963425367223
27.3258361947944
27.41624806049568
27.499295542986168
27.602215909908804
27.63015264211408
27.68643080801865
27.697805452236498
27.77886196090096
27.834778356289334
27.90272151826174
27.93474056765309
28.00959204105414
28.066791842423427
28.141321446821912
28.148879521756772
28.18108362654352
28.21081035000461
28.245894292902424
28.288545552659485
28.34730891119684
28.389340955571406
28.401815860976065
28.50738756384863
28.51985775639897
28.577066686834502
28.68317675620762
28.76344238739547
28.834511029298486
28.866769015254643
28.887941490635175
28.94443158384628
29.02587041120161
29.071599865923023
29.118596431789108
29.167127653153553
29.207799620905714
29.260627143598814
29.288935990425106
29.335644345786072
29.35317678081963
29.475692635524634
29.532245239589884
29.575030423362804
29.635053801926322
29.666126066703832
29.7472167258903
29.852434336200936
29.889064409244774
29.907739439180116
29.993613931084322
30.051034017581475
30.11968185944176
30.13126419422998
30.154688887527062
30.19434231007802
30.372019878107455
30.404807081844318
30.47767847183429
30.528838990504198
30.55415005358659
30.57323740518462
30.672080883227867
30.762662509352836
30.860107679415865
30.88064288137575
30.911467690215975
30.954343872783163
30.990075499480046
31.035554847892385
31.26228121080497
31.295250800643984
31.343762566059326
31.360522416171513
31.469831048383583
31.53801763126452
31.613630384512422
31.696752976529716
31.77120776507485
31.82641790407637
32.00567130535022
32.05184738230607
32.09743461436133
32.129377969856705
32.27544718489428
32.29597848066189
32.4414665663089
32.787269138926646
32.87656964845585
33.16546345262002
33.346119360160074
33.52690928845098
33.77113521296898
34.528804314221055
36.63980603523708
