0.8091966102250094
0.8401154426710673
0.864252833896577
1.0070875677283682
1.1154380642158368
8.46661151137104
10.26657007059127
10.838853211288816
11.313839074428259
11.443784329535978
11.548794201929324
11.584854060214738
11.799355759762387
11.830246690742781
11.886802607680345
12.322305422388933
12.372600394641735
12.407035930165048
12.446839890813152
12.515950595389823
12.58776283414188
12.658132962314392
12.706970281241633
12.731570031984711
12.935945873190155
12.963418382558963
13.061859802023143
13.079096002931358
13.149091763065964
13.186507166325125
13.262054428681225
13.297323269185558
13.40668798054823
13.418508040087604
13.45438453072606
13.460390243582351
13.580493251410465
13.68182327049743
13.733058082860476
13.793072805142105
13.84844909851506
13.890822204561305
13.911517384822853
13.926056741771863
13.947874069501832
14.023001798136017
14.044816358139336
14.100661179889737
14.120422090512951
14.175240228487974
14.230464393059693
14.272743211308804
14.336430937878252
14.400567068306616
14.425952989075752
14.453590649176588
14.495081037133454
14.511960798757082
14.547538822941625
14.56464524921386
14.598829448602999
14.65306480572949
14.743200672394432
14.780594302076617
14.826760904810467
14.900504396911028
14.917488836239448
14.94076210916754
14.95455384695193
14.975736181762159
15.012037416528962
15.046726883964084
15.129109921868515
15.158163876463346
15.183984267107212
15.25138313582956
15.299516274636227
15.340912655896132
15.388582284282288
15.415818619367746
15.428506925127396
15.49471862882522
15.528179081798179
15.539734269852163
15.569326225674022
15.677745175766857
15.698147488515357
15.704403120347314
15.771565461611035
15.824238409546583
15.85121070156701
15.899530483430604
15.965122857301127
16.035673964874846
16.077388846893776
16.11832404320067
16.16929598620521
16.240061313043327
16.241486710483667
16.299634225271156
16.324208773171776
16.348042174001986
16.39191378328311
16.397782439932087
16.42914652727553
16.490319437029008
16.53191756761576
16.576152342691373
16.583208628853896
16.586552629265626
16.623785843932314
16.650656412919947
16.686363819242636
16.74775865857963
16.8031123897696
16.81374595732367
16.8294122764905
16.855306389883868
16.938757456097136
16.990495079574096
17.000074959581713
17.03696732020658
17.07873160325963
17.091990347754074
17.119305705377187
17.180543120143923
17.222514021393657
17.25504401029046
17.280891772024663
17.31064115732892
17.334875141526634
17.3918432170046
17.396594357808784
17.43168412303006
17.4690263320783
17.510915552925532
17.535815257431125
17.5780925039671
17.600957396837423
17.63649566127947
17.683128373122457
17.69503785528419
17.741378413344925
17.77822580214769
17.81665065772694
17.876174623798118
17.88818481338926
17.913720235640874
17.950311685898416
18.040110468398783
18.06914493625239
18.08298365745078
18.128300835266472
18.188920454404553
18.23670893854519
18.254185667375413
18.272036112171378
18.286376927402735
18.32136107280515
18.360607144198177
18.393186384602483
18.404594989609073
18.420396674817923
18.45927855134684
18.52451931643977
18.554364377491197
18.585767054421442
18.615056964787602
18.624418877962444
18.68337215785387
18.708459819488947
18.739178545487057
18.752902863151107
18.803596162185812
18.855218305489036
18.876977975904804
18.911374065918153
18.939783796601
18.995861224962713
19.047621405903453
19.08834971879936
19.098894723684424
19.13578203307637
19.17770334510757
19.22326058503045
19.238689704839437
19.285486953322927
19.318184323377473
19.348006650074684
19.35794647037795
19.393202256191724
19.445351933877365
19.489589604436723
19.507116850788137
19.544410415425364
19.58935798874176
19.621741612512196
19.678099838163757
19.709725130828684
19.71916018735127
19.773263047741764
19.803822235053133
19.841969368404314
19.869736507569787
19.886310124180692
19.910503842536922
19.98312336056876
20.028507821223887
20.051164381417138
20.057626937988466
20.12126509222292
20.15971761204472
20.166977286142696
20.184956786445113
20.22273571426834
20.270163356952047
20.305801298577475
20.32529225348591
20.362503924417876
20.431618470682565
20.474444997208057
20.49148253725099
20.558130894820685
20.584231991076983
20.601726583816134
20.647358293475445
20.67825224866394
20.707401392739907
20.747553245782903
20.796485279648458
20.83184101657357
20.83917534193135
20.877509141484325
20.91454917888294
20.928424850654928
20.94449515970818
21.036099488357817
21.065344682364
21.084103243402947
21.11019873103341
21.130363438547818
21.183406317258147
21.223228207919636
21.23844302969404
21.268571689484663
21.285494965481234
21.323404224181594
21.34611030527079
21.384430657368206
21.42757282411611
21.43945588317153
21.478579916230505
21.493675561276493
21.512968614050344
21.556311008505
21.63347009494264
21.65270524397266
21.66284137170002
21.685595289180455
21.699577694148257
21.754551171238308
21.779116349813354
21.817783790831914
21.85918367306472
21.888091632386704
21.92918540121059
21.954979743706065
21.969842011861065
22.007587721740222
22.013972648592524
22.018871785198087
22.0747043206652
22.103585594605832
22.127276899423606
22.148400677620582
22.182482869370336
22.25366444611984
22.298808107898836
22.37065266026264
22.373858831922636
22.4385800637387
22.451229636990913
22.4900602010956
22.522437949487696
22.570751307805583
22.5826498045303
22.629450457166897
22.670789896434563
22.68173726686138
22.722529451439826
22.759049038575938
22.783697442894873
22.857647511195395
22.89140354694795
22.933162557250103
22.96827548003482
23.01539151255738
23.045159781580303
23.061013763177886
23.131444762614993
23.17873113166169
23.199327334202376
23.250668272094018
23.295502000401168
23.312484634086978
23.333428013100978
23.371472604103285
23.40524093508265
23.44555569372718
23.502340275251118
23.526093920908004
23.559071524252733
23.589476584103597
23.622496299178238
23.643025527159445
23.676009915552207
23.733041274859644
23.793748750182036
23.81144158909163
23.86417016479346
23.87509841407606
23.928255321227702
23.974592367813756
24.03531875162189
24.075305026374206
24.094186023384356
24.09812047546183
24.142985854011318
24.179531618989543
24.234421116933877
24.260280279030205
24.285475051444756
24.328071688250265
24.373576499459816
24.445581493810984
24.49273021908956
24.51599239818592
24.54463016016042
24.58838733765571
24.595436281276267
24.609701254882978
24.69700115330968
24.71278627871225
24.73735966736055
24.764450211962945
24.802719455677714
24.82528886721664
24.85898209968883
24.887458541566904
24.94384114801837
24.9731142162161
25.061586159338884
25.100267979185077
25.103565113905415
25.12517240284676
25.170265375052022
25.17932309658239
25.262596759456667
25.27438843547819
25.28329794909911
25.33765926782017
25.377651120449617
25.421667214500093
25.501898959541894
25.524553050977268
25.559716713401126
25.568656625036898
25.62037148961835
25.643916131541765
25.662831004551734
25.752936896627592
25.793458551040192
25.84674816168555
25.879801474502187
25.940839613662156
25.98090444280266
26.032604490374176
26.05489011361345
26.074359243341632
26.118081480542227
26.148201171110276
26.18554264091553
26.212450775485646
26.228218478311653
26.246066770605474
26.312866076427106
26.32904014075825
26.366649039242418
26.409428103040664
26.417532984707123
26.429633575939604
26.463160647305525
26.529610826698843
26.590800802326605
26.620978820978653
26.677555325836547
26.73738410739946
26.791413465397365
26.823425739087345
26.880143046108103
26.94346004463687
26.96109220405248
26.996378293061362
27.012099569597176
27.071485406129685
27.153477460347304
27.16527483452401
27.220047073861195
27.25346791593787
27.272902458894883
27.32750990319844
27.391352606886848
27.435142863748627
27.449207870068417
27.508608081080343
27.5508025107408
27.5846536714958
27.620640519654547
27.657848734918968
27.708480253953702
27.767479073298077
27.809877679271896
27.849494111623372
27.94774343778647
28.00001856176167
28.088025089724457
28.093376874824077
28.170592944861024
28.206909420844102
28.286434305027445
28.338134335533546
28.373841080862366
28.385600705508264
28.476677055254353
28.55057167991002
28.569132867061178
28.647592667668775
28.678123888644713
28.786415381247274
28.83451958100955
28.8571665388827
28.87592901636849
28.978672649547665
28.991093723436123
29.055693049641846
29.118165812098606
29.17147102933191
29.20801587334608
29.26711448196337
29.424354062026982
29.449810442285383
29.454525473370627
29.50590485721785
29.564407724580963
29.592655048647504
29.670988014190538
29.765706767087615
29.848687371244406
29.85446681606441
29.906255918259404
29.9229334498123
29.97544493326266
30.017532305103842
30.09710380500357
30.18888187574191
30.250248500968304
30.344625057470417
30.38293594883615
30.413791775079304
30.501846601848285
30.594481145574523
30.59654565181624
30.69068824490979
30.807732736103567
30.904342043605887
30.98032115637922
31.03034226222374
31.26425888847167
31.376699900076666
31.413596284350305
31.58613113821443
31.61777393637839
31.69896668172067
31.78786293248068
31.877129008338784
31.951689410046907
32.018572426505244
32.05716442213325
32.23680863560087
32.50646640305832
32.65351847078967
32.728564764449715
32.806369176922466
33.149879498349215
33.410621145251355
34.09901256602742
34.2691027673951
34.82053807499955
36.960917881923095
