4.209030331582156
4.455067029004968
4.700518557528593
4.791627826743651
4.921403236787166
9.571833453615719
12.676045005147483
12.943171042317779
12.975398762821127
13.0337555269982
13.645106764089862
13.799162815995576
14.101314106508262
14.207220611862013
14.310854886628563
14.479458448543431
14.581196074254125
14.719673445371837
14.759525289574901
14.864196127912386
14.924539245128015
15.024056831363163
15.029316142756526
15.159261589084728
15.204643791671845
15.216583939949277
15.326427742585182
15.407764353856551
15.509515298493955
15.562874411069107
15.732658254802013
15.802850765770188
15.819379822572085
15.929951541059305
16.011515828676895
16.060959965837846
16.109805185281523
16.190030520824997
16.19713651228327
16.27770429797382
16.350303799039697
16.36718333755618
16.441250208447123
16.4749782413041
16.492452829984742
16.555668052014138
16.6696682945906
16.713739836275742
16.72638181609344
16.80730839624439
16.8679720122532
16.950704966528548
16.99833999179881
17.04571038374971
17.076728532768282
17.10470265946123
17.137187731147
17.180161476221635
17.234974233236272
17.322562481101894
17.35571731475002
17.456481514460624
17.46116012480217
17.59605969227135
17.623950035603073
17.66076957124394
17.74339520474055
17.77444525374939
17.79651165498606
17.826417318852716
17.924179032498813
17.94662280740657
18.039590454136853
18.07561822065178
18.097146452174567
18.13557432402136
18.161004071318988
18.22356544043031
18.23252944603573
18.26405974329027
18.337518370131942
18.3871550906261
18.40500226371454
18.43510771891427
18.44659126381098
18.584832904718716
18.626136391830556
18.639494084133318
18.71447295403538
18.735167766210605
18.77702398794455
18.814316835501163
18.839740897229134
18.87697666228036
18.929876031973805
18.994924772906977
19.026860692793246
19.05485118575285
19.0718167836844
19.111637332519887
19.135542078370516
19.169111558396054
19.241586246275293
19.30500291218277
19.384721690531297
19.42092124987856
19.449474403228816
19.49672390563255
19.504475944525197
19.558603630222592
19.59634045168405
19.623548264851188
19.678704201341635
19.734847126128773
19.76821529508977
19.791318674572867
19.814289130679416
19.83965594660924
19.86773111408377
19.917409149516974
19.94847597514524
20.04999662068558
20.062087747435807
20.111242663691133
20.128749927485266
20.203598199795756
20.223898065710568
20.236169361684233
20.293476832036415
20.304126516347377
20.318255254825363
20.406870364738076
20.435349763673155
20.519685093127066
20.534170300068908
20.6020955082517
20.612220378415028
20.715441698827757
20.7465118717925
20.778825115387644
20.80703605957965
20.841584700980064
20.891560146714223
20.920791683486712
20.94210711810453
20.988230288694968
21.020584539017513
21.07460340021009
21.13239746660883
21.184454939937
21.23854464858965
21.28968249276739
21.30685510668744
21.34542944768612
21.355695167153605
21.40902620318651
21.43431764933918
21.46665763811529
21.5448059114907
21.56957650088462
21.637142727255828
21.65559739255595
21.697463043156407
21.72371332966657
21.76737912727846
21.788857985125084
21.843882023018274
21.88767191523981
21.930261689290692
21.964034931346816
22.029333896882846
22.043950154139573
22.072925120665666
22.12027252877777
22.14564804153852
22.21226829452011
22.274742408935076
22.302108263470522
22.33299938579671
22.35857548554846
22.371022849070425
22.412254935645763
22.459644405110428
22.520211359414166
22.532683126906036
22.544565196429637
22.6324415268972
22.684437049480113
22.698562157292077
22.752308983121818
22.777282194850326
22.798113751577073
22.80216210215942
22.86791166163031
22.985384012067886
22.996114945491634
23.01869256768954
23.07266894400917
23.099906490588573
23.117139345029546
23.169087670876536
23.208275649897036
23.249544896412008
23.265967660071258
23.313140245766096
23.362676496675252
23.423627467290856
23.429771195302077
23.45411075111558
23.500135043405713
23.54390755353724
23.570636547947647
23.63240642408126
23.657347939234572
23.684982064728796
23.699614728421192
23.7211760379818
23.78329771831062
23.821183009256906
23.86054076579802
23.90418151519622
23.930512983123148
23.949853512380624
24.00911608318145
24.05491270651863
24.07416999504614
24.125102413074114
24.167011383923796
24.175518190458742
24.218747396484215
24.2536830420293
24.27233629593592
24.29392583395501
24.36357331599925
24.388415572649095
24.403377981041622
24.44902338259111
24.537879593174623
24.59077154720745
24.61048763486073
24.63385957456455
24.674727620826655
24.697255655520063
24.721183147190086
24.77337855969613
24.797209977406776
24.845858636788037
24.880244760243595
24.926444581596787
24.96051744165775
25.017219315125352
25.03564339567851
25.11672678431128
25.121002120488672
25.14672139969843
25.20714654965183
25.23512589675696
25.26283560774354
25.289207372449773
25.3147257793456
25.358978621431287
25.38680651115113
25.442812827116814
25.4496800016154
25.521332351428157
25.53012803269217
25.550207041422315
25.595849431130777
25.63263429229922
25.663448652105117
25.719235486287012
25.755849538256516
25.81448756010675
25.853589934103972
25.86109523424003
25.877440035500523
25.927719320061726
25.971350234031192
26.048185928359498
26.070117113095396
26.083265521156008
26.13083069807595
26.17647207959428
26.192507162649594
26.24379706727484
26.281261803875744
26.28698103573434
26.349092384422434
26.35854534330573
26.39397249574406
26.44660686610133
26.47332231589986
26.508489618222484
26.535819687473357
26.604962944662535
26.65078396399266
26.681234097683866
26.73016760477531
26.785310416588583
26.86339447715705
26.87421047796606
26.9325412564446
26.975064250208877
26.998147075129992
27.011370928325597
27.060690926633406
27.065818346246953
27.12123183476481
27.141735685053344
27.228875895513884
27.26613757711598
27.312859354390874
27.31576953855641
27.326986834107498
27.353524012309972
27.45198161694873
27.488225620367782
27.492625465004508
27.540560973075713
27.62214187127862
27.652426060117822
27.6708509740631
27.726262355183042
27.751329983723636
27.785787202512118
27.89502283346766
27.89743224116723
27.955320349506675
27.982344578802998
28.014654435722946
28.05154406525375
28.13953956423917
28.18005392573446
28.21920003991847
28.222935343584076
28.259302054883612
28.29000856575434
28.356842675049446
28.465376506727715
28.48864751405469
28.57721314115817
28.578616127487578
28.617225686962364
28.692287409914513
28.703451252776983
28.7605082214695
28.772373587778926
28.827364136427494
28.8828534007578
28.92171595582445
28.940344837641288
28.966029828954255
29.005915590518054
29.046573780809396
29.07745024908349
29.1301194279552
29.195660587807048
29.22823924333567
29.248572757888855
29.285210605179675
29.356623557694093
29.41309200271762
29.43893550244674
29.461203689750384
29.558828896114647
29.58182992224188
29.592703023010575
29.642696599083887
29.688252902176053
29.744646146760974
29.79601967157525
29.800792607520613
29.85592329226639
29.911409181729184
29.95786093101877
30.02080568635797
30.047901483760498
30.099945749012292
30.12384230325849
30.207349621559526
30.236871185752346
30.27603973478102
30.3157605063209
30.388080371880793
30.440734132326316
30.471587421548236
30.489237673691544
30.556558316625164
30.60066331574086
30.64736210582645
30.682908640477454
30.75750353399496
30.785033911578058
30.826942062193613
30.851793733035876
30.875263525142376
30.965557529975033
30.977423101312322
30.988325801577933
31.026032203753505
31.168117715371356
31.212262235013654
31.231617317283234
31.286601082964943
31.334516634685187
31.391952748681852
31.428131335699717
31.535000941601062
31.560918823267066
31.590642724973293
31.658758368091377
31.670479679271914
31.70532049437978
31.7370322013363
31.782191885879435
31.842841630193096
31.91204742369167
31.956060132096187
32.00880735410835
32.05013509444299
32.084608097127926
32.12053975788336
32.126539332002494
32.17065309734266
32.23301541871349
32.27085207846033
32.38423813656625
32.41626611442064
32.48565154189118
32.51919434612052
32.6097905222278
32.66313922783702
32.70713297481672
32.76837033268747
32.80327916679114
32.86944732952881
32.92524480221925
32.986044125282504
33.03922419702617
33.08142784452177
33.160378686497914
33.24545418653866
33.29231105415747
33.39065960107478
33.42846205044019
33.47351612663339
33.53797068874779
33.602132764793474
33.65962345131136
33.74801983868362
33.79879729894557
33.830616284928425
33.92492043422846
33.95897054720708
33.99982892550197
34.10195891309725
34.17516553293298
34.21672596003163
34.2897566835973
34.353850199937845
34.39882154024878
34.45964259745471
34.63425773435769
34.748273612030154
34.78952100688078
34.83031894808711
34.854706553758575
34.99584932220528
35.02711627908788
35.16125213692262
35.20143699463453
35.33911396361823
35.41568158237066
35.43844767799954
35.458255376744226
35.66031094608017
35.67752719906555
35.86536038321056
35.979034507011455
36.04421551721088
36.13250832893932
36.22125646226299
36.26510977839392
36.47246956714088
36.55155589699762
36.614754956967715
36.75015057226815
36.83319726326912
36.973931731510234
37.065988868768365
37.14157151616537
37.27432054422158
37.46725346165142
37.60016341228705
37.839389648755315
37.93129066560973
38.90087344990056
39.44016878726394
39.744846321008126
