0.7592938286315822
0.87887461168899
0.9311904967467667
0.984522698637361
1.0769899014369013
9.184479711804075
9.390534278638153
9.672687750870772
10.60587456622208
10.912602631148737
11.415415015182422
11.593544711021563
11.766046986392496
11.877847109148561
11.89905917176619
12.00874603129376
12.107902290421169
12.231934883833715
12.424752272991043
12.479667626302696
12.504202669307169
12.575410639090604
12.63325056906931
12.659100255863054
12.836124681338966
12.87237077040226
12.951866047237743
13.013677898843275
13.051977659596448
13.158363101980576
13.317522281225406
13.323781034530509
13.348743237632137
13.400476714568509
13.416466522220365
13.530520598185474
13.596815789743468
13.629926164494178
13.657383841179637
13.669497215652672
13.698168475387442
13.71005992828053
13.726200315534728
13.77042824953744
13.77679661831907
13.835212053714155
13.882206447177694
13.919081568756317
13.953169313277565
14.104084819140658
14.13326139369506
14.16739548782894
14.22555660014017
14.26909781549331
14.33618606847638
14.36974552590217
14.428450137474544
14.471229389176123
14.487140992230737
14.57734171874316
14.593832766744402
14.648680335552857
14.68264645436198
14.722902301990349
14.797373012188192
14.825677717337946
14.848722263531894
14.906233705738977
14.99294751063019
15.012017015966986
15.096133268946117
15.124405511462601
15.159347039193715
15.184458336589563
15.206380855020614
15.247670885567432
15.275619051730216
15.317086128733605
15.341467655931536
15.396040274673899
15.445393155972289
15.462261464606083
15.541428427104798
15.570947236917092
15.645577389332592
15.655982339884808
15.697593907383421
15.758705478149547
15.798549941138104
15.818143337342795
15.842954238179397
15.918819407206875
15.962770667630355
15.990871278914733
16.00794500149341
16.023874751716036
16.088588963865675
16.122085095266193
16.138537719722645
16.184653479417154
16.243559176381805
16.301683593368722
16.319988386867138
16.364447856023613
16.39783459138665
16.41928496521877
16.45353564523916
16.481256064961766
16.49729848308051
16.56096756115676
16.58086200051371
16.66761176648294
16.677964221211944
16.7082244022871
16.729051908348822
16.82830912620021
16.87314241978455
16.905368986767453
16.942756185644992
16.967635971646814
17.05032492502563
17.094763777457924
17.10178978288833
17.19956320957248
17.233093988021448
17.259359641133482
17.290367626248173
17.323939256943312
17.360320274290448
17.378034087428762
17.431678165202555
17.445715243179595
17.482618516385813
17.50852837652215
17.52085630705867
17.57181155866031
17.585075445611707
17.626551583239227
17.692716532605772
17.733638940844898
17.751590350819228
17.82605104537596
17.842152580109566
17.876696589452834
17.90627615223381
17.92930765176787
18.003040035489825
18.038023198816436
18.057645923635
18.090432906806985
18.1166097236842
18.176640494952558
18.222451839937676
18.25021574301375
18.265133157905904
18.30938140968334
18.33211190249641
18.386273421393643
18.468681801361743
18.506494248792425
18.521254287729157
18.539121836739707
18.581529325403313
18.606668902627774
18.642928451220882
18.681160454617217
18.69849794099404
18.738543243291826
18.745630268342982
18.814546045676387
18.838740166173253
18.862671661344816
18.896217877842208
18.90805337053481
18.95851044839444
19.01213057162972
19.055417307305106
19.06143310230217
19.11430118853269
19.144095604061942
19.148797380544814
19.226990933463526
19.24496697609156
19.310460059933842
19.31992100331577
19.364363262199486
19.445295019087485
19.456554544501547
19.50017175276742
19.524859337041992
19.56146203257058
19.593103178813628
19.628941821459243
19.638498908013453
19.667089058505365
19.718981118086997
19.725827839736798
19.809242295986063
19.83723402133643
19.850532136115348
19.9243887287962
19.93476451362908
19.96715654864851
20.020319717910215
20.03437463205879
20.066936504399102
20.087538192239744
20.148819802409196
20.17842005721625
20.206295558895114
20.238416751154837
20.25498093759987
20.286390792149696
20.315778671424493
20.375577763397402
20.405370375018116
20.40893017917951
20.465760163211623
20.503015559415527
20.55774732853765
20.56608910712637
20.594038613651904
20.624261586429874
20.667079787691208
20.69636617034062
20.752804150309284
20.779459220396426
20.806277578155715
20.82123421194721
20.84059950136374
20.88285028964724
20.91678169939065
20.93143142038432
21.00289125625562
21.01319548401665
21.03415351985104
21.11820869043139
21.13061725708534
21.17423472412045
21.205965367799188
21.264007131912052
21.292691864539936
21.306785199676728
21.357800472002847
21.373434793091757
21.417964708832823
21.427332176513918
21.45995445204415
21.47864774104777
21.51859607495824
21.541641375919106
21.54989390217609
21.607130732501336
21.684101341348278
21.689595154530974
21.758765139375694
21.780671130860107
21.79957994813076
21.817074432355238
21.884837184214437
21.91500960985728
21.93201975858968
22.010350467840706
22.023378712236603
22.112749875639146
22.13236566649821
22.18904716174038
22.21974754432196
22.25413751773022
22.285798615320427
22.3035868289278
22.33104047893754
22.365568138372883
22.389436186343417
22.469191849157163
22.47860490624685
22.494005267738103
22.54245832597089
22.581006179391967
22.630465268257584
22.64378237101448
22.661755821627057
22.69684936087516
22.74502212872114
22.74888180292533
22.798331755695767
22.818512711432785
22.836165856832846
22.887549236506203
22.96155079296448
22.986347803416027
22.997899691149964
23.047954472663253
23.10770579380547
23.121002211820468
23.12942553964324
23.163330373200292
23.20251294277452
23.24071198143152
23.27435155382848
23.29453420242275
23.312633854430945
23.35273933592361
23.46136710224419
23.487861089697684
23.509770533447405
23.560425240458805
23.58151790454687
23.694887317540978
23.706186888391272
23.762504112218245
23.789757642314335
23.870083378194657
23.89416201001906
23.948810814306473
23.960862471216956
24.01747025480392
24.049886868617126
24.083580379110582
24.1282531923296
24.16283288141089
24.202573930558017
24.25122770759466
24.263466508238274
24.309218157562288
24.323174829212945
24.378276735278185
24.41289328116212
24.429597777843938
24.4668596927922
24.503213020055057
24.548242819689655
24.601604369879542
24.625189636848514
24.68357965498303
24.721152714176878
24.7597127613699
24.806952039761015
24.86488754434552
24.883782633981642
24.905698252912206
24.93152488905936
24.952585117409242
25.018626956033224
25.038086847056576
25.09834344568237
25.1388732208161
25.168348409858638
25.195642647401616
25.22055911445136
25.31254439954478
25.361656869390544
25.395492381757524
25.400153794766588
25.43395454796025
25.449876356184788
25.57341141701543
25.598796454733332
25.60842071048026
25.67604837230969
25.739348388736776
25.792149652549504
25.834448662173298
25.85193453547435
25.884715390152103
25.951822634791906
25.997648443224016
26.01402139549374
26.06674127603145
26.109512047631608
26.153386900619033
26.214504194274447
26.22643055333115
26.289753653119963
26.310307496146372
26.354638326353914
26.388988435673106
26.43952318764215
26.452236950637875
26.48542036779052
26.503108123245802
26.54211342392753
26.614648550765114
26.681262208246945
26.726073319283657
26.789542176906814
26.818767523591294
26.84466874627694
26.863232648070902
26.885614922965814
27.01171972526465
27.03022888173872
27.08163484649125
27.09450706114512
27.12374428431717
27.173350712024984
27.19019184823838
27.24375050442205
27.29395665305872
27.30646601117373
27.3172089417137
27.348436581805814
27.418341101906268
27.439713399697798
27.49054635620079
27.49657460569887
27.627341208428867
27.67106750874532
27.681395432643537
27.739832768322945
27.76218066580582
27.787466268467636
27.840648510223687
27.950911211666206
27.98332606248225
28.016545835286042
28.063570634649622
28.13647398516527
28.198674373483566
28.2278976344973
28.266949687232238
28.29495178814106
28.33742931015913
28.419845784039918
28.46534413694612
28.516176671034685
28.60403391694399
28.623761194586667
28.6312051884103
28.679994506313413
28.711180224207787
28.775739035076178
28.791671079051163
28.883050207628692
28.91608606430511
28.981135558250205
29.006448366646236
29.12122961451465
29.170545092856283
29.29926355598272
29.334728481992748
29.37376652901483
29.419446664262335
29.441253181717894
29.49904401644569
29.561028295495323
29.61256218510813
29.65485113089099
29.714937808168173
29.734164176407308
29.834126840096783
29.955633222632876
29.977426977332755
30.035587599853258
30.067332058211594
30.144224346912317
30.198841243796867
30.219857250156572
30.341134674764465
30.411881873495435
30.51065156831808
30.597035053821067
30.605195015872557
30.772996545745933
30.847633991076844
30.920446647718112
31.023932129813883
31.081543646882068
31.174627350118175
31.26430780140568
31.298663793702932
31.40332310878261
31.455223716079608
31.506070007521966
31.509662969241855
31.79203483098566
31.96741525862037
32.02188021536158
32.0806434131011
32.153422840263
32.430988302885595
32.45593569436446
32.50710772668532
32.5474038342385
32.64064537743419
32.959534738252785
33.1359980465586
33.153875073577204
33.24394589796319
33.53450709786133
33.9264724358675
34.008036408144605
34.10468302433387
34.25419587756107
34.6456596702628
34.909722094658235
35.00661359885868
35.32982507267673
38.3849173887151
