4.366387920701872
4.5660243796363655
4.694242681275836
5.0289862312282825
5.141226112014883
11.229743228503265
11.267788552754297
12.687336078147604
13.319531446185346
13.43550489985654
13.645997001534722
13.844799662400353
13.930310921785665
14.155850832753217
14.29356075695484
14.380576641276106
14.643872182579909
14.723056143981275
14.783419825252926
15.004193448302585
15.020003170462962
15.069143352768718
15.120317119167368
15.162415763853982
15.225538678267142
15.30816794292574
15.505381030287822
15.51423395545899
15.604192697394916
15.686807084785476
15.698838751554128
15.801369470764065
15.844359440172333
15.905676869227069
15.916390632888843
15.947147434209151
16.064795035211656
16.15967308857296
16.218925084316098
16.319791022015274
16.38027822509977
16.477966563085086
16.51454065618645
16.5688217160963
16.62066173058014
16.693274217939074
16.73476151991615
16.81745617495349
16.87496297756943
16.913351758457388
16.96813255058555
16.973840623765373
17.054979986178765
17.08981802982549
17.167582704558317
17.25761313089994
17.27324139194431
17.34183666914816
17.39409037797771
17.429136984047645
17.45051620520035
17.479774669313127
17.56807165299093
17.635326305044327
17.66765426316442
17.725709513230868
17.730526477916747
17.792341227595564
17.816416386680885
17.869176156092546
17.96214206654143
17.99393695618574
18.008604593132098
18.034010819234762
18.05741886349281
18.13794411061549
18.20878653216784
18.22150816821316
18.261209629261888
18.291145953594175
18.352141777228848
18.381186460106672
18.469732589604277
18.496566077453398
18.5102820583006
18.539988570369545
18.59590319434508
18.614192109336873
18.6723904811396
18.723477359756117
18.770388360643036
18.796937611670135
18.817144883745733
18.857763343998602
18.914562273339843
18.958791771449704
19.013861965575195
19.021488632681994
19.049672517209313
19.072601610077893
19.126723941020046
19.17445453307002
19.276468806477123
19.289022503253946
19.34273987756131
19.363051125119025
19.427935276567837
19.440260271356628
19.484181803461738
19.52687483447842
19.58749818890775
19.657297395842026
19.684436771669205
19.70446581347898
19.759293662082634
19.790713212748265
19.840359696087088
19.896999298017032
19.92204681899412
20.02255831892809
20.024873740543985
20.09400047233363
20.117611002563834
20.167566929914695
20.19942915460699
20.25287682520157
20.288481020324365
20.33171306716985
20.354844774719624
20.361931465611608
20.403617742322933
20.509522923563615
20.510628762858314
20.543525476437296
20.587698988586503
20.636168208276242
20.67339897158243
20.686142751904562
20.714099018728586
20.729990723438362
20.780543531234454
20.814405867439262
20.860858776680224
20.90162185524525
20.936700188381362
20.96949443485438
21.01471288884487
21.030817306812327
21.079701119036503
21.178682969023846
21.2172760732909
21.271400950624706
21.284184156461457
21.327822526004027
21.3598514107931
21.380071189781052
21.42977060772514
21.480338706059854
21.513776297338154
21.556800860870222
21.58933241880919
21.607930804740956
21.621242201625805
21.693232965872664
21.720125216299845
21.76348573552519
21.80388441351267
21.893352960231844
21.90529426269393
21.931487175830675
21.97507829639649
22.031810686950834
22.06837757547666
22.086399237480784
22.11085101631719
22.176786832837625
22.22084191719257
22.2466768605266
22.266703157648863
22.30587320631108
22.38584128440062
22.417286591045148
22.47829770344684
22.48399130089977
22.500417666039734
22.54513769316492
22.591349832239494
22.61385467694686
22.643870308187143
22.717276819055083
22.748394787626456
22.792872878435148
22.810290629354075
22.872625084860633
22.881635939483463
22.95683389776198
22.989195173416363
23.02655877596728
23.11248344139953
23.122007237843462
23.134213911623057
23.160688804949853
23.200510694863777
23.24227378088548
23.253309373587214
23.323315353564478
23.34777530500308
23.37278457617205
23.419150604626648
23.45629279377474
23.487014398759808
23.53822904124049
23.58242970864456
23.637488203484583
23.65896313291049
23.70254083703196
23.74743785374057
23.778376179366905
23.814704808941716
23.837285788147458
23.860367293939433
23.893007866345908
23.910939381516528
23.967623146700713
23.99789393787926
24.03212509280337
24.041784993671875
24.16017367998211
24.183231410345137
24.226739029981307
24.2489180298795
24.283378673279177
24.2947578555683
24.356877678577984
24.376672445600278
24.405420990402828
24.447871502448212
24.510158665814902
24.521169235272644
24.54803677597145
24.605219954125964
24.62968469886145
24.634720105897756
24.685495330995547
24.782556071684585
24.803909261629638
24.86077883093259
24.881853175858076
24.891314400145014
24.912722757057566
24.950510056792726
24.97037247324924
25.058382514623023
25.06383427259377
25.080552064184374
25.151177101008994
25.171278521164474
25.185463582387943
25.2547840513211
25.292961867235206
25.321081661228575
25.335864234615784
25.38814728985601
25.395026152262805
25.470416576175552
25.497932762849675
25.534204726178743
25.570108057207275
25.588169273017694
25.594909678459743
25.69456728287258
25.71744765047895
25.78835289470975
25.858451802848194
25.871483972814303
25.92911764530456
25.957059458078266
26.015333181864836
26.019993091926246
26.050672557169424
26.085709352966894
26.134583240742455
26.197974239638665
26.224209063951438
26.288715744801358
26.300729831920343
26.354659054220267
26.407187933208725
26.432691189038543
26.466566246910403
26.488930916561614
26.53755933262882
26.586246726329975
26.632315338549606
26.658117068334445
26.669500059781303
26.687017074431484
26.718417208653488
26.81934521587062
26.827926847889227
26.871849632050967
26.929593326577233
26.935692131736726
26.96638427798331
27.030136784085915
27.06385509102034
27.095837916963927
27.164995796251183
27.186401421110663
27.24309446703702
27.26007765938576
27.304172141857773
27.31955248460132
27.37433574419607
27.42659878701962
27.45809957802144
27.468769084655168
27.539753937342635
27.58279558393868
27.594772328575317
27.622753693404093
27.656452044708715
27.737968687579844
27.762693088806415
27.78552668248245
27.802924155210974
27.859130491254362
27.89176373186751
28.000346311193656
28.03037457802897
28.11208046951299
28.11880252796288
28.14069107843149
28.229967135414498
28.251423459534273
28.28152808890877
28.295557946179247
28.388076988904285
28.44393041498327
28.449201086838983
28.551738891972818
28.56508935884285
28.639369551505315
28.72112440750684
28.74940313660626
28.792061520196242
28.815923864910403
28.88214341190233
28.88898686314258
28.980839602360994
29.01291353421814
29.029627605587894
29.045130059645757
29.094250701802117
29.14675564115206
29.1676514717074
29.219651228780684
29.28155374931676
29.308593231546453
29.363105347928855
29.38307376912425
29.396753750509703
29.46168808294364
29.497940424838006
29.518771673028052
29.581084898023356
29.651222413642333
29.67501150917185
29.69755563929011
29.756491811875797
29.787911956627838
29.818366539830954
29.878189409862685
29.900646644680084
29.98791457263166
30.02329481887051
30.06548483293228
30.15568792718562
30.21118983658918
30.238551055948967
30.26732168668187
30.29621128860834
30.31051043971824
30.395275063761122
30.428995276920375
30.452321590486452
30.507930363888445
30.602044493809455
30.67902433232956
30.707768418101356
30.732155234727657
30.800398468713997
30.86817451132386
30.91654988320706
30.962865276748612
30.980673240733456
31.035473257941153
31.066735318766458
31.088112247174912
31.112561874632103
31.213384560165967
31.25306641822394
31.302947931025727
31.38063912524658
31.412327440429298
31.46613757397103
31.507642367495386
31.567731202945858
31.654070528349575
31.66654181387938
31.75444739059371
31.795050080969517
31.87627901133648
31.954000131025786
31.98138665117924
32.06823529794204
32.08802569163693
32.174918490527794
32.24475709706234
32.28296354657802
32.32284543472934
32.355126475084376
32.42580257700876
32.466199540550114
32.541520184823696
32.62499675741303
32.68722698740423
32.74983979325876
32.779287020722464
32.822646833229136
32.8904143266959
32.95039935091495
33.054915355303024
33.06846449383948
33.184934900728685
33.24408793073114
33.2757198321807
33.33241217620287
33.3605570705828
33.39316585997763
33.483178731911735
33.57959549475979
33.614753076134875
33.67508595661473
33.80398477043096
33.848305460976505
33.8605906581583
33.9001647671615
33.97876491364444
34.016997836066125
34.08699892324043
34.195215472906874
34.24297432072444
34.29356745205155
34.350056642859045
34.511719482253184
34.565912715463604
34.63591018461667
34.74425021969633
34.82970100240614
34.92506888763953
34.97407799920321
35.05113695384428
35.13907922752039
35.279068796154824
35.28929078598121
35.338513010346034
35.45977133160739
35.5321509093402
35.71621804667525
35.818678796072874
35.83389787675184
35.85867487249434
35.953287377964074
36.030100583079715
36.136772232418075
36.30409675676465
36.37358001094746
36.440478499058045
36.57705819630499
36.61002640431402
36.72267463440876
36.87819937381225
36.93831408191564
36.976699146870246
37.093857571642786
37.190313000074056
37.33945576125751
37.522025423787476
37.65473537088382
37.946642166426415
38.01260634502236
38.16899061991403
38.57629440847035
39.60364569442445
40.11319136562812
40.30880844425853
41.90463871767037
43.31044025936367
