4.238833108973573
4.324006398530925
4.486573863051373
4.648380728528213
4.834939576787437
12.004487882096827
12.436878632128451
12.544062090586806
12.710837557918676
13.04426826413925
13.354059303110555
13.411172294051271
13.794813518203112
13.945946696151442
14.039217710878404
14.07479380140412
14.165866887760172
14.251160095653859
14.369151736952778
14.415563041992062
14.562000342741802
14.625005442226893
14.720155734030351
14.786098995815955
14.848337780831265
14.976925395006608
15.025439634327705
15.057226242875409
15.110101816806274
15.12910514028482
15.222276336250955
15.283760349609372
15.348065112124072
15.448288769061973
15.512195388853957
15.531529819774113
15.606731855968217
15.671112077385123
15.759248839836584
15.793411693303748
15.830576805708347
15.87386023894828
15.903011026592313
15.98564328007214
16.005525723670093
16.090041276487636
16.206177640243787
16.25872910306988
16.29245098284875
16.318300524166098
16.3885186938623
16.40608007551718
16.48319289581433
16.526692952078303
16.569284515590187
16.639534778495374
16.68561507988501
16.749712476691624
16.78652450788328
16.831800729130777
16.89005584577069
16.895940227137
16.94546088418616
17.01759352049662
17.057413554188393
17.108431523908326
17.153023489440297
17.18148351111658
17.282203446537633
17.30857712099291
17.345341886465075
17.358558508873102
17.37685925984331
17.417226028429344
17.442904538948103
17.518170288919382
17.53041437045748
17.59090803520488
17.618466791253095
17.660811882152167
17.70792346104094
17.73036271203445
17.773579068219583
17.82897868152915
17.853311351401203
17.902560180958513
17.912144599484087
18.002119906855395
18.038195523580306
18.085495052832925
18.123583877145315
18.153816165135275
18.174864239037962
18.193056530214815
18.236828749819008
18.28878003923116
18.304847762800577
18.3471585564443
18.367516303637874
18.426628647424863
18.471299014495727
18.496972053142834
18.5394096507188
18.58902941712225
18.6383473676405
18.64923182461412
18.677063890643417
18.714475950253796
18.770058466611964
18.814685730863076
18.844150257745227
18.87410444312177
18.87929988532683
18.95041851728303
18.98074199800843
19.0226407934486
19.04062094485468
19.1144923184215
19.136973141762667
19.18327266255317
19.211632097081292
19.22929104294497
19.285831162468618
19.31830142134209
19.370541601226833
19.411511982352575
19.453940788662443
19.48126357900565
19.51784995180441
19.545607974605876
19.58817909751662
19.632416644920806
19.68768641952311
19.715675888644856
19.725158852391345
19.790220472506228
19.8109019042455
19.859598385611587
19.89427035836371
19.944991152305786
19.95924116412566
20.036850847462663
20.07248410352207
20.11481319004812
20.129892028397347
20.17702232161778
20.228411521865244
20.271310714199274
20.30795837698946
20.354419351332634
20.37564194047977
20.383725317059344
20.4030654269114
20.43599278024345
20.485421212064892
20.540697548184944
20.5965406735746
20.63788259236697
20.671718216322358
20.729760352259262
20.795215189816727
20.814539062501026
20.838578130982302
20.87314001721871
20.892475255634423
20.944956837083915
20.969947937540162
21.00271673116591
21.064862078346316
21.09473506949582
21.11887097833745
21.13903398511389
21.168955585528632
21.2069669359109
21.26546351306353
21.30303865593045
21.39635512247462
21.442248415843654
21.47324351047103
21.486789085632637
21.523582928489688
21.58160796801792
21.622757492865976
21.628245786906213
21.651716350694215
21.701046029032387
21.718786029362267
21.78836297606632
21.82515441293777
21.88849028910462
21.895057748624772
21.934593416549856
21.983623324675957
22.041216578894677
22.078099698785074
22.110293766183165
22.152595874970167
22.24470570796002
22.27582130162214
22.28086475445756
22.32849000202349
22.34959202311909
22.382147299977106
22.448992732218617
22.46571335843528
22.48980117299791
22.517978675075334
22.530434709896237
22.565341842058725
22.627373935393532
22.646929120814253
22.692029974277844
22.71363310047677
22.744096679868047
22.81041674069552
22.837881855154986
22.849943871109975
22.90520619825846
22.95073856018947
22.985347430000374
23.01015147225888
23.028019220147236
23.05957948474682
23.076851116785008
23.17063258828
23.21071010445091
23.22460642400406
23.269547958395346
23.292336888019264
23.34134243608259
23.362808650624235
23.394401374268124
23.424260361434044
23.503770729659113
23.527848145794128
23.55026568722072
23.58315778349207
23.651795738870586
23.66919993131078
23.691964225739763
23.718219090645924
23.77876240172811
23.802222045478395
23.847112950218254
23.890230892496177
23.924731634180556
23.9878149189583
24.018042926958145
24.052624284485194
24.08082511215937
24.099136171360485
24.1193880415211
24.167247300686125
24.18639112209224
24.23831719279624
24.24884330452204
24.298721440818372
24.31301252260658
24.3281674853577
24.424801897207903
24.44458104348503
24.501375158822928
24.530843521293974
24.5562281469461
24.631167059942623
24.681960083662254
24.702180655632024
24.741237047462285
24.753796392173374
24.795833465394697
24.87116714366133
24.927831569328436
24.953251625018474
24.975857748312748
25.004989035756363
25.0579486737914
25.06989217826158
25.11058393300814
25.151839591592804
25.185497336741086
25.203722032791948
25.256416396484465
25.270670711236875
25.317341117505716
25.35468311160539
25.395358620951367
25.448727041906455
25.45971227769561
25.489570552045638
25.55966851343392
25.620046460650233
25.656134396091126
25.68104850860165
25.711627009926392
25.733628542108956
25.75774467483424
25.79660890853194
25.813717456977855
25.829779514507972
25.931098474994187
25.99634212634866
26.019038814527708
26.044120556978402
26.13723256216322
26.149534541607064
26.191684757293856
26.242462606586688
26.26251013475114
26.294481388814333
26.327273190802938
26.356791186339454
26.37296904806465
26.458696767451517
26.473921216582973
26.529692781683394
26.55046196544302
26.599979146807595
26.610399805339018
26.620875787470244
26.685912807891373
26.722615518409352
26.728904734249372
26.776414554592453
26.82537582338328
26.907782145724145
26.939970680091573
27.00533421985875
27.00784736474245
27.06984671352474
27.09795533289855
27.149014951779293
27.163415997735022
27.21163876666511
27.293222693874707
27.306996594357365
27.370392705702304
27.397632076985936
27.470723511536445
27.508970827804653
27.54302465401055
27.55711109722285
27.610828028527152
27.628330555768024
27.697675479033055
27.704914112418393
27.80048849926476
27.827821266526957
27.87661505178709
27.919438054052566
27.942976774697502
27.982680491170605
28.060566679625502
28.096891059510515
28.116051578195883
28.150636163587148
28.197050473172556
28.21758977584644
28.30813196793871
28.317684828289565
28.328965282755487
28.39028249920692
28.43695761144887
28.517170038664204
28.52973868386522
28.560641820741147
28.587494419557178
28.669209064933863
28.72020503509797
28.74564648305397
28.843664315896522
28.848399670608465
28.908642845924778
28.97193591521429
29.020907371483986
29.064418732266503
29.114278287681774
29.140223057691387
29.178358166742047
29.24043078821486
29.26870969253504
29.273791265567663
29.310600390921547
29.371511483800276
29.449688785008153
29.47272571876554
29.5457236333261
29.612371318269545
29.652862007926657
29.754908644826628
29.765118763746848
29.833218566122902
29.86019832504393
29.886080190271386
29.988391032288284
30.07164415394521
30.085971410231895
30.143505183907653
30.162764258933738
30.229973909333154
30.28232215317329
30.322117277791197
30.34533058888214
30.423504989362225
30.442138669210443
30.507290215388213
30.62216380747022
30.656802010366313
30.702254584895133
30.74390820754736
30.76468410259818
30.83084958556633
30.883457704195227
30.92102567214736
30.992148362803395
31.001684011975243
31.074070332572436
31.101266333144284
31.1404014338985
31.19261687725264
31.268190670578477
31.365677866399988
31.442144281916004
31.490558579264203
31.556088240023946
31.634976766275372
31.707672161864874
31.77573900611609
31.834624536776303
31.892421667335334
31.96421998686459
32.04654408345563
32.06930774503946
32.15383686729228
32.1760045454996
32.222716012071324
32.30135473754863
32.39028105970121
32.44987050327969
32.54007548915637
32.574058975064965
32.65488396941426
32.679379371609556
32.70159238619247
32.773863531647486
32.9162886253265
32.95071338049853
32.97534868341433
33.11920354150994
33.16302594489896
33.278744564592216
33.322431034646776
33.47369800325271
33.52704636161856
33.60283189298381
33.69210163881876
33.738475828446205
33.798734609380276
33.84425553213725
33.931430371812475
33.935193698655794
34.19164097971989
34.285980073847284
34.35697385952747
34.39692434434665
34.45748551931442
34.62036437694269
34.651140090842624
34.68253043505441
34.90538556488642
34.943416325999735
35.01609843753537
35.08829186585191
35.160918881945456
35.26402498953343
35.398226112711725
35.47607582870463
35.530208827480386
35.610300766398
35.62896660102028
35.93719014830985
36.0248297027502
36.06043219070985
36.150235379417026
36.268697319112604
36.36287040885158
36.439247057579806
36.663647749378725
36.742336573625714
36.80509529457085
36.98652424005714
37.21621914970202
37.37759020731526
37.467605268518504
37.57883992071062
37.964266962132356
38.2989698342505
38.559865819610174
38.64076428873429
40.477922328581904
