3.8959961786402335
4.118929341589749
4.164419482701777
4.223829134469314
4.5248731629066645
11.736070608423262
12.371303888145723
12.819061941091624
13.215740390548712
13.367375414316248
13.62675354477527
13.695914116394968
13.763536384241538
13.955179993846688
14.033898894240751
14.13966702802447
14.343744147327048
14.413087622321243
14.469575134679006
14.539279604137063
14.640203224089136
14.70843341197798
14.771512262072614
14.81249008833141
14.88701381297684
14.93518596613389
14.98473812696804
15.024621689903132
15.047562059625097
15.130437495550305
15.240507498558323
15.402732350932826
15.458843209282252
15.49035223915201
15.532674945037865
15.569949029246244
15.614217280849562
15.693188748298619
15.721114002318219
15.787627006995907
15.816291086276433
15.889822290871486
15.960836329612166
15.986595218616062
16.019915166176897
16.092851466360237
16.20925820024044
16.22654778646743
16.269011892124517
16.298171630631835
16.320612478965877
16.437831332932642
16.49802132517751
16.53448162255281
16.598395304573618
16.669311205911796
16.721419685922044
16.76140250640392
16.80471234376193
16.846813166362395
16.89429393023146
16.940736640173615
16.994334737667057
17.027944537608192
17.07894466027062
17.131965602867133
17.16693717169505
17.197255193324775
17.235883879161687
17.320286786980827
17.346551520353852
17.381806125081678
17.472080865037643
17.485856829238745
17.5211092101699
17.553769559794564
17.609022911935053
17.646683318729504
17.7305201252733
17.75921152494292
17.804689691132168
17.859682057712213
17.937880906193858
17.9445268813666
17.962486718911084
17.97640928300147
18.043014626817715
18.057220378073026
18.07290555596341
18.12998325887351
18.168139039541558
18.24602054962913
18.25953635722028
18.312051252146045
18.35768245738114
18.401863806820565
18.428591250627587
18.460468156097253
18.513385020613665
18.57379196524482
18.61433869081017
18.630959080051504
18.664473478611892
18.683875236865116
18.761239211778634
18.832607308478376
18.86082184734494
18.966419862969172
18.982752952387568
19.019664944334423
19.036703833662912
19.079050039235742
19.088705902307122
19.162850235122985
19.18603358465422
19.223036603737068
19.254127593580495
19.329673194606055
19.33252154988261
19.354461554267512
19.41650193927551
19.471054257565797
19.472494888280316
19.531429636840553
19.586289343426053
19.607018246598393
19.613723969401562
19.663725998137476
19.691502932513103
19.72571065057277
19.78497297327168
19.816562302040154
19.8995112437932
19.919124948079784
19.953351752878817
19.99532212040048
20.043379720667133
20.11299521037058
20.128350171354334
20.151611818464534
20.186447487932373
20.195728235241557
20.24029220671761
20.26168307451634
20.324313962518374
20.40222896806781
20.41289702539015
20.44522203739885
20.4940843990324
20.55072570293733
20.58523210887101
20.620129271980314
20.679496697398623
20.72100735113257
20.760835354620685
20.804909183530008
20.823943326599718
20.837826310309804
20.88506279845598
20.89649525290006
20.970410318556404
21.028595461914545
21.065945797771494
21.108524108953585
21.12913128835247
21.173446516996396
21.187179725772395
21.217125427841637
21.235472661113267
21.290356595974853
21.331483195503438
21.373764667482792
21.414774578857635
21.460343752983892
21.5144777821188
21.561715651661608
21.575889010960687
21.61562955601435
21.66159742096441
21.683002233729226
21.724282853571857
21.732291458201413
21.780646378189964
21.827483616736533
21.859922257631617
21.897940555023474
21.93075654818639
21.959543698302177
21.985185222132046
22.01945386721291
22.062560890732207
22.076143414114537
22.110020838130048
22.146966897915263
22.240328799971465
22.299028664871095
22.31628109295909
22.352301486454518
22.376380870168447
22.392571471966537
22.433047335922776
22.55092182365769
22.566139515040454
22.59800882644306
22.622706250915233
22.673385532093405
22.70634506307027
22.76104983763658
22.769499483592273
22.779929156671493
22.829136167511596
22.90486622908097
22.927752667431204
22.989345668108648
23.004378417824874
23.048847166907876
23.09420006125453
23.103142121216845
23.148649727493815
23.181724446232614
23.206613178753724
23.23044492711305
23.268854934576996
23.32602360520705
23.34906179613211
23.372442590747596
23.384057086760055
23.486636746796464
23.54413039790963
23.578588350216954
23.586151883116877
23.686811533158014
23.69103370929492
23.75059881907836
23.78097043006914
23.8087760118648
23.856083648807402
23.908332309918183
23.926091699012705
23.984755181259093
24.01371663183873
24.035717434269504
24.05177841682661
24.154708410298685
24.164676224132023
24.206988056775014
24.25122478739024
24.299590922413834
24.324928967041835
24.362585634745688
24.39917096631639
24.416968046648236
24.48759979683173
24.526808475719697
24.564425431725297
24.602394924444287
24.64474474329737
24.667559009794793
24.70511945066727
24.762110922737072
24.76993926379896
24.813510907081024
24.838293539676343
24.85945323416269
24.927217978959366
24.945651179927168
25.002016822625546
25.03915310803678
25.104871761851612
25.139349069469564
25.153369104964938
25.17272771322607
25.246993810582353
25.25757253475104
25.289515248028827
25.34851732772656
25.400814231250035
25.43863995035779
25.459910064739464
25.510294458081805
25.528626460000314
25.581956189205464
25.648262761333104
25.674601775415614
25.70304054611028
25.74871016433343
25.793158930006257
25.855047186130857
25.91096348692966
25.94485055848952
25.97247753168674
25.992695688143527
26.007149473815087
26.033378206400478
26.105407381933937
26.1636085984535
26.198166374323886
26.24841084213275
26.264845929842135
26.311208432806822
26.32803100636113
26.370741625763205
26.400337595595985
26.432170451395724
26.542392877601568
26.550663151182512
26.62789567403555
26.658921404247916
26.692137571663604
26.70670810234791
26.754347621012023
26.79422874599289
26.84019403873277
26.849862420854375
26.92158988035069
26.981759467258343
26.98595745122467
27.014764721060804
27.044971979156795
27.125373558287603
27.176375374978605
27.22793016041489
27.242531100646733
27.287215792655477
27.316918692469333
27.39857719039133
27.430247662349153
27.445046325986972
27.490385307346692
27.544773822614864
27.57497166419154
27.58933202485061
27.628406620189573
27.681897915162775
27.698612180726936
27.719245229877906
27.801467904066048
27.828917619277945
27.8377840870371
27.909079938381417
28.006217176224247
28.056148951892602
28.07620948861283
28.092235441781554
28.118881030884463
28.203948527798772
28.23655755572394
28.311801413041014
28.371217810594118
28.387565979385197
28.427670350888835
28.44806803467267
28.47782982051725
28.54478248471373
28.550893378037934
28.600284790837822
28.60816084648769
28.640224740432206
28.717285593533287
28.742397479947897
28.812143692290302
28.852022534270528
28.944505367623385
28.971349071801704
29.03208211407641
29.039168114889502
29.09345529268256
29.107875553102875
29.15747552449966
29.173804605715922
29.259598917084794
29.31076378279583
29.335677266778063
29.381493908011024
29.42627646718068
29.454535151949866
29.52714587880717
29.53556888566319
29.603642145315902
29.646473819715464
29.68921848384134
29.750532879710853
29.781180190087653
29.8574198865147
29.89833104877594
29.92183249241215
29.957212160869794
30.022934607242483
30.062167314525293
30.08618326510016
30.143887895441843
30.234155355718666
30.25770725541105
30.277482742513094
30.308777931350836
30.417678172637054
30.453220366521776
30.494423847994348
30.510220489458668
30.568238271242944
30.622000692869136
30.700662516749418
30.762453535525896
30.789421511871364
30.820633534138597
30.889238500545332
30.92956015874478
30.99942229987242
31.04225101670958
31.065356647773037
31.145278677560015
31.226788470266
31.23969540903723
31.27645778817455
31.36279198560466
31.43942679623769
31.50139628941322
31.532818669584284
31.579258242537644
31.66575719852964
31.698111544041442
31.71762278578794
31.78602991848725
31.894328199602338
31.954436224152815
31.96058778268955
32.013875814070666
32.06450019213659
32.14441247993181
32.20162649718894
32.27097280801613
32.34414887522539
32.405975911891375
32.46996186907789
32.526476782733894
32.57457999708388
32.63017168700766
32.66158646573688
32.676281775287364
32.78730196746353
32.864797034774554
32.91593348707672
33.00321433286187
33.092416276345475
33.16950887654016
33.24146594936021
33.28999964102345
33.34094510070729
33.390082715326
33.48209784198985
33.53619062732613
33.64606191731469
33.72947239652871
33.76770930897177
33.79530005508797
33.92564106278761
34.03133224300366
34.06550085321522
34.13253680109918
34.19867703049871
34.376547856260075
34.417918013558825
34.42824877599247
34.56431207842759
34.61385053265547
34.64233185126023
34.71114911553763
34.802622906672276
34.890515352661566
34.986236921040216
35.131076169103736
35.13908085235017
35.23658689453439
35.39369763932004
35.507306042750116
35.714492081954035
35.7754607163144
35.9028551383983
35.94987417129556
36.18323767742696
36.42694273557197
36.63793742217246
36.74141656577736
36.83602090377615
36.899742980706115
37.11055497103076
37.449172508932186
37.56596255365449
37.67810216532169
37.915692697531064
37.955297127044055
38.04999339589027
38.3178692260135
38.36549952480925
38.805318617230895
38.95484245037844
39.70766135199648
39.92731604653922
41.09303880779606
