3.9452842282054
4.443222122087456
4.632509175149987
4.806926008862321
4.928889262624832
11.571817404662248
12.006996654372506
12.13413117685207
12.8491755991754
13.506853573111066
13.900881501404047
14.04615952802247
14.167393808395909
14.219027068135343
14.49957259020855
14.648796021227273
14.68790373422137
14.755054426112045
14.76966379637768
14.864130739024061
14.948939999709479
14.996602456970631
15.078475458190907
15.196564539766186
15.320447476043904
15.416215921557335
15.504926908392552
15.520406334704008
15.57258517868233
15.630176588382128
15.676127337916258
15.75449790190913
15.85805409982523
15.917325247227973
15.961921470561231
16.034769326455805
16.079983023871865
16.132746355923807
16.17245573097495
16.19717307799473
16.220079362602196
16.330243954750944
16.353530841154928
16.404013653703572
16.426118228476998
16.483938254223652
16.552722910334193
16.59059289301188
16.64734830653123
16.7641552718712
16.820659121936018
16.86126661317287
16.935816643380136
16.964239102374393
17.005477807084684
17.07779327596869
17.105731354358987
17.139889209856275
17.166479663243614
17.187384254002726
17.290611583640164
17.329559332570675
17.351213204804687
17.410619926779827
17.411669549895105
17.466839257181356
17.5222127517375
17.589287313277445
17.615478265205233
17.649105918501846
17.70096844433064
17.714334986892396
17.79359375608128
17.848190251743095
17.872208157344915
17.890323070015672
17.971112810452713
17.9866563716545
18.0246656884981
18.059010175983
18.08599446724202
18.14491815068687
18.17498356873855
18.23079496359532
18.26333978908192
18.330157350427466
18.36731374962531
18.415145954353033
18.437226319033122
18.559540481619916
18.591231411330966
18.62558954823503
18.65293429219649
18.690583050344802
18.727668802367084
18.756787071621837
18.786624780778553
18.81033739373344
18.881601095452407
18.91737427449557
18.98422654481518
19.029684458577254
19.056106126292853
19.112763961658356
19.117105701535635
19.143520126929218
19.184925334238955
19.218675213038317
19.271653424950514
19.302230490894964
19.347250589045917
19.411230879789372
19.43021263744867
19.47028986947502
19.559856592873864
19.575691358927735
19.62234057144846
19.658747535934403
19.701415059202887
19.7401996762161
19.74510783414434
19.824348870233553
19.838234538121764
19.903417157616087
19.91703276348055
20.00190198562317
20.033089905161006
20.04667432154887
20.089916044857652
20.16103583760969
20.171098422750383
20.217435536724434
20.231661608057035
20.297633388535626
20.322007160149255
20.355486778422133
20.407726423458932
20.425044408864228
20.4627945081087
20.51152606855105
20.540339672402524
20.573712473312536
20.59358651581853
20.686609343340958
20.73598825196616
20.743967062993903
20.760669189875692
20.81608590319808
20.868455169014332
20.905583106736536
20.91428192444931
20.91816090483821
21.03678455206513
21.077444358416244
21.11704276131284
21.158511928400465
21.174079602325623
21.218019716604903
21.23076010030361
21.263518839327485
21.31075327042437
21.337873594632118
21.39932024455966
21.418167753315206
21.438429169122912
21.48506851495042
21.57445696566839
21.595741493177474
21.64463270338277
21.68754058902353
21.7131734176875
21.738930080433626
21.784398584920236
21.828030101381785
21.88382220774291
21.933131705091117
21.94513308957039
21.991665913540217
22.02291401345884
22.051319884444887
22.10468575770853
22.1117649000381
22.145026037745467
22.201048232893402
22.21814582250517
22.291834433717202
22.31273503704745
22.38084277096611
22.409834286636514
22.427065247583982
22.45993578085913
22.52082074815278
22.53909823807059
22.590252930873632
22.625111236143532
22.640421821151484
22.68072678643062
22.69701288611157
22.71952163388465
22.77065336655834
22.808707882127703
22.84317952190691
22.94178275051075
22.962113177141347
22.975828337179596
23.00440215807565
23.05427247996508
23.084317883380393
23.1361343266969
23.204443646490688
23.241450222975235
23.260001712900703
23.27737013371431
23.337849121802115
23.375375521297887
23.376455890681218
23.419391430786437
23.470082129705396
23.50347283286809
23.552101086941267
23.568876677879366
23.626730585461864
23.67510867055568
23.74920592070591
23.769364658393403
23.78796970943866
23.815105778573233
23.844857661077885
23.941608984824175
23.952456875024563
23.974886257891015
24.045595297892547
24.07154911134827
24.132207901361653
24.16280893689762
24.195803712594085
24.223439125258793
24.298601845219398
24.3239603410016
24.35805502856091
24.3911738907705
24.42911115901486
24.45810837242438
24.48708541422967
24.529478990699815
24.58670094829406
24.63888004228335
24.692191723428813
24.714016781007935
24.79423436779844
24.814471680918253
24.848760538591932
24.88135660125558
24.89798642039125
24.908905413852068
24.936723569344053
25.01176044357715
25.063511734776878
25.091714329821457
25.10788865505547
25.200364563532844
25.206795980652785
25.28337708346186
25.305075077562723
25.330523528890303
25.352646257660826
25.380599194433415
25.40578960458422
25.460181074662636
25.477525709001043
25.546860835904663
25.565284099230347
25.58476293898139
25.655493802248866
25.688044665634205
25.72410608935399
25.73715138280216
25.80529600755036
25.829872090899823
25.881004701427027
25.884268775135702
26.004807680298416
26.018277112788024
26.066276031759937
26.093686095136622
26.119715076232474
26.143002240562108
26.188743846112175
26.231357056165244
26.243077597788197
26.289926922544183
26.35555406160612
26.41521179733865
26.43279375245565
26.508883625552144
26.5329291842611
26.581159126066918
26.59703167447586
26.614991321413772
26.66880052114902
26.701925246797483
26.754426484753967
26.784669057580512
26.796597943581748
26.87617260921259
26.918707089489384
26.971443692507442
26.99628906964806
27.009976206506266
27.04376253517646
27.084812834505666
27.166921178988595
27.217083776361296
27.236872446995626
27.26878586943526
27.31344113776301
27.34080598881365
27.400166891735896
27.42110336193782
27.475132044861066
27.50279546210713
27.526334292256518
27.611988204936114
27.634512365628648
27.69884669238427
27.732464672046984
27.755968752126503
27.837886226220615
27.851569017084515
27.944080639958557
27.961415167900327
28.00987361360295
28.03818736780656
28.043064586340986
28.112775125290998
28.16426646326087
28.196639386363987
28.259749039863497
28.34412805724333
28.382167602184175
28.399591893047127
28.416535890241803
28.50054007958121
28.5258154637162
28.594317493544526
28.62001937738629
28.63867084628806
28.661098960664805
28.74093397910222
28.746000324657278
28.814297118533744
28.827991572376494
28.894344239708992
28.921220692071586
28.950344150216978
28.963110470422745
29.033254435374168
29.082782717733785
29.14396613689473
29.16146078283162
29.208847209724503
29.224624427691683
29.281597767529174
29.29620213753893
29.3270411568398
29.350172086432213
29.44059695646948
29.481320339261824
29.538600322755237
29.583025384247367
29.644860680013625
29.690704808353253
29.742233427527605
29.789905822808905
29.825200189611298
29.854527146960475
29.89648817746795
29.910599751707135
29.973139639255038
29.98234397338894
30.02828898259998
30.108581941626845
30.13089317429107
30.201767514569312
30.212480709128158
30.291683409629723
30.31823699910876
30.35427503934683
30.37204265535037
30.479239668812564
30.508360148486464
30.571554925402832
30.624122340700005
30.679724629869295
30.707958901192185
30.724391913972823
30.78239600205008
30.828294319798527
30.87373017029259
30.91868056993153
31.014418475744762
31.059230116326106
31.094224657162254
31.174956827031775
31.191493776048347
31.260341736702244
31.305036356382992
31.357044674822056
31.40060769427981
31.495270396798176
31.517811802591538
31.601389435764133
31.625071844057345
31.6704637053173
31.679279247209102
31.69413384100696
31.76090477535297
31.83365528662635
31.871500666115267
31.91454542524731
32.00145964293824
32.09934442067357
32.111275949418086
32.1421182044404
32.20938884877662
32.241169173376996
32.276679821824914
32.34222804469825
32.43496912688686
32.48290492487908
32.565123082085904
32.59023254549296
32.68102331631084
32.69583400033213
32.75961929904324
32.78439558937028
32.88057001669352
32.963539135955116
32.96898326190156
33.050420405899544
33.12673127785127
33.17215579949925
33.20750516813133
33.26374974911335
33.368615918012495
33.38043020659395
33.49144557466523
33.613457248290416
33.626044491272054
33.655132941662735
33.71155394456763
33.77012232218915
33.85089941874138
33.91386288161261
33.99707608560745
34.071230095360725
34.20247781477162
34.223410800892545
34.24213896388971
34.29580912066851
34.404587572182194
34.47837307355264
34.59963831142328
34.64338259864927
34.699081120542836
34.81726774561972
34.84018036991266
34.8779930955654
34.98033044240546
35.082317041282934
35.181545751814426
35.2548032204637
35.29100533937588
35.414611887917324
35.54263267365634
35.643871580698104
35.79194806508527
35.90243796924156
35.95154107227855
36.11272549269465
36.17695561059831
36.209157347967825
36.30757889224476
36.51699643186235
36.59624554633758
36.743808769977036
36.80967845719465
37.017730571889096
37.17539175676625
37.28457399082864
37.34020383653905
37.570012796531145
37.60434677742397
37.816464844212824
38.59608278765848
38.65864351988537
38.888358108265216
38.92081156731544
39.23908649729816
