0.6660838037007248
0.7789415377229828
0.8819914403236601
0.9619498535681723
1.077921602362903
8.124730593895464
9.914388232241453
9.985051975411242
10.04927774846396
10.732145140107598
10.803012897832263
10.913436112306208
10.955734255363
10.978614616288382
11.242952625237391
11.33490687061642
11.386315791638495
11.537844087309827
11.562249743612659
11.591231805733077
11.873997489982827
12.036922391508927
12.07141992779607
12.159513223651231
12.290155377996445
12.455529236974714
12.604459208986144
12.626914638052694
12.681206934826529
12.69921735480544
12.72334301424976
12.817787233491881
12.954159854751055
13.009770810266872
13.06580456182374
13.163986962480724
13.240793064488242
13.30603616673101
13.511434494460314
13.589485903763247
13.650332264049077
13.661215842422136
13.715739993655436
13.801160922655237
13.826146531872592
13.855741289529181
13.878001677009241
13.94663122419947
14.003931003475802
14.04713452480276
14.069092913483503
14.137170402924092
14.218546546692206
14.277805416814324
14.338543046255774
14.364182958985195
14.3899482751583
14.429629552078396
14.497407260490387
14.572684272231779
14.681864588980346
14.707197257497121
14.731630085959441
14.770852970210894
14.806412135093199
14.858497553149787
14.912332205700913
14.922486755219627
14.984059425849422
15.001151557946306
15.03354358642405
15.073221895273427
15.098029805045542
15.117629534988602
15.154617168666777
15.1783667804174
15.234597939066331
15.311811335215689
15.32526738741245
15.405088177328802
15.442907049965688
15.495115783397946
15.562098348398422
15.609946731694098
15.644452892389685
15.655833363626982
15.688916833298304
15.786360225164033
15.790130944814074
15.827722368849336
15.864173913192126
15.930519307319539
15.947316981177288
15.986073405233913
16.007684633677844
16.116107328890244
16.137630612301106
16.1561556157176
16.20329723055373
16.219192224828088
16.238331297389944
16.29368861973815
16.350904645805095
16.426960770116494
16.44873567961853
16.499584175023294
16.517986121160558
16.562899938007202
16.635088285504715
16.671277809184325
16.684066492734274
16.72815082811325
16.79560357412371
16.816176441932512
16.84066136371256
16.892767896689378
16.919430013651635
16.95106554231178
16.98115344496261
17.03143371250248
17.072595764370078
17.097404689337925
17.15393622990791
17.169664367027192
17.229514258198375
17.248518396827546
17.282095065250367
17.313862565443877
17.355184436567676
17.379136482667608
17.39573401570889
17.430404760325096
17.474197628860853
17.51554589630795
17.55209743709481
17.573863529509186
17.603990216123343
17.693674343814255
17.698767511877715
17.744305601847362
17.762679482587263
17.78056640173279
17.827362858341164
17.83294415430894
17.891963286152585
17.92493466135126
17.938924334457187
17.965800404346403
17.99998698524907
18.028792485136204
18.077319557218978
18.140864831593277
18.162834431136655
18.208539968138272
18.22195256031595
18.27340175617392
18.348957565077125
18.369272501123337
18.406058159370353
18.443332286875012
18.450321188466795
18.497834414981966
18.541426314477206
18.56358763520582
18.58717031046584
18.620349985432178
18.65850552849435
18.686923443993717
18.766864407060925
18.774787407827198
18.796837726228375
18.838475943679455
18.888912038882367
18.91390411403181
18.937158552690967
18.97121075357276
19.031445774840808
19.037316147484333
19.088481170979662
19.11418748886789
19.12263079322266
19.202859552611777
19.21344791709996
19.228088993085606
19.28923617402955
19.311353168667946
19.34518146938718
19.39662586506998
19.42564947732395
19.461259464429915
19.5239676203844
19.556169610957173
19.573492704983043
19.60156219192918
19.693402347172114
19.71579690060633
19.736022253885686
19.767005472354334
19.823377307341833
19.846237222574597
19.878392542297334
19.93923949708341
19.968694693623426
20.005675971310257
20.037392070067863
20.051976966685203
20.06225966069184
20.135483393371448
20.180332830598882
20.211154243295294
20.257869383852675
20.295043094763848
20.343605095865346
20.38012016894247
20.401519132147804
20.417538662421553
20.434812308186736
20.516633078940927
20.562308201810637
20.622015924363076
20.635222204011665
20.670873176118356
20.673474039328017
20.740394569263223
20.763852643735724
20.802339615732198
20.81782971575452
20.824980266570297
20.876468783113317
20.883044257998648
20.938659919184914
21.00120078972077
21.015139631790994
21.04658825596532
21.077874672178257
21.146550898658056
21.163608142331775
21.186516084718136
21.24306568920625
21.31655254112462
21.333286758263583
21.361258331031713
21.37976823850833
21.414455485648435
21.443223402170773
21.48800316521897
21.496901133041092
21.525592086451976
21.591117147831696
21.620272378538388
21.678958776276843
21.701928718984593
21.74786231512037
21.767274555803333
21.80952368778604
21.850033768836376
21.881732333965502
21.90623044683712
21.94907136016478
21.960391925002146
22.018639001627776
22.03836529972266
22.06038219437826
22.099501419694462
22.112029736566164
22.1827265261328
22.236667955096067
22.271600599802888
22.300151963087185
22.320089203094703
22.38864299379815
22.421565644029073
22.432582618260067
22.50466858800046
22.557630451301602
22.57329674369214
22.60984741923326
22.61844984599562
22.65373190403575
22.658187120851164
22.741892386076643
22.76516544169202
22.818298111882605
22.903665860228596
22.956034823075917
22.987206982427303
23.023526070210888
23.045431503214928
23.10571943103719
23.128713682255704
23.145461061146417
23.16567074418972
23.195479464892337
23.267977329620425
23.30170675347444
23.347943422149495
23.375265074209988
23.41078119631678
23.439236766716746
23.487962673073287
23.500001832933094
23.51885826353332
23.572247403867568
23.63601002044642
23.681807010607052
23.71927881346761
23.74002294576867
23.77523603280008
23.784904687136752
23.826285990867188
23.86255901172202
23.902750305190725
23.935514424435905
23.954999332976318
23.977431622007405
24.016270470245544
24.030781781083235
24.060206460139742
24.116719388152454
24.15680842927442
24.158605405805236
24.195435833893505
24.246378369344683
24.338263688169203
24.370781304464494
24.408317101228832
24.428016831156686
24.465632514577756
24.484280912268222
24.496635268776767
24.55992073221777
24.58863660921565
24.683918125138927
24.689334832508596
24.721311901632458
24.765936413416558
24.790411391525872
24.856111041838425
24.861413291808372
24.895661828996765
24.92274792461088
24.951645894965832
25.02127377046403
25.030896902223507
25.071107464652577
25.10492730931448
25.16020177612735
25.204719183539442
25.23404327336188
25.281427571055964
25.289964847771532
25.303543635638537
25.360582143304764
25.40008771606304
25.417022045287872
25.46541814521281
25.50274595534458
25.549297004580254
25.59648916123325
25.610922870810874
25.699071830608432
25.753240499438323
25.79880543843004
25.820192845391556
25.861588559810478
25.879836485641068
25.888696615476817
25.95219800695184
25.99733748077584
26.027449899051007
26.038851197142648
26.070706447891016
26.212498343501643
26.223313758317047
26.258722661594454
26.281485871140212
26.30992991299667
26.360911786442017
26.396313739130008
26.420799791778677
26.461740402193147
26.489766077986943
26.52197935484025
26.563020607836325
26.67300641811092
26.70426896062828
26.72079631056876
26.76316258671135
26.816099186987444
26.843216773568315
26.868220385533355
26.902268591528
26.93632907965814
26.95265494672384
27.012516958113714
27.085137857843396
27.14803383838745
27.20823085356102
27.27733673390114
27.33649826927384
27.4191154519221
27.433911382545954
27.480586089358333
27.541451563545234
27.578835888332783
27.627761719454668
27.65542101528308
27.670392389068677
27.724480042124327
27.785435904344613
27.809094177928564
27.859671202514683
27.885069620719424
27.948486154925998
28.026230990100643
28.080045696801527
28.10856783781699
28.136331620784315
28.172983588111332
28.19487346617305
28.245471480980626
28.29760493928989
28.37034604858862
28.39645705225026
28.466205336428775
28.52330600038679
28.563326245398546
28.596791686641197
28.63536741066299
28.732211085443264
28.782200440134314
28.82308578661798
28.83879011079903
28.865086912752464
28.96653800544105
29.101227344343428
29.111382055247574
29.142202415536854
29.158440716036246
29.246855420153057
29.35262651639695
29.39781403544271
29.468859382510118
29.552170467735106
29.613534098112474
29.664038390382586
29.72549040440411
29.792836017625074
29.898578930707142
29.91074671763785
29.93830305580121
29.977757652816862
30.01855866280598
30.055833270005344
30.138911760126142
30.216588527146737
30.32106506798269
30.336479681027495
30.385502519631668
30.4733561891066
30.528765726236013
30.574679571469662
30.6605980894345
30.72747789727853
30.799343503771794
30.95789851468787
31.071551343453354
31.11020207370561
31.186240158996622
31.21777495908017
31.307229195540764
31.384014312161227
31.441969439503016
31.444077291600117
31.57244446726924
31.670964723110046
31.710766504805264
31.765350202131753
31.87861196698159
31.99552982900623
32.11432502231128
32.15038138906414
32.486312418184404
32.617048735419125
32.69924169740938
32.88113249852376
33.2884023722732
33.317372260939884
33.39430886349568
33.448031325977844
33.56493998700133
33.926163880725206
34.06258201403155
34.41501989442381
34.45702564626489
34.52673158213237
34.81588766786217
34.88346591962606
34.91328716908253
