0.705173474999309
0.8072395332829131
0.8773399362391947
0.9271510690494
0.9512916169461564
8.297526687379824
8.535944566950995
10.114872538584947
10.446535180350565
10.670421789920885
10.762235221632205
10.96460446833162
11.258691116029228
11.291913789538802
11.355653211817968
11.443311227288364
11.680805635116265
11.744578597608852
11.774346025571706
11.80661357984598
11.983880328529736
12.110450439932057
12.187572600481182
12.274403365984691
12.342144290627338
12.399619836800351
12.477644392788148
12.526910693817674
12.612644761586845
12.623920171474351
12.846122468162466
12.875135472432264
12.880504308007549
12.91449453753541
12.941265524321919
12.999272114204453
13.020483292610253
13.071750860464316
13.168140060550392
13.253488119041757
13.3000296537421
13.338645823572046
13.453700453993946
13.485841879768254
13.516645390493345
13.554620153109795
13.672191351621285
13.712481957850228
13.74829068608419
13.767645486665826
13.803787041457701
13.873709494845636
13.888827490829707
13.928877462916882
13.95749951271604
13.998274867342362
14.039052784970606
14.05838885356666
14.092384357512698
14.131574674932335
14.160026234134142
14.213791595622085
14.228981014622631
14.275852550247917
14.3001598943875
14.342528856033518
14.404738141272212
14.47016290360369
14.493436167875911
14.521819640129149
14.631445506026221
14.65264595229488
14.728407822700245
14.780735638265016
14.846374545570889
14.880558995184536
14.897637320596706
14.963022461220275
15.051093749209102
15.06919984384985
15.088861398540692
15.145268931602004
15.176526879917127
15.252243172862284
15.256749973197495
15.29495516743831
15.35742814520752
15.413039025806057
15.444908436703864
15.478770383369593
15.505735582252177
15.527735938207993
15.562251486808224
15.572880913453892
15.59963764544702
15.630012060055964
15.66387429030609
15.718265296409847
15.756807153050717
15.773375545030921
15.781951786043091
15.82544941643227
15.84483607458066
15.898850657917821
15.959650921350475
15.970791753517734
15.989430775348326
16.032953120298803
16.083225662660215
16.107572554247533
16.158405971583083
16.213461148442203
16.26852562152284
16.299217774520056
16.334341390474577
16.41936251893423
16.428539888451056
16.454452365423524
16.473995207068175
16.515209994243445
16.53490322865564
16.58801113189141
16.628505554417487
16.659635942540675
16.681692762153148
16.72887576045455
16.754818503006902
16.798038006067618
16.817956500102397
16.855067485783763
16.914077112172826
16.960086228039525
16.98747174680952
17.00750634413652
17.055538599315785
17.09770515632607
17.133967546720086
17.14416460538437
17.172177867236964
17.230901612283134
17.279467810327123
17.30543095505055
17.37260960010008
17.3772298739264
17.427126372245493
17.435413223657342
17.489177527507593
17.510241600970268
17.54425959610976
17.595913468174935
17.61073815916182
17.640240344893897
17.667089235042567
17.7190721399037
17.76851669664379
17.805312703682297
17.822072171278993
17.855755241544458
17.902456048550274
17.93194613572834
17.999897730543264
18.009127198918318
18.056664076476462
18.099470833299915
18.119494107457466
18.16374722334457
18.170311593586025
18.225276705477768
18.260596935552257
18.289691400297826
18.33341018042794
18.34298171852552
18.404140407405585
18.41159662971656
18.43237583758911
18.456051042433515
18.514396733918392
18.552588103679895
18.59258493510576
18.609385626262366
18.6270482962535
18.65385606640809
18.671665677228447
18.70342547571427
18.72029357458942
18.75521401350543
18.817797155463417
18.835201297694002
18.924910130101285
18.93426519813943
18.952869274247902
18.979898629161102
19.045482033962134
19.060733420335893
19.11078398052164
19.140948997411048
19.1691167700563
19.233620472547756
19.274554929131302
19.2957673940618
19.326873018337736
19.397126290049215
19.416417565509036
19.457246626940098
19.474531491286363
19.515166893963695
19.527392349198717
19.53655950267538
19.598044779706722
19.610619181304195
19.639062565037296
19.70120815905226
19.763157015090552
19.793604448109946
19.86899855213834
19.88928649034141
19.9019571263276
19.927516957199288
19.945468773840062
19.975863283110414
19.9943091619612
20.041924507163838
20.087600099575116
20.108900060455696
20.135252906192967
20.14686766574487
20.218932188863985
20.238907917348545
20.278984010425063
20.33660209772421
20.345055502821907
20.37744463835039
20.420861991472425
20.452164136832778
20.470816107073976
20.53805790076929
20.549276048286643
20.590102528425742
20.64128108243824
20.66057974774208
20.695882205018087
20.733459151680794
20.826609763003944
20.86056110733396
20.879699691269327
20.915536416366677
20.94989056119484
20.967280043294007
20.989638480053074
21.023468228376046
21.04836320837148
21.08745460097061
21.14134580754164
21.1635062176477
21.18341796074593
21.20026252470026
21.291972566207
21.300131420701916
21.362809688070808
21.37675366415555
21.41429722634202
21.45112294764529
21.471335442452013
21.490955792961337
21.55785014417509
21.60630326575757
21.62879087089341
21.6755885000672
21.74043886521662
21.749405989456932
21.785360982009287
21.802765462640977
21.862656373737867
21.89221892186434
21.954594984657696
21.96696293581702
21.996216276388658
22.019118335745958
22.048850343338927
22.08509251162766
22.094943114952912
22.149991885507262
22.177223588744795
22.187782729157004
22.240350767523925
22.24854175030329
22.32434504726769
22.34390722883094
22.359375124190233
22.399718801490437
22.45235287056131
22.49449269810696
22.523372137218782
22.55354834468826
22.581967572919538
22.60426307089134
22.652632266166883
22.680413983801103
22.69745461865292
22.749529552791095
22.788707426791817
22.824618455642813
22.836762130117844
22.89725762302876
22.901264429824305
22.922906471031407
22.96364299949934
23.008409278909944
23.019124156715364
23.077216448559323
23.122535530750678
23.143027340109644
23.201352401562882
23.260698438099197
23.273996392606787
23.31030836052482
23.342819532841087
23.411609510856614
23.47370916102098
23.493577248015043
23.567843893985224
23.59977404727481
23.619068140951242
23.678635970126145
23.721123153315027
23.744118453109476
23.78733468178737
23.820056278497283
23.84750117581073
23.86934498615853
23.919398281735635
23.975416107641642
24.00918624613373
24.06223143400222
24.11312378964585
24.15156565783722
24.199578023198434
24.24749380290249
24.303468675040964
24.333621588096694
24.356678550632015
24.441597474228782
24.47771675132715
24.52941806177432
24.538713785232346
24.551377669114167
24.58356128261535
24.634017900965326
24.66944281927177
24.753738474791632
24.786572711526233
24.825838710496594
24.83690831207458
24.846912839642577
24.92393870712675
24.95111643993628
24.99107519167547
25.029334907717615
25.048856733869904
25.09054593916828
25.133613228804784
25.196609522325303
25.223177777095984
25.254746146943898
25.30681370893783
25.332039106548702
25.369215628627753
25.436618777037776
25.509316054540143
25.55213446577836
25.581276191802093
25.61168258610542
25.64049848986781
25.659449930716566
25.72815940792801
25.788381687865115
25.800758634157248
25.859898423330367
25.902980254523154
25.90994841366019
25.953617029242604
25.999989713980234
26.01235739989781
26.064376131502353
26.084276324962822
26.12111116947299
26.177820752052373
26.185920568583864
26.254580968042706
26.277130138820013
26.33958790541387
26.365976657115812
26.433682392142224
26.49216443593741
26.51043769400564
26.58000620522876
26.658976305536594
26.667219588537964
26.770421198230874
26.815118054718848
26.83629102756612
26.853805983303285
26.877545443902243
26.929490964526906
26.99176451573417
27.00058116901461
27.057125480475854
27.07874092217974
27.13119334414198
27.167655844380143
27.20280123858848
27.21664711630965
27.272313636651955
27.34731927370442
27.38693952357596
27.437097066183817
27.47584474388507
27.519494757304464
27.592016728165735
27.60120928752818
27.62757396102943
27.694573771517465
27.707961793916077
27.751492887346735
27.806920708293134
27.839828985999283
27.878677181492534
27.967539607459674
27.995360796543967
28.05780668009024
28.086884360464726
28.203663734136562
28.253983969959144
28.271887570344703
28.333488406981505
28.39191314034688
28.430760571513574
28.46440534150145
28.50585338377548
28.63462304933193
28.68313668282725
28.765535527914885
28.822269012583234
28.92299479078945
29.016521598056794
29.08836427343988
29.128402555253246
29.147780877878688
29.235909753675934
29.25109911411639
29.33604471747014
29.358539114259955
29.402438103168944
29.451137565759176
29.529651149586915
29.708256106302816
29.751749824629243
29.790986237412483
29.846418366935005
29.903208024236108
29.939730779286105
29.963038718408512
30.05585221504837
30.14000266985045
30.21187439181198
30.31197632074458
30.346882737034374
30.58437097403576
30.655997035214504
30.72583108600958
30.84159224696622
30.903303331223416
30.947602194696806
31.06904198307231
31.138212502827056
31.214647640928444
31.230475503952995
31.325683483234982
31.479630952106334
31.51623288630232
31.54255821673161
31.673718228596492
31.78289954917259
31.93701742567195
32.050299891498305
32.10017458046935
32.16493997272138
32.33441973215872
32.68874419864631
32.88820724661094
33.074478300092736
33.164384250034075
33.365472223326734
33.43474722077512
33.74674246464965
34.24840630041052
34.41110883809416
35.119320177079764
35.558632555963044
