0.7297921327139419
0.7602941972180546
0.8218756328710488
0.8633779084888132
1.0360612143242636
9.080404149615457
9.168860948814883
10.629862581894914
10.94529590283978
11.08744561968263
11.12190359752283
11.547413720119865
11.633125556079515
11.747899061790994
11.948368175303228
11.977310698311761
12.0260242546799
12.12800878171892
12.233797892753056
12.317337662797799
12.382011956716699
12.492484259005794
12.617419469004583
12.619323596102292
12.660331492977022
12.666194049151889
12.862753267138553
12.898100457265397
12.922988378961255
12.965124122597857
13.074056071041932
13.140089121023939
13.19868003152028
13.235347478864302
13.317562921193879
13.339667002055585
13.445448491459672
13.504486021510937
13.552877594401364
13.561635525419373
13.577904213804775
13.663611131024908
13.67424383014523
13.771946848403447
13.820248400159256
13.829426434543276
13.904716163135877
13.989590702774242
14.0100560502206
14.03386808669896
14.063344047253029
14.120635289239141
14.17675748756489
14.202113664968895
14.329344621512503
14.374679629990254
14.403750345333231
14.42694277084621
14.506986466223138
14.544462975172623
14.599943086160822
14.627818413860274
14.654832149426872
14.715317909308594
14.716062720371488
14.727678846206581
14.893768548413638
14.992379920608094
15.055654729317093
15.117739180042683
15.130002870463146
15.143457088045576
15.188570701227643
15.240548238027015
15.301426569976423
15.334749626988545
15.345659467030709
15.353865690144048
15.408974230025596
15.429229276400651
15.459779134141447
15.524490175795686
15.565176543439735
15.6204183527401
15.636993043533755
15.718630350866409
15.79953921229842
15.828846644753316
15.842745745703247
15.929007919859405
15.999437010863456
16.01958725561809
16.062762993019216
16.105114635265192
16.160658633557812
16.20257994691258
16.245388584539466
16.267728679814635
16.314262440858826
16.314871915946263
16.3646720416491
16.39349980558791
16.448831044589735
16.483701509202064
16.530664883376886
16.597585459340262
16.60174508389726
16.629950347658788
16.697855479879614
16.728628599703246
16.772448276699656
16.808736317449107
16.809741079661467
16.822103652548233
16.85027737142195
16.88409129235593
16.931472041380907
16.96305967100137
16.978898805824564
17.0013373840658
17.087131311978336
17.109828061725093
17.131919788162985
17.224049878717718
17.269867646270857
17.317021312177385
17.34991829927658
17.36017305990152
17.442028155599814
17.46105195677764
17.484098086942375
17.50813449139417
17.526417241185126
17.612963363803548
17.633599454119047
17.665075922913783
17.67875361769284
17.71288667871233
17.760508548664216
17.785941621220786
17.833862153951376
17.882238291081727
17.9039311785712
17.960886457457665
18.00295303590976
18.028676000612766
18.056132279640188
18.077023873892966
18.093449845185322
18.14702548143506
18.177280978056043
18.252896663679813
18.272176587019363
18.289113918190477
18.304059331336212
18.340471308183112
18.35244334625907
18.40736217670968
18.421693126123238
18.444732943957074
18.501394321070986
18.544438045588798
18.574741469143998
18.62258980030432
18.63718948669048
18.68261282663548
18.727147060617476
18.756891558599087
18.797575918930658
18.8127199982887
18.86766958384733
18.902534243931335
18.97073847107148
19.02755416092506
19.038349303710685
19.064553205136637
19.16012593377725
19.17761555664294
19.202374038778228
19.22248503690831
19.26042668043706
19.276478420297863
19.310600437260163
19.3580447715964
19.41021780906946
19.43580904765892
19.47961223009014
19.481220950307033
19.537717469788028
19.550447160408353
19.571598580077875
19.60830643947853
19.653319443516654
19.699878837989072
19.734146304035633
19.765656487310352
19.7711873927743
19.830193181485757
19.851486073757318
19.857547141833912
19.899817980155387
19.949053357715478
19.970449043894103
19.994653381496878
20.062776108804922
20.096833612476217
20.10865186419408
20.13154064434611
20.16854638899256
20.208931824592483
20.240502984903504
20.2558828189176
20.291046061651663
20.309298145255227
20.330777905771594
20.4086119930499
20.433981392557477
20.452150897641047
20.479420899045966
20.50606044225195
20.535652790435357
20.56514852158667
20.641837123048774
20.658862950966363
20.691097209499947
20.719689326524296
20.741891436020047
20.82435254177373
20.879664349485182
20.898543124857135
20.929813586390836
20.94101291392397
20.961443906725055
21.01352172239259
21.021800615052697
21.081574726277122
21.108308815981445
21.148827369615198
21.17655594119556
21.203561988230238
21.249126970910165
21.276925882149794
21.32112600052424
21.33731333751873
21.354021247124226
21.38600315620312
21.440327674163093
21.529270519971377
21.55411514086487
21.614122551118527
21.624665718886384
21.68407325951328
21.720130671157488
21.735231852577517
21.74101088905856
21.76509316885661
21.82039429144925
21.856923365023903
21.884365760367245
21.901833135466386
21.940925737386696
21.981287902911415
22.00503310785626
22.046283598019926
22.107268267230722
22.143506495713787
22.192484020325622
22.19801251626033
22.25647591687319
22.28633128087784
22.29608292553722
22.345845674691358
22.420089096172408
22.452592683235157
22.474510107920796
22.491297259912884
22.548598205182397
22.611285492606196
22.641342546499068
22.676106057339673
22.71243745421139
22.727887905746226
22.824176248301004
22.85246134830171
22.88241774349777
22.93289058301943
22.93704385531005
22.95861168894271
22.963734345673068
23.008349367956193
23.093140624749104
23.132583310902625
23.146336917017674
23.19477869382384
23.22983084719503
23.250005429704665
23.275727232255605
23.31845556277569
23.372214194977946
23.3848775027385
23.41243776428371
23.449783603455376
23.486720221088547
23.513153826303157
23.548767357776885
23.56789090322465
23.644836333651288
23.654840295419547
23.751457849574454
23.781862777573053
23.81720394482707
23.87422809349818
23.889087672992616
23.89353166651965
23.934423794971472
23.962634143700605
23.978670227164084
24.03384356267314
24.0404490203441
24.07108269342713
24.133091742311546
24.14628717091087
24.209908109876135
24.236332540690288
24.268128490217254
24.295022188592085
24.320818104158132
24.37871512309833
24.388962214727915
24.40969944006014
24.43564680020867
24.482552647299457
24.51501833107374
24.57155468134863
24.600794524962247
24.678480935222687
24.70578160027547
24.731567731833753
24.758545731954456
24.798944960868997
24.844050807785493
24.868738349955358
24.93281020304246
24.948115335651515
24.99977361315866
25.104520325779454
25.1182110617803
25.155168716151096
25.1957106475937
25.220171051606282
25.23772271061766
25.272298229675663
25.330624446246013
25.355982306214194
25.431027070106715
25.444911631637748
25.470146890072595
25.56504884386035
25.637760244017525
25.65057397320678
25.68001773392594
25.71582642305035
25.743500523509905
25.754591424452272
25.78213429082721
25.806652942887442
25.836173789706823
25.888964067578026
25.920135164615335
25.960902419777987
25.996192570871347
26.024494994298895
26.046118775123507
26.085368786033538
26.132814300044462
26.195875624013446
26.234773225099012
26.259556741043195
26.318672252221468
26.391797192409282
26.419312282563514
26.49568572058878
26.513723015404622
26.52414055204347
26.576164137728206
26.651580420476794
26.698722656467165
26.723167895462883
26.75313480274337
26.783921220627203
26.82571051380314
26.890402029656208
26.95731635237073
26.98830498930817
27.047759905887848
27.122052508066552
27.217314229306652
27.251858951430112
27.262667620412802
27.299371486563977
27.375684054202974
27.45079302461614
27.45943636237228
27.5267877504796
27.574448220167742
27.635469139102355
27.6426581662748
27.691633401867183
27.79108352121304
27.841465522493674
27.863267596540098
27.9131722334846
27.95121840897169
27.96249461050326
28.08248040444601
28.133979025507045
28.15201081703921
28.211729045041405
28.241723894487297
28.295772049444164
28.35035005209864
28.385103987893956
28.395418603171883
28.4795241713095
28.501760109631633
28.554769095163195
28.586125215859283
28.622686811157973
28.655104070205958
28.751515448296843
28.819154024615425
28.906900274284755
28.912564483722424
28.925872826843616
28.968906604319606
29.00276965837744
29.10247906521511
29.1145405449959
29.20774600247978
29.283199809152347
29.30244801567619
29.330033245215468
29.34873432101486
29.419775673918075
29.568953966745948
29.60449757540199
29.659606151269358
29.692836508063543
29.76880044988622
29.821037325771538
29.90318088284405
29.961354517403024
30.041735500523973
30.10333359012491
30.142421357866063
30.174432258652182
30.248278348890906
30.34446872767269
30.381341370063158
30.459272360162437
30.53472076341087
30.58099147449185
30.62131828173487
30.639318965175118
30.72959489339089
30.787162593869063
30.873646311997987
30.92310433078292
31.053052100564653
31.07074147893324
31.198359779023832
31.237276615416192
31.401842461179374
31.44197840925821
31.45870812956603
31.477368696591366
31.61490833512528
31.712511606546375
31.820852507130454
31.87971063104252
32.06371083851151
32.13971562976256
32.25751643941211
32.34330062914663
32.42629561561789
32.602607554423905
32.67338717558261
32.94504030185506
33.0327826754481
33.165293956116365
33.373816152991
33.65906679432367
33.942849219750464
33.98627970105045
34.17824137972183
34.93361420907451
35.61816438568383
35.86519640049214
36.36542831951602
