0.757539832375642
0.8744084084466132
0.9185342175964759
0.9947437309354699
1.2244112471951583
7.499614442764472
9.41072881418223
9.95970390419265
11.159809034018878
11.26162359677563
11.384598112987526
11.600229377179238
11.68924007492586
11.762786050559837
11.785496078259984
12.143793894482911
12.248156347541203
12.269941019452334
12.427534188372523
12.469031919238116
12.524228632688793
12.598696440803806
12.765656462864092
12.88729857398769
12.94828383486018
12.97554863125563
12.985247025034628
13.104348100489759
13.133953523486362
13.287731904982302
13.330112477896773
13.364222664407519
13.446153386629915
13.465140385865693
13.500828311442495
13.50180111772126
13.608466565360613
13.618055062496019
13.644375723186469
13.675398351898375
13.692272315899444
13.736063173672914
13.778299989795933
13.847438163086345
13.884522792526338
13.9487907085273
14.0699364907456
14.07357921227034
14.08537832838826
14.11083524466603
14.23564029260517
14.244323508554052
14.336136676714595
14.37407801866799
14.450916895933462
14.516931045388374
14.553780847902841
14.566792721542551
14.618413293613399
14.684957462092061
14.713536617602927
14.739115773445876
14.784361267256369
14.849005343525763
14.89559807063796
14.948826033088253
14.986334158916133
15.053385784269798
15.073617671522818
15.161915643719883
15.171952822289992
15.18528359743387
15.227246908464616
15.260193895035822
15.328556757235326
15.353043826802113
15.384682989100922
15.46544246176595
15.494569077097324
15.519963005043413
15.562200450375391
15.61079114974977
15.653444650616763
15.672943916563387
15.711289516993888
15.75913713397877
15.782683232556444
15.795702215077126
15.909679681434296
15.93950735818227
15.974903588208528
16.007549739049317
16.053383428094442
16.066524162415064
16.136862465492527
16.153904604482253
16.197942709736584
16.22071288955555
16.29712394417257
16.31766550497266
16.326009205873763
16.377552373786916
16.428991970581716
16.469083312594428
16.490913151713293
16.5313879494186
16.55965229370721
16.583405929092443
16.60138930180582
16.637189323351674
16.697057148644273
16.756528580154406
16.76779218815261
16.784011033320034
16.855652181394095
16.869806807831186
16.91168071011388
16.94118169173768
16.975691404105557
16.984099741205572
17.029809163604547
17.07754668168777
17.089333678942584
17.090682055669422
17.148197970990562
17.160197197694046
17.190312886576525
17.230097730599972
17.2881607900483
17.330321320468666
17.385698828784378
17.416136705327776
17.4620939827316
17.46959701821848
17.492740855659775
17.537517163704138
17.59041578144049
17.607689351702717
17.66515842418078
17.68339687136721
17.72312241406726
17.74968240381773
17.808766185391022
17.836549104478514
17.855912840698686
17.89536099139587
17.92288633457693
17.93733856131499
17.964057340749036
17.994431911256587
18.00103341483384
18.074111288725195
18.08192150056041
18.1151214584172
18.155962938166326
18.212690503553315
18.257843709803424
18.27425990664487
18.298766338376883
18.380726962500386
18.388341703039746
18.449124519564528
18.49729169051977
18.534514787135528
18.553113600462805
18.57209515309604
18.668392198253265
18.728908903658727
18.743769125658726
18.777708944815583
18.800609110758504
18.858453866108956
18.88688845807564
18.91448549842104
18.95679570885035
18.989017278084734
19.028685408304256
19.051587950840304
19.06189986077519
19.08052123054807
19.155681099374675
19.176768074910527
19.199476788221805
19.268403742551175
19.29728950741505
19.30801143998325
19.314209413559116
19.33302179098287
19.431421215956266
19.463613846991347
19.496683670991818
19.54377000759071
19.57857228479903
19.589201129668126
19.611270469848616
19.646311950699044
19.660594191082915
19.73759795473135
19.76377960404492
19.78258115295009
19.814310052836614
19.884127595876027
19.95480425525766
19.96911178904989
20.044020244658885
20.088642865104717
20.15169964656429
20.171477414858636
20.185189223574024
20.241983021388855
20.258790862441334
20.281545430705986
20.31067381986665
20.31766612749983
20.364799637072046
20.390772797930588
20.440536406035974
20.462178434137375
20.522500755843385
20.54880462916742
20.56093621482172
20.575877073419218
20.59329423064846
20.65179408886486
20.690182161306232
20.748427800824317
20.75455528942241
20.805662690226267
20.84454442864474
20.854764729604256
20.892484493444382
20.92297859638413
20.958375508567272
21.007515088900693
21.03002804989695
21.065889085692184
21.116063367550552
21.161385603106623
21.17629687362848
21.200362156746383
21.223599278931314
21.260073077521092
21.298662751609214
21.368766567167476
21.391651638240617
21.411456372785626
21.44263041050604
21.46385535593395
21.49024606907139
21.506978443537253
21.562816112729095
21.59538119733068
21.620723585795172
21.68753712158928
21.717351843785032
21.756808434356547
21.778161497783824
21.827556321858214
21.847167057890275
21.923456151735138
21.945522723873758
21.966308045842577
21.982112562776127
22.035709496150446
22.067042827276808
22.10417729818976
22.14363924227932
22.175745516235004
22.205630645343973
22.228581669013415
22.27511936272521
22.293289039533967
22.34802115858267
22.354924667318677
22.42353673258394
22.4292456526008
22.499707979434593
22.50959227312095
22.541004015723317
22.59357089651854
22.643586834456986
22.647505402520448
22.674461141999448
22.711880999276186
22.781331547276753
22.804557065517912
22.82684421056738
22.842011083524852
22.87287136138139
22.92452146174084
22.981602084171048
23.005576122383406
23.019950702158663
23.08567635659712
23.132176770679873
23.173584983727995
23.228999549850613
23.28422713115633
23.329327937380203
23.364744269226005
23.372694467254576
23.45046749472918
23.49513557038156
23.53809210889756
23.586197419789684
23.602225017952943
23.613505699281692
23.642333038282096
23.701413658783498
23.74753652741547
23.79085426199298
23.806692027988735
23.83895219583939
23.861048622906733
23.88531634004383
23.894975146152984
23.94285288268434
23.976072235541295
24.038347465817747
24.058565849894777
24.10938689499911
24.13360125637437
24.215807415427456
24.249532951520685
24.262950864406555
24.27701734050667
24.331760710850155
24.38369561318313
24.389714652950314
24.454665999066382
24.503747311999966
24.542117211844623
24.574389205337777
24.612121378381996
24.701288001379286
24.724578923631537
24.752038891647903
24.83042813235025
24.840940772105963
24.872002786437662
24.932130496644444
24.963280711525375
25.01526044347718
25.085766581453758
25.100014936902088
25.116867481107423
25.127661083267377
25.21161959311712
25.26247108329721
25.277390920204738
25.329934929877005
25.368567510733133
25.375067540394642
25.435419582639057
25.463692101043282
25.523324215239402
25.557732690406098
25.58695727337784
25.634860493694383
25.646608842322593
25.701057382689452
25.741161272240234
25.76513462099605
25.783100075547956
25.832866524677836
25.841753168153982
25.9144731099822
25.949725500752837
25.984284136821586
25.99963894953301
26.031386087649377
26.08391005322823
26.119261177556275
26.208538238248035
26.210994998403464
26.24733510700524
26.301809966988785
26.35484870497782
26.419466187966776
26.438897802952454
26.482192790230236
26.510812141002372
26.586564968767927
26.641088769720035
26.677709330302346
26.726984116940134
26.737944628792167
26.785319011225713
26.87258141203526
26.90355878000448
26.940455722788013
26.955816962640746
26.99968451867056
27.038067540249088
27.124113562643632
27.15917750416722
27.208021938295285
27.229681214377273
27.282782804164935
27.329997036093356
27.362969247463095
27.416812889650956
27.44473731924554
27.5060486231767
27.523671776330293
27.5673112264914
27.629032848794285
27.65795924120346
27.708336982600354
27.755810026482898
27.826427588104245
27.864793605553125
27.921774209651463
27.93397671457176
28.008074281622736
28.065730977214084
28.095365179889363
28.15299810122674
28.19738999238384
28.23510593733098
28.309679260605723
28.328443447101353
28.349557060390588
28.414342722126896
28.44925695373505
28.503013663364264
28.573096000397168
28.655766820245592
28.688059124051513
28.751595647014305
28.763913280655746
28.90039716658421
28.920947709418158
28.95026173820448
29.076063285278376
29.126598628467367
29.159927567818333
29.194793258205046
29.230168776472237
29.256034238477127
29.298709671836754
29.353054868656173
29.415238330875347
29.455432380723945
29.529129108738275
29.56442206622928
29.66512941403987
29.71358285367198
29.801551069168525
29.806870565146607
29.943250951399055
29.964509181278068
30.008252170591877
30.084585705353785
30.108769803737616
30.1849378467839
30.273985484792668
30.337724859533925
30.427807786930863
30.495645126338726
30.534711351864605
30.580186430835273
30.656621120582304
30.672844304692063
30.792142378490706
30.955053297206256
30.983266439482556
31.076115967841822
31.186146707578107
31.25796784811164
31.29591411444194
31.371615229128714
31.472573945096563
31.5908613768898
31.65215824432219
31.68459403979861
31.719459904958466
31.903724100276136
31.941011876338028
32.02716176894895
32.12887226825784
32.17699529005604
32.22824046010791
32.27776360671545
32.36776882596326
32.605683591685725
32.69157920532616
32.810647358985946
32.93004059329734
32.955911382454595
33.13755985136692
33.341357351622435
34.052359809971236
34.12453883297305
34.42712479414185
34.8060225508213
35.18746458918034
36.27670163878435
36.448329961253414
