0.682373273590093
0.8696979369009348
0.9133114488141216
0.9499532915481625
1.0493200962450833
6.695941615411149
9.898150163803654
10.029272401698657
10.208285067472552
10.359085250942591
10.905272591188032
11.328377196852285
11.35689601375296
11.571158422574026
11.654476888335068
11.664444023427638
11.843348080195016
12.116393942218826
12.157960104193133
12.18118321151498
12.29018370092848
12.36456883964952
12.388945909413474
12.440813169905764
12.523347255904529
12.618606198053278
12.650261571121476
12.69958619679651
12.722403199456725
12.835751117613112
12.85145390743071
12.996030940651417
13.002673385364652
13.030703310953257
13.042965745047525
13.101162367930343
13.217290704958703
13.26375889077499
13.393089275816978
13.447718749285707
13.497474223026389
13.556428440150714
13.649562513776262
13.670173607572691
13.682407342327675
13.760468603775074
13.813967340829816
13.84361713049165
13.882035102449125
13.911924897441201
13.996751747231455
14.002954524010807
14.076811363940472
14.094420805164402
14.138323512519115
14.15341260844173
14.196854037610276
14.221794188729936
14.25512910206539
14.307332394853443
14.357797489678802
14.39051032424701
14.430779079288333
14.527801974809275
14.553391920247838
14.597935457006393
14.650104258743005
14.696425652072387
14.715075734626067
14.75133907512704
14.7774315195992
14.79257916229526
14.826024930859088
14.829223213498064
14.857101199982859
14.875247066360798
14.96950901789993
15.035261276373218
15.09714946775644
15.141512011870933
15.181518390878939
15.206775566255141
15.235733012120743
15.309523018646427
15.345639447769106
15.461868545321034
15.506697485292428
15.515587472927146
15.530602243353343
15.61401902977342
15.638721140144321
15.726846713128914
15.740949021828545
15.754760916359606
15.798543257034105
15.860994362268574
15.881834541037477
15.90906403602939
15.953350849845679
15.978301762089409
16.008976307548856
16.040831831422018
16.084439017741943
16.14432186168651
16.162227154641798
16.21252624065708
16.237845359859115
16.263587334783708
16.30420128858696
16.35855058596387
16.387295662770807
16.423466175306274
16.501107798077744
16.517252639530216
16.538401705773463
16.590592679207717
16.643120402987666
16.67770502389495
16.68859930290211
16.723160180027616
16.752821301328026
16.77783536869865
16.858207634257443
16.913172779544443
16.941214601422722
16.96263779428533
16.99470852804159
17.03826311413534
17.065801811956852
17.10278606805074
17.16690959967367
17.182776943997457
17.193458797245395
17.207381744941433
17.259396685088742
17.27513750030009
17.292831291605737
17.344167898847612
17.378595693463495
17.389562388859705
17.46751423645176
17.517000301167133
17.55732859940855
17.592776915725715
17.59738584093845
17.616530971849002
17.66074275651194
17.717862174180446
17.76125419879246
17.779950904122884
17.84959126063562
17.86278736803593
17.889227816520847
17.918970974010694
17.955320950671666
18.00107695691483
18.0278421072156
18.092232172101504
18.120815601536847
18.143657674218844
18.16478462148743
18.187284819069696
18.218173198942633
18.255070411629283
18.33351331272607
18.373863088541842
18.387523966063686
18.423930983971793
18.429927053231474
18.499933287574287
18.52593120140947
18.568061098511244
18.598285267769537
18.60594791109764
18.65517780684936
18.657989957524865
18.711700302802374
18.737240098872054
18.76163617354615
18.80555481493514
18.85525793294996
18.881243424719916
18.921670830146233
18.953992266121126
18.990203357014206
19.009568952639423
19.04194905204351
19.068988884072088
19.106932664227564
19.123011358330793
19.182346936420895
19.187980780623317
19.228081083814864
19.27907442897946
19.30846051611287
19.335643218482595
19.410074764447693
19.447447481912537
19.44858390523858
19.50143015202744
19.522827031002684
19.553321367334192
19.591335911928486
19.61219478873416
19.660426125073375
19.7085616244081
19.75630448925585
19.779344387466562
19.82528039576476
19.873626892813654
19.884402415926854
19.900356020087823
19.93145792725829
19.9622933957967
19.99653016430397
20.063278345259686
20.088861310911415
20.109406555238497
20.152344349774815
20.18108932941588
20.205876651151094
20.240780922466598
20.267713340180386
20.303954987244143
20.331740501897755
20.342426067439447
20.375286055231555
20.432679612892603
20.44132276214373
20.46910451760027
20.491907924777163
20.54559844542331
20.563663635236235
20.60527863506887
20.654672497635776
20.704087347552456
20.749311773317192
20.75956670221816
20.803217926362514
20.846748164161294
20.90249851548405
20.949770579217873
20.95491520177797
20.9835707545192
21.00328465533641
21.06310532845238
21.0921373408241
21.16536448082354
21.197332472343803
21.226908670369294
21.26117075180934
21.294679365969888
21.320520314772295
21.354000603539742
21.380228848362673
21.428346498874816
21.451312327301157
21.476528624019473
21.541494544146303
21.578202193045858
21.602122717342038
21.641041453875165
21.653992321605973
21.674599833971385
21.728243252893858
21.76083290369764
21.783688963491336
21.837536721808107
21.863193908257063
21.873543291583395
21.907965089080708
21.971564319982665
21.989108846495302
22.028165713822826
22.061114785732663
22.081223710867306
22.126064997757062
22.179801858171864
22.20740512943264
22.24571528617886
22.26651960990728
22.29224762628029
22.336488115775328
22.38994174780291
22.416036346538817
22.473534897110113
22.510026154287026
22.551219780153115
22.60307725630613
22.63999920188967
22.66503452275807
22.698516650442116
22.7329442239274
22.744043448249787
22.76985594266612
22.826151647585807
22.831644124484182
22.881665030838217
22.89688709906025
22.929473496872276
22.95091376467488
22.98737791176689
23.021671948977637
23.083650356772374
23.101579128772304
23.142003010771074
23.211304661480213
23.23908971670669
23.288320856645647
23.30271580064406
23.33549708992183
23.3830759608733
23.43994663107706
23.488849100453006
23.522082420918068
23.552164117245216
23.591762242835163
23.613666376347815
23.675929736712387
23.72267132586494
23.75728634672287
23.805108797152062
23.8456351126882
23.872460808831462
23.89605106769891
23.968537710064858
24.026799257634593
24.05083335577777
24.098326789089256
24.135277769300597
24.151471843891244
24.198363240512467
24.205829292171366
24.23915169273853
24.2709266148298
24.324374659405564
24.358263478438523
24.391365090101583
24.424637025440536
24.47743095783353
24.526807510646766
24.586288849201267
24.618861773163495
24.686783066286576
24.710948738987863
24.755999369751674
24.788084327107953
24.820260081009717
24.84297217268426
24.900798038353816
24.919415079796227
24.949192044641332
24.961081999944312
24.97839051343932
25.04926732501881
25.117886385125352
25.150152234414893
25.168743184337327
25.2176295373363
25.22836212205273
25.29322250811435
25.312411925422726
25.415489789020782
25.42924096037658
25.48610799471323
25.500254564665443
25.552473266815458
25.588180652539123
25.604148147850182
25.645374135620255
25.72603999023332
25.746326897659284
25.80471583397717
25.810989699665644
25.86636910761447
25.891789987225547
25.913859727432
26.021772763711873
26.075471807488867
26.098042654705164
26.13686659029731
26.18634222927281
26.22625229876872
26.244569669800466
26.268331969172056
26.306421018108285
26.335372289863166
26.39234310216217
26.41415037307094
26.456748799590123
26.46265317881719
26.646399990524372
26.648315150001814
26.66254975085753
26.7306076513599
26.76063047239934
26.802337398209414
26.83158342423033
26.9145197210438
26.94875702091774
26.98295526760675
27.02805958336638
27.126530114172567
27.185775680900868
27.25923128764112
27.26863131444814
27.287064335004555
27.340822682036826
27.434280359227674
27.461226269052997
27.484669091754466
27.49051981061476
27.57626214550437
27.62625058055034
27.65820467956288
27.752451956124915
27.80602352465288
27.831263812909906
27.870886199542397
27.919197695255665
27.9456058687974
27.99085685608071
28.031869756484927
28.12011182897043
28.17965852471237
28.255559842271726
28.315928460678357
28.321100062791682
28.421503155993534
28.458611331855284
28.502583089363476
28.562865466034303
28.60204148115597
28.65919016163775
28.67839570135835
28.743925318573233
28.754833282878998
28.831453677775468
28.904323340384412
28.927695792280417
29.016063519499415
29.042306335842486
29.091555543034445
29.13108221501637
29.189682324913672
29.285681401070935
29.367313077418626
29.39208462883481
29.531948871704863
29.539886209915366
29.591946299721368
29.61921088906523
29.691234014815457
29.81219364055585
29.858690568695803
29.894900731283112
29.953441209003916
29.983649347756632
30.01216186654244
30.03289081161491
30.093698224094314
30.192258853212948
30.204387466201318
30.255207808268867
30.326465306327677
30.39759819189427
30.552442987655038
30.593292997542413
30.63155277874449
30.776645668745264
30.811313151451483
30.869727986453928
30.95322889482667
31.16741265065476
31.222039949044348
31.31979717601584
31.597242132426103
31.747524530038422
31.80913382075723
31.85659269479441
32.03822930922299
32.22504368517551
32.373474644448116
32.52156972710414
32.584418159332735
32.71999274962013
32.85479317897695
33.02644110644945
33.22603226427959
33.38309978205216
33.50288293501612
33.81258183708342
33.92296603167835
34.30269734470027
34.35740118082383
34.4557014112927
34.900711637964164
35.77196393037217
37.16113874921365
