0.8251101663581666
0.867196591088763
0.9004596598007868
1.0227323681618854
1.200418436062876
7.48539124214614
9.974113572714515
10.256094583709675
10.610862950713337
10.714022796343693
10.884981026218753
11.153473533059294
11.370991675565051
11.494251268145847
11.590568286449708
11.665800660297132
11.779540032591871
11.88981424595774
12.10316811020319
12.195322651938135
12.270280469355722
12.369443597873328
12.461878473840418
12.473129347141539
12.55539130342311
12.641174010790772
12.667818091275478
12.748128719840368
12.784262065540554
12.888616427591387
12.946641147520593
13.079142637830625
13.121058650169871
13.191720396432943
13.19822740710699
13.221410139281605
13.312265193019499
13.341592704149352
13.396077460991025
13.483991158437755
13.48629327979425
13.546768962454168
13.592603300241695
13.63525493363213
13.66684577912358
13.756595722675284
13.859756241898175
13.871805342492474
13.923698855759897
13.962880011613864
13.975224729351714
14.013008396612738
14.036443618500213
14.05952244065607
14.127920650317446
14.166934852752407
14.207894150691644
14.306045557975864
14.364713667485958
14.377578595052606
14.4298417495084
14.456175834975598
14.525073046166426
14.558279669524861
14.614780129931926
14.640600474857756
14.660833079513749
14.728900220861206
14.75246139333992
14.821729768514784
14.85781917884197
14.904705049125468
14.921608369932928
14.968026734648344
15.00187494102563
15.075222043015719
15.109968528791974
15.141614124208568
15.187080091772591
15.24907183278302
15.303059504260997
15.319515137931559
15.35982720327614
15.38467455331558
15.428580133937272
15.480096366923968
15.551654732312214
15.55713318590242
15.613445844945783
15.625015511221584
15.702829102856803
15.755037795179375
15.827766618130251
15.845200713833654
15.889124948039749
15.9327816022049
15.949807833571368
15.988187341738366
16.050006669072726
16.068458911867275
16.097246250488283
16.120309008493482
16.173293235631785
16.194806705668725
16.2283787279533
16.33300089533341
16.341574896106227
16.361006042016584
16.41973671231035
16.43420236235697
16.501275887541755
16.529730021491748
16.555046813916285
16.581851611560424
16.625176972362098
16.659272267815293
16.69582307212644
16.749494426080048
16.78860323440844
16.833199574102952
16.84344763115787
16.93263585658128
16.946637911350606
17.008579119590046
17.06426920936793
17.10191502914213
17.163995477935263
17.180133013622264
17.20239310696662
17.23615512584713
17.281994904142664
17.315781030367575
17.347597771528235
17.385451531205334
17.40800405988664
17.43396104491748
17.451493368388764
17.508474154648425
17.5215340729309
17.578220283730463
17.60415683822882
17.617505866565494
17.643733992845007
17.693902771355265
17.722587490634485
17.760681819461894
17.761862189666694
17.81190707237542
17.834830397364616
17.872043460002526
17.937175232899225
17.98477428011959
18.032238637462967
18.059562991801144
18.09575233828436
18.1297328155506
18.184369768571322
18.20675912679316
18.276396217235792
18.31124110993991
18.326304777357954
18.36098369083099
18.39788523456714
18.487481982419965
18.50525933975326
18.513375249038745
18.546873293762257
18.573309138479683
18.620013923565164
18.650502070408166
18.696876067242368
18.763441661061325
18.793068770171224
18.83334305782433
18.85670426039929
18.881777042259866
18.949309247214835
18.993451994304966
18.997792969404948
19.04685829552775
19.076573072914943
19.08398482126936
19.151675622674585
19.1595505283537
19.193452745375193
19.221564110010398
19.28369945553694
19.33158254353251
19.38907248312895
19.42353928549964
19.44290304624468
19.469143555944132
19.486401670841282
19.51833820240516
19.602117383885876
19.632488012592553
19.646505266501574
19.71514435925407
19.755886704872644
19.78614798694162
19.827767371392277
19.873996531433917
19.87846244774935
19.89082627737668
19.942007072170597
19.964003804435215
19.990689032351263
20.031683929531198
20.05017155391697
20.087760436455042
20.118011795156434
20.15904926339434
20.208018546696582
20.21773214614847
20.278635146406
20.30260093366337
20.333072355848586
20.361074782611325
20.438755272520595
20.462163274047636
20.475925425269452
20.49808649784188
20.527521027411574
20.5500754157309
20.584478179488556
20.621596458492302
20.62423316165623
20.67369642337649
20.684927038992626
20.737665894673473
20.760505099390492
20.819939565890113
20.84283832459113
20.937050202658458
20.945097127127852
20.986357564486603
21.007491210316157
21.034109848837776
21.092430281865667
21.12237591024642
21.145075287006183
21.237932425190124
21.251835685781753
21.277266166083134
21.326653865403024
21.335801651186447
21.419952341706306
21.448049356318833
21.491467471867626
21.50952058454991
21.5426511135419
21.556811845227198
21.572908349398716
21.594665098937966
21.640549662684847
21.661453410096367
21.708069619652985
21.739045240813237
21.770116333848662
21.79412517709246
21.81091703259644
21.85980925076417
21.919088635516065
21.949573674559943
21.968538526745128
21.999647349218247
22.029072527514497
22.046396168956395
22.101953514666604
22.13675101891889
22.17076866051885
22.21592908861574
22.226067509963467
22.283572175852463
22.312199593801935
22.37991729400574
22.402745014316675
22.485177519778745
22.533219853284375
22.544661882178428
22.591734673474228
22.63409616363973
22.640473969414785
22.658503675998784
22.68454592754322
22.732918566444937
22.80668113605785
22.83887674165168
22.8463711599412
22.869167286468972
22.904405193534515
22.955108947267007
22.95909667968509
22.997824849610776
23.029470916878505
23.068909056922635
23.116389108952376
23.169448582186824
23.226205952975807
23.289405617118405
23.303757319737855
23.31347627650583
23.356701611279224
23.388404458231943
23.412491493035322
23.426711288300776
23.461130263353734
23.49785363823578
23.52717281345351
23.59104625365283
23.61062098719135
23.669305320388965
23.72502916301459
23.733875594499025
23.75592277959756
23.805403477714332
23.822732547721174
23.84240159338457
23.91025859845664
23.964485504418565
23.974190572060774
23.984627706428828
24.01575699104021
24.03260624291732
24.06430825480251
24.09332874573917
24.118889114277614
24.172450130206805
24.21234969385875
24.25616166394631
24.295376964738168
24.33059509098559
24.34383129971264
24.375891335067813
24.410601120758113
24.46930193188311
24.510057122392023
24.532116665279737
24.595777468805785
24.613472195714134
24.61617308138973
24.682573129470075
24.72230166798279
24.73784046542467
24.767225990413202
24.809818792089164
24.858274884462237
24.89185767757889
24.9243657147329
24.980122041741463
25.044753900781664
25.05995843180643
25.139065994136487
25.171524127563355
25.194857481206565
25.216550316566682
25.248146204499584
25.32351329930227
25.359654841146973
25.397346621893018
25.413129984222167
25.4614474195439
25.480025911009097
25.53232858897978
25.593299342275646
25.637450060323886
25.66665411356788
25.69419281908897
25.751033857645886
25.781489762631917
25.833155209664163
25.89006504645696
25.944492040915836
25.96476178956446
26.049115137685863
26.10914041049342
26.119795870195016
26.133327141365875
26.19221248495333
26.202861674675184
26.25725013873182
26.27556264380629
26.295400072873786
26.385270867013798
26.411069110230414
26.450759950246777
26.498865067883784
26.515590418639107
26.586353121605534
26.601026083192103
26.63582321006998
26.654230924764015
26.73998495936496
26.771345924182732
26.81497571069716
26.844458076094224
26.8734025771008
26.951921405023914
26.98287026164165
27.033080065269388
27.069591289645306
27.11470773830689
27.147912359999086
27.218490957305157
27.24412184475838
27.279176163629312
27.329756080281527
27.35419712425551
27.41699162413871
27.445011484239572
27.471743761472766
27.52449712280898
27.528138103038867
27.57772449486109
27.621663568045918
27.68047826459473
27.721052089676643
27.78351467566815
27.835871720271918
27.848196209314334
27.871358971866737
27.94555192868622
27.976921997342057
28.043750688830727
28.065077383119842
28.077961409997535
28.160866717617424
28.218845954900697
28.310945164892672
28.374288771226354
28.407279167954044
28.494146881117086
28.53247756755005
28.569427535805037
28.62090846172369
28.673341430072842
28.737185066924198
28.773006765000904
28.825757793394725
28.87170223027388
28.960406843763177
29.039115314430326
29.08781992813031
29.127348748912734
29.233118444639974
29.31604450416115
29.36110700236861
29.40964572538616
29.43301590322148
29.53065526518282
29.55454473445565
29.62178017499652
29.679302651341807
29.75062781810585
29.854920779895835
29.872811410243838
29.93569186036353
30.017118978055894
30.029531079526354
30.080744324289682
30.117542589144445
30.211442606945575
30.223287575604807
30.327686669082254
30.348441868701567
30.394103431268928
30.546507154215643
30.565517474326157
30.628153545690598
30.79789615797852
30.806564695936743
30.922567767019036
30.941516495857602
31.033722950182817
31.133819432612395
31.162888533931685
31.429198275067886
31.638026576109883
31.646716150091056
31.695195335487544
31.759723883386624
31.898400131579027
31.988045771497088
32.0494117096126
32.21326142184834
32.36539974913741
32.75650823361802
32.769164106688706
32.82533938203407
33.09901304176149
33.3066245097224
33.36892859577171
33.39085196041798
33.721983970827466
34.38111467328644
34.522348026884174
34.650377474879086
35.11639044043693
35.375716467338584
