4.2164308389531735
4.372945266096047
4.630883487760707
4.779130403565713
5.044286253437562
12.749336402811771
12.83633695412713
12.89427437438203
13.111664477607025
13.21658491919316
13.402719864282716
13.615576755544545
13.705339363421828
13.845461477326477
14.179282646429137
14.28249877516934
14.411066494527415
14.497331365569613
14.626335240388157
14.684493832427364
14.724421573959166
14.856391956656575
14.928382443747894
14.962289501011117
14.984151499681365
15.081287824372136
15.164341832253085
15.17757238797974
15.245330905451498
15.319646208432973
15.42707906168797
15.44856051374625
15.522862069194776
15.622912516580708
15.664765463465537
15.749377300538107
15.797572953357436
15.865156332940236
15.937184156520376
16.030055629630155
16.066353202483562
16.104119044774553
16.19496924767968
16.256837201287894
16.262130768048202
16.410201996686038
16.43543676421239
16.442284633749555
16.499693769509207
16.55058619435439
16.592852649589354
16.67594731869629
16.707368101263427
16.773995586030438
16.84991084677599
16.891709665578333
16.924323610220846
16.942723342595915
17.00916546396177
17.03995130111131
17.054935029496825
17.09775965976088
17.14093905136772
17.22020819775321
17.222998349015754
17.28704592074012
17.342669733913922
17.40532424366308
17.44839848906872
17.50081101248472
17.524391096472655
17.57332741868743
17.64480421168788
17.662925716538965
17.73580731838396
17.75081512166284
17.78935852068045
17.801079086729228
17.86653957055671
17.91607244989281
17.992868597367732
18.054376382643003
18.1037204772131
18.15724613992706
18.184013168600547
18.216964601675368
18.23940750648608
18.277058598113296
18.36666162584768
18.393254447160192
18.433925829139827
18.447953292634878
18.52863114630084
18.585546572936906
18.6089193295144
18.65140737388179
18.65714687019705
18.707521963388142
18.76804842449417
18.83179004265351
18.873545090999727
18.92414414821696
18.962240064555363
18.977058879128613
18.994417672720132
19.07217057011561
19.165945004421626
19.185238669077332
19.189356531592082
19.251590890094757
19.27184659716906
19.304986289701347
19.320035812844058
19.410158244083227
19.418155361456662
19.4673345137939
19.564528658257498
19.584728858963953
19.6599067175556
19.678022858846088
19.707313261173983
19.736349469732794
19.766533995468055
19.771487929400013
19.813401373635507
19.844514546324593
19.86734953741384
19.96118163142238
19.99056353614138
20.004162970854775
20.053309089866946
20.12123104318593
20.144900766238553
20.185727166025803
20.2239719271916
20.242552140184987
20.271678158059288
20.28336495362878
20.310421359661778
20.410651924987285
20.46936897358613
20.53281985840365
20.55501979907202
20.568407440928812
20.601228972296017
20.650972178410928
20.6889307949634
20.702395436544506
20.76355552634743
20.77283585945332
20.831352040478464
20.849669116127952
20.911053179453948
20.956550300994497
20.975668844932986
20.994869580837353
21.047105390798723
21.070395446836937
21.11207819108498
21.168118676118794
21.1927168098988
21.205662949055764
21.25563044356904
21.30136693619291
21.343350835573226
21.41823820959989
21.438328327893263
21.47897376585972
21.539310087676903
21.57323995214135
21.581231149750803
21.613785956163397
21.64558702497216
21.712810717507523
21.73143296044722
21.810860113642622
21.833183442646025
21.865767458826223
21.899292542794097
21.948398409300054
21.979380761025627
21.992101041913596
22.04406584496938
22.076151509442234
22.096949360699874
22.172750015619897
22.213426555437383
22.215526492861038
22.243071534674083
22.328278857728396
22.343229653540686
22.413026010933567
22.466846553366413
22.507430064000957
22.55358543819854
22.56088646699764
22.586080283925877
22.626406463023656
22.653223895041076
22.671684021752473
22.710112425081853
22.771074493387783
22.782156931462836
22.822210977676956
22.860105543558337
22.898354634726832
22.94686241575975
23.011014807590207
23.048839718029587
23.09585963042493
23.09695539251866
23.146841590393777
23.20179522961514
23.210133360377963
23.245431281930156
23.335166243898016
23.340799579805463
23.35744073474901
23.397964019253205
23.459628517016665
23.50351753282121
23.52886812404717
23.554610942930474
23.608955413021437
23.62435803852445
23.664590443142995
23.7095784183474
23.76591736053166
23.78325497003976
23.838255768401456
23.859089471572997
23.887175117626956
23.939376212423014
23.948467647383715
24.003985521557883
24.0226361653005
24.07099931949848
24.11825193335901
24.129803055377554
24.178535393026568
24.228761884033375
24.267566348568852
24.313243209256722
24.365622102735525
24.37625361636086
24.399977754862636
24.430096178651425
24.485037374423573
24.54070657981065
24.590043220040098
24.616000078446216
24.646537185614864
24.65553582870155
24.70947047521757
24.749869691039777
24.80526671826686
24.844145095342185
24.852863544262057
24.887052097192875
24.949994648640917
24.984604745402347
25.015723364801975
25.066040279659028
25.108556554872123
25.152357747316398
25.156565734206783
25.19784890051314
25.21791420871795
25.239587859604175
25.32051724811211
25.35144704887801
25.39021120173071
25.425674319210813
25.497315724564185
25.517318278303588
25.568080923080217
25.607873662302598
25.636924687483898
25.672826748649648
25.69591033291642
25.780664572963133
25.81476567236256
25.844543344024615
25.886891240738002
25.903968224430464
25.97849613547829
26.0159509204697
26.01922667109791
26.066166845310118
26.07728950643368
26.093902888126966
26.158370982230956
26.183966869916887
26.197529461399284
26.30350765057558
26.33008420925278
26.36036809901425
26.3914695011024
26.405598296362406
26.42405536347868
26.54273265363553
26.555501776767027
26.578160109663596
26.66126419430204
26.689534851481074
26.726797384141364
26.764037120610904
26.80075638375777
26.823435977508836
26.877879232074324
26.94127594798469
26.993291709542596
27.01706602678638
27.044422591056307
27.10329958400645
27.121259971116487
27.16130199470896
27.236803768821584
27.25969759537744
27.279978953590756
27.297470606348583
27.37405888024998
27.417775465409886
27.43477239013757
27.470171031989555
27.49262861563468
27.514888330028416
27.595994755561104
27.64610054384698
27.670584769549123
27.705673683593517
27.742126043187827
27.77215385485244
27.804641378717765
27.830653045905773
27.83306115792392
27.8864680893193
27.901833250887844
27.96931636450167
28.003319877749952
28.045222412384778
28.148306952292785
28.152849647230646
28.20665921632133
28.241061649555498
28.320674544664207
28.36498095280993
28.427547121914127
28.49966168574893
28.53507980536253
28.584158426349994
28.605241954188788
28.68204787132112
28.703413884743856
28.712210223368885
28.78626528279847
28.810179351802564
28.864165942257603
28.929964787264144
28.962205127661928
28.99693267220449
29.049120780434457
29.10028989901519
29.160883895470867
29.221776618034117
29.238370953239308
29.254682190941566
29.31231607128094
29.3328699010899
29.359678854201213
29.406487093685996
29.428239242669687
29.49419790035294
29.529738147895845
29.608269546612057
29.660503637374497
29.692397282596776
29.767589227751277
29.811757494231564
29.8334295371096
29.846860133590962
29.898292849988696
29.98289946183677
30.042295413856877
30.086914376595345
30.136688637638
30.158785098196958
30.21278159580448
30.244916416654892
30.292623112992562
30.385627810282987
30.395877870741902
30.44128065694217
30.489701931272695
30.53074005128952
30.55413662502471
30.62413225039934
30.676819137790424
30.696264097255337
30.756477649595016
30.806139095607268
30.86713693948582
30.915031896114705
30.94459261075899
30.994770038143358
31.0213979132857
31.07189657185098
31.10108134496928
31.174895441238426
31.186126637393794
31.214889941591537
31.25602199487213
31.302026590555904
31.347021822088834
31.374534405964027
31.456157269948434
31.515288951340533
31.58499349889828
31.638179286248885
31.68349087420518
31.75908206519407
31.7758295574976
31.816122682485844
31.88380837765683
31.947203302439153
31.97169361436001
32.051618903943194
32.08636600296455
32.16728212749219
32.231958784324064
32.263906228103735
32.31287744860976
32.383590391617076
32.409153793880854
32.48441522303549
32.551159675177786
32.58808622975903
32.63601920354576
32.7640767519233
32.78169663305756
32.86956684721432
32.97617919832008
33.02529125967596
33.0651764335114
33.13785957215226
33.18574432944303
33.24322616054615
33.30142379898538
33.336584661820325
33.39438521019529
33.4186742768812
33.493054045460966
33.516107874431576
33.65485672925124
33.72239622695874
33.77601957646967
33.80959968969696
33.86389160623723
33.975753499786585
34.031889520718664
34.09307324189151
34.21367152049611
34.24389645185723
34.25352394185969
34.40184483787583
34.5003472382463
34.53533196667532
34.60940677409702
34.73915671810868
34.777507429340865
34.841775438722095
34.949309365271844
34.97297375956037
35.05862302569691
35.171958677997644
35.24136559496823
35.33632141063918
35.39657791469628
35.606392057858486
35.75880475814764
35.82566853437834
35.931512660533414
35.999797139967306
36.02833346666648
36.18998974277559
36.361633423935245
36.43676013763533
36.80787214771616
36.93110902578464
37.28463176075024
37.453333147989575
37.57195736995344
38.287313962301724
38.62735647500018
39.11198241573404
39.42721646758164
40.01143788783297
40.65142004667106
41.37234710223189
