4.187903100837646
4.239863828190667
4.329595956835203
4.429166872857916
4.580933180708206
11.803300905532058
12.00990703941854
12.550192598033641
13.033134442788041
13.27159247147585
13.42946703713322
13.547868420115051
13.614915251797774
13.781833578374547
13.879002150983965
14.136300016611942
14.306462507056512
14.34460024626152
14.4663282204008
14.51947723005344
14.544876480305001
14.594734789460574
14.601079794006624
14.731002775534103
14.771417426367055
14.855487378974303
14.890427331356145
15.03784339010709
15.054311610852073
15.170489986672754
15.208037906175592
15.275030917038649
15.316177860376376
15.413633467866294
15.545004472679256
15.60163241561546
15.698069280155018
15.758936799139418
15.81590427671543
15.84900521120537
15.920003371336797
15.942389901136327
15.99645301196398
16.065889406639116
16.09940974028383
16.125671625860665
16.179642873265536
16.230761406709874
16.2395046582819
16.283829262478548
16.36983580674557
16.403391892669003
16.44237745262395
16.496870265999515
16.54804921361737
16.593199944992488
16.617222077034974
16.650407937239084
16.691067981454115
16.74620443563475
16.776744508610523
16.810458924736263
16.90117691196677
16.91225301861533
16.99006162677448
17.018375415860636
17.045013611420735
17.13099436488584
17.189538704503978
17.23877920684117
17.27972778934227
17.319088745422185
17.405454473395565
17.471552461356705
17.485743962257118
17.514391809732665
17.518265352877002
17.560329441139864
17.62361568981943
17.67057710642109
17.714949193349167
17.77672195730036
17.840407993175997
17.854559857421346
17.869355716920236
17.96390152991772
18.04084584785215
18.074731974603743
18.132115749841745
18.15109199414698
18.166700468957035
18.23146486238157
18.31265090515509
18.34308843149017
18.348768977333442
18.387358021580805
18.441654365567768
18.486526552994853
18.546480599202546
18.575547049313144
18.669950009554267
18.713786525030756
18.722068236589514
18.75211038820459
18.78338702461081
18.804526444587474
18.87999384144338
18.89938029970398
18.976224601969722
19.03350167209465
19.046459029677838
19.111923009087555
19.15586961720671
19.186640243262687
19.236492946341308
19.289970369223592
19.326913393639423
19.345241392392637
19.371433879029322
19.466427566542816
19.469263717867463
19.51424916921883
19.521683245610078
19.537537862854936
19.59772414819163
19.63518198176881
19.70895546138648
19.75453774625166
19.788849015101647
19.819965201886838
19.86795324861449
19.897857883589424
19.932398715712818
19.974783750676412
20.018989778368834
20.048061461923382
20.088476335965623
20.137643752281054
20.158719619161594
20.220978679813374
20.247523600940937
20.294080241547327
20.350565876098774
20.362335296148498
20.43685519560319
20.459372000987262
20.485896709295666
20.528085034936787
20.568372488515333
20.58245912971336
20.617917144089823
20.671241033442765
20.73079721276322
20.749368112280102
20.79533904349864
20.820682116240363
20.858295193054772
20.879031671074124
20.893208537714763
20.909051843649163
20.93488411380438
20.980888661096355
21.023833689235413
21.073747063761466
21.082699806207923
21.176777198478867
21.265123381510243
21.27279527474655
21.30637511063427
21.356282746602933
21.380316028301195
21.427804671581548
21.482349268522352
21.513037613032555
21.529366064779197
21.58242822480992
21.602413641992555
21.61989969224896
21.65273103554526
21.706517324325237
21.77028849066027
21.82413954249127
21.83705868637188
21.871037366522604
21.88051606563019
21.929345366086388
21.950853392998436
21.961222273616244
22.033520725325086
22.05392688019273
22.07469429559498
22.13966071235741
22.148170985546383
22.185225334183702
22.22110071024973
22.29252991884513
22.301503825388483
22.37972741331359
22.414119241404716
22.439281839225313
22.487500633627135
22.50645373729803
22.533899714730353
22.550207995261115
22.596543429108394
22.616526619124055
22.713784294456747
22.760766521677258
22.78753971686146
22.800030426205222
22.86671356970083
22.87946574008311
22.908712117383615
22.944978816992734
23.011242530983658
23.045284177020452
23.13114799798858
23.15019903898325
23.17268793922485
23.221267917528504
23.263773883146705
23.27044189133255
23.297215038012638
23.341230185436753
23.35922833791903
23.400690331806747
23.409947074374895
23.446882925497402
23.470571337751952
23.524107979687233
23.56355015654379
23.606115765431095
23.624665877258863
23.63608303438808
23.67301446999178
23.74372770951092
23.776218882006106
23.79816472490928
23.836291448559184
23.861902863983136
23.870152702916698
23.973113060945984
23.994224077255442
24.039124295885397
24.099803368144105
24.121763446673317
24.168800289603123
24.200972941936605
24.212159875234306
24.26938012350392
24.287739734054597
24.33131364660176
24.361286805073874
24.408384623330083
24.429125338917597
24.470736103390607
24.48933571385744
24.532941502387363
24.55123667016355
24.58819650224975
24.650557049168913
24.654041870513183
24.685670547991528
24.71321372411363
24.741592046293082
24.817957772770473
24.846502504618172
24.901221506394418
24.96176614223438
24.990523913960413
25.052523539540438
25.062942729485837
25.073651761934812
25.114619901614887
25.127186688608923
25.206113195841436
25.220556543576723
25.224849502038715
25.281283595130255
25.343709948130158
25.379358692321905
25.421136891149825
25.438161692734937
25.46177502182633
25.466882715484356
25.528750619841983
25.539834920970225
25.62585950935713
25.664326783984137
25.697486045683434
25.72598503752869
25.750730247801265
25.864923191325783
25.880352599467656
25.884636587472873
25.944406360965687
25.964547995749104
25.983088424573523
26.025759953838495
26.04973096684486
26.08640644160026
26.16997854391643
26.178897630327228
26.277830480924617
26.293597571290338
26.345410788876027
26.38602734014321
26.434499813157366
26.465669337564982
26.478712634265527
26.525432345698945
26.575159159965843
26.635748071753707
26.66146934526601
26.711691571939852
26.726062167395092
26.77077891489294
26.830266034468163
26.921593255830853
26.94796257882764
26.960796368428905
26.98573320887802
27.044712481609164
27.079787906774474
27.0998462080391
27.120710379062984
27.135609180737397
27.179960313308992
27.24624362934143
27.283387157406036
27.364382911095348
27.39431787928261
27.467669962387212
27.49597049780786
27.52756036647478
27.550503389534967
27.594049379171356
27.660208188725512
27.693279870822863
27.734751918597656
27.745588526681097
27.80296719704308
27.845664058595112
27.862377735259074
27.952723885745268
27.96608582110322
27.982244585127063
28.02900079559372
28.073863733863206
28.103598539537508
28.17654379077416
28.215815429577834
28.265051839620472
28.28888383693835
28.309817713855193
28.32656859002994
28.363060947318537
28.439109585796928
28.48126361166595
28.526386452671517
28.542457814688422
28.575804134001146
28.62610827240317
28.662169819843864
28.723627703213932
28.76804625719634
28.838706844475965
28.859024593654212
28.89420831668082
28.924303747236088
28.974100333925602
29.040806536050507
29.101293738326273
29.11432446836806
29.164543985460302
29.240375089784568
29.285208150032325
29.292258484862966
29.348838939238806
29.35545645956381
29.389869460901654
29.437632704712687
29.470628285173998
29.6185321824163
29.632115627325742
29.642048794193055
29.701559109927693
29.7493743373758
29.760571632509436
29.847511082074316
29.872478790502896
29.989204649319074
30.045167685395477
30.050942100885653
30.08306078739167
30.162486612644038
30.17653352210751
30.223256917581594
30.287641363793544
30.317499145176672
30.383371121929702
30.413857354320104
30.522671917987715
30.56034500410695
30.566383957409503
30.622416453767414
30.67305452502986
30.707635618122296
30.758105844905888
30.82246176997552
30.844834842505097
30.897413659890354
31.020368964807854
31.070518044990973
31.094946134694023
31.162125617068668
31.24568131024581
31.28174949514545
31.333798944260206
31.3648139920178
31.425391734752985
31.466238706858945
31.531907073859806
31.56542161996091
31.58599445142856
31.67567666480607
31.7089119021818
31.738099745925915
31.832435011266792
31.90698409097746
31.958701062371645
31.99982889484839
32.030085383899674
32.14000015688454
32.20816286897793
32.266095333806895
32.30511402352626
32.35018283854704
32.36722538359884
32.45766933569683
32.50770186210331
32.58311989736698
32.63410636975548
32.6722394522411
32.74103251159583
32.792002141203504
32.88747697641784
32.91240213514812
33.01141601119902
33.03225471372456
33.18610632732117
33.29132382490659
33.34175359092168
33.35773763924931
33.43798079579082
33.49343481650485
33.583529533070234
33.63868976430296
33.71653402485655
33.81241799794412
33.85225789505088
33.870337305556056
33.951142388554885
34.01370411549133
34.09693963431505
34.19925926942567
34.256040131417436
34.33816152300933
34.44128245141039
34.56823842758743
34.64004799552623
34.72978385089154
34.89154096777248
34.983456589648426
35.00992640733509
35.15777790267829
35.25171353289934
35.30747173077687
35.31187594310598
35.4227389936463
35.489705050050944
35.56286952636918
35.82909968287185
35.89662405386322
36.02210681268386
36.092933392235764
36.29367869157974
36.51650950066571
36.610343026666634
36.68993422267824
36.79518023695004
36.934100334546116
37.32109273739436
37.51778094912537
37.598575026677075
37.77214308484195
38.107993845491336
38.79104609040915
40.47581014444034
