3.8661124568991547
4.197547242621368
4.382010499453951
4.4799150292863406
4.619514234416639
12.09142379427653
12.192057496912174
13.155554673316853
13.212603018928263
13.396984950420125
13.802500278489559
13.868087488883887
14.006127719345963
14.09412129164372
14.202588113628478
14.360676406451036
14.40516922640236
14.418457271412539
14.549117945241
14.660891191971594
14.791579642480475
14.864395908172332
14.947967037834143
15.031248916484579
15.073012394698162
15.11123123253528
15.222161664251045
15.360166093811294
15.419729166546286
15.4476554324746
15.556736509810827
15.588833361461287
15.64857075049867
15.724465356670446
15.799855489666257
15.82104990846334
15.866054160831398
15.89953163865273
15.957466507807675
16.021569173084483
16.07802919467482
16.115418866097304
16.188276413932776
16.21549272709584
16.26509171179529
16.350341736956747
16.36630493498694
16.427559285915592
16.464674183020186
16.55188237474768
16.62895451487718
16.665328233053124
16.700564806948446
16.73674130313747
16.803128363082052
16.845996274350156
16.96024398533163
17.00483841280868
17.034171387999095
17.070110632327566
17.08491005555376
17.127415325928386
17.200132634616285
17.278183362092644
17.323914363987114
17.387858811868043
17.434301631928484
17.485826531429492
17.51372247032022
17.57027856637678
17.61025287000466
17.669243953417148
17.69924487695891
17.730579812734906
17.74673267751522
17.85584593193786
17.90757340624203
17.95396941998945
18.021535930231295
18.049281517578844
18.069571782319265
18.09915585272459
18.130272560800652
18.175161808455265
18.25840853170106
18.284549385984796
18.33123841784715
18.369521950059596
18.40398609159623
18.468352262766942
18.500695599812495
18.56684268652954
18.61928320088627
18.65665645768641
18.695705783434377
18.74110009592029
18.775516628996062
18.811200315970503
18.892237532040372
18.89381199450909
18.91891178612632
18.965203785358934
19.014796218098333
19.081747371923285
19.095043946176624
19.12565656867236
19.177990502809227
19.22212784106129
19.24359177506226
19.294272031299787
19.319450914894336
19.357002994209413
19.394679829823794
19.436330670256236
19.462138311564942
19.48827217214648
19.562075567645856
19.58824612909822
19.617988194440375
19.652850905450183
19.68507344522832
19.711061765515563
19.754636990973953
19.840372996917452
19.86662076887417
19.936961708198456
19.940483500971627
19.973880261098405
20.062416419002297
20.085075574153606
20.114054244363764
20.142453556727613
20.182665336298562
20.210453668252043
20.216504338460027
20.257160973954495
20.331646793737267
20.348639683576685
20.391526911538246
20.429933607987824
20.494023913348162
20.566093709768428
20.580423755876744
20.60740432061849
20.63510969079839
20.66521004701301
20.715638651463642
20.74541827461516
20.833066627172222
20.85891992536587
20.88122544008091
20.93244399037736
20.954310007277446
20.974226912547625
21.021442313061314
21.04086488707087
21.09546632719188
21.140407970200616
21.1892619363721
21.229849020675058
21.249825151088054
21.26700438238828
21.335321757840337
21.414720007242934
21.437244756551586
21.487092170014314
21.504595636624884
21.539204281414726
21.594425109756312
21.619053741745407
21.669179629176178
21.692391568374706
21.738175046751916
21.772136243038332
21.79078135845525
21.829905561930005
21.86024950939447
21.9761562280961
22.000977958773774
22.025942613803828
22.049675015193095
22.113287167878223
22.13952180803546
22.190613902121257
22.23124601426085
22.25110692961214
22.329742172427718
22.355555755903755
22.390421237596996
22.43181750705394
22.44823001398301
22.514782004932748
22.551233331775133
22.59708174551963
22.629308186659255
22.695046724661836
22.715342261895696
22.720552739833817
22.731877884599445
22.79852054046173
22.836149195396867
22.864794441182433
22.929683007515987
22.954272387890406
22.978785618991104
22.989760364472076
23.044888255558142
23.051554286195785
23.105916048497107
23.133583062536733
23.230725708955752
23.246899635840926
23.29000710346865
23.354238735922685
23.368037206281066
23.41168494049715
23.44861400498043
23.470433651052158
23.509232896424013
23.54789347189949
23.57848398755718
23.609985767932674
23.625310630059623
23.655104462050776
23.7358936195097
23.78346714137997
23.797663760618413
23.841540978390128
23.882971097251566
23.899956353585086
23.961062453684267
23.977849941963346
24.024903820638787
24.076880732277665
24.113358132590598
24.15818667338373
24.193832128132833
24.22734737847669
24.325759011306186
24.33244869262716
24.373238208742848
24.395087427272916
24.403854809699155
24.46672114558756
24.493498121123526
24.58883104145998
24.61586440551698
24.640506830427146
24.66058245459425
24.718045964880023
24.738349454922805
24.76587474759242
24.799586183218096
24.82538783180547
24.842286666100733
24.89934335838107
24.934914103982834
24.988813559208666
25.03077049223666
25.04801322182268
25.105446026730466
25.164687161010818
25.203537492980676
25.217307894208815
25.24041648417805
25.274945163909575
25.299681201250166
25.342253123504015
25.370985896964978
25.410869780539997
25.441908193221046
25.497487227324072
25.549114841120126
25.584476446285358
25.62292576164375
25.643711580344224
25.652004409809525
25.719316223707484
25.758772611743026
25.763607735462593
25.8276905620995
25.874915181459965
25.897913970617847
25.91461529011287
25.99265795511075
26.001425550104717
26.068410285306747
26.075828556328414
26.136625745878764
26.14928345070089
26.18415385830515
26.228418232640486
26.28755677981995
26.31119199264892
26.32519141922939
26.381356761798184
26.39573903640333
26.437117789130983
26.46492407963214
26.5246526729337
26.577971120458706
26.605520972920193
26.634775642367632
26.654974202266505
26.729428260127936
26.741673162953276
26.79973910846567
26.837256477032575
26.863722281316015
26.912977223058988
26.93722788538758
26.99166098607874
27.036404254067282
27.067536279125413
27.108309019334072
27.163217071898963
27.17743714456888
27.254705980894997
27.30963667265847
27.331421422785365
27.39317545672835
27.415172223188026
27.467295676455883
27.48230421185123
27.539758260900545
27.57308512720455
27.653594793713385
27.670011658736378
27.67801214414822
27.746522210305372
27.766340798539368
27.771513549338042
27.821405076455246
27.881962508622777
27.911640562423482
27.96489358762667
27.99513366842452
28.049390242602893
28.074674366133177
28.089746899449093
28.15630617752855
28.178072492389276
28.263100454254168
28.28331198551219
28.323916208570928
28.372846736158714
28.46284685241621
28.488867026118072
28.501080120778088
28.53142005118552
28.558002666908365
28.591412974082253
28.648273095556462
28.676704865522417
28.740502680455897
28.801380194919144
28.838226966108977
28.863828474250422
28.925524577320264
28.954547117749254
28.99782613271316
29.068587075069598
29.07273397591959
29.139523855826123
29.207727026236267
29.220364848341795
29.295871722825815
29.400681907646323
29.425207814107214
29.462516081570556
29.508759508523276
29.5190150292588
29.580662418089666
29.66982939702873
29.69843935501252
29.756380772896126
29.805887414048474
29.85474323071143
29.881421272789513
29.93448719249627
29.991708236745126
30.036603877188924
30.05261849130309
30.093740633970846
30.12914789205819
30.208185945476345
30.245662305950574
30.29882735049444
30.389286112131327
30.413860478571028
30.42276775462482
30.524568546967238
30.635489620143687
30.636724847273143
30.700513189771304
30.730564159342578
30.791096053812684
30.799136769109197
30.829493581596466
30.874527051111585
30.924211829605103
30.97868756650083
31.05422070388234
31.082329411931433
31.123581465719642
31.167434135399674
31.26474238511731
31.274980529680388
31.30616580305483
31.382730885308366
31.3850338666987
31.441989040258143
31.521796564520027
31.558843394345484
31.602508994736773
31.657849615168445
31.695579190707065
31.763363110863622
31.802983362830243
31.856761862134693
31.89691031257397
31.947024190146745
32.004617146269915
32.01370664783005
32.09499011554448
32.20630701849186
32.267253687983995
32.30333638157885
32.331834465659995
32.40236471642257
32.48455289850527
32.542988100111145
32.559440293436495
32.668752389209935
32.718085907053165
32.77012755068343
32.79903026365461
32.84406667627577
32.968120823614335
33.01004196439289
33.088674085537804
33.14805031614051
33.209712528948415
33.27678559135144
33.311618901845655
33.314888048772886
33.41983448900152
33.456373171596944
33.520388982263285
33.55814898875118
33.673901604420465
33.69547682702342
33.76563408477951
33.853149651267856
33.90940057576447
34.051070840580174
34.10432225634017
34.15137681532069
34.19595448808135
34.273708419318325
34.3267870044251
34.38716917017583
34.53473124710826
34.609839370511935
34.6641707074632
34.69632266751261
34.84243770603416
34.9222575308638
35.08856974491477
35.12743055163919
35.37156111472233
35.42438036560161
35.490110341776294
35.536241296885706
35.62724573314626
35.700030446867004
35.730007598093636
35.883386832265046
35.9403519080183
36.186311227828256
36.264007077257894
36.355719203627245
36.45936491547354
36.57884786085724
36.67667695664017
36.78545256788807
36.965323408915864
37.35301087342136
37.690087718979356
37.893716232501404
38.04143758539701
38.14345016466173
38.32557917491634
38.53098032316702
39.172121392150146
39.29939538921097
39.91520495835819
40.92463958587989
44.257265481089526
