4.25026018678854
4.3622015810185655
4.51551145953443
4.8055424661352
4.915505565218232
11.977082786708845
12.084880789796452
12.152217607027636
12.634454308416455
13.428408238566572
13.539032385864086
13.60236629045586
13.726979528600967
13.832244102888364
14.23424209271828
14.265158002350992
14.411161329739814
14.517480358249896
14.581518540716095
14.74750406009118
14.780765296945534
14.926563519015136
14.977085992175937
15.130864209088744
15.169802256608069
15.213099471782627
15.350249918490572
15.38264051960363
15.458982888081707
15.550078974091967
15.640308448957782
15.66622122230073
15.747527253082144
15.796029160606091
15.849258097125528
15.907188676307813
15.956645236792394
16.064123521269668
16.103493816383686
16.166304157471707
16.237547531130996
16.264601404270497
16.28575363653484
16.333700239407367
16.35631945582738
16.414156512951383
16.464338111568168
16.504317166498563
16.585424651614108
16.64857162420475
16.70779608168377
16.72095944565937
16.79931863611771
16.82579102200748
16.851757871215295
16.914457364033947
16.981480500207073
17.029604299333496
17.117198992055354
17.17382568896565
17.24108188126834
17.290475849564352
17.305559327688155
17.342874385989308
17.352184966818438
17.429059122639966
17.450674695869886
17.47955891040046
17.57641338553792
17.587592873311277
17.59600478313702
17.63702849470994
17.673027217491416
17.724827614786697
17.78231744278556
17.85113852008555
17.892597810922727
17.935719239355397
17.948949085381685
18.02138075356799
18.04949434026044
18.113515223271165
18.162295234881615
18.19481741138758
18.22564657784529
18.281817815898815
18.304259453821864
18.337547762793623
18.384882803253937
18.42953220305699
18.445179323460035
18.46611078010765
18.488337668960096
18.554194980037185
18.651916582290223
18.691938715190016
18.714738132486033
18.755477123482784
18.772846300327192
18.806721617354192
18.83875044210055
18.8610491475725
18.89201062442075
18.94343861709397
18.995397015089413
19.01590071170093
19.084377969490653
19.13277964437806
19.188068018637548
19.21354449747614
19.27862835496829
19.293057809742052
19.328120100119907
19.394334822271375
19.416512515601767
19.467897098629887
19.5198607596714
19.580228755607408
19.600365078954475
19.615608435093
19.663580701612283
19.6897266142753
19.73990957166467
19.776605570683856
19.85269949358327
19.930875010817545
19.95813828913115
19.984379735057747
20.00870961649634
20.064432330220118
20.10901156107452
20.11867178255696
20.14844242775354
20.194557292734405
20.23965532930286
20.260116282968166
20.275862386905114
20.34115482702211
20.38653258582322
20.405721012127586
20.437641481435808
20.479903021509458
20.52321558076768
20.55001361236707
20.576320303895116
20.597140814554454
20.65936417008568
20.723051823029063
20.740182223817467
20.763994494611957
20.8184856838778
20.859226355512366
20.880887870565708
20.99248600005688
21.01052222397922
21.02970733631149
21.05314196102687
21.105955459854265
21.163735309352894
21.19545856820235
21.255889775649763
21.28806228291686
21.3659166329023
21.40906020649907
21.41498142588814
21.446776801744292
21.476164340701107
21.51799103112335
21.546902991373393
21.582263497531535
21.615985588406016
21.634116252383883
21.67776371780158
21.71574966444191
21.757185439991225
21.826767371413396
21.844486501627642
21.868638969808433
21.914637498894063
21.979000713074512
21.98551724463965
22.008633110450454
22.05673000875592
22.08200948923326
22.114741928698887
22.143454390228516
22.16857238784627
22.18378779355758
22.238457796216625
22.256646183441593
22.314908248159533
22.359853362051854
22.396557604989226
22.4266296646624
22.486204043336446
22.49654125652543
22.528993501505294
22.573753489795713
22.597302337905663
22.612751484406218
22.711339248281543
22.721148120549007
22.765119310695805
22.80478959108986
22.810847265016264
22.86123496932165
22.951772574233306
22.96908052757364
22.98526547453705
23.050913373268624
23.077781195675165
23.105399221876517
23.11292759220617
23.145884996391526
23.193921244695193
23.210949515367705
23.27199363562796
23.301979846548043
23.335047857402923
23.34448197557077
23.414633421511972
23.42939761000893
23.501809772186604
23.52444324194117
23.553492348469735
23.57559503534691
23.64570410939316
23.668265511576386
23.739125195640007
23.757272217629062
23.78134190866805
23.845190582552263
23.865602197576333
23.89643306934313
23.935952629993803
23.97093536007891
24.02488447013213
24.04224919810652
24.08131545606955
24.10071872947567
24.138986110318477
24.164573350794903
24.19870794581492
24.24663144960422
24.262250055343046
24.343404409262618
24.349952032853018
24.405883663915652
24.464835771773906
24.470759527580835
24.50002633312556
24.52023496778768
24.5603817552132
24.598986299409187
24.64800398255137
24.6594017269613
24.724427390239523
24.741216409407336
24.78840477409932
24.828172765481725
24.867201278971848
24.884889735402368
24.903185439757205
25.013803122667937
25.01516826775213
25.032055761192368
25.067792561246495
25.110039733561514
25.133479999609104
25.188821824680055
25.242780616999934
25.27588280113672
25.314058533000626
25.350260572005485
25.386614093316147
25.418857218232052
25.496345417395545
25.5219026700923
25.570049648224252
25.610489409995825
25.615470279802086
25.661468593449207
25.692640001781033
25.71650538178085
25.76735788175252
25.826565896990243
25.83296690347431
25.89665636555446
25.924083064103897
25.975200436634776
26.03120874223623
26.051123173640384
26.069574954635762
26.16095729401925
26.2071474767191
26.220162410692595
26.284440208820094
26.31469357226345
26.330449064186872
26.36433980667907
26.43770541203589
26.447213976877535
26.490203587331834
26.5164773351685
26.535621669977527
26.59345377506579
26.606639228078144
26.673730741189495
26.690126191132457
26.72636938689444
26.795163523057024
26.815767289800707
26.894211856190235
26.896549057544167
26.925321820187396
26.95029602860968
26.992609051129083
27.016268768311694
27.04740771088636
27.11159939793606
27.149807430841804
27.20660822795065
27.23164498693189
27.25635885432677
27.281580296729434
27.307322892421123
27.35245976339294
27.37964899079087
27.47279319555183
27.52189170858899
27.560293296390828
27.59069420778352
27.629909139800134
27.666352899018452
27.711845030872887
27.781772255143057
27.80560888159655
27.84360600154855
27.882866722924064
27.908313062060813
27.94840168509456
27.969016104507276
27.99278919849594
28.055786667968288
28.112071892587604
28.175102423139315
28.208810151898593
28.26536503488187
28.34361663436035
28.404375967029143
28.431979418816436
28.483332735602346
28.532393990022623
28.56555612317229
28.641503331019273
28.655450845000715
28.717237797401882
28.744060565967892
28.75794103100914
28.816755865985645
28.836217451706247
28.87680975652949
28.951588670137465
28.97918882956007
29.018420402832923
29.03567067710795
29.12154214311729
29.21491524986369
29.268993437972533
29.299889152956045
29.307489512804047
29.389001584103518
29.40114107088376
29.44561574444741
29.482726308787782
29.563135341005026
29.63285944156401
29.649585709252356
29.658053429785905
29.706071958487772
29.770774714475113
29.800496977919966
29.87335010004079
29.88287503876388
29.897774963473225
29.939454879357857
29.953732049745597
30.074406702651324
30.151688325886326
30.18323430731651
30.237336388234112
30.277431320087903
30.294687935379045
30.38283915217696
30.392737139005046
30.42330472323575
30.446361112327516
30.610371275657172
30.65369657080357
30.67769033695057
30.69970276442441
30.73259350962992
30.83504080321272
30.882653034920356
30.92578789535815
30.98536831602701
30.99508871352977
31.025284962244157
31.062062049615452
31.132375417535734
31.169898547273927
31.273097010556548
31.301333413528496
31.339899931108548
31.37142959026865
31.423063925106305
31.458333242810962
31.529139500600362
31.564880546416852
31.611025555446716
31.68392356896711
31.7904970803858
31.87731196513438
31.895537683666543
31.91549586752984
32.0354787246747
32.04680799204306
32.114940766098414
32.12024022873827
32.199024126590736
32.31710059852409
32.344522013776896
32.37527894806881
32.44366781321746
32.52711428394377
32.57004833903694
32.60779138959081
32.65455491298342
32.696664325883184
32.74551753088448
32.8114237646027
32.85418994958193
32.919766976122666
32.97155476381593
33.03811678335683
33.103777886910876
33.15526517329999
33.200055843652756
33.25006741245812
33.3161267958586
33.40770301105047
33.487987686063086
33.52581886874419
33.60658269063454
33.73808586952429
33.79258779478395
33.84449690212382
33.875795350353314
33.984450228262325
34.05691683647406
34.11779609319516
34.14990680866615
34.28934247699653
34.368796485272284
34.410025120921716
34.4766028874184
34.54066105532924
34.55951596406172
34.70198574765306
34.79174933202447
34.835333415114405
34.94885747925525
34.987724252895475
35.189973370368406
35.29148545729633
35.46838846963234
35.55314195716524
35.59498589999557
35.75310813470387
35.8843880180606
36.01471928474772
36.063018603976225
36.18797643747785
36.34884503657055
36.44545115758684
36.535781420305376
36.58925799049479
36.82222464420021
36.878598427418055
37.15436635153321
37.34659691713056
37.55875660291995
37.846431138469306
38.21115001824611
38.68653540984355
38.72366601742488
40.65769762542149
41.53744939503516
43.19319594844008
