0.7109536654512545
0.8553310377198363
0.8917349947493384
0.9208011309550151
0.9821160913958754
8.477486397691042
10.099707632187242
10.96579299639574
11.166337552292157
11.313227924525142
11.452346572633072
11.565041049606059
11.8963452362549
12.033059280703092
12.092690744417535
12.143615764223357
12.163786713481292
12.277186453761981
12.417002559484127
12.45243445632373
12.529733103322947
12.603154648465907
12.643148961853488
12.668528619208454
12.734614543104287
12.743922164891273
12.79446459664747
13.109408283125116
13.131101372371923
13.319344144639622
13.33664817831537
13.401492551559732
13.442564842607068
13.51021894400789
13.54333588264055
13.579435748177417
13.612866770620272
13.648469339314865
13.674079124291247
13.698884667406386
13.765246773311915
13.781717180424428
13.810693236680994
13.879631225207719
13.931033040597724
13.952172018632275
14.006103563296598
14.098080042890496
14.127724240300775
14.18230639249614
14.234530894731675
14.283391444994855
14.333137402028527
14.361577561598358
14.443249732833582
14.479007013138808
14.504526089086948
14.529539368481883
14.621673423768128
14.6743584354313
14.713971229352259
14.765487512919671
14.835926483483478
14.873263403015203
14.90458062631237
14.950058405572118
15.002177273804435
15.050936609811975
15.089662665358999
15.09643042433829
15.163677046164594
15.173363712251131
15.198134987471686
15.280532752924493
15.348663506494667
15.369692064127287
15.407491588173352
15.436694055253538
15.465176984717083
15.472823529448892
15.540012456896413
15.5903582658535
15.600088833776622
15.642025493385203
15.684530099842394
15.724093989380647
15.764483206161946
15.783672230109163
15.82086322147657
15.832357536558902
15.838411077540155
15.900632855478255
15.928216028588002
15.951351605002163
16.000339760177805
16.039612453256822
16.061643428307825
16.129458551017844
16.154090918403472
16.171365507913606
16.21219408097062
16.26095133423562
16.290509326568117
16.336417732108387
16.344894883930145
16.376063368574897
16.445141453289917
16.46608301951014
16.492287569407182
16.517447046042367
16.537986150029138
16.63191512307945
16.65983232956024
16.691029013932265
16.69718273196129
16.745145155655873
16.79764836231045
16.809039516639437
16.848943164832548
16.914992513199575
16.96359045477077
16.972318332030238
16.99724595479488
17.0778297360528
17.090118017882567
17.11154151470544
17.15346853312968
17.223714719315314
17.22674342293063
17.254989782917008
17.291700669819388
17.367804410979144
17.38005987685956
17.423382202802173
17.446336742071477
17.452975630281987
17.51672893804033
17.548220776645252
17.560878609464694
17.58571883703078
17.626166323939703
17.665032943325407
17.688171427264184
17.727641338142675
17.74704733271142
17.793437639414638
17.822993246728778
17.877279024066905
17.88662275597873
17.921216108708663
17.96289113971428
17.96986556408921
18.029637443548793
18.074782573393932
18.10313304259102
18.131162481633126
18.176784292336777
18.19927751207022
18.212972445998854
18.237646766776663
18.311793046691456
18.32813328997232
18.368938665133218
18.422526136282027
18.478742676558014
18.516681487906492
18.55570274545305
18.565946744107567
18.609636973976134
18.683009613825494
18.723422038982573
18.73398789243017
18.786228762168435
18.79696686414306
18.829097230436425
18.85782306164567
18.887545235254958
18.916230691194922
18.941825572425472
18.986640401359992
19.0270720128852
19.077151496724046
19.118872502102782
19.14512644472023
19.16378294073227
19.215732717493406
19.260224400802016
19.267626211689382
19.296892979685197
19.304207883597993
19.35132871011153
19.384323813676797
19.407647942775913
19.490074728685677
19.531945191110246
19.543963116136222
19.554319121644664
19.600845082526753
19.609797716410792
19.648572019956987
19.678326357544677
19.726739690851964
19.78402833618756
19.841002296974107
19.863977914418985
19.924524329760914
19.932640628026896
19.940262037966825
19.995057623311194
20.011375728854706
20.03525552493584
20.081476744519534
20.138784847693987
20.15141101527703
20.1763197868454
20.207293323080673
20.21396362038589
20.27312555181483
20.322812645948876
20.339762746671536
20.382433096863917
20.405219630513628
20.430129941340184
20.435493542444704
20.497563335190076
20.534224131130674
20.56063080202169
20.57448829447634
20.628198904553393
20.64247491535837
20.670144409554783
20.686718921913574
20.712923765685154
20.730022680008314
20.74608396689703
20.786464289764396
20.81131150803125
20.878637892193883
20.89455437380642
20.982694357421
20.99469301866384
21.030361949965364
21.044824864202983
21.10600154361235
21.130681566977657
21.144691006675114
21.182289128913492
21.213963791870157
21.270851519015366
21.281318358480963
21.35547969697231
21.365886339825114
21.380181881958798
21.4109042993551
21.453585448078336
21.50304937840864
21.55657768298082
21.626322718738432
21.630491728644255
21.67697397097681
21.692133029221544
21.71918235687663
21.746344573384615
21.77978293771158
21.82601677058662
21.861773196617925
21.901877109578287
21.955839824338664
21.967981517556346
22.005658208109296
22.051416126137042
22.117356614108548
22.139814850543743
22.175254095886892
22.224311606435684
22.26461850696931
22.266945295835665
22.287604918880564
22.314457248667598
22.354928252989033
22.377751682902655
22.438493432168745
22.4648912912582
22.50788909016906
22.52457373077169
22.545247853877598
22.59688992940974
22.618472123657025
22.717396618070367
22.72718377380862
22.761774830324487
22.778298221377327
22.804902647836407
22.834841219862113
22.85542997560211
22.880025630740395
22.92308993431335
22.966946341374516
22.994620598588767
23.00504626702263
23.063480065424894
23.081329425193182
23.09370328241017
23.141436811236954
23.179650034918325
23.21872488398846
23.260355323483978
23.321960091865236
23.35127490327644
23.364901344208434
23.397710868173995
23.41296198365654
23.462494248057656
23.47365737394058
23.546914823772106
23.56864952200555
23.603949024437558
23.656917915773562
23.67698841157743
23.701027407281728
23.733829378864357
23.77350936557514
23.801150600644267
23.836865292220885
23.866045470577845
23.87892650008003
23.98158864329535
24.01189701559788
24.026747367900477
24.065943036811742
24.09820643522725
24.138436617160067
24.156301555484585
24.208991592297206
24.233971342620592
24.285733117422136
24.35452973067689
24.36934345334696
24.398282208072086
24.48443688019603
24.495224506456264
24.560042057274156
24.58009789779212
24.608023051530154
24.628318147452948
24.645621391442326
24.712006603298466
24.740438058950865
24.794301588953285
24.8163976793486
24.83742776032714
24.914203244723108
24.93941037206346
24.967733305630677
24.979919497107407
25.01337496145132
25.06999308176846
25.077626509102906
25.157865358468076
25.17601091095898
25.226293316344897
25.274188603216018
25.301185261820358
25.324277776656434
25.34703166167218
25.389400580435733
25.400700025558592
25.439677680964202
25.508208241715362
25.512761898951858
25.550542159519516
25.612846349422863
25.653200499821203
25.68860504711063
25.72807586837773
25.779332452622928
25.838651318379913
25.86546686878007
25.89766517429049
25.95458527612257
25.96845148688419
26.020738070065434
26.048116311395418
26.12169365819318
26.13433350277897
26.19146383497969
26.216744030893196
26.26919864099441
26.324628018058785
26.344686468314922
26.380718891301186
26.45010164440735
26.536582148907954
26.557660551798488
26.622909354263022
26.651865193946534
26.706338070238544
26.75235410896
26.77324414338231
26.815251873762808
26.889874200684257
26.946729797454598
26.98521511895072
27.03514208232391
27.077664042540526
27.14857852273238
27.180382040661375
27.230654523192218
27.248842079289545
27.312212950166472
27.353530922532325
27.406047704273824
27.46826511492039
27.505998112140297
27.533836780491214
27.57519759580324
27.67000769258999
27.6777439102198
27.709904007806596
27.78683614900479
27.80363196165021
27.834381617504484
27.9408135478216
27.957055648833297
28.012960212009173
28.05845942979218
28.114171668515972
28.146227759518514
28.18106701198425
28.244380225862137
28.313953598451093
28.316989595494924
28.387968875394996
28.437987867813355
28.469141995824117
28.494662744217525
28.576691365126894
28.709772170733004
28.778280327048225
28.8358727156831
28.87568833213542
28.940199816327258
29.019356010871086
29.059551409883834
29.15090419182644
29.24050657318797
29.274020872745673
29.37535604554579
29.523866118468682
29.545036039097727
29.61426373512865
29.642332832996786
29.67288621566386
29.751619251095242
29.77646717228978
29.82219388215558
29.865175825837607
29.957294385417224
30.01461110812281
30.051859152904232
30.15706248532303
30.19208200270641
30.28413051079675
30.319244185534274
30.416232743556748
30.53411925862646
30.647710989946198
30.723046448920165
30.80372568148507
30.861429648328606
30.90399618634477
30.942877586706732
30.991528632115482
31.083579786637888
31.1810835121267
31.322821236697962
31.473808322463515
31.50831486176659
31.715224081504143
31.807768280389258
31.899056842857952
32.13404876911315
32.19251842581751
32.33622040285908
32.37886550433585
32.484579547991444
32.5544237378519
32.731647215159896
33.0116406686791
33.31691346085373
33.45912507253231
33.503935317762846
34.0154375338787
34.06675868311382
34.52136897727313
34.55238457569478
34.61929542259585
35.004657191839314
36.44194770767114
