0.8032405540094306
0.8810890728373214
0.9514300515460452
1.0684825402094218
1.076981833642655
7.659491433249353
8.460172188907245
9.204311600690593
9.26190707959725
9.31877573907615
9.844030672261665
10.205667651282099
10.22144793125037
10.365754573632982
10.404986303438251
10.6207091708472
11.317466177197193
11.334720349616848
11.4820148866089
11.518701284697375
11.67004463243948
11.726101045753044
11.889961575884618
12.038709181727752
12.143459175732897
12.314115699525692
12.386684568006345
12.413051171572272
12.434221774941456
12.51517632222491
12.569034068548062
12.663584012969642
12.71362066749854
12.873011766531897
12.985239875724256
13.007690726455062
13.071070703022219
13.107137692772435
13.148031667388352
13.176250180078474
13.31184140878954
13.35450956856498
13.402787352642486
13.433327318414431
13.529049868379259
13.569782277457977
13.59852981333883
13.725129770412433
13.742271036398911
13.770066448318854
13.795266632545793
13.81801753547438
13.91954936880904
13.970992885263726
13.987629172326427
14.051728001249344
14.107948438431363
14.135948168557011
14.258531557242026
14.271770349939596
14.371455247910996
14.401032085900871
14.488347600914906
14.491921289020931
14.5610206004176
14.609135299859606
14.63929382779907
14.695006203804388
14.718223095454603
14.790479496380788
14.821080596549718
14.853505314969452
14.883258795421854
14.941283314282012
14.952438353621833
15.028168773067605
15.071645111173694
15.102029638265977
15.136085342267286
15.178223583501454
15.232268203963352
15.276906645145397
15.296858455287724
15.306439391340922
15.373232328617448
15.417166812684615
15.422488194348169
15.462361606526365
15.485763585941491
15.532953653270233
15.557925417800758
15.587859193868884
15.601411654196538
15.649003228040572
15.659994440428337
15.722353062214008
15.76231650553314
15.795523455976127
15.854969983466399
15.89229285375657
15.923282385438357
15.94815775155963
15.994812288754886
16.01766443078333
16.07931536121555
16.10695851013412
16.115522879654982
16.135713551983606
16.173938165058235
16.21957170570523
16.267083542642208
16.28796747906143
16.302354687351237
16.327758560773624
16.38717919009481
16.41727496143991
16.46477315415986
16.481503268648353
16.52302168416259
16.57401061944249
16.58625598052786
16.627447134155844
16.653459852845494
16.663546479874164
16.713901870417097
16.755540004208324
16.795001662776738
16.85024250751807
16.862782869368083
16.873992528699578
16.950512473683716
16.96663404030303
16.99086823115876
17.028418167216334
17.04296446937162
17.083413793125906
17.122213410946717
17.17087957343831
17.19824983444591
17.28277612543509
17.343764335543014
17.369234933029833
17.396706056790403
17.411237747119532
17.440448556832106
17.48392582984481
17.56061637994672
17.585126344568774
17.62077639270118
17.642738446477612
17.67391002895506
17.711212959960605
17.715394440394267
17.745465032368287
17.750899431010776
17.782743134768204
17.816700630391715
17.860408132384876
17.900750787495504
17.95968618206076
18.002037726302227
18.027191983817637
18.04951206734487
18.07139664779603
18.12581659674734
18.145371338763695
18.194396253942195
18.22001282623354
18.262022297718048
18.278130345024085
18.312590485676115
18.35903344013332
18.373764663577642
18.413006236522595
18.421875682820858
18.47148204268285
18.506298737740927
18.57417849073229
18.593604092231963
18.632852608795375
18.64938831149424
18.699547268983142
18.740095371544864
18.769722087166798
18.792143099410872
18.85183566093486
18.88580059874972
18.909872503049893
18.96572090712999
18.983860094753908
18.99856920050978
19.048272785279767
19.067794338719313
19.092466893491075
19.147166344176384
19.1707595329171
19.202199057373395
19.227695280847957
19.257892509339406
19.29653738897733
19.316816695194902
19.366141981381244
19.427038331436872
19.48275367169378
19.487390261919547
19.53127057010568
19.56105134702575
19.59866883097755
19.62447808719255
19.651575506833254
19.670371574462425
19.767718935808972
19.783027287022698
19.804228308639182
19.86120821988622
19.87793557752619
19.903538521636353
19.95682062591711
20.01000443670847
20.040028808614895
20.081910656959757
20.146932878833393
20.157808709725877
20.203900843576307
20.23648941583469
20.261350864208783
20.277904338592325
20.346913889762053
20.397694243446665
20.46152273634898
20.487172309635056
20.49688966725135
20.516296501531453
20.549114010210264
20.564010203752353
20.586563316384787
20.663174556408837
20.66916779821044
20.714700824898937
20.73789721285293
20.762901438257046
20.766187148581274
20.805309037985655
20.83811214742471
20.859484644937414
20.886314626778713
20.933595224246943
20.967352062460616
20.993806908743725
21.016167358571998
21.031575506013258
21.074659272031674
21.11576713248261
21.129952709007835
21.140423416343253
21.185038261898438
21.206934287217415
21.265486693833203
21.293299831830456
21.33483248205067
21.403373472604493
21.44153391263422
21.48424289307135
21.551217786123086
21.592663808965064
21.642015303317418
21.664323141555865
21.69758981168964
21.721544685111095
21.731090179571225
21.76316946737776
21.813081003623676
21.838829836032183
21.8601222111715
21.942425007053714
21.965203180271935
21.99287373726141
22.059148001896407
22.067602950707908
22.079713094805125
22.128747566660884
22.184308751601797
22.228750816627134
22.252797681485813
22.281019520929483
22.305322869940127
22.316141045297307
22.344764223437345
22.40510793024344
22.414770328224105
22.426044113933298
22.468100742731636
22.484707744078037
22.545416824198185
22.572221573293195
22.613970097666417
22.65312171296864
22.682664741464706
22.701466022143165
22.732069738543043
22.786799814458522
22.7978842902171
22.84988549306833
22.88988745379794
22.92601894929611
22.950717694024835
22.974650265423975
23.04308127825802
23.081167199105174
23.125067681773363
23.146297524905126
23.16317845439459
23.241751370663447
23.24406616212523
23.31127701859153
23.368222049646583
23.407568816386686
23.435377521139394
23.497297514836173
23.539635767085297
23.57743288841491
23.590792590505995
23.625681209921712
23.64626774646166
23.684962710602367
23.698923125790415
23.753977735195786
23.792302850224473
23.804704068017365
23.86672045115112
23.890144927174852
23.908172168265846
23.935419949508876
23.961716140892527
24.03231865002771
24.10179086197542
24.12524445900607
24.166901437723222
24.23875365507802
24.27826149977576
24.309648821457987
24.32764589524291
24.396856862277545
24.425952930549254
24.438859963570987
24.491295931382115
24.513581721767807
24.58370916933567
24.602849584880023
24.640427308462087
24.669928799145133
24.73662087385773
24.743413644151733
24.77222169340886
24.81628119127572
24.85148663875697
24.91457022783917
24.939476717797913
24.962646188483244
25.026813430596853
25.030569228391887
25.04680202545571
25.10580594504509
25.168027060577028
25.174824469061328
25.23780436195753
25.248315266654632
25.290552645254955
25.355267685791485
25.381314275412223
25.418867426112538
25.470867826859738
25.57241476251961
25.58238617075252
25.611277814911183
25.63423409667887
25.6715413398822
25.703215623036915
25.761074519940045
25.788127560275413
25.828341940883806
25.874701970837595
25.91141685471725
25.966936088993656
25.969491852454865
26.07223736744674
26.11733054884399
26.156583050973058
26.183015633787154
26.27638727364654
26.29502627033177
26.339089208639958
26.409269700704474
26.442126867129165
26.47159361905621
26.50079348133799
26.54694156154048
26.59528908592752
26.642735750170615
26.70006659436386
26.751891597553772
26.80371582361068
26.813960292573935
26.87024114647638
26.91847940464746
26.945045940423547
26.959983068140563
27.027647540059153
27.03621262507495
27.10510677920539
27.161029366489377
27.225705973115616
27.243596923032175
27.27439280003142
27.303455491499438
27.319402246514905
27.38301819089206
27.439666935210468
27.485331082383716
27.535034253637587
27.597016000203784
27.67678749744375
27.709602129858233
27.725563356262032
27.778064852944137
27.83560292609535
27.942760934171563
27.981977904686797
28.097554862225017
28.132230788291437
28.167756899283273
28.212063812170683
28.252763633567028
28.3079827190447
28.501793501339566
28.512175277387183
28.58957843028866
28.662292701603395
28.7169020237287
28.748011869632393
28.808762308171296
28.93215164110731
28.93943845644682
28.979429116494888
29.066839117912274
29.122913388910174
29.178954311754556
29.202468025932788
29.23707421358366
29.315762691386336
29.46138849241694
29.506125697684553
29.55777827748386
29.726277655159137
29.84612465270003
29.860634591495202
29.92235560234985
29.95604152256893
29.976467362640523
30.037382443602585
30.05200590003563
30.17122828025591
30.22309984907317
30.279336487988342
30.343052439900024
30.410962938633773
30.46850005832857
30.523909468126863
30.622039085081468
30.6364143037529
30.803243854545034
30.867484970678852
30.99385202037605
31.125453925337066
31.23275888532795
31.35570184855406
31.574219604600994
31.843697705855195
31.906746022160988
31.98236441941719
32.10375589300249
32.26454193623572
32.30600766979743
32.43652439792591
32.492558116752484
32.69467682534386
32.71315894064366
33.05553978524125
33.16222197861936
33.359384083564066
33.97615949180264
34.05753872783681
34.44627242650718
34.57323212474137
35.370102513419255
35.50399886420702
36.39377763701329
37.12641087080476
37.28846074436021
