4.089322875459533
4.25774263050476
4.325440233871955
4.506299120173696
4.767509014812713
12.129897664775214
12.612551724829304
12.831811411021812
13.040260576000477
13.166325152961676
13.353038283975767
13.466626011442676
13.58209783066958
13.987263798216544
14.032249388206898
14.083944776048732
14.210834747171901
14.257593617359777
14.29996815793875
14.306806385315042
14.4453385318868
14.558940976999994
14.56625613561025
14.845670597785737
14.884174545968648
15.062554055709079
15.108102523513697
15.176172399569783
15.21548283867958
15.32811002377474
15.379700124285295
15.479184694097734
15.509013995057158
15.552639775001396
15.598757493255876
15.639373565655438
15.684007445190836
15.837659833274284
15.845974170161806
15.931384327899066
15.95256291135797
16.0039716933803
16.054328796542837
16.12682443023342
16.235918262825585
16.289383390095917
16.331444456674458
16.39211006244025
16.443931126773112
16.529247041509
16.546945861976916
16.596214161985895
16.648795478571948
16.71705347254959
16.740500254186554
16.804257310653096
16.836965845930706
16.8677967329892
16.924123430438787
16.965745263392485
17.009769762581808
17.05106956514045
17.058868507823462
17.12663333282347
17.194865871207632
17.223184583549372
17.296116102895823
17.374190243007927
17.38510782978617
17.453931511112124
17.48687535428983
17.49406525631489
17.63144646225431
17.680695703914754
17.72095235979134
17.741175862881754
17.77185141837502
17.822840505135332
17.82565912074764
17.866251787395097
17.89632055639903
17.929307474650034
17.988042941406704
18.03822455616579
18.10663304616159
18.13820991116525
18.169854502350915
18.188806664219822
18.202281912735604
18.280096763220506
18.318913112002132
18.32683782056305
18.43602881557583
18.468986107709267
18.46998442436487
18.537469585492317
18.56203652528428
18.59303067614382
18.60492876255713
18.701093492702185
18.73130923018673
18.778995061965972
18.785691785032242
18.8579272260234
18.90103827668919
18.937768046298864
18.984767111302904
19.04160259654008
19.086566774031347
19.127960608437547
19.173002292794003
19.25875711695253
19.289557778302978
19.312310827176752
19.37297979446474
19.390269549644202
19.434026342668147
19.480934586220833
19.55116526063002
19.618856034598874
19.628068622508867
19.680450784508153
19.692503853706384
19.728385657953783
19.764793136795046
19.772358223917877
19.830589325563437
19.89099979050728
19.911980230823083
19.921791555789728
19.98470366333074
20.00547349162163
20.00665456959482
20.092395910776467
20.147423763442365
20.179553228416427
20.22547031026631
20.278009275900672
20.31599666187085
20.33339649902699
20.38341282538352
20.437190984993816
20.472946262662187
20.504969431883087
20.553725043453912
20.56938915288254
20.605119581620848
20.629031539627615
20.670319910464645
20.74650438810111
20.754301920419
20.800421715007737
20.864754183776643
20.93695878897392
20.988887452440107
20.998123744105545
21.01872097205404
21.065000615543838
21.12470988324829
21.13044267227238
21.188986354069765
21.22682217492767
21.26072808933598
21.302302781984917
21.32530160471866
21.356127642655096
21.411021859455026
21.43186084893356
21.4640363260087
21.54158255927354
21.561358915248455
21.585214734959823
21.609482032204596
21.6227942807702
21.654702352062735
21.71404230816317
21.737138402223234
21.782894253607886
21.806988833852778
21.858654829132586
21.918899586782903
21.93631944210297
21.981579259072625
22.013361726739493
22.090925039594527
22.147188773227676
22.168710925428687
22.230880503575847
22.23373202637027
22.31873203860064
22.336700437296287
22.393625712723406
22.437424140912224
22.459885271720665
22.480143137866758
22.51547448637758
22.532192359300513
22.595411529581966
22.611139947822718
22.661716542017537
22.68959681333787
22.75057838013249
22.79204902631709
22.81826012361551
22.86871891389437
22.90310538133036
22.913697459600044
22.952836661890764
22.991481836757306
23.06933288779667
23.096614238971917
23.109095043085393
23.131226919695155
23.218926347630262
23.242423438323037
23.255364958764677
23.314649965224163
23.350845925328933
23.38763024736866
23.433507728608177
23.49393934468029
23.531798201229403
23.538283854564327
23.569765120219987
23.58707066407682
23.645504593296074
23.720177494073763
23.75036928765485
23.771018345996872
23.827268592690345
23.85119635297948
23.91830610048665
23.95681247689432
23.98723628762004
24.029051895349497
24.05440225897487
24.093278686044627
24.123983872535813
24.195048157326216
24.216206967395543
24.26824053856132
24.283614228147407
24.327455345493902
24.338534742307658
24.411085925799686
24.416159934685307
24.514128086968245
24.572676829894895
24.59866792246468
24.618478508634315
24.654025835763445
24.6857574139297
24.70938858389399
24.717742257989467
24.782247256762325
24.81543730310088
24.89000347948239
24.923649439407555
24.947424329994714
24.981457755726865
24.98664725186808
25.0139388183713
25.054677185926142
25.108307105798847
25.142533840188364
25.19523696512558
25.223627259504415
25.241843363160832
25.29226387941374
25.346918013947487
25.36969446424762
25.408582325788306
25.43440496246415
25.46618227925174
25.523560736512202
25.564470267327486
25.58312866091021
25.646669084015556
25.678734514284262
25.7376788820935
25.785073382928616
25.835807376101855
25.856683801366525
25.895139726192753
25.930946955245794
25.95215082194013
26.031346327677298
26.06659950759243
26.10296244764222
26.147626291734237
26.17672735194061
26.23620354559796
26.26009103482068
26.286708147043576
26.33337549661343
26.399493948812783
26.45295901599644
26.46878022938238
26.509452014725166
26.538102415917134
26.559355822946358
26.614783883777037
26.643147056015355
26.6959333663108
26.73726323980176
26.783699743095656
26.81265102610312
26.82730851221067
26.862012504876848
26.919316717197958
26.966310708571758
26.99535041701898
27.04359883486026
27.089412493772965
27.09563058496949
27.160142592442625
27.18255083748571
27.211716867811877
27.268930723951012
27.30230591528392
27.329247526768647
27.375098071661128
27.390105316875427
27.443971528614238
27.459653193706874
27.530330732498
27.542467614901692
27.578587979687416
27.59250415744303
27.66601065955521
27.686724024927777
27.73608672678155
27.778002928956944
27.803179774557744
27.854560792892272
27.8860599145693
27.91630635531939
27.97060199028221
28.021286980535272
28.06509283501446
28.154989265407096
28.18879189198073
28.208644302239733
28.261366435251098
28.317584467647567
28.353779545787404
28.39076162037705
28.4273966690237
28.455043908491106
28.508779044915393
28.584784750944593
28.60144721262696
28.633618467665876
28.67938093149389
28.77075743416121
28.781375499807876
28.85204939853016
28.875445177575966
28.920546717898205
28.937065128067974
28.949668321591687
29.028352182950584
29.068566848988798
29.14594103865208
29.188746451539846
29.237138349304395
29.269417122923365
29.289457162232694
29.396336761275492
29.4332803723485
29.480406552942352
29.538359796031852
29.55702588225312
29.62878787773872
29.642954556132644
29.690514332272144
29.737270484855948
29.80389964101264
29.82933054040437
29.893363628951374
29.927533985932453
29.985259612249607
29.991140399779873
30.100957961821017
30.12426005979831
30.192492136304264
30.22872988057507
30.279395787402873
30.28573743569159
30.33060654879192
30.384409262110445
30.441110705922192
30.483441897950488
30.52388164823084
30.59663019672997
30.631433823325533
30.679156255245605
30.68835848694628
30.71453403168649
30.782765232858615
30.803706759379487
30.883068474641245
30.953299495046576
31.014013768970955
31.048344702717937
31.07465226438398
31.188842905920453
31.209963172617385
31.228358104534934
31.249267677622694
31.357822722110864
31.39703854026478
31.495617150233038
31.528319062819634
31.57178998526734
31.67303911886638
31.70171391657741
31.781927258935287
31.800737000029304
31.828448333271066
31.979982754495573
32.03002396455629
32.03963236474378
32.12063195229947
32.15044489837037
32.197078365591345
32.29604429667667
32.308983897395436
32.355210341068094
32.41011348769585
32.4493382191752
32.46357597825984
32.54279330166001
32.63046268152921
32.68022517525447
32.752035095616215
32.78277568868467
32.93201664287509
32.9819918038749
33.00509049875276
33.129221270428296
33.224304954305964
33.25165425439126
33.3823084556504
33.415356765388246
33.47760973738669
33.547646178791645
33.71901164915974
33.729709810500395
33.77732740519985
33.801909518638276
34.029904836624254
34.06123341748429
34.080944664486154
34.15305679563418
34.22995679690537
34.30234026649551
34.36325303561722
34.43665617529991
34.501497448898945
34.558997308342164
34.62886138421004
34.69017203208834
34.739059807151214
34.833674265768686
34.91256696836319
35.04882713840693
35.191826775836134
35.28321555225011
35.49793529840188
35.52837846452642
35.547604583135374
35.66141811680945
35.752942394943965
35.861763034838596
35.91228621411991
36.07492880641464
36.12036882785515
36.289275424304215
36.41688788886703
36.44702036880137
36.5762165250707
36.79215689687118
36.82344989841477
36.87605831074387
37.018049815801106
37.1542361793313
37.25453787586426
37.472013925781255
37.71632230640214
38.11825116926317
38.355068476126675
38.46372963014882
38.634929057545655
39.158814111831624
39.993270403331934
41.03649992935218
42.23703784684013
46.02995315138586
