0.7887557043967888
0.8959359930205832
0.9443753523888393
1.0378967153277876
1.1249422117466812
9.962223450638083
10.223748219937914
10.608313753098487
10.763055725475716
10.802834525438596
10.940090585376113
11.237408721320602
11.588251279191502
11.604232604061776
11.783199064673944
11.878683993279605
11.994029776628299
12.025434814934854
12.254220623686924
12.29911725816413
12.349290407042101
12.448541121539686
12.54463156018669
12.555990453652656
12.599310250852666
12.673612904390685
12.708764630219845
12.76071345283394
12.867251851660894
12.926884909446594
13.036455185030084
13.228010039006298
13.297957563360407
13.393975255204353
13.508212294906965
13.516505967679189
13.599391419203567
13.73876463274775
13.768039886431804
13.793983887170198
13.817513640564423
13.861654212989421
13.875045738614158
13.925771208177373
13.96551631617981
13.992621311534046
14.02908366510797
14.061949642205564
14.196235579251931
14.300786169467624
14.3230293894446
14.397238136481743
14.46082206730676
14.489399206717485
14.535224541352058
14.623276015256744
14.633677460080097
14.710550644893374
14.726964006405169
14.76817310927559
14.816325671099042
14.857053798733517
14.892176092409517
14.903896802944054
14.933713886812575
14.941216662843269
15.004443928758237
15.064728056420403
15.08881177751847
15.12530838725051
15.181600215332182
15.198592208788192
15.24944433435953
15.301353584687071
15.369648766398965
15.397329587172596
15.419210443498358
15.43432280164794
15.474515504715498
15.505148667636801
15.523080635999792
15.547754742554574
15.588874709230444
15.658353635458862
15.66635531326316
15.715822306483423
15.760856470107077
15.769322885274226
15.845730079203168
15.86768557075235
15.88229496130713
15.94983783524525
15.990182314200656
16.041203924557845
16.106051841025437
16.20179430890346
16.24695677782976
16.31462704424163
16.31803484192647
16.341210259421807
16.398109977556164
16.456426457703206
16.471343807919574
16.536911664217524
16.57308059478456
16.629514020498547
16.656205081082216
16.686647929125552
16.707979638035344
16.743545583515907
16.764358035218876
16.797233521334288
16.820024274410763
16.86802317696981
16.92372853522547
16.988583471374202
17.015015092163594
17.080636186129695
17.113042507642774
17.212649555107337
17.220234152468613
17.24999117285296
17.292732347119184
17.35222582454711
17.39290305901313
17.445439220837923
17.475320129108656
17.49232049497428
17.50831194231519
17.544469651824826
17.582195101965553
17.627167095184113
17.669035799802508
17.68773593572451
17.708765686040135
17.778397072039805
17.786181935965615
17.83167432689181
17.87264690947961
17.907590661151723
17.928572215959594
17.95310483257202
17.98627085994693
18.016199194853144
18.035949142433438
18.09965677029375
18.138112355692698
18.175740296507005
18.21261127262316
18.292864557927928
18.312878564983084
18.319235231085077
18.36529964951314
18.402920509058053
18.433870398923304
18.456926703168513
18.51548547774131
18.517423041331792
18.538119799785072
18.593727906186068
18.643059571027944
18.681600441683617
18.725953865895637
18.733880110822753
18.778542473453594
18.799900441509255
18.84962077390765
18.868045625261274
18.90917639022619
18.925057145506837
18.97634613505036
19.01583099631413
19.04259880699965
19.080586202095382
19.103889574277687
19.150394161273574
19.165215825201212
19.184062919477004
19.250527127747134
19.265523918149924
19.33074421911058
19.35049688924732
19.38822868024395
19.40317229664398
19.45184653041806
19.470781388625063
19.490079725765092
19.537118877563167
19.591198706147384
19.61659310029319
19.64813824378931
19.676739056989817
19.71227374377291
19.73534011895995
19.765147218070254
19.785334820662527
19.819862346541004
19.854533953596512
19.898781039294235
19.902816054098132
19.928118213669354
19.99007099488335
19.99911188139699
20.04091716786608
20.08819529774116
20.091965612094913
20.169030574994874
20.188949010043462
20.255419177571504
20.2720393257957
20.322656110143747
20.345678225851973
20.37077147307573
20.427179767394396
20.467494437270265
20.475826211321394
20.53182395522287
20.55726043600266
20.61297871218176
20.63240915730336
20.7058613699601
20.718754135606545
20.76223902216782
20.797927972955534
20.798637090862233
20.875116147779973
20.905890155622032
20.946981211016535
21.00809414594399
21.028140759315153
21.039488143208207
21.05512072543809
21.09473660526494
21.120027132377686
21.13903810544266
21.184032644131122
21.194480573424016
21.261129609254954
21.286663891997648
21.336330866917518
21.353640757406787
21.366539051721958
21.405833210618717
21.459659323156828
21.483185124475753
21.50846491441594
21.548919466325586
21.555388569621776
21.58201102669261
21.631528842203217
21.708104263474205
21.736464627236032
21.753354691790314
21.81864337380257
21.824276652299524
21.881500329678563
21.923165744046663
21.935317917169446
21.949676361468168
22.04238518718769
22.066003415595585
22.100798257140227
22.155946335336377
22.179808327483
22.20079460577912
22.242670230309997
22.27864832825871
22.287636828388788
22.30692429727782
22.377535639131892
22.392392131768382
22.445913909533253
22.465695668970135
22.50131911349907
22.57540563805884
22.61556759950215
22.670854693592688
22.689795135868053
22.719485668527938
22.782556976609264
22.817149838626673
22.83459140135927
22.867950468750546
22.91695262187597
22.93441772894379
22.959880896894724
23.027870547378523
23.040762653268924
23.06932084339713
23.12102354458878
23.163241928014433
23.185836013337802
23.245552182204055
23.256874373914698
23.313406053993997
23.362782422235686
23.3874161991786
23.422387578483658
23.468787184450896
23.47559917723559
23.492440698870595
23.523534548221427
23.547884399965554
23.600621686097814
23.614131277015062
23.70092639882581
23.766671936561746
23.79026030134769
23.824725431348156
23.87744421494705
23.91185308410936
23.916502736934152
23.96760557331799
23.976134417257942
24.01290323699443
24.028983604879276
24.07103407694877
24.086404759840796
24.108739744635557
24.181006812851166
24.231679077678745
24.250544164898724
24.28740441493078
24.311754407565807
24.360691942976434
24.385862697724455
24.428665384944342
24.488527202490836
24.525759549629658
24.5391308642847
24.54569633707431
24.576890014417906
24.63769261285744
24.66917869388959
24.732369210347716
24.77354514694751
24.784324295594
24.81984942068822
24.865137583814697
24.922533776135758
24.978703457244613
25.034579435040623
25.072441047911195
25.108040069641735
25.15686920203153
25.17346545370153
25.209544046164893
25.24438925330573
25.267721959941777
25.346323803440253
25.374611082155862
25.4178845239708
25.480039827116173
25.500687294508587
25.54747779646417
25.559482182736343
25.624828342404932
25.655234557121183
25.70258953868058
25.75794414106198
25.805765317882425
25.822029761806938
25.890260670155016
25.906698426430694
25.951489889058983
25.98372951532001
26.04247061955879
26.083547899808806
26.11986757381255
26.136361806201524
26.19546089086531
26.24735022315322
26.286353525811677
26.325057390947613
26.339931918414607
26.368921897133834
26.432141452610672
26.470569033891465
26.50009192411683
26.52621658837058
26.593474258079382
26.648112429968787
26.738594688529282
26.780359884316184
26.82268878139393
26.877671596681868
26.89993907093876
26.926310387981946
26.96826028369369
27.002516002996202
27.020321289938018
27.115145438044674
27.139129246830755
27.202849553593293
27.216882322086043
27.25356346563664
27.34016229490645
27.382934395713395
27.425962629514263
27.443881061009115
27.553264472866825
27.571909249463687
27.621659264849086
27.66211702415986
27.676245682686577
27.73499524999657
27.78413019484931
27.827448498647314
27.870105757197113
27.92788279538642
27.992020258198362
28.0512801510879
28.07946603089437
28.104716922048734
28.21730537370028
28.243930445384812
28.308241972572024
28.36148924848848
28.399421482405106
28.467976828821946
28.49984330143026
28.540928083701022
28.5881469123949
28.62932779379457
28.65856474702743
28.76180679878624
28.766606006384084
28.837671400238023
28.86343509437922
28.900842010263613
28.958804632621913
29.00828332290499
29.026320692529485
29.138398683503713
29.233020586025326
29.264719188982816
29.346220795430344
29.375146562411086
29.445608011720427
29.469832895606185
29.478984190897528
29.553195921854986
29.613690931081823
29.62345738091334
29.712806847618253
29.81289767020633
29.898048764764575
29.92182520994981
29.977647796293898
30.035186589762343
30.08082874810062
30.13074046242582
30.260672404683124
30.29567643387124
30.319428261167285
30.389207332429727
30.52213964460667
30.540643200272417
30.64119222342883
30.712371021466446
30.827213978121712
30.914164805078652
30.998924642239306
31.042098727438443
31.08462951678214
31.18950167586423
31.305908349762632
31.3880566365607
31.452338153606195
31.549754446124034
31.609251340200082
31.63721779447914
31.781116232789778
31.831154730110278
31.944012916212433
31.9770408274473
32.072970406184794
32.11790283475354
32.16265712406719
32.2043524467694
32.273841574942125
32.49801223164291
32.53196501470366
32.544616106424314
32.760558567228074
32.81141621079729
32.88669745588506
33.071696450662024
33.20470181686549
33.323950615234764
33.58913779121317
33.852861261629
33.90706517168651
33.970873788113096
34.18321979904272
34.26567015529242
34.725144621331914
35.23539235811148
37.973108190893846
