0.6883883186362382
0.765313635037818
0.9084964808975301
1.032025105912573
1.1834263316115323
10.233435956031718
10.684719117223084
10.732570248523064
10.951934441347879
10.995550778808314
11.207294060151707
11.49568898294694
11.549856447147455
11.683061479863388
11.750921304619457
11.801227864505394
11.86820251710753
11.89925390570022
12.047076382109767
12.132082142368754
12.297236216418462
12.316951883992205
12.36046713568188
12.42775152960066
12.509724505132413
12.531275548412532
12.5548074724211
12.585804845239206
12.695922123837539
12.767573611420357
12.83311626689046
12.860869912898695
12.881320628249377
12.983192145335515
13.009581182474196
13.101011454004691
13.149829411075926
13.180400146177874
13.35510432451811
13.407318761629531
13.443196094600953
13.507373216360039
13.576657030121233
13.658445879746434
13.69417319364402
13.744517456979061
13.790356465331747
13.851940208178634
13.900064263457839
13.953428311782675
13.963278258704218
14.012808134471648
14.048821450737124
14.081588075136848
14.148625267284155
14.194171195904143
14.218420580361494
14.247120173501798
14.312614197562532
14.330175479699978
14.369295058008012
14.427183438078892
14.479036505676325
14.588049544727664
14.62227886999383
14.677595732077627
14.69746127257437
14.723639749049445
14.785691705424963
14.837608997942437
14.888389748187198
14.89954808779828
14.935284995579636
14.95094276155133
15.00001469235735
15.063856758278291
15.07486656571136
15.117159982086216
15.151862626735925
15.176775510444783
15.256951264007242
15.272393208170744
15.286814062823689
15.323579345559654
15.333370056508823
15.383080001328366
15.417434044146807
15.478694624868758
15.536926377262912
15.554267066564869
15.638008312668136
15.674594799797482
15.734670267759396
15.745282548055958
15.766687846241144
15.803996641659516
15.887660905234085
15.929080656776724
15.985581883717018
15.995937461791746
16.01366341402876
16.038259092712334
16.07102707970243
16.136139779749268
16.144497747797097
16.167294088836435
16.219598038227645
16.26499958172364
16.330321399058565
16.350450044677864
16.398574834733033
16.417399914602708
16.444720252575213
16.463217128495906
16.497028221413387
16.575021017341676
16.60268817061758
16.633190232742542
16.665153685053426
16.7088732061765
16.727183979142982
16.744415746353067
16.768352299496566
16.788193713440542
16.85285722415294
16.89066542617711
16.90498798280589
17.00153969111877
17.03643767776731
17.069584322069982
17.0900714805639
17.139344728612276
17.16594308479657
17.183221334818946
17.19116902777391
17.268204706830684
17.290940183011273
17.39804686432589
17.425509739521523
17.449285556641406
17.486783127897816
17.496317353925253
17.54502072896881
17.575452060554895
17.597188351903203
17.667301319577266
17.680329692072295
17.748350362995144
17.803839111148577
17.815326147380837
17.837499271091044
17.875311405061506
17.906582525617043
17.964608207395813
18.009214767364217
18.026652698294267
18.063638460564118
18.100700243483654
18.157604138894985
18.213238986701416
18.221349651387307
18.26583273817296
18.27922898580664
18.31556008420631
18.342380989225436
18.370682963707015
18.396452433186838
18.46237000465509
18.466517452084897
18.47981642985816
18.50108430843291
18.562287960389686
18.592826519910183
18.651920937038057
18.68124215262855
18.71003446999389
18.72100377215836
18.766249009477093
18.79022374535244
18.8543263101222
18.879622251744753
18.92408788381555
18.945682280963293
19.006571595131124
19.028759074481915
19.059267567292896
19.112614397734497
19.131850102079312
19.174725988319086
19.18789772247236
19.201372169281722
19.24930194815455
19.288331121591845
19.29258174163246
19.342811669254456
19.38720176607461
19.413386551064598
19.460068173150372
19.49441173821642
19.5022196945512
19.51444374477956
19.582223857041853
19.62428341604766
19.64952816631821
19.684131192012238
19.742052200021927
19.769896079886607
19.8013108888762
19.82057038789008
19.86078886634373
19.907944266895626
19.950028720093105
19.986691538992773
20.029038205306424
20.076899829068516
20.100889224432382
20.13521133879701
20.161517283929424
20.208979626304416
20.229012274734206
20.271243827437836
20.35565090188442
20.368769029431117
20.428720973704817
20.44553565833297
20.47613797594023
20.489833154026194
20.494336688841976
20.535360260309275
20.58878599118824
20.631339967745827
20.6545097643184
20.673369049030555
20.713979446429477
20.739753830031205
20.76025280456161
20.798776919313752
20.822559292278573
20.84873730143607
20.888367840310377
20.93710311970645
20.97092986081915
21.032645811976025
21.045671886230036
21.059522783167267
21.102747994181748
21.140650810977224
21.16565980879766
21.18901007233418
21.201212120419736
21.26444041319652
21.27195694359772
21.334434258379044
21.362784510663364
21.373487889418087
21.41796142170913
21.446128801407927
21.46778336277389
21.501903628282786
21.529908700180542
21.53927616943523
21.61519946727226
21.624571450965327
21.62730627077113
21.72158888615684
21.737594096684067
21.75802567476959
21.77486454485526
21.86966840649021
21.932207603771552
21.949464363983882
21.958539077443714
21.99154674876378
22.023203214282812
22.034222784671094
22.05066160047123
22.074678982241007
22.153312795604943
22.16009519078114
22.184155917340945
22.23015423589267
22.26470469619998
22.27064742508782
22.361331195907386
22.398433707813915
22.416115999922056
22.449796461649747
22.506910249462322
22.549450501440486
22.570704000084408
22.60042724897888
22.625994640161995
22.70871375925089
22.74265614165228
22.758931488994417
22.829636954053377
22.83330116126187
22.91560226833856
22.940544224935792
22.97953316465967
23.005378231043387
23.06635142059079
23.10821076926199
23.14566162565115
23.149908269408485
23.16654534400572
23.221182772108985
23.237449202053952
23.26560693654381
23.28260278034003
23.350782411527156
23.389304510860153
23.417647304626858
23.45704207904301
23.482751841363328
23.548329057568548
23.60070048890548
23.635144063836734
23.643996410572232
23.673889867700083
23.684473124748976
23.76829925272831
23.796652498844747
23.814442912503004
23.82255242173323
23.868882001852278
23.9528612784267
23.983019176161008
24.035642589727384
24.060791608003875
24.098337396638716
24.134598038797407
24.17905936157179
24.19841360513421
24.24779922921298
24.2787992485439
24.338137809817546
24.41140461656933
24.436054318269942
24.471757080075534
24.487697490526024
24.527388280152604
24.56062978376328
24.59362287893052
24.638357530214833
24.668561439407608
24.688318703987317
24.728762673408962
24.749835950743115
24.81360723448881
24.822901146316863
24.897271144585808
24.916444303457023
24.926284636930454
24.99785457999638
25.01168213921988
25.042329825921495
25.08239643542356
25.14940996976617
25.188624599317965
25.24074231364422
25.28914347572754
25.311172040942445
25.352355088263256
25.42076245979364
25.441951771596152
25.51914576875519
25.529735954606085
25.568964192749675
25.60632963190292
25.632584813845043
25.641506494547514
25.67146010297251
25.677313578208416
25.774114744416696
25.799767049434816
25.84250250513414
25.875003474387658
25.88729242513204
25.934663421934005
25.959840032462242
26.04399368707168
26.100962675829244
26.12909989462102
26.171382915036435
26.1808103967465
26.266023329205193
26.30524462274739
26.34806890411083
26.41103355687046
26.441774113107783
26.44628784027001
26.479961280732077
26.52908410122225
26.605059259542493
26.63302162420921
26.686962786149415
26.725703992416932
26.792850351999295
26.81655984236026
26.86829258278548
26.89762398011214
26.945717674183477
26.993011364078445
27.027865191286317
27.040943298386303
27.119835064517297
27.166227666201035
27.231396937950727
27.273858862036647
27.289998288180985
27.351899600892295
27.400711570516766
27.4661875153628
27.506763249713423
27.54791046149878
27.595478327620974
27.62865422632618
27.69161994700153
27.757990029211353
27.791408060258707
27.81896394504009
27.870088576758455
27.886148539642384
27.968853863323268
28.01965414109971
28.107128448183605
28.12682976825301
28.134564401332817
28.17827660291837
28.276875294251635
28.300078142720135
28.327246822878635
28.397600690451316
28.455636930599656
28.51192907496261
28.55695214530311
28.580927504937517
28.643419276176285
28.686181583994717
28.762765255516847
28.836604026602526
28.910550350144028
28.980146400273924
29.020131215907327
29.098562804194327
29.126756956511453
29.21882806558545
29.260721817513996
29.325577828331923
29.356104927839827
29.434552291207577
29.495164790733117
29.61230290800077
29.679927123109714
29.72216698612353
29.769321238005457
29.818790507410938
29.89752160253991
29.99459834590193
30.068842039987956
30.128852707353875
30.192573367551304
30.32629839531594
30.360524894858674
30.427943355763233
30.489115776901954
30.62166101415373
30.659265408123378
30.68267536395072
30.710932752400442
30.7894442097071
30.93317805302725
31.04625936263735
31.1260182210937
31.162207232227566
31.256644710771845
31.361065878388757
31.410605837551692
31.493423050502216
31.54760140452177
31.594030953754505
31.76586506029933
31.77306272139705
32.01283612378519
32.158227865584976
32.524171304838774
32.573255727465195
32.66763971284308
32.74583359549342
33.14094521119518
33.21745676553769
33.39312784216278
33.5266310520526
33.9212031474629
34.06648425547618
34.6811147577557
34.78123934852572
35.333736920356074
