4.176824640213048
4.287160172122419
4.454281202174315
4.654281186489455
4.914921174991229
11.106385736577085
12.108391589616753
12.812942868893037
12.855781454842257
13.502206821455136
13.658702554742268
13.673870457090018
14.010731398156857
14.121140515554194
14.21586355014943
14.280974882214954
14.371823047357374
14.447890675272548
14.493340939065769
14.560482479441577
14.743831945014941
14.888147290408988
14.912039215713142
14.996296481240154
15.02261231111707
15.058508248373593
15.220207497565372
15.280395906228293
15.32239191349449
15.358454417602138
15.407567302700468
15.48810479378484
15.545425403969062
15.610182809624545
15.692918724102976
15.762179132894177
15.813244445616325
15.926480219658353
15.97827444686655
16.054708866347124
16.0836786280516
16.143914301626474
16.171437705485648
16.258747500907653
16.273576515069355
16.326894980466307
16.412346435704688
16.429653887162097
16.456271986760346
16.531565733605138
16.60527769971458
16.679746308497567
16.717965497718975
16.759053249622156
16.81720007928173
16.869219725751403
16.905319892277255
16.92360221334051
16.97468766396741
17.06126837951299
17.068311217026448
17.18546995978904
17.22564704663241
17.24053924146787
17.244486058627682
17.369614400641094
17.412242320946
17.472768583902496
17.507313715757505
17.55626804127017
17.58420138181539
17.63532778282748
17.697444010823858
17.711370785550976
17.79069602143619
17.839320731233517
17.869793068690143
17.9227617513395
17.994093129987387
18.022869922879178
18.053749455129825
18.072486747251922
18.167740479293435
18.186930417422364
18.259838508087608
18.302671870668114
18.30610220255482
18.347446684315923
18.394155976240036
18.424771389554476
18.5043881553931
18.520297115391635
18.60812104180587
18.643854843756802
18.691161068381597
18.713647408004935
18.764033035287955
18.775833794790312
18.821951769928567
18.83650961584752
18.87040390942792
18.93871885093156
19.036467562233568
19.04517461887921
19.09979403009271
19.112449649564063
19.156739850818642
19.193936652882257
19.24784714791078
19.264970277411777
19.289075225594928
19.333309320400094
19.37385436925937
19.438095901963305
19.443386789175122
19.479602692533064
19.522783472861573
19.59485687333385
19.643777726590052
19.652119475709192
19.666516485962045
19.726534806703654
19.749016054596915
19.790488031277782
19.878579600294753
19.944158637674196
19.971198324197438
20.010217427798686
20.01737291339054
20.087376749698233
20.111033325928062
20.168918463726605
20.194798364926378
20.241096271805
20.25905019366602
20.329798487255413
20.395147535467178
20.40585122417588
20.420080496473748
20.51540262739557
20.551640006518557
20.595770031027868
20.608976907533993
20.657883145222964
20.713460159644352
20.73457990356981
20.764613222085796
20.804169883474636
20.859510750890628
20.890673812157218
20.91978248479681
20.945705602292104
20.98002977496273
21.05710573311861
21.070823339396874
21.134929993872177
21.13941613993763
21.21531193388661
21.22806144742436
21.230625831232434
21.275537841778785
21.328659913350858
21.35587740344541
21.38949385789294
21.476723449215896
21.492598625604874
21.505233209054325
21.544695840407226
21.57597333351955
21.611939324424288
21.655320804880667
21.668148147093365
21.742092536422746
21.763218193868596
21.79356249749869
21.857161967673267
21.878294505392144
21.929640918487834
21.95743048350146
21.995362857571
22.001244865228955
22.045880751837544
22.093917026098005
22.161937168989052
22.16439532695843
22.190662811704016
22.26824454611585
22.285186892160375
22.293865602365464
22.35560090264091
22.398374312180444
22.441723879134805
22.471077033341263
22.52705689182052
22.577043255547444
22.604045930889374
22.642428066057352
22.678137256871846
22.697965916783673
22.765698087635858
22.81084435044964
22.835122997235352
22.88695459099193
22.899687367251705
22.927457568072246
22.971908775595516
23.026788010823843
23.045837167138085
23.109916373689934
23.12364219082629
23.150756011464427
23.191098755979805
23.21586807463859
23.24012517829863
23.273513237260453
23.331630699652905
23.3565273836302
23.40194816259906
23.424181314734074
23.45671825114487
23.541714561677946
23.576763444524758
23.600427462260495
23.61459923643344
23.67033925954391
23.708332341161768
23.729315304449404
23.79162644786753
23.80297556161111
23.834949962432315
23.9053270497521
23.950823661507552
23.96822155094357
23.979402916746174
24.082583967140796
24.12454445746087
24.130471807303447
24.202516752639184
24.20449504727856
24.24564903350309
24.29730845423299
24.341780178572126
24.353559993746998
24.383275079804335
24.445249669110098
24.460762340246298
24.50354650504839
24.536696716449793
24.60003155402665
24.608952027096123
24.63441970965601
24.648684782330044
24.66542063755564
24.718207040259863
24.747108791245257
24.77899202472187
24.81497721828998
24.82967649834907
24.867724560063646
24.896863558249134
24.91617934316303
24.99152191603025
25.027402372177008
25.076100771659533
25.09208674313826
25.121030352788118
25.20558553956673
25.220779294673527
25.249807373982065
25.335691883041765
25.358381690151592
25.391442663974075
25.423140807023177
25.46922415632436
25.501903533463175
25.538987459067137
25.600349747331137
25.62550835655477
25.694877744985174
25.756184079596228
25.782860625261883
25.808519927696775
25.854228154622295
25.871650593502554
25.924892928133747
25.941779939113673
25.994198344938905
26.00417259749624
26.026015605568062
26.079908741195716
26.114873652471786
26.13151713308914
26.259098831552983
26.27215403825937
26.31601763149471
26.34866039394174
26.366538295668324
26.39725973835018
26.434242599964804
26.480555821713583
26.52280529406389
26.58577283357342
26.63202035151469
26.6468937886891
26.683610539072237
26.707530493213593
26.75822915558423
26.773746567490647
26.799429271993475
26.898212146372195
26.92661887840939
26.970039419772505
27.004825901078032
27.035664134245135
27.06268845231491
27.086202427145913
27.117095310110063
27.203616388399464
27.243550422121164
27.25875225448565
27.335862518630737
27.368690689459026
27.42910340962586
27.466042521971943
27.53064376429469
27.538126115102834
27.590669382350686
27.6383231125909
27.649943758799893
27.679163863606988
27.71657238971669
27.758055906135127
27.790233226873617
27.852214068056934
27.85935807814402
27.901441925499945
27.965925933667876
28.004710080923008
28.08670514060443
28.101255824668918
28.178931929153404
28.206632448433623
28.226056014748632
28.278122394050254
28.2914883254631
28.367255959297083
28.395129986737114
28.416666487677652
28.464832720695618
28.471001300492812
28.56401836477819
28.589514202107605
28.670722769939076
28.68840210769111
28.730255307609685
28.79162742731678
28.877324612256942
28.894518993591582
28.940768298214756
28.955013072642217
28.999368774521326
29.051826137520578
29.08069707235546
29.138366184898327
29.16323004332005
29.17851858233711
29.23807368844152
29.263575961807902
29.29277646192168
29.39904150943101
29.40648515597942
29.46107125731744
29.523079761650212
29.541868157813344
29.586914633891947
29.617986255086578
29.65222660966551
29.72857533387354
29.800070329562118
29.81590350440027
29.865751677311987
29.891341562264465
30.012976615472816
30.058176387872265
30.1018991759971
30.127080010681844
30.14591173332837
30.188307483733908
30.220697055670538
30.289569409686294
30.306848369414606
30.388241865815637
30.441001091362896
30.50028946375534
30.510058250679478
30.587427279455746
30.636976289706954
30.7109821554582
30.7651056586145
30.777323620997052
30.82772223375638
30.840162424425603
30.918860809291314
30.9810272238408
31.082191718342518
31.134642734248303
31.177126420464393
31.22955378705147
31.234142430975204
31.269307201977362
31.331627573873757
31.36721567590938
31.428593112126663
31.518602930789562
31.5458539915412
31.653190676328766
31.6965089589154
31.742031835460228
31.803593024349006
31.82037641700188
31.866138381357764
31.92765223376405
32.01038365760604
32.08535955649478
32.102033720644926
32.17878235322428
32.225765689329045
32.29151083102419
32.3081614580698
32.330600733308394
32.40633223651824
32.45776288951088
32.49090900780925
32.50958471657856
32.61784838323379
32.680282703286395
32.733822876251146
32.77982083379302
32.822613595530626
32.89546017244796
32.95525001942452
33.047365078000276
33.07164020486073
33.144880310115624
33.19948556578443
33.21799258580252
33.290305915380394
33.38411672053427
33.47088024609477
33.560550629805164
33.645466596594034
33.67447814692468
33.802633802196
33.87001537346065
33.996516038180125
34.041188684705645
34.09139743901994
34.14455322142026
34.22567555208591
34.293467971642386
34.377199751919086
34.39768343354297
34.50175815567547
34.51771823695699
34.61638398873737
34.72471901957394
34.81800300839751
34.93367446871782
34.97298445270342
35.04506835987979
35.1122622732073
35.20424232240713
35.26703666550932
35.287694374054944
35.4555229403151
35.53780811641741
35.668319972019766
35.718680160333086
35.79581343068369
35.97877196826215
36.201891373030875
36.24667141852324
36.369209830390034
36.42559559876913
36.6421011176798
36.67729084575897
36.789935333786616
36.88463286148096
37.06492296577362
37.55614000650966
37.72354154418123
37.9650077152264
38.04901778833978
38.14692150727362
38.441105025974835
38.96613756089042
39.380423253935
39.77327868571179
40.0632384556252
