4.411253167778504
4.477146073742155
4.674855713880847
4.705758133063645
4.844377552058046
11.870162850293234
13.080653118938164
13.4546895946881
13.67336110989334
13.907861717164637
13.96465140476879
14.021526760272243
14.178479333082146
14.2836318012758
14.380518941084707
14.40581577129467
14.497398571127702
14.551771588847632
14.673704009697072
14.758693704817041
14.898931369621677
15.037972715625301
15.14547159283382
15.204863828472314
15.25079684811952
15.368527418653834
15.422210099851098
15.462719251224202
15.514702623981194
15.622451988866692
15.71086598010711
15.800585168770317
15.899405764697157
15.927678018733141
15.996158220561979
16.10091127963135
16.181370202051202
16.203887222523214
16.22684861674409
16.30156835670192
16.355112558684134
16.404649489538663
16.457608204890754
16.595127155131767
16.605401398525984
16.648043198000384
16.68477186709796
16.72754222750608
16.78249318406636
16.865549237792045
16.896744357765023
16.97290098743496
17.006318826452354
17.062983835801457
17.13150842416989
17.225337150880097
17.250283977089953
17.31146718547547
17.361795942685117
17.37076956584383
17.40317243481771
17.43897186117322
17.480285823610448
17.497073158077548
17.583414863340398
17.63925377958877
17.676992923987775
17.72590735758214
17.751824226759773
17.81789747121717
17.87099053519343
17.899773182084996
17.955233612588444
18.000051367583485
18.022650747224638
18.090336805934097
18.10278841715606
18.16003377596365
18.173668721001256
18.185257224199287
18.314454578016644
18.335054683786293
18.385194826909963
18.42688715293836
18.45081340192732
18.471146294143264
18.535597282981485
18.55202618595715
18.590176646700712
18.619158802367195
18.652455384113726
18.684962990840297
18.738454097538654
18.817408539754368
18.8440598969413
18.873005315366765
18.926396298315986
18.976482056812397
19.006734845578162
19.01821052183633
19.051908635247432
19.085065788328688
19.145453321825247
19.196219235636278
19.23581331476522
19.31659800611318
19.3270488549813
19.400731097721838
19.427816156126404
19.450630637920003
19.48240717161359
19.515779179701255
19.583882835156867
19.624360967580092
19.66123545717988
19.70139918445454
19.72452950911208
19.75148803722363
19.79652911263514
19.84631949007139
19.870753850892896
19.937862321827158
19.944032317825243
19.996933694801243
20.00786111343389
20.056377726932702
20.090347895853288
20.14129352669837
20.185992596600492
20.25106272682443
20.31844196346628
20.35844628263112
20.4069789103126
20.43079302181099
20.46899561012456
20.496107799128353
20.505440181583225
20.521664292628657
20.57092635825594
20.624199701098544
20.673565728117765
20.704296859274994
20.717428774498458
20.762755780492952
20.800779720923405
20.877210629315694
20.88927582406697
20.923194640484844
21.000548071159333
21.04651487820812
21.079965150636323
21.12412041405075
21.158653914664065
21.215643863391044
21.255090841667748
21.26863516860816
21.29317075460057
21.337726664118332
21.393360640829986
21.462020182083936
21.478854536013532
21.49746373281339
21.5730611604301
21.587489244250058
21.595176962846327
21.669664539295706
21.710887419846593
21.720127398151106
21.727955706007982
21.801895024287724
21.840131601217017
21.86903869911947
21.88867804943516
21.934208681914452
21.954223469696174
21.990940429261535
22.056474996704807
22.089859552410527
22.1010697136748
22.15688181030162
22.187399935568056
22.247152918872832
22.256732390061337
22.29166645114521
22.36094210761277
22.37398100298947
22.421737275942405
22.462739041765882
22.491314405277148
22.51720995160773
22.536103860411526
22.583460986265553
22.63746562289529
22.69414897555909
22.708559368101525
22.76652459239031
22.79064187676167
22.852699427303456
22.875952661329354
22.9032475220335
22.935540874169003
22.965797168722396
23.010405866139475
23.034805713498848
23.065083731527448
23.11459742899487
23.140103706958627
23.204489154453185
23.236574226054184
23.27442375730267
23.338944493937102
23.354435780535415
23.412674984941837
23.419332886853205
23.46205628556983
23.509887263002614
23.528550008724903
23.563724442432285
23.57571997873531
23.622721045077412
23.66426549390922
23.670608109622734
23.754706058225157
23.79474171876051
23.800428086383413
23.843552067506053
23.899556240663035
23.96387059563473
24.00538154463089
24.048182790848898
24.105427173192222
24.13416879739702
24.169885266479103
24.210702240648455
24.233534573219412
24.270719806476404
24.315429965924864
24.330276488754834
24.343838402442074
24.40788080791855
24.409815111031648
24.43931985787897
24.483930781713777
24.549796716962987
24.58600303278663
24.633956817525842
24.643677614202296
24.68334621801108
24.7482829663111
24.80546545239148
24.83189015812237
24.837478716999012
24.877631503310344
24.90715546230536
24.9308836684676
24.94964268264913
24.999664635793714
25.072817965405562
25.098565816194593
25.13767673527162
25.197277520289035
25.219274599086674
25.294507660277667
25.31438215505819
25.345691866569574
25.37622812844745
25.41234419792543
25.4307301319469
25.452285558219625
25.49745925229506
25.52037421375501
25.541076464272376
25.599228181660866
25.633856971021995
25.66541364116056
25.684945227277595
25.74659896179616
25.791068397440267
25.825625179867675
25.845370849634023
25.872195171335285
25.931566844542434
25.93254522435961
26.010159538898368
26.021377673339195
26.055966697364347
26.090766388446276
26.146934423209835
26.202606618158875
26.243296768318825
26.260069113112735
26.29087111525603
26.34409726186614
26.396361773521775
26.40146508480087
26.475809848169195
26.53209630003089
26.559254652768608
26.599078950914578
26.61095694022367
26.639979736416905
26.68320382709686
26.70593331458737
26.775628832420665
26.822329595766657
26.861059357838588
26.897602856158482
26.996017472364073
27.01824051681223
27.09993845177199
27.122517987040162
27.164315497547427
27.166807123242595
27.20907552895365
27.232816505071366
27.247072135708628
27.25016444814882
27.293351819056653
27.407680229583338
27.429259278226183
27.432452373283443
27.55169371328727
27.57083586683778
27.63207316026316
27.66615234031625
27.71776670045158
27.749763128456127
27.826708394713712
27.840957330495
27.889525636594833
27.95260353137381
27.98684419331584
28.050624588910875
28.095234275106673
28.115941867315414
28.140809338975238
28.1914426561628
28.212834252815163
28.268583331739514
28.30722414967758
28.37650998060926
28.432057416352237
28.4526800320067
28.458013982366605
28.48024077786011
28.535856576847483
28.57243343515169
28.58862340794205
28.64649301239018
28.666961765036156
28.731779320874796
28.783937441952105
28.82992052761659
28.83502013237204
28.943766341278796
28.98535523620573
28.994707330701075
29.02006548104453
29.047536160350543
29.095218353255728
29.14095217002409
29.21595030366975
29.25032980546596
29.274552730393726
29.342561411882542
29.376428890260854
29.41379847183185
29.454355461755025
29.510403096919397
29.531893776234938
29.595961629424945
29.623616432899563
29.68041751779576
29.73070811568825
29.809226788659704
29.820086052868703
29.839359809437234
29.872258013832496
29.942080448410987
29.967722192895113
30.031521231884696
30.05187134102202
30.063485570230252
30.16254764587155
30.177258066971696
30.223161097257016
30.277837243591325
30.352480661461726
30.42148343320117
30.463997341834695
30.524664188238507
30.536375158527974
30.571988981930808
30.604061392909752
30.652961458294588
30.72706162015181
30.749135533932503
30.89052248599194
30.89394606317212
30.95365642077878
30.96849895371759
30.973765452064537
31.021387964852988
31.08651867457505
31.119680596550225
31.18772042977567
31.212869570171705
31.316952274425866
31.381561713957304
31.416158090674248
31.432176253718453
31.52674632687177
31.599215777118104
31.60509930507705
31.656511693800343
31.71170942882005
31.756137075945894
31.82314252470904
31.854852252879517
31.90019356610135
31.991085682020678
32.0620216105777
32.07176180840742
32.169307878208095
32.22944769607019
32.3209796311383
32.36359338962995
32.408112000626346
32.44543902792074
32.496202142502156
32.565280365084945
32.58358548198223
32.65303991239678
32.693189847614626
32.84261905332909
32.887765021845844
32.91729226181095
32.94806970741855
33.043312780098546
33.10339554401844
33.194097591490305
33.27427676403016
33.31158128947999
33.357880029289866
33.488140825991216
33.50195875346314
33.53664447259868
33.686102886193424
33.71177423649623
33.77325330671589
33.83172500103462
33.93316712921529
34.06038915883849
34.121369976552074
34.266028953300754
34.360245639098274
34.429493281436
34.47351346924823
34.56741931716323
34.618593781388405
34.70594202453016
34.772989985099954
34.8208946506056
35.10316782580046
35.16217914447054
35.187440851575566
35.27327908350895
35.34205287162343
35.36747250176083
35.575841799484685
35.64239499373479
35.69911034634235
35.72930406711887
35.85940637808783
35.9320440498918
36.07726254079326
36.14258418088405
36.238949178478634
36.36517838406207
36.43663016776419
36.51206013306172
36.62387005711315
36.66403455302984
36.8821727034378
36.89292312842486
37.00037679413384
37.201655983985475
37.44449619417518
37.56504539581689
37.70476199199912
37.84741447920607
38.05759546171182
38.24877641197401
38.28852264113203
38.541047129165484
39.262151625782025
41.40274346529729
42.956907088585226
44.264746663676604
