0.7497987759578496
0.8512769553233147
0.8970810151864336
1.0193862862260816
1.0208522419334527
7.403150371994937
9.181303903816783
9.32077059807353
10.123335445298355
10.825948709106676
10.901724318431876
11.315486908676865
11.44403389239656
11.52872640079421
11.65494873261865
11.853021697533809
12.00293800921222
12.043580132008486
12.159487242309826
12.241549504100892
12.340205474451631
12.397984166358576
12.452676866600394
12.516157886490959
12.617061035705184
12.729027631769013
12.797972542370678
12.804541853113705
12.901600640029022
12.972366431052714
13.050494119645192
13.096812783985428
13.18350333386555
13.229631843727342
13.2573698787064
13.340795431486733
13.375601748727966
13.423220298499293
13.459668945549975
13.483252856756843
13.585913472377358
13.701542203505305
13.849177876797091
13.916197602469921
13.951861907047977
13.975445344211675
14.010906318470143
14.04935110894295
14.080204616423691
14.119701075267022
14.176523834365225
14.205600307532128
14.242434332788452
14.255877086925734
14.331638802134188
14.352620194627926
14.377374092804843
14.455527023973609
14.491628192197574
14.503337093315574
14.597515154485887
14.609681769380042
14.660944343717162
14.746339290925345
14.76721334782315
14.804982889932557
14.851172518527054
14.869579781967996
14.903093136061694
14.913113630243007
14.981418821099046
15.002943994570172
15.020252685613956
15.058825657288072
15.104326071028972
15.132625303606032
15.165746924466106
15.199393106744187
15.285419724388284
15.297345888544406
15.346712956489844
15.410340116943571
15.436188357469119
15.497455517318752
15.553996627777627
15.562081146123713
15.62415345581134
15.680600139853544
15.731785893244048
15.752122341848938
15.791768452398488
15.847234861772497
15.889483325138409
15.940839598092957
15.97137263188358
16.045094387514343
16.07323032744762
16.110769199718618
16.183652640930458
16.205048289895537
16.253355155778824
16.280084686654646
16.32433405051482
16.364131262532613
16.409936963154056
16.41621402810833
16.44293295637428
16.47914374391707
16.497665759283233
16.544982817718616
16.567792009051992
16.615613543994556
16.658435409840994
16.679312272311865
16.695722670031902
16.727618807849186
16.772978545999877
16.803523220273554
16.81477716718747
16.89006640832257
16.89576871994149
16.91362091436916
16.96842071225664
16.99981319821038
17.025027963559435
17.070619604506547
17.13270544595619
17.16448051037338
17.186833824749044
17.220225509162585
17.23643625311837
17.28580148554502
17.322109765159695
17.35922235957364
17.39014374005108
17.39645065497776
17.480412918508563
17.50857181617898
17.537468882850234
17.55892179076024
17.584043604356346
17.68407308462163
17.70068777577891
17.756990223591696
17.789848258589007
17.821502211165587
17.895647716692615
17.914967073465675
17.92857323727902
17.9355934029852
17.984280913909483
18.001080904496177
18.024768203444772
18.099027597432546
18.12545150511612
18.167268102059328
18.187103536007392
18.2335243240618
18.249642015398667
18.283740384680073
18.33247102634371
18.36900983375315
18.37813040848234
18.404266626417986
18.436798997539103
18.44364936574303
18.494232267641785
18.532574554701817
18.573751026869076
18.606796071429212
18.63502801203848
18.70319826910617
18.74127342869146
18.784389066108393
18.82354845780977
18.878976468934063
18.946499441209937
18.96129772219123
19.01841994747402
19.039332611952588
19.089487329981388
19.105394263524094
19.167072656733282
19.195428179602704
19.23251563679977
19.299668736189094
19.32821715169924
19.360456300420456
19.38131127832642
19.408997240440186
19.445014189748328
19.485654606209998
19.51080853918894
19.52886448769469
19.548197716096073
19.59223491542437
19.622010188679372
19.63100211663548
19.676988152090193
19.720834915058205
19.75098432624536
19.767840369926784
19.80129487593896
19.821649320784317
19.8901207755776
19.908965941553138
19.94135624887938
19.96564177235629
19.996682659942703
20.044585831015947
20.065952617296595
20.11085209517541
20.140416504897132
20.179874875890572
20.211613551413073
20.24747439791438
20.28383282861093
20.28740285061077
20.33188305317599
20.355145741842467
20.427452609461138
20.467376543128136
20.494986419381263
20.51441251494142
20.597173246286502
20.645838566291076
20.65724111783332
20.687496214957402
20.779115938043674
20.797067660328466
20.822624815087806
20.851445147778563
20.917677171064145
20.930018301061455
20.96148195216108
21.012482480378736
21.024400206702015
21.04986867590157
21.10888025370544
21.127384603738317
21.177865469234455
21.217680000037358
21.250212755076134
21.26251270952305
21.29640255821172
21.310171343601144
21.334212126603564
21.397741709145752
21.466736990946675
21.494681964257826
21.511895147587655
21.56088200531737
21.595027179053314
21.637765635627527
21.66683141825508
21.679983433964868
21.73357930129122
21.73801498718972
21.78955492525332
21.80872843044035
21.840904249163312
21.863055172893603
21.87591341847076
21.93254455522152
21.955068181092877
21.99252412900557
22.017725570410718
22.027491073034284
22.063888740588208
22.101120093343777
22.13087108431268
22.189943882333576
22.22125275290592
22.269880736750746
22.311549916509133
22.346005660257017
22.35375981058449
22.391013340610865
22.474520837823448
22.50934498566991
22.525141193995157
22.58307518158737
22.613062357958796
22.66618573370671
22.714905831248874
22.756930152827852
22.819783747564458
22.856081330888056
22.866059925868523
22.933452935642336
22.943827375675475
23.053133200543968
23.06672538902324
23.109017234152105
23.13252539206855
23.1702097289399
23.21580368060569
23.2498597895604
23.27179956901008
23.336794266716375
23.35568642564296
23.384428555435807
23.419574829153916
23.433979204124356
23.454515376035033
23.53788913638387
23.550549979855663
23.580960652160105
23.603661232749744
23.622910806545114
23.692041130785746
23.72055480422977
23.748658620112014
23.789036933401952
23.85424218900566
23.883823414617694
23.925499202430377
24.000429842277654
24.032290271461697
24.04178922754444
24.093869302332948
24.13074267627824
24.15647654071042
24.20164169014756
24.244530797857283
24.260537181795637
24.30580533248154
24.3394677060938
24.43321401049681
24.442565786263764
24.476040298847657
24.525179280471832
24.553894251423735
24.590311589528227
24.628582490485364
24.708450293749344
24.720710629873253
24.754918720194816
24.795234251048115
24.84005850533529
24.879317881142697
24.891208230250815
24.917128649357632
24.957798625673863
24.993873390662223
25.058910937385313
25.065983708515017
25.100210768515414
25.13637333045099
25.177753017407635
25.198386708096823
25.23671783933835
25.274073924747164
25.303852220866233
25.333128107105445
25.4025222135237
25.431383783326435
25.471986263020426
25.479442266688427
25.511464139911713
25.62948153006771
25.670479223189137
25.691119299776055
25.74995526827449
25.762671030557105
25.832775845458755
25.88714615578255
25.914843608057943
25.989109224499572
26.004119631275408
26.04783350121672
26.109594646389912
26.134398575507298
26.171571755743297
26.188706104029453
26.25045294872372
26.264814634450598
26.296036943852165
26.353018435136736
26.372597645617216
26.419920118782578
26.434180936676263
26.475818871970116
26.534195480011345
26.560228987091666
26.598451631460737
26.630031077694767
26.69236589157159
26.723398574974084
26.87792150888005
26.95493475703542
27.001684097034808
27.01408635776183
27.109028428486848
27.1270906257633
27.14299932597721
27.170704074807965
27.218387702067712
27.246303630150255
27.27687409060581
27.36766515664949
27.44711827310895
27.469486434359922
27.537018425437118
27.57463979582113
27.641172794764906
27.647184647153637
27.69706329041929
27.745475397191807
27.78664714252252
27.835757360117643
27.870963132492147
27.92389863914748
27.958820291918677
27.991604135672343
28.005603997113642
28.019915191873253
28.134090717217774
28.151352161998513
28.197427584188272
28.33677019506397
28.37469414550858
28.383928801125197
28.43056524532842
28.510334527019193
28.524495968949303
28.63425459509514
28.65226499444848
28.753845472422142
28.77124846913955
28.80091436217996
28.82275615278885
28.839699361308494
28.910182356345814
28.979997022409066
28.989279374114385
29.084103514146957
29.11489944121122
29.184093257178894
29.22375371349602
29.32097423301756
29.35028507306784
29.375813157950308
29.432467699706372
29.466390082618343
29.5215085719048
29.583313789710765
29.677685966399594
29.778991057668197
29.828270144812155
29.893690445487163
29.91029102236931
29.959479513186814
29.97184797776231
30.010918293430336
30.06311775428535
30.133496337027726
30.220851765509682
30.309213102737715
30.33824499235894
30.405983339967776
30.479953329978088
30.545894406716847
30.62842840853622
30.703267930193817
30.796290164673945
30.854284193218675
30.893991332607385
30.990053617881074
31.009238690588575
31.14697494034919
31.182210052085594
31.286266500811767
31.329066521263652
31.446458404488236
31.519289380992507
31.723691869748574
31.79804320558125
31.857961564095792
32.011054609405605
32.239999973633346
32.247333667977664
32.30826716963518
32.47282239554493
32.497340883337934
32.643599978057956
32.71845455242202
32.85242859001478
32.91349505860487
33.12503328524919
33.131061660130165
33.35449661328476
33.44403552346062
33.585793734812114
34.14246924466693
34.46446337799554
34.542505206029034
35.24652765944496
39.22243618185
