0.7371997596837052
0.8092884948382524
0.8910272278404909
0.9207372646556629
1.0309778134137826
9.333894310220051
10.000589056897521
10.953286596057593
11.534795852221507
11.615831117647394
11.842367971161533
11.860675955326501
11.922017097982609
12.072255534535183
12.14279061922197
12.200821929251676
12.284917346361508
12.31021389088897
12.368923292935111
12.452558393945361
12.500874233927089
12.61189842596588
12.680620759286052
12.693513258812008
12.761028990085522
12.83867236446706
12.896189991628125
12.955749224529072
13.21784394663348
13.261563828389441
13.293099401872524
13.337483649692722
13.400136255958326
13.412185162897226
13.476871982669868
13.533091254178625
13.551776914267087
13.590882896655677
13.622854976591132
13.650799899249337
13.71333874509524
13.774457989002272
13.82167929664267
13.8466160627027
13.903383489066977
13.985461189566076
14.033307975705764
14.143818058835178
14.189259130493724
14.218851765893989
14.253229173544277
14.324908427831542
14.352826522254874
14.405430556221013
14.428308490266396
14.487561795455266
14.559227514515301
14.591012465667657
14.620697205625195
14.648478890379758
14.733413065116991
14.807761069153294
14.86492648444596
14.884758082717838
14.925646070262381
14.960864821420856
15.004472896642739
15.072017463450704
15.11728932843445
15.158538840523507
15.212480567899453
15.213848155670163
15.253165515460083
15.287037992558474
15.343833224271487
15.352398231411733
15.377259960097968
15.392606654270459
15.479985559610089
15.539710675595279
15.565014724054402
15.646769382091149
15.666819544451513
15.716825453237636
15.751590814890656
15.803598648688073
15.84381350346899
15.899298283643372
15.92974732644601
15.986939714937286
16.021272299320138
16.037747721920564
16.05634255081058
16.09317473522738
16.11782507823048
16.1464596362003
16.192135261519248
16.225152013844784
16.3112852409549
16.322417819884638
16.336141198937245
16.414827960671637
16.43309388523363
16.47196005712072
16.48908494156381
16.57679538831939
16.616053495283523
16.67520279851822
16.7581071754363
16.77304504793663
16.82189574511482
16.838851664947654
16.85710610938793
16.88288369164268
16.917504997130745
16.9555274977975
17.010011454242814
17.0196253169273
17.083952261804566
17.149748164872694
17.16663498744359
17.18880784984008
17.220458731413718
17.25273601924705
17.25985026554371
17.300827793078057
17.343200859450917
17.394876734077364
17.421900671976697
17.466295819474816
17.482232636308552
17.499185486836858
17.54317027014792
17.548900046584425
17.6239974220191
17.631542820736342
17.677491755204866
17.72310053252021
17.728909407291244
17.77648272239754
17.780293097345375
17.805288726649888
17.855843860522036
17.859166331707975
17.89366936686839
17.94402858505839
18.030339523947276
18.066496938641986
18.08362781426718
18.101740352122384
18.14054396306612
18.171655589859625
18.20403307010185
18.230334874776382
18.271289974990946
18.2970098486716
18.339677623216517
18.365521750647027
18.385587854421424
18.408671897580344
18.471664543258697
18.474898667382636
18.50093929446326
18.51343012592561
18.552398980121012
18.602428571975814
18.634391119346454
18.65091357930934
18.7171163190333
18.757768783314205
18.79314118608732
18.8260898241282
18.862500378207756
18.89038294384832
18.9226227232521
18.96994229466828
19.009443942859424
19.041844246435986
19.081173566966033
19.11033921224702
19.1612852311947
19.182956198920436
19.20099741155421
19.27692564179208
19.306571843940553
19.33204898407025
19.348144004807043
19.398295153516393
19.437592403972207
19.468487523479748
19.493733638511355
19.508259595899514
19.55351408714452
19.576002597445907
19.622021521004473
19.674167286535905
19.7119011603749
19.73501853185731
19.75776930264176
19.78872804447936
19.82753415477382
19.877881391833316
19.90143948082202
19.928552294866574
19.96122379036639
19.97158392687608
20.018886561599796
20.076874814177497
20.103723436615297
20.14857792449885
20.16224827034147
20.176650454455558
20.193335440250962
20.234118793195595
20.255416078163385
20.3227857874889
20.350218620620357
20.368577618857174
20.423853618573684
20.44262131284917
20.45338399895253
20.48655951724915
20.536217044670646
20.560168270901585
20.59128669300831
20.607849174238943
20.65996046866157
20.717608777623575
20.762838243062603
20.83267418956683
20.862471313652886
20.88956770440889
20.92907170100515
20.94311766680504
20.976014861979515
21.022389488196634
21.068710632425624
21.127937669884066
21.144872604394617
21.170856001081024
21.206069326181332
21.232838770592846
21.291802386640978
21.33089151939356
21.385189965157412
21.401305689803035
21.408282336072773
21.434351955896123
21.44689671436147
21.470288362137794
21.52040688607439
21.56468016249439
21.587213944944683
21.61939177631439
21.649615687628234
21.692100013056024
21.71333497148954
21.76025738000296
21.78339502360772
21.828273619161905
21.91479341339247
21.937905611087725
21.95913443460477
21.999552061437342
22.064405183094824
22.075955925293798
22.131452276535136
22.151319228793973
22.20844986877629
22.222235123188355
22.27886589366351
22.330809893596744
22.35115353038722
22.390916423497384
22.43632494703959
22.465702828288073
22.489333279247088
22.52611552812831
22.59643630081409
22.617750462191342
22.691695767673004
22.701124021737392
22.74976696623847
22.778487406885866
22.812141027618203
22.863745393827738
22.88387735785265
22.918060738926023
22.98853237503637
23.0066017623849
23.046252975504196
23.050719919272392
23.09399594869195
23.106157294688813
23.150910329780054
23.181551705565152
23.21525778774335
23.23616461094507
23.267268161920565
23.329266549529287
23.362268496853215
23.40008376173454
23.413376187309616
23.424983704393238
23.46207525320086
23.501676572198342
23.535202087825247
23.57434816093382
23.60233784235878
23.628717924825388
23.67445876798309
23.695142409413613
23.742526237030358
23.79381028203596
23.825657982422452
23.903706080634013
23.925347297106114
23.949618293892385
23.95950964111381
23.987073695500523
24.001773653290105
24.02165689588936
24.065773817919524
24.15309596065243
24.20998128404964
24.243984235383117
24.257745403510118
24.30701260358464
24.32608332279037
24.35035163954606
24.414023140973594
24.43567293928358
24.45950861762634
24.48026615299384
24.53476584391565
24.59967988151175
24.61090271405873
24.637511303325045
24.673137675815735
24.708756793233505
24.71063251354194
24.778379641327444
24.792307960341173
24.829189695574883
24.856752229202648
24.8690478749909
24.93091700897719
24.980149941619892
24.996440896090224
25.038009925452876
25.04583588254596
25.078608295539897
25.144872830440065
25.18629733698269
25.199534620808848
25.266590135942483
25.28914831474562
25.366348819158862
25.433419638440718
25.460105381427063
25.48688341343831
25.530608193010785
25.594032654739145
25.60643252206095
25.648025554745246
25.720448149396045
25.724033294666096
25.745570719718945
25.796067647369373
25.806771329977792
25.84854717356418
25.917625619361807
25.943706447657494
25.97432334335882
26.014256608735995
26.05303717604025
26.09118418007761
26.134589938368222
26.202984177475983
26.26026694493588
26.311138121282085
26.360123746237278
26.39942383844876
26.43289116780967
26.465752416990437
26.50211958175649
26.558701777433676
26.609996765378618
26.623813798408733
26.662137680679066
26.746520738107264
26.75013057068776
26.796173873980447
26.863035949676796
26.86593448176323
26.930365892947997
26.966369771394987
27.058450541252128
27.078907167163003
27.145585113057223
27.207554373562918
27.240139423269916
27.258267019784643
27.294510366569266
27.329526435557636
27.39731419576857
27.42549904523006
27.457844925766135
27.466485432166422
27.54792031324702
27.607250482370823
27.643646472639496
27.696637744929728
27.76488558926483
27.778011539806407
27.8252269450697
27.91618335431696
27.935286659761484
27.971150044043828
27.994435335264708
28.06006439535523
28.141013324246842
28.179600750248508
28.216653245386173
28.248956923314115
28.299029614560176
28.34268732068334
28.393407620142924
28.44375331267267
28.467906288745294
28.55701382328843
28.60602414359474
28.634284880016047
28.698252821375664
28.754636798775053
28.87669997348036
28.88981128349222
28.94865452874818
29.00005333158806
29.031024352842532
29.05786329935693
29.130045640868552
29.177548315568707
29.228288691464833
29.28283843278474
29.356912277072016
29.464830685163776
29.49705403236565
29.63987137071618
29.64986450753349
29.750405752610064
29.854576471687526
29.884947104561196
29.954549562199546
30.051711468645422
30.13821241650314
30.155336507063403
30.258711750469768
30.361918419242723
30.457474550997645
30.506637389066064
30.588073458152913
30.655253688420103
30.724680532471204
30.88269623690082
30.934069497729233
31.02733722152332
31.11454515332495
31.158556866428825
31.23565818585859
31.265939823282697
31.363102521831397
31.477174355752922
31.520515323819893
31.578067056072328
31.6895670600421
31.771324284820505
31.841640257515717
31.872988462146267
32.113638752480306
32.343560942088374
32.41715622517636
32.45474916455668
32.663223856126216
32.75811401566283
32.90003657707753
33.05283851260845
33.12194158281486
33.579455651440725
33.66788193137393
33.75429536824326
34.45949536593533
34.48947379222401
35.34409238909897
35.48800897861345
36.546085993479736
37.13654854474672
37.978299224146966
40.97831259044902
