4.0549560275251775
4.2362947792779595
4.34095909847063
4.611842935000787
4.840314687369828
10.255174040740012
10.901965939300093
11.201656135602338
12.186809045102192
12.584623369497567
13.338561437218505
13.492539695593525
13.544222095176156
13.906955207101127
14.147640030928363
14.246256292535108
14.388536555161274
14.50348785303435
14.5462447406626
14.600365591935716
14.673134885355934
14.731106878151502
14.750341804903035
14.810393376928653
14.891753111985599
14.940406580487018
15.033155990391391
15.079319016337632
15.10934255810591
15.116712311972753
15.230440548020992
15.276420615226323
15.347245266163975
15.40693763097032
15.44275669003132
15.553146484482289
15.698457376993678
15.752726745648685
15.80049181775098
15.826464891653949
15.879076983035025
16.01405576767812
16.06021681760244
16.170612682496948
16.189723744218114
16.246002468854385
16.323194794296747
16.35846500969556
16.421150988875898
16.45930306458281
16.553128460156348
16.580464109709062
16.628655051073732
16.646356118479407
16.742030605051408
16.755533330209914
16.82885496573352
16.83797565023524
16.897528904454436
16.937394067055955
17.019888364820442
17.039638327114336
17.04611045085604
17.093037100257636
17.118616195120122
17.176732760863963
17.249452265751668
17.282518613641212
17.30628961353593
17.37169341222885
17.3911040324255
17.43831879851094
17.49211330821197
17.544830014530138
17.566901252527167
17.63061358022036
17.665830317765558
17.717480083104654
17.779211665781318
17.81605011142702
17.84479338823274
17.88903691156549
17.95166786045265
17.96089570045349
17.99281794011537
18.051609572933472
18.08876981120288
18.13835445976811
18.184357809638012
18.232778103862096
18.25286689614741
18.276272961549182
18.290305537615595
18.315218168372912
18.40563962677228
18.406820348119403
18.4917201010974
18.52878398890884
18.55928773991455
18.610489061897276
18.685491771133407
18.72085476269847
18.747914844012808
18.78419154405489
18.847524874404108
18.882664939415378
18.900694771438168
18.965663314069197
18.987362719521766
19.028203852007614
19.050712285731613
19.101374328299027
19.131333214957028
19.160303753070608
19.19347044809536
19.257671926547978
19.313330977245982
19.352068356795062
19.39557043677348
19.404320188382044
19.450990009367178
19.537473585987307
19.60152035902132
19.61077697132207
19.67788850865732
19.70656177593478
19.7385216749647
19.765064224839747
19.797745263684615
19.871212784522854
19.879091177232542
19.903900683904805
19.962926542582778
19.980267710842472
20.039915983496915
20.084559445871335
20.11623273425759
20.18324001597945
20.238106303429976
20.25213636306437
20.28478061837785
20.298105619556623
20.356587634018286
20.401541673479443
20.441044770058088
20.52664813967642
20.535289446723368
20.55263960862524
20.567368080772443
20.60083106645297
20.659309400245412
20.67042808625431
20.73879502634475
20.778309402515507
20.791044358832693
20.827232080087438
20.87968955911397
20.958826053943397
20.99258653547686
21.005881144010967
21.039875533416513
21.080113985203283
21.130075680769693
21.200839716543314
21.225244333523488
21.260833629662685
21.287997390478242
21.307787029754035
21.369445007283954
21.403570462992384
21.4333254484484
21.467636218595903
21.53243579650649
21.54320204783104
21.57674015853237
21.632141112558923
21.65381978547666
21.656427516520925
21.723612801218035
21.747998694777955
21.777778142096874
21.848163678214718
21.8770984935719
21.898732678998307
21.935110754200625
21.974833204188343
21.991365975751943
22.053312136660125
22.0673155892213
22.086267553236144
22.09602528530416
22.17709202672409
22.226393912437658
22.274954181247562
22.32356398645016
22.3643801685027
22.402688456859288
22.407004226091285
22.453254987268572
22.489356771140457
22.508348299020376
22.538481492264783
22.556303242141837
22.593246441285473
22.64862255487714
22.71639309187282
22.728879559875313
22.75340910988957
22.791387709706864
22.83856185096781
22.8935584067883
22.922867080811002
22.94640611474355
22.99995371283143
23.021312665462837
23.050486430882685
23.071684652791827
23.137415836417397
23.198028843590187
23.20699615720923
23.213115292630004
23.27599235167494
23.297744938569323
23.348554196628026
23.415540294233605
23.423778149808967
23.492703704264674
23.528257658584476
23.56383725017491
23.619670756993333
23.633212887475626
23.666925842796857
23.704308273388364
23.76192225018092
23.78434709681038
23.822589456292707
23.851457120275757
23.877074250896722
23.907694087520916
23.93450942359514
23.950239803156386
24.006117242083377
24.017018329872595
24.08984157816503
24.132901140075187
24.165030913291574
24.205666368205847
24.256521023420643
24.306877223415572
24.32529466958998
24.338302142610498
24.357702787810094
24.376715944842406
24.448589776084845
24.47471659517396
24.504420069755078
24.566734168194806
24.59418678565889
24.651221294036297
24.678675933360005
24.69066591555036
24.749397076427606
24.773191329238394
24.816806926988704
24.861985718219085
24.900814637502606
24.91619154748191
24.943086034468468
25.014688419406806
25.028438430059083
25.0649985741363
25.126614265068053
25.15324857039268
25.19690696323624
25.2159172793519
25.259665655894718
25.33121540241676
25.340612033909224
25.35797696396747
25.41099749951322
25.445721710852307
25.49644371062069
25.549091792461507
25.569979002944578
25.61949644963628
25.695294943529916
25.7448287837829
25.759859150605795
25.79232263067061
25.82354083949282
25.860680590173505
25.888027318932256
25.90155412631728
25.964296967918195
26.003578452482216
26.0798235109891
26.11469502143221
26.129654053153335
26.194505294956166
26.216915333030546
26.24001326507101
26.303881894984563
26.375255695352884
26.383589866335313
26.415878605934196
26.43847627939092
26.492660347034548
26.543681625028366
26.547372170840905
26.61456246969624
26.65690984249784
26.685900699361593
26.728237335579117
26.749944714401753
26.775169337810716
26.829492675921617
26.858493897209758
26.873860721988933
26.938230342849515
26.98303014052343
27.02623940697663
27.056212016873484
27.104224925603663
27.114215257452912
27.161569960049345
27.22187476445749
27.25387727990488
27.272671301970046
27.340372122650447
27.3576353662936
27.402779444191754
27.43670026643815
27.489231793487598
27.535030445741732
27.566238120739428
27.62480969486427
27.644111545719618
27.68363268324603
27.719106921425848
27.746419352803976
27.76346408825012
27.862818050360065
27.86549975713088
27.897945266133522
27.967435376451224
28.0289604600316
28.041331792881156
28.124314440165065
28.1519154444519
28.181735166149174
28.248326133522983
28.28556593823894
28.30650025608348
28.331079010979654
28.357024270504684
28.425009968601344
28.447942273289147
28.47441478965656
28.51099141666085
28.584983514497512
28.61752146598791
28.654007567946337
28.670318547663292
28.77883228065286
28.796707662670855
28.807022423134477
28.840111912130563
28.9143333675273
28.94892817810824
28.98232356205998
29.050043891331313
29.067763415898114
29.11868505861994
29.14463472330092
29.171785249153288
29.228867398605335
29.266144933033512
29.295933585103853
29.324972996696367
29.380372379910508
29.46542246885309
29.513274851502814
29.659496709506552
29.691361436525433
29.773509329110315
29.785935602730373
29.83669188494704
29.85194062029126
29.972076746244305
30.059486191874527
30.08692366613344
30.097862616175558
30.158237842500455
30.17207834922105
30.207250973552817
30.244343827931722
30.297692967062456
30.365668607258584
30.381862547862195
30.424017465698263
30.459305857669058
30.52790684909818
30.560398195577736
30.633524384793542
30.676120981241166
30.687581894254933
30.755795065645163
30.824470099900633
30.874297148403443
30.936797820307323
30.991726649677744
31.005066231061583
31.048576146804546
31.136508365756388
31.20780252787454
31.2708442911069
31.305649547481124
31.341275695707445
31.373572198681185
31.456233595722292
31.471156062715874
31.537554527895335
31.56995867837057
31.661773828493626
31.746175591487724
31.777139219422782
31.82182975097825
31.88495124345618
31.916917183275626
31.935654713974333
31.989797387979436
32.06426970117299
32.07388181065765
32.1193041761171
32.25813923983959
32.30928081166994
32.3529521024231
32.43330250133716
32.46648853135387
32.53606170150261
32.619179802542085
32.64002339568332
32.66193993675411
32.707833773629005
32.79063044971832
32.85154491082582
32.89776458078989
33.022305618787136
33.112859587020125
33.215589168937285
33.23097397964253
33.29384128689065
33.401329761752216
33.44150780840251
33.54085895518901
33.57684570752459
33.656157378659294
33.69577405200944
33.75405946972648
33.81077586404001
33.8637694521277
33.93143012547901
34.07429124848386
34.12619800447141
34.25565141306463
34.322752289821615
34.486096190653505
34.551635989007764
34.608712040769866
34.66365668250873
34.71335900918431
34.78805251587053
34.96381332694951
35.043690908142565
35.15096397436194
35.24089020034935
35.423366223372284
35.469513929596516
35.58812766567043
35.69720358426085
35.75060602452166
35.80775000962873
35.8947725992593
36.12198016873975
36.2027293659546
36.393428707215676
36.50715908374793
36.5577980019081
36.683530067504975
36.98715380240509
37.07570125905773
37.160122036126474
37.2253548651741
37.3514351877223
37.58603305179708
38.0037631516926
38.39015137910249
38.66250022898193
39.581231596349
