0.8105408167587629
0.894596465083982
0.9142143207267335
0.9533300277755956
1.0110442863036686
7.630675835157679
9.085603778310066
10.511356050262984
10.87488285157715
10.993980874256927
11.065571345859896
11.390604739422344
11.59573211475699
11.717345961751501
11.797204600097908
11.828287614519233
11.9469495022715
11.947966325624774
12.02431751605565
12.177422065464118
12.263085604792812
12.31058104987692
12.409019273922999
12.425836572252345
12.498494709410432
12.6571070394413
12.678116442050872
12.73480595714345
12.765583616187126
12.813176209262974
12.86359123321089
12.939151048235205
12.97141694186068
13.03287164421198
13.053968590127852
13.11021064953262
13.164404850099539
13.208060898657674
13.235320751791265
13.308912572445402
13.344616078900666
13.43266554843984
13.47607236435634
13.486410911827358
13.551142118637769
13.593245969010948
13.618430366749184
13.635756446806692
13.71093398481719
13.748427284831362
13.799421275392348
13.819471724905524
13.850693325988725
13.912613432531426
13.94804796184193
14.02985291255884
14.112449495504725
14.1301298377764
14.159380401445754
14.2132731771428
14.230019899746438
14.277606068026785
14.305058485895698
14.338260886802363
14.347639353049106
14.418560750526837
14.44743151213428
14.493118160031504
14.581714182455375
14.603102239287828
14.66975430937447
14.701119410053021
14.750870481907958
14.772040853386779
14.814802012533857
14.85745614688204
14.926228281454177
14.955998111482046
15.002372048003876
15.025528739358545
15.080722440450117
15.141246438182694
15.181057550351305
15.20220383574493
15.225685527614127
15.259188185700156
15.302722478077172
15.330997603782517
15.36513341496152
15.393208205378963
15.403901648906265
15.463629027650578
15.50089785440789
15.532624522996253
15.58427244844747
15.595317898291878
15.69526738798614
15.727749797363938
15.781407565604763
15.787913716399828
15.866274315065853
15.880153567928557
15.912497866397805
15.933338192304879
15.98725970781987
16.016171165797914
16.04790775104747
16.109212109023105
16.113145340115565
16.13167375312227
16.186100934455038
16.216075803315885
16.24649005544633
16.291892808074802
16.336548765008143
16.380849276549025
16.39398080462044
16.425269333847545
16.490706148136066
16.523458297536383
16.571574375040203
16.6095309174906
16.622665503969856
16.671763801767057
16.69292674478438
16.77735504095326
16.801891807183384
16.820968763519154
16.843670957592717
16.880231998312997
16.913732093881375
16.917035955428553
16.9539807376348
17.013255618700494
17.037838933019728
17.087749344316144
17.12436304597862
17.166141254984026
17.22753036400498
17.24424011942777
17.253741916559186
17.283350517957302
17.30672290051136
17.35450843278335
17.393860069965076
17.427909079756088
17.455409577359823
17.50380875631358
17.51373576794929
17.557399970932188
17.563851001486306
17.590374816879923
17.633161988611796
17.644271918474523
17.653367843020845
17.707586054876252
17.761433950561933
17.80096370062214
17.829748909874876
17.849342734971323
17.926060678066328
17.969927521271238
18.01912728069736
18.028934887475476
18.09441752586045
18.117627150682246
18.1473907018784
18.197430218840907
18.226352464437735
18.265665144035605
18.26926049941771
18.320079159770017
18.36546051621067
18.4043078386074
18.44290915097781
18.48147887101978
18.50560808239991
18.539618950398715
18.558888902314862
18.585306346758006
18.616969822668608
18.632463766094563
18.68742579282012
18.693024130420845
18.70856908833298
18.736194118475797
18.770279766481895
18.801757422941435
18.83463909450724
18.868682753783602
18.885335069541604
18.902442243487943
18.9549011835331
18.97176474719113
18.996809895793902
19.0267971800792
19.084789310061705
19.131763788813668
19.154064552926283
19.166913335585377
19.215013719197213
19.236394363537965
19.30671790891386
19.339490804987634
19.362435129187826
19.373441287272364
19.40609855030946
19.451587470909967
19.493840639006816
19.54709107206695
19.580772394067115
19.599938441114986
19.628471396527623
19.65321516755379
19.682995551335516
19.753039750571403
19.777074645282948
19.799962879373663
19.866355292033806
19.881215842671537
19.908019689014836
19.940292002567446
19.988602376549544
20.015701078443055
20.06848602957904
20.105425695207224
20.140283505241612
20.182554285141524
20.22526962919195
20.280599035228818
20.337325720607385
20.362977059991753
20.376426495656844
20.409289130853452
20.4603587357533
20.516838155367445
20.54374594973459
20.590293325735253
20.613630566978316
20.658944477090575
20.69037573765407
20.72134910557901
20.76674296016911
20.799204384703902
20.833950343289274
20.876551535549265
20.898843765855098
20.931345770292612
20.960463528050976
20.982587869648004
21.031188819103914
21.067568516340113
21.08026178663424
21.106042561888497
21.1430720900886
21.189805915655864
21.245285663295377
21.256153537726217
21.265303007829452
21.275105415394936
21.362580501203585
21.40084480056168
21.421141743155502
21.458135715569092
21.493810478729362
21.509503670589766
21.552456276768517
21.57125491756026
21.62866083196984
21.66440964894793
21.681990836540894
21.71502481678436
21.75746972459914
21.793056554001662
21.819498931685583
21.844654737833928
21.882235720879304
21.932726258512336
21.94872065079404
21.978157159706278
22.018109828023988
22.043638369200536
22.068785527373716
22.10545230996752
22.15136591911402
22.182635988115415
22.217020105970576
22.24094397205638
22.312136670784536
22.333264609373224
22.342620256716597
22.42006112076561
22.443151036696662
22.49544346325402
22.51989995209909
22.538506936164353
22.580577109020304
22.613730184702753
22.66175797771883
22.672259544857027
22.697717815279677
22.734855272696006
22.75774908327355
22.802118558688345
22.844309198025776
22.86101209032082
22.91334420629095
22.961390944632573
22.995680920459204
23.041279828352394
23.07311886501317
23.121358899239134
23.136100759299396
23.16505322051226
23.19981951378142
23.238177320448653
23.28209144294293
23.32655475868094
23.35741686061635
23.39780786909419
23.437280660264342
23.450004697220688
23.52016126424045
23.591230640454853
23.62000590042195
23.649470991002755
23.669096989243425
23.70752377902872
23.755289586140098
23.790707435043625
23.812800068852827
23.844525610635767
23.907478849854392
23.985318413880073
24.008384191043536
24.05654835868158
24.082720969565774
24.130241047949458
24.176558645864798
24.230108348752278
24.276828949261255
24.301504759325326
24.317471971814772
24.371332960723386
24.39425317491855
24.426820174583387
24.47812532381994
24.491645056183852
24.540640456177268
24.590268049106403
24.594063298135676
24.655154914900447
24.676761881415526
24.712546945653884
24.72460735451
24.810880962191888
24.870874345448044
24.89374400711063
24.906942756884938
24.926864957516415
24.98788377242781
25.009112723613917
25.022537513416157
25.10832886916425
25.139244818517366
25.167335759873236
25.17785112634866
25.203274768052058
25.244257273401157
25.339297750909672
25.392017661925518
25.43356020950984
25.460994523282547
25.536317576910953
25.575980348339005
25.626566161611322
25.641102569387396
25.65324483420448
25.697397846271176
25.71310406651854
25.736211319955594
25.764962705520944
25.79072020021521
25.827092531187393
25.877928416156358
25.915674084091066
26.048096503477737
26.133281948446662
26.190229038986274
26.20278561653102
26.245504921822324
26.292565571610247
26.34594816245794
26.361022413732936
26.371053516036234
26.437179388204996
26.46032816944975
26.527152688804804
26.54344784644436
26.587282835487116
26.639476205888094
26.657543657415793
26.67916721300873
26.70253656321847
26.739873096243986
26.791241188445472
26.819900321569133
26.858442108295613
26.88355615554431
26.984693712388403
27.03560339146022
27.07719364094479
27.10729751674304
27.19034783201582
27.211574284915947
27.27045294239146
27.313935955130148
27.364470188392517
27.406579833267017
27.430588011558996
27.482488079931144
27.50646801671913
27.571813080421066
27.610316135971512
27.672655360612463
27.691039110513405
27.724603009961037
27.736045564200055
27.84231820389235
27.889976347845707
27.937874137957003
27.955434022912893
28.022528842836806
28.050144091577344
28.128834523616035
28.1549770490818
28.179320368339294
28.23461054714319
28.274123086050462
28.299077374760117
28.325611002180427
28.3787716186886
28.47513657963872
28.489327078400766
28.560952585006287
28.725393498093396
28.7955600133403
28.79859368181491
28.87707961315068
28.927300230929973
29.010335488106872
29.069207247510985
29.082789113062265
29.147112428124135
29.214990266001134
29.257356636832274
29.303548124719033
29.323257289879226
29.409383094411666
29.482503955093495
29.528040938462965
29.584633020753277
29.624762625041914
29.661604841825255
29.728216512955488
29.784025769840298
29.9038668804309
30.07175855960427
30.18311292313884
30.200076053522473
30.286945482080792
30.34915730663703
30.426662301571856
30.43141608665612
30.50500776508642
30.557547750545474
30.65287918342788
30.840566549396218
30.886354445065564
31.05471709992727
31.191453919191964
31.2737842808875
31.296844138773963
31.41242392095731
31.543133238689133
31.638011393810114
31.68496450829865
32.196202293345266
32.27094481944347
32.42977786641349
32.5026799427888
32.67455694731454
32.96867863074459
33.667794056694426
34.09190440730594
34.56098202344094
34.66997240302649
35.35319849580143
36.36162456374854
