4.095687724469178
4.386601151174372
4.637177299201691
4.831144286393826
5.056847439344498
13.467441155546457
13.780700365654624
13.795903588226532
13.9199148264924
14.232610581452183
14.325118346622409
14.358140298889012
14.410968766692784
14.533365290071233
14.674512375490584
14.693444604562035
14.84745056681661
14.914974152113041
15.028012638256437
15.087833669795803
15.209048900255034
15.2254211254217
15.277672411255791
15.340325042758822
15.384082342854862
15.411015094460897
15.43488594963675
15.549194663402028
15.594076064952185
15.725773337692246
15.776668287453765
15.82738129000069
15.922815940079104
15.930797825520811
16.006796675218297
16.083394526123094
16.109631305349495
16.156507529009023
16.21480039245221
16.278069557956933
16.29839448650815
16.367736259672878
16.405082012947865
16.453441848633606
16.557770891676512
16.595189453206036
16.6548868088041
16.711973533389795
16.76123172109662
16.824746509826834
16.87661609171211
16.928531643820712
17.027753530422377
17.076923312626565
17.100359755007688
17.236800875598764
17.25886507147606
17.3066225259334
17.361136923896208
17.37763224861643
17.42110802682485
17.466698835931577
17.549745356628407
17.57002273911506
17.579970636993306
17.657724982785684
17.788425800804465
17.820622674905003
17.837326361310563
17.8513603910419
17.877939465963706
17.913423863066384
17.981858528743604
18.018365361582006
18.068887729284416
18.115540835645557
18.144612422026448
18.19257034403213
18.228204501616155
18.280246199954224
18.29169206382513
18.33031684844816
18.4306320983102
18.47225109719112
18.478996847392864
18.513802009208845
18.573026036841696
18.58979272117837
18.647060025042176
18.683083015786096
18.712608175562586
18.782091723543175
18.816891593673834
18.825614191819128
18.888257907844782
18.90596129514917
18.924879249224293
18.95218154064875
18.97376913126624
19.025844460548036
19.082739871358772
19.127774417056944
19.153715323078618
19.180851158552475
19.227326860343886
19.26722332233468
19.269399828183307
19.371369981187286
19.413808180880196
19.437898917260476
19.463831607697774
19.505915485273828
19.538328149224167
19.664338407252632
19.694233792644475
19.739032776307752
19.745652711467997
19.82949997170724
19.86797888167724
19.89938712975623
19.924535831482196
19.938854289181936
20.021741031881614
20.078057996627685
20.09317035518155
20.10491232162952
20.14724957645647
20.18281321381056
20.22118022417529
20.253358924870117
20.34438097973427
20.365499638435114
20.42928324145483
20.443958404000558
20.487150448232157
20.512992750289428
20.541995081015493
20.620426710493852
20.668070598548137
20.698360395638662
20.754796907276614
20.759980187703515
20.793279450526327
20.843257166517194
20.858883056021213
20.901620537531706
20.95647127664077
21.004722859629354
21.03291448432127
21.07724957364672
21.131954844715285
21.148968303001872
21.17481641789012
21.199441168546958
21.2373265862037
21.285501268686303
21.34202202685074
21.365956291259682
21.384218801887936
21.440254118783464
21.477435246463756
21.512760601719968
21.578145448226703
21.614755843860138
21.648000100775633
21.651620835572153
21.72055464815431
21.734746099531616
21.806771502384382
21.856078512173323
21.888696476689425
21.922305943674797
21.948195722690283
21.999959546993814
22.028984233189572
22.059039932182554
22.104421550412138
22.12690285980634
22.1657062873832
22.186661415670606
22.24306744849253
22.301433583796605
22.34108463792314
22.37776084593813
22.389502488439426
22.44327321906059
22.49652662018533
22.510521553124793
22.53298183195902
22.59301963059345
22.632524535683572
22.670920921957645
22.67731187389372
22.71955273886013
22.7529338891469
22.78737178551579
22.819872609249757
22.835840364915196
22.91309864221704
22.950991500097942
23.002123505432632
23.071113579781894
23.08302601868741
23.09385754081724
23.1460065002364
23.17680287378954
23.20342276121759
23.254022609919215
23.275607509087326
23.316474543819524
23.368175829780583
23.409663072749463
23.43153833298941
23.44685729102087
23.46685910266548
23.521662517880454
23.56003777450182
23.6069002528054
23.652444717778682
23.671243637645382
23.697363866100893
23.736610869220495
23.776868703316204
23.835048275713852
23.863190240409757
23.88966235321129
23.91105539884802
23.97876896380805
24.006495058991845
24.04667589590858
24.093473845508203
24.124875591101564
24.18246104941911
24.200280330555557
24.21971233536326
24.253887488296257
24.288760074891073
24.320382073334542
24.394294247967693
24.403567984960056
24.441862422411425
24.47823363443719
24.519493213720757
24.565626771299545
24.58441802553422
24.593775383056844
24.63834504962027
24.672780854813222
24.680542270822787
24.73596137461964
24.77496787071521
24.803157059055422
24.810717444472612
24.876776459162684
24.90855339758269
24.933739301653272
24.964644219347193
25.033730590760484
25.07343642701738
25.123280493336082
25.160134246130944
25.174726819675286
25.20424273348477
25.237001718077234
25.297862503340138
25.31753684032334
25.354024172733826
25.35573452829707
25.419372060838427
25.44025330937401
25.471799251334915
25.529434917716998
25.55553730056159
25.66083182847693
25.664101350892512
25.731109178844555
25.75569919600657
25.770221237927878
25.823806376041407
25.875929332238847
25.9336999231179
25.955938669888457
25.977407505557775
26.03236186978678
26.09117697333472
26.119998571584006
26.151879044011114
26.215712799839277
26.246150136169167
26.28509515999532
26.334846333776653
26.35438091654061
26.395775763533685
26.41821031289769
26.457161496035088
26.484668267345544
26.512375200260138
26.581409485852895
26.604614127128123
26.62413575333023
26.693320449379666
26.72470090279945
26.759463078537923
26.76856249951134
26.824979593392417
26.869261084968343
26.890254194611213
26.944880541777817
26.954283711716794
26.97281225967971
27.06708440233308
27.094592290498237
27.1002888430248
27.110783079935743
27.177493181085342
27.247486506640747
27.27956216190271
27.347291264639217
27.3627070842006
27.375703792636312
27.426462867254827
27.491231710023353
27.54679409865433
27.589569454064257
27.596314007339814
27.63889435692695
27.697921873692952
27.75800732892992
27.766927284089427
27.803147088003755
27.89010166859385
27.92819019146562
27.958249194592067
27.987479910833652
27.993158087329512
28.03837302845235
28.075325366064295
28.09692374044971
28.158678674336127
28.196330007537625
28.22794943501598
28.327370220357878
28.337907244935156
28.387654396651723
28.41876311764567
28.457484847719847
28.537868763377322
28.595359242445472
28.639072499606055
28.667518864579844
28.696482261901266
28.71512839478109
28.77003417862867
28.800579871133074
28.8649404906296
28.891158107821095
28.963148130949005
28.994952907593316
29.068887175921773
29.097957733636296
29.14171386892519
29.18017602036516
29.233048532597202
29.25091906386032
29.27647598845909
29.329510749601276
29.354359500153098
29.409921142468555
29.515027866311197
29.521098252394548
29.557590371588724
29.57917433846365
29.59252775742576
29.693135312563747
29.70520794667532
29.756171010616118
29.76143847675967
29.80927545186457
29.845372854761465
29.901327013998674
29.967015997901687
29.998576138669268
30.056579590286745
30.119813307423186
30.15914782583472
30.22147212599117
30.264762654306292
30.31290117712509
30.3690249808687
30.376214125938386
30.417866930313355
30.48933282159967
30.522953963202987
30.57125235329139
30.588611784222945
30.629245045858383
30.665222505570235
30.72872316541457
30.751760219940266
30.829408562170787
30.91537577417843
30.929940909712105
31.047861159457657
31.069668067305575
31.085545342263995
31.10855855772888
31.166272336374572
31.24125381431183
31.28697098963764
31.324286060702793
31.37606505737507
31.410580150628405
31.482890087734866
31.533472712297577
31.59828509997874
31.68631807783149
31.712334385492436
31.761915756875116
31.79846475066191
31.829372630230072
31.860315437451803
31.908671347852252
31.991563298166373
32.042142202007405
32.118992348276834
32.240105060507034
32.2485469211553
32.32848664984881
32.33660934310477
32.441609354281695
32.45572756922773
32.513732245457945
32.58903331549584
32.612643067810616
32.670429538127664
32.80946406769783
32.82784923413046
32.89896072534904
32.94069050137266
33.01096202233892
33.04551996894803
33.0788490010952
33.1384840173354
33.27221531310494
33.3279532451276
33.412735177080116
33.4328963848881
33.44384285485725
33.582875461619764
33.66442871326777
33.736892165851515
33.784960976605056
33.786965961979924
33.91752974306375
33.985934844003964
34.04359186530658
34.113898780443776
34.15196286663858
34.29897022390695
34.35052558667402
34.371522508646606
34.513900149625385
34.60009126586694
34.64230837642371
34.71474782082458
34.730074862431074
34.82856322197937
34.962073598747104
34.9941983766878
35.121363269089706
35.1608032891776
35.23014870318026
35.417679158974266
35.477919005148955
35.51756457666116
35.58118053318967
35.84132983315635
35.9190380876321
35.967745207680714
36.02129755108659
36.16774992541193
36.24747120669992
36.38111229792483
36.696637975060376
36.847082689445756
36.95760566243619
37.064909754650394
37.385831382802984
37.57768483095105
37.853158841895954
38.02337540443474
38.317566881131725
38.493888743242145
38.79826845665115
38.891494737649914
39.099401867712835
39.97155753423031
40.700612463720425
41.064623559822294
