0.8214243485208184
0.8975938562434024
1.0116999708345322
1.06732101618875
1.2019489632968148
10.112442320956568
10.952161951830321
11.43256825461572
11.636209013497757
11.712343438188046
11.864247154112215
11.873371153267923
11.946304304101139
12.103272932686691
12.329257854288352
12.402641955637172
12.575838262159632
12.603466552119466
12.610282352683605
12.690359809597487
12.927055835001804
12.945591293962307
13.059510723348184
13.105276961271002
13.1849404598841
13.240910850678675
13.331533470192397
13.402856172186995
13.416559466128207
13.482969651014258
13.505809953779883
13.583901917148289
13.641412222399254
13.655925491273607
13.690186563217821
13.776452088052734
13.796696085817839
13.86209909278104
13.930817925573516
13.967970550221656
13.982469455248813
14.03676282180578
14.105630070797666
14.136276532186422
14.21885205670424
14.263122563522833
14.331602119876436
14.373869001506996
14.400796621551699
14.42169698578165
14.441623114843072
14.499352152236662
14.515227512654826
14.599745927605236
14.678184065754284
14.729151741647096
14.774144869206705
14.785442590219862
14.883411729185665
14.95011790576494
14.992116753405043
15.000631316489828
15.046738162804271
15.070829224904124
15.138125624285326
15.156911699185057
15.210365629985287
15.256677378062776
15.270524810439925
15.317690855451845
15.35391604168426
15.383182438462091
15.423411934650506
15.467586835993325
15.526404960555844
15.591597877565919
15.625783598618684
15.653381777207459
15.718882771108406
15.802123720477123
15.81461265606893
15.843026817557105
15.88381889461091
15.93636916318895
15.97409335283685
16.013592927251572
16.03882779220471
16.052130181211634
16.127216280861123
16.147137980561872
16.184295157379616
16.19988187521296
16.268378497275982
16.346670693749555
16.37546066098489
16.469193719314905
16.50020180490599
16.53231814409897
16.554961776118365
16.57996803837447
16.61397618951667
16.67079864222872
16.693172300778567
16.740164928247427
16.787277575879315
16.818773236108115
16.832249330647265
16.886354841965787
16.926512314736943
16.956708451200043
17.01968352507286
17.03504785635738
17.072295435898344
17.10057468884368
17.11221881571887
17.192506848230423
17.207940231292383
17.248005980353632
17.284198054594412
17.318829832737126
17.389975827014112
17.40659473607334
17.453219070228716
17.544167905106402
17.563834443092684
17.586347443362932
17.62059655001784
17.687800127539916
17.69742611869088
17.703738215491263
17.77837622198034
17.80679891651511
17.81206010742634
17.828261663257845
17.88271914373459
17.915264023435665
17.94168980439067
17.987323937631945
17.999988958358387
18.016266162074913
18.049056191376675
18.084967762680602
18.10821729388385
18.16106653804421
18.21390005910207
18.2391568395895
18.281782939661785
18.299297410986597
18.328114614740702
18.376252879134316
18.405624115858537
18.463059207508127
18.495218676470422
18.55765318175223
18.592871102603915
18.62932976631135
18.663293397435666
18.706995832304198
18.72131832603185
18.738548429209207
18.76193135391351
18.83810337329413
18.882674041484652
18.911148221865897
18.94306711781152
18.980747770243827
19.000518451642954
19.079604108461286
19.12669487015469
19.14233884699472
19.178289723780342
19.20188938691788
19.215518005645343
19.24963641296091
19.29329027511094
19.330740683580846
19.353055019896534
19.399277145268123
19.436193163253126
19.491519941978627
19.50220984010732
19.543529171487943
19.554563781314602
19.61358982627903
19.637366136302937
19.677282470070395
19.719806027348294
19.72879923313098
19.78217370901225
19.8046969561364
19.86087353492526
19.87281852011375
19.914846037170744
19.936945024956778
19.967711130683192
20.026974668603277
20.046496692214397
20.07643308979004
20.10726167327763
20.141852495831
20.208973394767757
20.234838014088
20.262948679176308
20.287107575693234
20.31518414322464
20.33013707465062
20.386289889580663
20.418519852779554
20.43080949405993
20.4778334185794
20.501657251614343
20.521666159450138
20.564026803992647
20.613714864630182
20.639062134173287
20.707145903694755
20.765081542035524
20.79453156027037
20.83368972903059
20.84543752775919
20.885150511283072
20.91655886655399
20.959370886009054
20.978145913667067
21.0494764586154
21.08577916692975
21.10170097298755
21.135873597010622
21.14512310964551
21.208132556683836
21.21763983415431
21.245548656545072
21.27701963375065
21.34391394843618
21.366402800488785
21.42717465450444
21.428998105570685
21.49397729936116
21.52152485577927
21.540999100185697
21.581875848179763
21.611105811934376
21.66387320984425
21.682087167603537
21.69726910309126
21.745443936682353
21.76668783645779
21.784753249893903
21.885588755064987
21.8946619991301
21.93233254168447
21.968491634297347
22.027761118081948
22.047322509033265
22.06752489671382
22.107445525216317
22.129938669802804
22.148802474414904
22.19669521650726
22.206552510005867
22.258762407028712
22.284763552612613
22.33010067007604
22.348148972541434
22.38092988140991
22.413919443955077
22.422248321558584
22.477260388542405
22.53015725206977
22.55732830101743
22.609133629594982
22.69227720796217
22.705378986607606
22.714515104188877
22.743138827237768
22.77139736074062
22.813803868622273
22.829512207490268
22.85725824938727
22.91998404843979
22.937633989440464
22.984202723215645
22.999177864647418
23.03912861788891
23.072779017597668
23.131921713083827
23.14574966023008
23.1959730535534
23.2230848416133
23.27365924639993
23.307976202469554
23.329877800793874
23.351985697250797
23.356203275685974
23.40735652677071
23.420336479342883
23.452192029512304
23.500600028331732
23.5459883901739
23.58944861207057
23.611373466589274
23.68183576986149
23.713764194798387
23.78657651432152
23.8375319106191
23.852401368327527
23.92325167142406
23.973932396983223
24.01046180572741
24.052015693610223
24.07990865384235
24.08722104179134
24.13159733558971
24.235358269396432
24.2607787289655
24.294702482381226
24.342037852380017
24.35418372438754
24.41721287201702
24.421712932104523
24.470659303613704
24.53742937580858
24.570514929996566
24.584470985777493
24.60845163829672
24.68253512930934
24.70607650407711
24.765890164429585
24.78424396894221
24.81080466867205
24.894375634252558
24.912632292260454
24.956288960516392
24.964611978395354
24.972184714783165
24.99761646089401
25.032908664292695
25.073357960083275
25.096268097854832
25.12644132606407
25.168748247692086
25.18778904265608
25.24471341941416
25.31789205004067
25.323387170358902
25.328130584694033
25.368894077922782
25.394694040939985
25.437669951706123
25.45386900288339
25.490493496445346
25.577984751622516
25.611244512466833
25.707091909856672
25.73256605747519
25.742100333943792
25.814725422548257
25.84342436015226
25.867798939357243
25.897519247694156
25.943037485705243
25.979922891782635
26.002563261318915
26.02057757212396
26.130573424141662
26.163012346911643
26.191890860162378
26.233866206732856
26.281098625340487
26.303767591507274
26.38824015712591
26.41457328086491
26.444570609882028
26.507774344606187
26.526472651113355
26.595000152091092
26.631340847979054
26.66001872879354
26.703865523016333
26.751094879464183
26.785105519599146
26.835253584692868
26.878058022244655
26.947264049422678
26.99007983862164
27.020068900580743
27.07693942873574
27.103254085764068
27.13154623592328
27.169617329778635
27.20836193876796
27.296142960597347
27.337919761660498
27.394016788742086
27.442591794400585
27.454630105770004
27.49250963920154
27.556084352984648
27.59221250812191
27.607986484413072
27.633045743104606
27.70760195195846
27.736606329732112
27.800403123738928
27.872040730103716
27.909447594940904
27.96967953070672
27.98718731537426
28.099893304175055
28.135115697594014
28.165664338735045
28.202656856256812
28.249761096792433
28.323786713414915
28.385308300262636
28.486904989501703
28.533668135814032
28.55800139888462
28.63972748051185
28.682711481735094
28.720713238506175
28.737576127114544
28.767759693691534
28.823710258534394
28.874879864467832
28.921670390285588
28.978749008894727
29.019795824110865
29.08024548775651
29.13052919590184
29.15337581271217
29.1772155481082
29.234208329102795
29.274553538070577
29.289666468613675
29.36634213860563
29.38994965678518
29.435558607742745
29.571442248815085
29.587097294736836
29.633378104399135
29.680532389919787
29.740858986245048
29.788613704165176
29.946847928726402
29.967288069211833
30.081161340647267
30.134993155167027
30.176610369906783
30.23366241873711
30.317669110936233
30.422779676067005
30.480485048636087
30.536406742725823
30.643438335181102
30.668333307220216
30.695324538504604
30.769657509990832
30.861772335249594
30.868978423174937
30.909769517542564
31.04795526167765
31.095995422530912
31.164738371604926
31.214020168883508
31.290634016503333
31.346050660091688
31.468363883128852
31.495761281952234
31.56826239563575
31.658263433637515
31.768089027126273
31.842844355396508
32.00070666905894
32.07510911313322
32.189096703487714
32.28366645388113
32.37994675822057
32.467275310812575
32.559943918203615
32.69158556445664
32.78658915079131
32.97742361769035
33.12968971187055
33.29105085523157
33.49815200089073
33.52022402853058
33.72868905104687
34.049479385677635
34.20361196738112
34.51502200788158
34.7707697413643
35.26833557778137
35.69121344401719
35.73535908418454
36.233453973713615
36.32029876387909
36.603057639943266
38.1208392747455
