0.6479275042038424
0.6636682188524123
0.8304883263501692
0.9612525732945673
1.0546900281313532
9.25159034005307
10.076327302984149
10.134488742187516
10.380790178345183
10.743770415328903
10.875739418560963
10.979014222336351
10.99814834150338
11.612094409494341
11.787137858623995
11.837060658163203
11.914843788627003
12.023144024337219
12.169280513348351
12.259361545297638
12.495044775593563
12.713502970807276
12.746328314493498
12.82146823359974
12.844024751829815
12.865888848537157
12.905962036255978
13.060114764470907
13.073002620727456
13.14405054120828
13.28981529624911
13.318884188022542
13.357534217886302
13.369130001607605
13.45414828475587
13.549756358109212
13.57000516182271
13.578382075727669
13.61693550295903
13.7149862637726
13.80439614500513
13.895645469213637
13.93110956426376
14.001615386415283
14.020605157802791
14.09168605727066
14.171239693115751
14.213258127555996
14.230929107245144
14.268850322337245
14.322899747470288
14.354370023286624
14.401230567079564
14.417562585002736
14.45791029279692
14.486812329660385
14.534012441797694
14.582725281579958
14.616474381541826
14.667580364277914
14.709339100611876
14.77109954367502
14.823882033003038
14.866666808870306
14.954832185847131
15.028165877933954
15.055907426869224
15.077122033496488
15.132066083020362
15.153835358703443
15.202679644302718
15.29022028334313
15.302898957600766
15.339658597817062
15.395858957300462
15.455449302557787
15.51793736058074
15.58032130117736
15.601982664094708
15.65226692490679
15.702080598995089
15.73159783845949
15.747037510065887
15.821935227578072
15.846168001789394
15.916403238309208
15.92150781352439
15.95259553755178
15.989605107387355
16.03561502082622
16.062952841685995
16.08595656914593
16.12840312908647
16.169988905162096
16.203142142699686
16.251967502039463
16.29346977862357
16.326219084101048
16.35371113488048
16.394813618050936
16.41633112749747
16.46630811054125
16.47478393435962
16.560564415734156
16.609055631409326
16.630085137391
16.72212654116746
16.762036740913803
16.794467227169545
16.825843995707153
16.876542410323626
16.90519412986331
16.931873779988848
16.959386862659358
16.966660178792395
17.008032112342306
17.050654838451084
17.09265361699844
17.114575806124428
17.16849973631868
17.180942381338138
17.224188889801777
17.26585801153555
17.31503345323965
17.334577546242997
17.34770983548217
17.37098656209368
17.467019055572614
17.490519037435476
17.538187643275176
17.559793677746068
17.616963706642796
17.65107947495338
17.703207687356315
17.715161074637354
17.76595767500411
17.793920366338554
17.831986503375965
17.860393094723985
17.96983867356637
17.979541727299946
18.02227322365673
18.028330706316265
18.055969347066316
18.102875882678134
18.13109596497809
18.142129707696014
18.19939067499676
18.212177043075926
18.28724943169713
18.309126026162044
18.337400618738737
18.367348508477093
18.395210792199936
18.470566414544372
18.489035509181097
18.527517256696854
18.600097054582537
18.621040869809118
18.637592443149813
18.668937425886813
18.71946356974152
18.743942776646886
18.764354728532247
18.801796441751634
18.819919110511044
18.836475360501645
18.8653380785893
18.91569242512121
18.959050868749074
18.995452154003516
19.017754782350146
19.0720302876786
19.079557723184767
19.108329798641503
19.126219231159116
19.170904531325146
19.215991059179277
19.225505137242628
19.245879168919107
19.29822026609388
19.320955933876743
19.399288016385867
19.42337163531162
19.44143632989354
19.4916470157099
19.53089593883567
19.56438729285619
19.587874492553222
19.591237021598374
19.630406755669306
19.672269027278556
19.701302793858886
19.74164977769655
19.771874350062014
19.83879496216755
19.860375296927746
19.898310604231863
19.933256826661943
19.98101162088291
20.028284967642502
20.047695203798725
20.065522628217753
20.10437789576401
20.120711205476116
20.21295769704278
20.253996780614965
20.265090255982656
20.360322075227177
20.38056697048537
20.411862770371066
20.429715196286963
20.473181816090293
20.48327552701366
20.536551602413635
20.568097326420087
20.597030587939905
20.62579031610017
20.674273880593212
20.724371428551112
20.758167270255985
20.80293080581934
20.817110065401497
20.863931666525282
20.923371191620358
20.938962525752352
20.963389228668834
20.97083114190414
21.0331754024736
21.059422487520983
21.104671717420434
21.115635188045562
21.151251744711118
21.193433521774466
21.222136184349083
21.25761834247218
21.280303981712343
21.324597211131195
21.349556793387336
21.37468530012718
21.418475542792045
21.48302319136311
21.51655954491074
21.548555995367867
21.5900961209374
21.613467133429562
21.63407199402162
21.663240749010814
21.682388358246317
21.727122963062342
21.739487422096616
21.755364981093088
21.827102904760448
21.846165850844496
21.87048526084893
21.89056369104986
21.92404771754487
21.973142267731046
21.990679826705897
22.03184465225721
22.04745380363198
22.092541758800788
22.143378035844673
22.220258072449614
22.2382561549856
22.274909535002937
22.30698725151142
22.33842304375646
22.36944577600982
22.407447927736342
22.448031859804512
22.466649370620743
22.49878748017207
22.531368553000608
22.56304538063182
22.61567270882963
22.652134788930635
22.687761380192306
22.711598760714114
22.726908018460378
22.804552019732423
22.8394678051965
22.865339667172066
22.87727932119148
22.887166438825208
22.9778226306038
22.998541635377357
23.05458298609558
23.078140754443247
23.10278851085005
23.115792306975518
23.179176228037825
23.216752450862998
23.24015110925989
23.292647945365765
23.31602447654972
23.33773656254034
23.361921334811935
23.395442951529233
23.46253627699151
23.470902789313502
23.510275810507544
23.557665991196252
23.580369088301186
23.613961302164057
23.636009096832197
23.65428939551815
23.68397137497491
23.747278773186125
23.80414793435833
23.806415330506972
23.832398047689317
23.861656730307175
23.89392461719843
23.926859208960014
23.949618801724387
24.028914235766003
24.036214073790177
24.064404379594972
24.12307350275776
24.16656455272462
24.20428090492709
24.24823269742316
24.289515610501486
24.31796704096269
24.351126808288104
24.358659900275434
24.37212666556287
24.421073252532835
24.460483761178594
24.489904742247695
24.533804949795943
24.552668110746986
24.58308989677243
24.626328368176072
24.63944980063989
24.704403735630553
24.71743878422566
24.760612751664024
24.79736911415675
24.818494826454156
24.882938399999247
24.887678470870416
24.907621763535616
24.92459981671862
24.998500591774597
25.068759105767725
25.090044036488308
25.097854327200114
25.133516046606477
25.150845930866343
25.17632605149181
25.24247411274737
25.282944082862276
25.351020795627623
25.371329578125856
25.41990507882258
25.45530143935881
25.49074671845849
25.530247046568057
25.549257416134406
25.58320894738588
25.61885308953646
25.637276509084774
25.71663478255871
25.735016650276645
25.774592829568405
25.82734205097971
25.841089820681763
25.860965479729007
25.922460282654225
25.945344924370126
26.013177345919267
26.061862923920412
26.09181046285344
26.104350553923858
26.175626222656092
26.21148079596172
26.22889057253248
26.290502843453925
26.32495530875857
26.418983340084385
26.457792167923937
26.50798170199972
26.53734168058563
26.581997574329776
26.624698550633045
26.637766888442414
26.679951308898893
26.783659900303046
26.85882272386983
26.90365385398785
26.949132578542788
26.981568826148266
27.05367143746115
27.08353381559256
27.08761313907027
27.18099127388674
27.19234764027099
27.27969834439105
27.311850703345826
27.336384749616933
27.420955563326764
27.441773856003962
27.455923906453446
27.480774593994795
27.54157988266923
27.554800477333632
27.597827923427293
27.618320432602196
27.640033019771682
27.70045694628437
27.77044846620303
27.786536881457597
27.815082426448193
27.886635240801454
27.928964350207945
27.99462879142308
28.014344864243277
28.0862994730297
28.104535893030917
28.143658490893177
28.191608959822965
28.240183968842167
28.32395223778089
28.39323463526048
28.4151282959971
28.472725502814058
28.57528495326225
28.62497780142286
28.662495586465315
28.685269126385116
28.723619933019133
28.76967354651959
28.833459409288675
28.891330273520087
28.96334652575466
28.97314140952688
29.012053073290225
29.026455892492272
29.107240294230607
29.22271526914366
29.25160455558542
29.28274185732924
29.338074065427296
29.3999303937855
29.49475981435647
29.51209486449798
29.57484270679348
29.624100845783275
29.684238980009845
29.72253500545555
29.782090471300616
29.833729609096345
29.89754984264507
29.920142994705138
29.94757691153755
30.06465872519514
30.161589544887196
30.22181645018982
30.241147033323408
30.307469204314962
30.379573574100434
30.448335965027702
30.489958538542687
30.58328400997253
30.65866715671415
30.712085923151992
30.868897801096946
30.900601040951365
30.964709137234337
31.057351707337716
31.136148014560305
31.14508782917778
31.285783425963746
31.386473753034018
31.41702912394355
31.45882079042454
31.57521186343675
31.64035855882834
31.71745550994278
31.773610550294364
31.92392493266399
32.00692382020642
32.06106651353592
32.13432569316845
32.19080572632118
32.39101506354959
32.524773755060735
32.6136073318528
32.74121454767113
32.94837113454333
33.34274318881386
33.37774045088053
33.70581750656416
33.86900687563722
33.92762816768637
35.32842209342025
36.702399349358146
