0.8163398645627479
0.8853857019450567
1.0180172388481359
1.0315940787142384
1.2051983951904135
7.525885429545209
9.319558119905242
10.83111694226189
10.970728975254827
11.107695593395894
11.449733078914907
11.51799308438831
11.657973675472983
11.740260572045308
11.943602116670148
12.196359177271503
12.23147212427192
12.324693000601307
12.401244208381387
12.411041323016528
12.582848431347228
12.794536440453967
12.826264380930693
12.851172184752595
12.87900053268715
13.03152866505389
13.209420709078126
13.22523718814525
13.295902852019017
13.324428357038279
13.365629788162888
13.394117746860926
13.440751539412517
13.533288090965646
13.578361892201334
13.59652842183024
13.619495538145115
13.692066529892834
13.777329843965276
13.838975176134062
13.863719696974556
13.96403081635267
14.018669872845468
14.030367486196917
14.038180203152182
14.094491002933033
14.144368410479451
14.17156680051019
14.289286671238216
14.318311127300507
14.397431998883171
14.436387795893047
14.466932347276343
14.520355456495802
14.53771651503277
14.580696968993337
14.665667681236704
14.735847263298457
14.770550568973407
14.804868415385792
14.835883030823155
14.88644768924663
14.91638921328401
14.942248220037616
15.024179728984937
15.04572659348669
15.134765830029526
15.150863995575843
15.199966658524906
15.230567006703694
15.265277881643376
15.328038190762438
15.38096258726801
15.405677694043337
15.448983982757895
15.48631293274811
15.560675662389515
15.577899992116222
15.60865322424441
15.664077045209922
15.710530553638497
15.752381843960665
15.782782063110307
15.817101419845374
15.868093617271057
15.936735035741732
15.978965095241042
16.02626219587803
16.0439502037822
16.074104189751683
16.12263433200903
16.145561138447185
16.203365204476512
16.278631883544893
16.35550923131056
16.371331088036495
16.387839924143968
16.41253686846675
16.44986412026217
16.472480051115184
16.482212749339304
16.50285449653751
16.560839830220413
16.58924252649672
16.620030526098674
16.65124941079478
16.682595350268603
16.74377038269958
16.769026245668094
16.802458500339327
16.807999184900513
16.855544285165884
16.952008459211175
16.993050971086348
17.013223236552886
17.04017329472463
17.078436733898826
17.10273839795496
17.167121766704653
17.186460593488498
17.201568699824513
17.221484869074082
17.25868751909259
17.278889171658747
17.334189939203757
17.35442771671721
17.419621684545636
17.44361308163134
17.465023412687053
17.50725903655539
17.594690026188193
17.653675271058948
17.69518300502268
17.71221881408824
17.73848526715251
17.775131717682477
17.792146934792928
17.84038385536397
17.861864619018476
17.895825295873404
17.924522320545922
17.96338220201628
18.038047288852503
18.04118987451995
18.082052018189678
18.14496912085004
18.20322679180465
18.222448413647765
18.237831923306334
18.266813165047115
18.30988323177396
18.334992210314244
18.397360224745924
18.429079130028178
18.445123006545625
18.483418933238745
18.52892766044212
18.55339335986349
18.57619149982744
18.600281585200314
18.6170556164574
18.64035687964413
18.715810627552326
18.754411023594795
18.785119635599294
18.802977207922158
18.8333096554099
18.866139502980715
18.879323008087788
18.90545077064725
18.975586968116566
19.005563638039806
19.018445937254743
19.053368017129777
19.1331786095325
19.160241143210282
19.18284808423616
19.209848550735238
19.254840327519368
19.26904605498305
19.314668755335532
19.345250094898528
19.394091308320423
19.45034279216474
19.471498180874608
19.50251061942715
19.51709876977417
19.54800019905605
19.5645536696033
19.63115644021412
19.652035446957697
19.685192252212516
19.73612983176328
19.76597971825789
19.788874103354875
19.839749443323242
19.859592390775983
19.874292859084903
19.934063254540217
19.94518241848944
19.958278907935792
19.994289823738683
20.024285028543915
20.075423727323386
20.076214706811903
20.138698966853635
20.17551157678181
20.207469757467358
20.240303075165556
20.270305605640267
20.31263526410647
20.326153924266958
20.363462787662947
20.38124359648901
20.417859536825958
20.460945363160494
20.49251595882657
20.52997124319073
20.588753067282457
20.60790696160619
20.625309930625953
20.632586057655466
20.65932185529653
20.705691342351738
20.734695027167014
20.7869129200487
20.82953950836355
20.846460488139154
20.88998959531842
20.923122582970883
20.983602705173595
20.99616001632946
21.02295683553008
21.036973180768467
21.054924916772126
21.144388388767624
21.164762554493027
21.18765755675811
21.216644319993584
21.294342792366212
21.314621122702693
21.338816541900986
21.366427241157815
21.383524551132073
21.40227092370333
21.44835346636589
21.46744511325241
21.508645743449605
21.53911047058996
21.577687253343203
21.613911743011737
21.62718352292257
21.685716429866176
21.72785298906809
21.775185259045628
21.811488352685906
21.82665866116023
21.840908819235636
21.86662746754876
21.88937870170976
21.929839796020772
21.94099496636879
22.006275254179567
22.037681270568964
22.08009470314974
22.092584486180044
22.12060327356506
22.16440218388483
22.211864717399674
22.262667984762256
22.27925188876358
22.326671405614967
22.360338839841866
22.388898395465045
22.440190487538555
22.44908620894922
22.475798484836584
22.51895536720798
22.55290830942627
22.57033386768654
22.621334779656937
22.652675653824776
22.669511963972575
22.73832802933041
22.79373081228824
22.813759223837998
22.84118129234085
22.88632044495421
22.916994455002428
22.95642753037032
22.976223040219207
23.019699087705295
23.056045901519823
23.106054566805888
23.150195794168752
23.17765815972482
23.218346148632655
23.253655711210143
23.256931380647746
23.321829583478
23.33041984298932
23.357154079744596
23.388849041093003
23.427861079875797
23.47385522062572
23.50346639852436
23.514407932451324
23.55831810793544
23.603940029097014
23.636994075077425
23.670951836890705
23.694559286961614
23.72094542697238
23.748371967163852
23.7957256022277
23.867699452016737
23.935235597209786
23.95300103822941
23.984193535225007
23.997589220424725
24.050927914107078
24.125510833112163
24.154278514806354
24.18861071669195
24.234792914204466
24.2651150414121
24.289633930199237
24.378064253781016
24.4150971139313
24.427306239078654
24.44379828006248
24.479526392741867
24.52606884644159
24.57091934888026
24.611544122490205
24.65083511335662
24.67120902001311
24.719135413598817
24.756067186762497
24.78799652004415
24.86390071928613
24.871279677566225
24.88801528248581
24.930387660862184
24.96004099263254
25.02733054352553
25.077446698026808
25.088831412651587
25.143992799032556
25.169046070377842
25.21870011204074
25.24494462536345
25.311653055877034
25.331864766673657
25.377242696404533
25.40590093549771
25.42270215660988
25.48634466285192
25.517638120666458
25.558087949911698
25.59278502594107
25.652807864109477
25.68923737654366
25.704832956496286
25.7356436649839
25.822959620389625
25.84422682854094
25.893254150129845
25.905905243008856
25.935360553411094
25.977459852290373
26.011054934434732
26.05252415854616
26.08405385271321
26.1135840066171
26.139021688469942
26.218125078765397
26.249834936373475
26.292553676175462
26.30776139500802
26.419318039326548
26.42985650931501
26.467356201087995
26.509461106096406
26.516605788561684
26.60158001341876
26.646040799697378
26.656568521290577
26.719373675518987
26.78782414071468
26.844137070663724
26.876312215312243
26.908855306170413
26.973772592534395
27.04943074385259
27.083175900403024
27.14749852451647
27.166361710680242
27.19475956948619
27.261148982796346
27.33000618010816
27.376059389931278
27.392857131078568
27.47870186814938
27.519049513021542
27.52567866308231
27.566629351741124
27.604398706915806
27.622144822487684
27.688830480032465
27.699105674051918
27.787008758814654
27.83160555618982
27.856423408415214
27.90592371647924
27.937493080425202
28.01882327631618
28.03104959086356
28.08665232077396
28.152026191906582
28.188759588687756
28.213475291412458
28.2314299292323
28.327787385126317
28.365263785578506
28.451300802363715
28.54588592261981
28.578990066269117
28.59286765173719
28.62800036241324
28.701061641946566
28.721592786467074
28.75612182284268
28.775802876629044
28.855212412933614
28.90154918369514
28.963438631863752
29.00192746595286
29.059111972888005
29.116477556714088
29.134302790457845
29.267367545332352
29.311055499914747
29.458583126409916
29.498043238384074
29.506655483714283
29.583383145840234
29.658027214611867
29.718173912721163
29.749868573777867
29.793431805027083
29.83962596633674
29.921928835885442
29.944071457515385
30.019459693803334
30.058235341011777
30.15744982390454
30.24027557198829
30.298019016505915
30.319212430466774
30.43953756473151
30.48360089753825
30.513774495940886
30.533590796589216
30.58654176159384
30.63291241190364
30.74033698804091
30.769872710707123
30.844260816779038
30.95495968213321
31.01621576380345
31.053182941624137
31.133878349716728
31.220911062771982
31.298422893306977
31.348677859227188
31.437063650040006
31.45592858889863
31.583025626751862
31.63861844553894
31.747719567305925
31.781349897908473
31.970643770267024
32.12344840792664
32.338937934174645
32.620453487085925
33.052467844837324
33.064087938440046
33.36757915129168
33.40620230191094
33.559015934546466
33.62478244075824
33.80875547109483
33.9436197860364
34.092074263298535
34.44226343295776
34.8479007487384
35.37108206580911
38.086218001167964
