4.091333530126087
4.277209526374601
4.441943877384946
4.5652896758357455
4.7304059385650765
12.579333383335452
12.926197212821538
13.037956593082427
13.187849073510453
13.372946107329978
13.384842507196344
13.601320987147972
13.695686729675309
13.753454187850316
13.901398406279997
14.066094741926618
14.188196371078812
14.261537777549734
14.372421961825587
14.405765963277108
14.526668695725043
14.533842902708043
14.691400728854717
14.716080235105588
14.825542835568564
14.877286508408543
14.958077969545785
14.980388701982335
15.025802005996182
15.096274754399237
15.117206321600257
15.20275334051033
15.285510218120669
15.34021076893781
15.397475472281402
15.524492563209538
15.556009800138591
15.641548134631849
15.668193318012865
15.708048850491059
15.778506985331145
15.858563996618773
15.914872270374662
15.970144075799217
16.05217064464668
16.089915872559175
16.183083425656292
16.232339485752423
16.250160209512263
16.258942326708667
16.320243371379945
16.37765310718235
16.385235808961333
16.41656980003973
16.499468692274064
16.54001280440268
16.58379089161487
16.61219030058993
16.679084319855278
16.707435910719983
16.754370751085798
16.80461986871402
16.842105493523185
16.863585389884953
16.90387781496472
16.977845856821887
17.024491075274447
17.061136601343907
17.099018760739295
17.1402106259002
17.1872114131194
17.276992827950338
17.339472093389553
17.374204066843077
17.388691500625857
17.443990897388026
17.49575541548789
17.510991356140053
17.582701495905138
17.659725776761093
17.68769488257221
17.712291408929865
17.75897781178394
17.850048450926046
17.863980848655395
17.869976307417065
17.937546275507533
17.96199902252951
17.985805851639444
18.046247663890153
18.132726514409313
18.138697901573394
18.197175422302305
18.222026871223726
18.325541900827904
18.33810400069004
18.3599304152901
18.40749800719204
18.41956121159963
18.493503432940887
18.513774331620166
18.569581612078114
18.62108463869106
18.64578858760177
18.656082962214047
18.720534073214885
18.763039437529162
18.807188168373372
18.850547631851782
18.85489075473829
18.920897499940846
18.96929078282239
19.026238992595676
19.052781291493787
19.06112738465538
19.141943776325327
19.201676771029565
19.21934387902825
19.25171327695345
19.317886760674956
19.34241447256137
19.384127604241716
19.434487961853602
19.528580731745144
19.549586789567527
19.586529216174963
19.59686744907061
19.65039332600557
19.711679131458233
19.761550142176073
19.77305757145877
19.8177778402572
19.84683927575602
19.88623993376746
19.89958159325732
19.927728369190827
19.967744895267494
20.019565241814426
20.029608875134823
20.074350502719387
20.143618835904217
20.16395065303402
20.240768462286546
20.276501020764375
20.35018798310857
20.370790242170315
20.397853008529538
20.426640512856107
20.450203457906294
20.490185985629203
20.52523690532519
20.558994558926372
20.617236624362892
20.637600036419023
20.69282133527126
20.701541241956186
20.727791666734745
20.770610414292612
20.851963620656356
20.90858900007081
20.927877184631317
20.975869899876987
21.013760276854825
21.03703456890698
21.058590402840707
21.135114049574973
21.17328063244024
21.205203968692604
21.25158002468095
21.286893211742523
21.3330575893992
21.350591732244595
21.36783812395947
21.430123510344004
21.48381582181939
21.566409630829945
21.583460433129098
21.63694947644255
21.67515334855622
21.730769391715885
21.77810607733892
21.791323100423927
21.85406978448395
21.88089594928702
21.931758101629764
21.949105518131013
21.979849671668376
22.00983564295427
22.058862098189426
22.065849619849256
22.137730897450297
22.158981683402256
22.2090941418806
22.256914105254022
22.270990272582818
22.282479892701488
22.31828594399061
22.351373511298526
22.432689691774307
22.441895647259308
22.48506730829346
22.541754618720518
22.557725583114813
22.563084158373407
22.62099205032344
22.650513979730377
22.719209151646705
22.741691833874555
22.846525783673894
22.858798961633507
22.890483309114458
22.897584359784094
22.971272864934203
22.97923711367689
22.996338105018136
23.026384223077002
23.08907336987517
23.14428856736216
23.19670994207792
23.218927385610527
23.241375966147196
23.271528499650504
23.32548008486164
23.36614733288669
23.39936471763006
23.449979760429493
23.47129787915814
23.490582677436556
23.541733768629967
23.595155282064322
23.635933949902466
23.660032502986585
23.726783038730915
23.748708129527266
23.76357953656439
23.798802319446114
23.84902324167864
23.902333857546683
23.909392918988196
23.93511811922831
23.966719406320482
24.011429240804283
24.046618230633285
24.07310828300594
24.097849538279306
24.168481580053342
24.184728794702476
24.233900623312692
24.259515732746397
24.30950488059479
24.326500240926354
24.398477738128022
24.408395834867065
24.45862436414528
24.49341843294951
24.515310289150108
24.56272172064628
24.58446611221798
24.595565382044654
24.61562292006649
24.67097250665551
24.725042252802353
24.776228066989557
24.798566199412264
24.858188001459023
24.905096509493905
24.926593194677857
24.959634522684144
25.0103401074499
25.04674654097627
25.107183541303176
25.142146967717142
25.165461775563312
25.207078571190017
25.23925295260523
25.283220184119894
25.32516220050292
25.343073138539363
25.355912708978902
25.3905372342265
25.443914796017175
25.50171271352166
25.546520931307477
25.576271099636628
25.62072782281542
25.650680612728507
25.681845148146245
25.697051420698976
25.77103644298205
25.78401841099641
25.818171189355397
25.883665340539956
25.89352757460793
25.911684119610797
25.957142687087572
26.0024364260041
26.059647024608584
26.097002369301357
26.112924787949414
26.150387348548932
26.204639972708293
26.2443066216444
26.26483821684176
26.275276424512455
26.38565558306792
26.42332517573073
26.441671787204072
26.472475419023187
26.519797579724795
26.559659309961738
26.603486640919197
26.67797080531636
26.73480281543372
26.767896191311543
26.803439806666983
26.856943899175704
26.887669730828314
26.933071435426204
26.959133526555732
26.991178949953003
27.020074423626163
27.04029814992435
27.0812674742131
27.11407927244292
27.149883204060075
27.193513323599184
27.25606073934908
27.314733774025758
27.34222742678044
27.359885645313256
27.393781126861057
27.429804633208963
27.486898492277206
27.526523765338514
27.569421147475676
27.61288313328548
27.66668539925805
27.70249394494207
27.73440645983252
27.770777596058313
27.827707761626723
27.865341727089515
27.88778766391375
27.96302006013724
27.973645271431646
28.02063750370494
28.115845967099556
28.17854538956769
28.190359636060805
28.21762450710185
28.224836093253533
28.3092763998748
28.330946096222718
28.34543975043672
28.387825582593845
28.427615345014544
28.4969917406859
28.51759595642587
28.55088698843898
28.594998840797658
28.67266573696181
28.72260386301263
28.767759730911276
28.80596501754539
28.85700512395705
28.900234133782078
28.914830884851924
28.977629617047125
28.99556557439517
29.034328766651385
29.092366938158886
29.127367023936937
29.166600097091706
29.267980808881585
29.318379918584963
29.352577343158703
29.384734642727423
29.400788670615018
29.467830886672015
29.55005527052487
29.55913657984027
29.639374458969694
29.653442716058468
29.6986345600195
29.7645826681111
29.81015013601671
29.82736542528268
29.874559910427042
29.946108090192173
30.005387277375718
30.027078178776335
30.068677508915993
30.095538358560066
30.144422039990292
30.22954982437702
30.237557619958423
30.340338442069072
30.351644365033568
30.4354297189766
30.489817225336473
30.500473033046475
30.50311091252539
30.58520903075482
30.664442574594098
30.763145171867773
30.804292323820206
30.85539097488162
30.92442797221207
30.953850932190587
30.979180553158695
31.01334385642779
31.079223186905555
31.125122977133486
31.184516240608847
31.219188236182628
31.325895067875518
31.334444997220377
31.395932282523557
31.432895858503137
31.48289930362017
31.633473389465454
31.653803501527655
31.722847567269596
31.783284841911453
31.89219912143336
31.942352220912674
31.963284400588
31.96730259312084
32.05878196177353
32.10367641215677
32.13933816236611
32.24204162106924
32.345775669340334
32.36191946803977
32.41236823840855
32.46503855844257
32.49410216341681
32.56455407082255
32.6160376348255
32.646206388797744
32.75116378597966
32.81807082208816
32.93526242500219
32.96254776109268
32.997426315733925
33.06495060008791
33.138783457656416
33.17327312900853
33.21449254409361
33.44687590102521
33.504553538591495
33.53200889157842
33.56465396315382
33.62883995310035
33.71179708564182
33.83861624049494
33.91277100870343
33.98122785973854
34.01627097515655
34.17718581042296
34.18932367125127
34.25316385786831
34.30953899158306
34.37517944804699
34.42732729809281
34.525803284122546
34.62297292366226
34.747268059703806
34.86148828731525
34.97876841210245
35.02622614919198
35.02768689855734
35.321139216271646
35.39340052395511
35.46457215378073
35.60095066196396
35.689207657847916
35.87743106397041
35.96578589843391
36.13712275317539
36.17045330830998
36.31694349791712
36.46224162677425
36.48616983658635
36.6046365845863
36.66956373228376
36.78682372452575
37.00306410688519
37.108235171695355
37.19167240983233
37.31693897864342
37.425652655386855
37.68224088464461
38.222049314538594
38.32231850009249
38.35883934704252
39.072761423999744
42.220570828399175
45.01121781944584
