0.6818948416632298
0.744687401245889
0.8755020062361212
0.9630990767483537
1.0999532325799073
9.206043167936686
9.523522941558314
9.76413812628481
9.933677963811325
10.13349669950546
10.936198083836794
11.026246179950585
11.413255551062983
11.688351448296459
11.939049323258539
12.001042420459806
12.065001167904795
12.15791505723616
12.194747735808164
12.303393931867335
12.372357718588626
12.454352656761914
12.522031128379524
12.564677053836903
12.595141944095719
12.626584767881273
12.713940397086525
12.782465200268348
12.814621942806067
12.896402771523494
12.924258983948054
12.94310880803615
12.97303477860519
13.111912928924294
13.169077110658435
13.240187735057765
13.305603269951067
13.366960979138227
13.429255586335039
13.5472633122426
13.605616374252753
13.615436697247105
13.679707272940322
13.700637632890894
13.727061463979256
13.746064975018715
13.798599220876179
13.826567764409708
13.857606590225235
13.971869174334326
13.993600582148357
14.044338186354349
14.06361238528871
14.105538880365954
14.162282770677692
14.240573316064204
14.274581756027887
14.293018974728712
14.348888197649785
14.383346655054515
14.442689923918474
14.460561219090417
14.479425215136933
14.511315779786194
14.56496818193642
14.610418816068297
14.633763437473952
14.671756198797839
14.706430608355987
14.750004474631845
14.770780999545657
14.802708868664116
14.857822443597552
14.928151347426072
14.995289806564584
15.016990376446008
15.09135694023651
15.10664770125946
15.141565998415308
15.170600203359506
15.207638686167918
15.277161759027576
15.339201895711708
15.36840929808823
15.409710956972647
15.432025790890345
15.476578289900038
15.532057514982487
15.574203774323884
15.59385601494073
15.650509202884033
15.663298498838113
15.717605676081911
15.75317496532083
15.75657467255827
15.77344952634777
15.80435700927552
15.87453391945656
15.877285756785843
15.938444737540658
15.97012806270929
15.973175940401925
15.99450374578784
16.06006187919711
16.115268259592817
16.174511786128004
16.1855356727863
16.2051768968976
16.232067684833225
16.28579947353296
16.340569651488547
16.34717546641494
16.408004414803376
16.4284054651015
16.49750923908561
16.52304535057399
16.586779624032367
16.624200457684065
16.687637133319427
16.71389475648357
16.732548850765024
16.773923998466127
16.807502138425434
16.82266840896754
16.897375910435574
16.948057321857053
16.963958928017437
16.992441969052244
17.0099566741616
17.03853297343656
17.131436812759045
17.173369567815865
17.18835757602275
17.231218702807052
17.25472621384287
17.317193615996764
17.326088038289992
17.358410928761256
17.384267753115356
17.402398295892382
17.423863695442492
17.466620651832354
17.52364436249113
17.551812509585503
17.61540035206637
17.640008774838606
17.652978648313404
17.70883200174609
17.726079585117656
17.74914226881896
17.807108789881603
17.827366569998464
17.850037431251092
17.874264503070332
17.929513740889508
17.94857228718123
17.997171882508148
18.02174309306361
18.055027057996597
18.088114754858
18.124912593019122
18.138515721670753
18.175435970626733
18.22667248709487
18.2483792718596
18.268497155329996
18.291531111185577
18.344041745079565
18.370005811585177
18.42696951427259
18.438990778489508
18.485054389428665
18.52335735878955
18.52682158047836
18.560069494413263
18.59785615786024
18.63600655907137
18.66744398115083
18.715206245226863
18.734509416431912
18.746776989919173
18.790116764798547
18.84466858047252
18.90047849261816
18.931167365264958
18.97602120308953
18.996930762670043
19.015036386953785
19.115758773020957
19.139447024836997
19.156500776388388
19.18916762241098
19.22586221507392
19.24491367924394
19.256780667524712
19.285960939851673
19.337755923350375
19.367869170896206
19.430210520188293
19.4364550711981
19.487384847808
19.53152657313041
19.558408807214384
19.57687250453832
19.62127254316691
19.662135691722508
19.68745664358304
19.721680414865645
19.775590777315116
19.79712685007339
19.83611519008411
19.860785946515044
19.89739613722205
19.939139704303585
19.976357235382366
19.992208692028036
20.042707299757996
20.078033207752227
20.093665811869705
20.12633270624968
20.16163375324337
20.183303532789278
20.232246670133158
20.260039115983698
20.27983130237421
20.339023939350277
20.364711979007442
20.42684705122926
20.46874756056755
20.488279619413916
20.51014505781
20.5317664742153
20.601374126192916
20.637459013812453
20.668611100656527
20.691734829150484
20.714104547309688
20.775859509305285
20.780726138530678
20.82042532713942
20.842717389191108
20.86550475239003
20.894062347541926
20.941470542116658
20.96519965646065
20.96722965490952
20.997689612892646
21.05371876205135
21.101068128160403
21.130034296172845
21.167774393391554
21.18930516945921
21.23325233607093
21.24145739049578
21.28136205962226
21.303281297765494
21.366768565918676
21.442307874787048
21.461737259526465
21.483566705686947
21.504301289607533
21.536345816877777
21.58538814879408
21.633749815410376
21.666236852727046
21.668841270978994
21.68104286809895
21.74928155950236
21.766790237019528
21.790151455449283
21.819802772298402
21.888234061581056
21.923403414977553
21.940805657749593
21.978857133707375
22.011026810988778
22.022777971629424
22.049572283834085
22.09884408011155
22.127083991731354
22.200488153499304
22.22044592379598
22.261924918313124
22.312930489744012
22.322422514937855
22.36994315599299
22.399784336560206
22.42661328835843
22.46477615278958
22.490066529650637
22.533923676740994
22.569293017306613
22.633215031661948
22.67349122482046
22.708562936638288
22.720417373962793
22.753125203648626
22.7792035577569
22.844148976669437
22.89697997801298
22.911761547239852
22.931031939249504
22.96150229758595
23.00724412441074
23.04474124195345
23.08247665027274
23.122702261569305
23.15120725702202
23.171785659032196
23.215784941562394
23.249410698507198
23.272554379295567
23.3083684023995
23.352235078687166
23.372942051421454
23.406203435352168
23.43918116184073
23.474134720897574
23.503243134806656
23.544107133953762
23.565163388397735
23.581363045548898
23.633584392983735
23.67653671209293
23.723468113976956
23.764011659391734
23.83491727706819
23.855689323147683
23.906262148356294
23.926910834448055
23.958421467715834
23.98993717413587
24.028334016198013
24.04144962032454
24.09924143883122
24.119851321460906
24.15465436125478
24.184970490456227
24.25801337278201
24.290198196695602
24.371784561826257
24.401030889118445
24.45615183431325
24.484739646514807
24.54909605453413
24.580962103053125
24.60103521974375
24.682909869961655
24.694376307654665
24.71102723348606
24.80294755983823
24.845264494060135
24.884211503954027
24.95628006737129
24.99197428153099
25.030375348954024
25.054157277137787
25.07939117049785
25.112774068745978
25.142561872805587
25.196784470576045
25.214213579534277
25.225659854424226
25.275480199680068
25.330786372274048
25.380262231949082
25.409370942153103
25.49033848942134
25.50594885874278
25.540111401305705
25.559576840767342
25.597735755951753
25.660605692576862
25.664519627506962
25.692893267824612
25.745734081814202
25.788223298354147
25.835494430351044
25.89305365848343
25.911033176879467
25.933724179587742
25.96278106656816
25.997813800804405
26.06360184068341
26.074511404844714
26.148227155692783
26.20818380318606
26.228706283595475
26.300929764013905
26.323498918358467
26.330135994788943
26.389754469330278
26.481965765640293
26.519448488972113
26.531935963946758
26.598867424248866
26.632403873575775
26.662771570936428
26.766081032223944
26.774638141864155
26.829092771348808
26.841053253087114
26.85635930540379
26.93236276008164
26.974867230775246
27.01964782269599
27.03452145978546
27.109675757602563
27.144114706602533
27.197873210345573
27.26427662969509
27.30572827032202
27.366149583295776
27.3946839978315
27.43777454235086
27.46794461953819
27.53006566314276
27.57555844194991
27.634252994056023
27.661755029940522
27.692394119055106
27.731726503791187
27.777464822887552
27.846967844098206
27.899970973655062
27.93854864161893
27.970874138071192
28.070887177726256
28.162200135276432
28.188350119554578
28.236261850601093
28.334178597782515
28.391592545739933
28.47719391133689
28.57653319058557
28.592755981381142
28.70312279164559
28.72285773442766
28.73145962314581
28.809793153573054
28.851879965940277
28.914218520482887
28.99414428319739
29.0357553314562
29.076945851944785
29.097222877431168
29.19835259498865
29.26387107431606
29.272142191909946
29.34185849244241
29.370287147490988
29.487321446394247
29.524164134345664
29.575110570275758
29.63765454541575
29.689367771633922
29.722508795354255
29.85607174561648
29.9202841288412
30.002690678597887
30.01857524327386
30.07518500341211
30.140295808009743
30.1830273868592
30.25961456417793
30.318774026623032
30.37306153579849
30.418076799325863
30.51063298489293
30.533781267329786
30.62724060393807
30.746241685834843
30.813768766436304
30.965057963930317
31.10597431182085
31.115024727205206
31.198425443618603
31.239607862259138
31.317490334725548
31.334475486265003
31.38435136466377
31.7122874741597
31.735294526983644
31.78578977515153
31.885936682622727
32.01320323083604
32.05153531026146
32.36826996587265
32.44432202618873
32.66382146659657
32.693011158996086
32.89164257544708
33.22756687988109
33.287738642633656
33.358616275047865
33.54596345753372
33.790029887083314
34.12170266845647
35.30043973751274
