3.9553628884856846
4.043547051304547
4.3774617095977115
4.68977765736644
4.733169564081744
12.065794429302343
13.021593794059038
13.174297003519179
13.33325944068072
13.62328869224153
13.875143645543353
13.942529127754344
13.956654854497616
14.159499568639795
14.178094555429007
14.408243408081967
14.477497241156602
14.543982542444995
14.687140737272692
14.779474491098338
14.903696297129432
14.953779918895373
15.043486184704134
15.125798923287382
15.191327517181188
15.232858941326246
15.271006820013527
15.373425366836988
15.400118766046232
15.543402300518041
15.651721343122265
15.680941244286716
15.79971764307396
15.819385353758797
15.883614999994164
15.940138779113651
16.000184237614622
16.05600000249269
16.091579850150318
16.152741805977314
16.17422466393195
16.252001102343073
16.29534891419863
16.32789914137601
16.371084606962754
16.454547793814857
16.510037515855206
16.54631541375607
16.57960900394647
16.62025179960805
16.69695274753086
16.720756553042104
16.78427464202301
16.837388533102576
16.869718457055242
16.924187993703985
16.953520720126225
16.976801031208772
17.01003266934931
17.07077283783116
17.1378931021674
17.221812274453054
17.291362992897795
17.331260456017777
17.344505968525535
17.41868768615762
17.46314821677687
17.53830840780729
17.5642503968941
17.664955750122232
17.705913883796754
17.75588096257129
17.761229980179674
17.82547959455346
17.849403371854887
17.872754951819395
17.92627739786425
17.94295259254582
18.015783177468528
18.03873630622439
18.070494173251458
18.13421143050794
18.194306478291953
18.207432606747954
18.253189928522183
18.30989979637515
18.33788781768483
18.394866760039175
18.43565812824129
18.470830182769653
18.480994727400308
18.53439760032138
18.646602244496368
18.659388763428606
18.682638216721962
18.714425433660477
18.765069975012445
18.788331565968374
18.828319128914014
18.88169029397545
18.919450318297987
18.945409578426453
18.984872287805914
19.06482097141702
19.083894434991088
19.11621763325593
19.18251072513381
19.208385793620618
19.22114161026551
19.269669853072113
19.29660037643055
19.354795247562734
19.403750369780298
19.45536856860169
19.489200419576996
19.496812429140927
19.550639640765862
19.58183954155501
19.63089141312447
19.645535735129034
19.697624070711335
19.736676191921795
19.80118025333215
19.83598907391586
19.85903787210886
19.87035222773804
19.93298320331324
19.941489455906638
19.996435112609475
20.047558994883914
20.067462106364193
20.09509688593186
20.16258062668571
20.176799592648354
20.248834033846016
20.304692332507656
20.32601088964463
20.349960376451502
20.36039205427206
20.40865561901307
20.425848729790943
20.468491126539583
20.529352236695704
20.55594119553067
20.572287416363636
20.639809246883193
20.709821525752833
20.739074660020115
20.756915831215505
20.78446289363482
20.876448366256238
20.904657371568135
20.942073796642045
20.972134317507944
20.97921401876523
21.02546704684228
21.070916844435644
21.111102200176838
21.165744439414254
21.20638927909461
21.226123662914596
21.30372738883647
21.32625116378047
21.393161411682463
21.41344599543861
21.446312382362944
21.46976000504964
21.490970759440707
21.551787447900068
21.553205089735837
21.601947641148755
21.6376987894997
21.671128928341375
21.71268035265583
21.74215616085627
21.787678004161457
21.830118698665423
21.88320830061762
21.911663004389574
21.93877624765003
21.97145757761333
21.983913471560573
22.029616054258057
22.053581939302052
22.091674348982686
22.123276664847534
22.169546414802298
22.180418763339418
22.228810202058373
22.250697629644918
22.31844475040958
22.34833183332282
22.381297525464863
22.42325797916264
22.467320388331167
22.493679044043603
22.52511810208986
22.534900598076398
22.58948065672887
22.64188119663078
22.662532540975334
22.721731384768198
22.744154685597508
22.807987684243272
22.862171533151646
22.896120667045864
22.919939896373855
22.924799074472556
22.978145651606315
23.013120780169743
23.023352347591818
23.036099202461404
23.09869845994274
23.125163348112256
23.15419384024935
23.179844515432116
23.237338482302462
23.264763665397474
23.29634419810423
23.322792137912334
23.371870179925462
23.414519296572355
23.439505223598626
23.49203648775309
23.50648100936676
23.577559744301386
23.612284611163393
23.66161118181686
23.662617073582776
23.702963716765048
23.730833819666028
23.780809413551196
23.821466860897793
23.877376945446557
23.903846925826787
23.92412165763822
23.964385148317167
24.01946951089552
24.044079461719598
24.085678327255614
24.10815849061469
24.15114249347852
24.166086454991937
24.212345137263654
24.220192969966362
24.259664528357558
24.298686672909156
24.355970694440263
24.39484953956107
24.451447623328008
24.474257252558814
24.510365142880033
24.55460166595773
24.58340011443045
24.626391851665527
24.663511693005667
24.688469764944802
24.752535604930166
24.778842791294004
24.818999410775863
24.83423900546811
24.846401639366892
24.888862454622327
24.94827673443262
25.00675133942663
25.007572638992116
25.067616091365903
25.11416405257365
25.13368837219208
25.18618041145831
25.205157988977287
25.256036182465902
25.294272173322803
25.307533804598908
25.375375210798346
25.411347458546533
25.42652040122269
25.46348112623086
25.50536459610598
25.54353974645585
25.585666027228346
25.63266169996769
25.65623139973473
25.692810087062337
25.707881004836338
25.745075564523013
25.800430552089285
25.857978596317068
25.873964768920406
25.93851060725512
25.97403182561202
25.97678582083583
26.020708781598177
26.10356197940674
26.12687068300809
26.1358500547785
26.2186334911336
26.228584048612785
26.28245030478834
26.367293917526386
26.38493657213253
26.405546449379017
26.45240560781056
26.474515326122425
26.521436660186197
26.598642350339443
26.608325302333096
26.635121849499086
26.674605227284733
26.684551350296385
26.69069836140426
26.719202411517827
26.79100526967497
26.811709378150688
26.832463062903287
26.898397500500476
26.913166478731444
26.9698507018551
27.015296100639755
27.04129549364345
27.057572369064527
27.101498740776346
27.13033545126339
27.17790697731633
27.184339401002372
27.269222811198595
27.300650903556342
27.359934618086978
27.37114982885932
27.43426491835395
27.474885776216887
27.54188376835194
27.61360983358284
27.628715167259514
27.678391518881714
27.72588417182844
27.77338690879134
27.798234952141023
27.814831355667053
27.835696161882925
27.899958188195903
27.954636130196473
27.96688947978646
28.0359867035444
28.046970610027103
28.086571771061994
28.121991149524742
28.221265127628303
28.243468531108693
28.30803768316119
28.325732547806094
28.376365107588907
28.381483563096044
28.45064145132746
28.507109622571736
28.528943853434622
28.612028122938554
28.634222993080584
28.672259913247853
28.692937125369674
28.75463831549592
28.806836978020545
28.827796380205907
28.876535469671737
28.909072761553357
28.999261669112684
29.0198531927676
29.047795928656047
29.1573513328935
29.16315677291372
29.208261706942118
29.248104918466694
29.29949687698723
29.327231915048493
29.340472113989843
29.382885355693677
29.42569340958305
29.446096384528076
29.52615360826503
29.563100996261674
29.601181248684384
29.653087735073495
29.668736424608117
29.71709744461195
29.760084659710277
29.81484534039748
29.85206194563507
29.910003871564943
29.99903962542355
30.059426521558315
30.110218939596617
30.136940695246473
30.191228971325966
30.210227001749015
30.265863459435305
30.277540458187087
30.320350508204484
30.35527832904431
30.42385599687178
30.484611002478946
30.588577857320917
30.622023776610664
30.644490623525353
30.692792787270538
30.7131687583837
30.738617292995215
30.873474993300395
30.884452141060954
30.933329382215437
30.98776319406631
31.01449597665879
31.12111578835252
31.16503341489523
31.1973978001007
31.242412143006657
31.266055494711665
31.318668854773605
31.37911077916349
31.448190520213256
31.468181939844495
31.595169700042245
31.612787383622827
31.651407044006735
31.713439273997302
31.792432728857115
31.811582723321152
31.898854039685386
31.971925630067183
32.010393068029984
32.047756955082484
32.11277353808655
32.208701573418224
32.229130150844384
32.321711710742086
32.35922459275048
32.42245450453936
32.496855772150255
32.55158124721733
32.6378357301487
32.68959755143825
32.69977348751675
32.794958842621845
32.89034906678213
32.9045002676229
32.95219684565568
33.02710988695294
33.06543063005633
33.19052640560565
33.30540727984651
33.359104666311126
33.40152448823291
33.44584494775767
33.51286856080293
33.551719656286146
33.711765912697444
33.797791010712714
33.834187821773135
33.886632384045015
34.11183979405988
34.15603152784314
34.170924762829465
34.2650674296846
34.41423580584905
34.46189451150777
34.537814758451695
34.61770782946039
34.69789993424956
34.76732537561494
34.8308355090735
34.843639133808544
34.93287444056774
35.04889283003091
35.115507542693315
35.19836992636879
35.29782906242297
35.4843849914314
35.6069042072831
35.7356365021176
35.81296111814261
35.92216544195268
35.95279129138378
36.13047082871155
36.26160914871703
36.411068284855624
36.54135943896184
36.81708894183276
36.96327872912597
37.093302095204834
37.143103432077844
37.36735918533344
37.62447624031074
37.85951862364266
37.91877160626989
38.0053021076416
38.1046573476516
38.91665868440645
39.52505653963514
39.58707183809565
39.86004173750462
