4.145734036437578
4.401778323491869
4.541169000156715
4.838470482744194
5.019944906685732
11.82509614228891
12.979848753489762
13.185999625629409
13.326943449043815
13.516474910979278
13.627464660589641
13.940347978776124
13.989309812688616
14.10225684637565
14.298387249200854
14.358316455881878
14.468997160049526
14.57745171141317
14.666467887908246
14.751550762735487
14.816544136649311
14.910732100413458
14.961616322458237
15.047415636035806
15.105866566412313
15.214882562622869
15.230350944549532
15.284827189755788
15.359434669524207
15.419981121020344
15.48731721371922
15.579526622350121
15.62476591753467
15.686213322980116
15.819101327966383
15.831521320501684
15.905805250737048
16.02460373086976
16.069243362240663
16.08514253398237
16.15233099091365
16.158110634421934
16.243194475565325
16.3295180589054
16.381810001553934
16.42968098761296
16.443792676552345
16.49655210427316
16.563940887476843
16.624391398082047
16.69097423404483
16.768681224718232
16.781143547254448
16.832243390640937
16.87015892336611
16.902948083534763
16.94911533144228
16.99650872848001
17.05866811448514
17.146919433557688
17.161045872757718
17.276422004470124
17.293475629448867
17.319851794499694
17.39214643948239
17.4255379429067
17.468812969952634
17.539665226540098
17.644241670219785
17.661868005398997
17.668735009836915
17.7389728139717
17.762551120988444
17.780341475975277
17.837907499498673
17.85551883445449
17.885508032374535
17.99831829376627
18.004763405665198
18.065475551697386
18.067975331712265
18.133105582106737
18.146533812305297
18.18749864026985
18.22847445565569
18.288634291562133
18.306872571078934
18.345158490367496
18.39170900751031
18.4456493273036
18.50316978618198
18.521526320646885
18.550383847308094
18.603100688479834
18.64518944341718
18.695440610976473
18.706520616941265
18.754998497394553
18.806810762371
18.855064170950936
18.903249347912205
18.93067303642563
19.000532510480223
19.039928672216316
19.06511297257117
19.071603944862044
19.185762185403263
19.216533905501148
19.247584260170047
19.28235484442009
19.34657226634094
19.418488410861134
19.43009706361232
19.44941874900389
19.52429280174041
19.539516436479726
19.55612492154623
19.579953059797827
19.611886093347035
19.65017771939934
19.677968350823207
19.727755284675236
19.79918241078939
19.814847305168584
19.847252502735504
19.938507260706242
19.981502866869683
19.999179065291553
20.030775655124785
20.075069915533163
20.125267842311807
20.141692349122685
20.16377460261174
20.21171438869506
20.244084076710482
20.268167630879248
20.332450707695436
20.353854279786304
20.398987005437693
20.423296091510128
20.464175256561326
20.510329960039524
20.529378030012623
20.583820927707816
20.61736826461057
20.65673182196843
20.688893912840058
20.731790543787024
20.759521380542612
20.842706653191478
20.872614736405577
20.883871824829534
20.927780485370295
20.94639957850582
20.995277036168012
21.036133702699065
21.066638942529583
21.12347006253759
21.15014178464686
21.18456308080623
21.236157256979908
21.262970205123924
21.323289051169045
21.33345426158864
21.37722874633529
21.42339568257907
21.430801389773368
21.450150745023297
21.492322366969514
21.53049818716352
21.537060963756765
21.61446402318188
21.62018630661686
21.732397399108404
21.73972735103705
21.794987740567713
21.846577127893173
21.866538178542303
21.89469971501722
21.908382129890782
21.921446890671348
21.951856475775422
22.02874421469059
22.039948893224967
22.080125521997097
22.139472274376274
22.170956118293002
22.232291601372967
22.25120542843362
22.268427111336408
22.296245460774195
22.31881052421001
22.325236542296484
22.39239589436368
22.451721446436096
22.493856774832743
22.510996051081396
22.58784570030212
22.605835397336865
22.665481761246454
22.688386230696356
22.76000696197525
22.778791559246503
22.824587120871563
22.833718362690092
22.886488369550435
22.92483298270958
22.95107815091344
22.992540903648592
23.04882092021095
23.059194909349163
23.103597356841764
23.124237307362403
23.204410776843613
23.234625029848452
23.240158164209916
23.321768563977336
23.345533783820017
23.38921886939418
23.393156338151435
23.43567984429569
23.503834400194677
23.540727679336598
23.552013649854274
23.594444828896094
23.60229828529446
23.643881674067295
23.684052908222682
23.739767930025415
23.77708665659864
23.80031240083468
23.864934280511193
23.93906255080854
23.977239923920227
23.989347934149848
24.01855241530777
24.080113505697046
24.099150894111514
24.129429124801643
24.178778566624672
24.186942529068833
24.225784876340157
24.285947398025126
24.309682172485736
24.33750726019324
24.380435002790545
24.418133478675607
24.45231039446805
24.46595376500253
24.48504701248018
24.562963671705496
24.599697306291556
24.615034902880513
24.62379348185605
24.67190607191386
24.720411389906875
24.76501300233146
24.830360446743565
24.846104563358
24.891640472731083
24.93611289180228
24.949705621617994
24.96600667326089
25.052581877023645
25.10202443552711
25.11863643078398
25.168248815178888
25.180098479804464
25.235163150931943
25.266155390711265
25.28677771492567
25.351552429837508
25.39395782418938
25.43764218728898
25.455479706887804
25.49304841839471
25.518580919634907
25.546673725761668
25.580680400188932
25.61616025661256
25.636631412298307
25.694100291598406
25.72546377951227
25.773861038488427
25.785816101735968
25.80961653623011
25.896379241529875
25.920677226663862
25.976133991263552
25.98816189817129
26.033957230078894
26.04377644425035
26.0578369868186
26.117744880144038
26.1750436033285
26.221515309919017
26.280546603557838
26.301718760339053
26.334008342207518
26.373676415003633
26.399643756313335
26.407685857666987
26.446115950154695
26.48256198634538
26.551672283648
26.585499612460136
26.612373189479374
26.66558721896647
26.692075250041565
26.732008414372313
26.768173644024706
26.80776054967842
26.858528122832258
26.877065048921825
26.960546810210857
26.966650510115976
26.990446857915124
27.04077259485852
27.11093038661784
27.128947463465813
27.191421177944495
27.22541438186624
27.272419192195052
27.29992853428889
27.34581079550948
27.374964950291766
27.43634787180917
27.48657892657477
27.50853924034635
27.5602737419278
27.58689049105651
27.61491666720278
27.670096303114324
27.71555965244958
27.74992928251891
27.774690962852485
27.803214815938873
27.823374622114365
27.89223424418283
27.924217472252835
27.967635588802843
27.98977503957547
28.05368487853647
28.10897762917434
28.1641509138024
28.167191886294756
28.196763556129053
28.240580916082585
28.2678155070124
28.27954121371602
28.375787099931607
28.435704229333453
28.458225428426324
28.50556172989759
28.564020965992814
28.6069682346775
28.63388418505992
28.696386391539903
28.747587814909075
28.80267213777612
28.80684756154717
28.845619522318255
28.880759108065515
28.90170994010937
28.953057555664316
29.020239407706352
29.05030818849116
29.084674669089953
29.112034648257655
29.162054945248364
29.205627873762396
29.230924721226828
29.297430885774595
29.316984102482973
29.363717136188107
29.389450496665745
29.42971371491436
29.48379685585331
29.623496731652825
29.65126437914743
29.68557806802822
29.730418354205295
29.762107815814836
29.816037821323988
29.84460485361659
29.89620875890782
29.936873281841144
29.947427819908032
30.04805719080017
30.068391311930004
30.08175575573824
30.136597120193752
30.194836662517073
30.32827468432378
30.34770674494335
30.394321719931018
30.453943362131913
30.518186211506254
30.55232005976327
30.5635509944818
30.592084748330695
30.66398513711984
30.733276946432124
30.805387887318226
30.83333122427057
30.92355091063209
30.95379333934848
30.985658377009592
31.032211194323633
31.087426041552202
31.13517719897371
31.1962813833275
31.229248838312976
31.252691097161854
31.312846159021213
31.426958265705473
31.457085014103903
31.506414288676496
31.572585162811187
31.641139651746176
31.66457333317132
31.67741094540326
31.769807950611145
31.837156321205537
31.891872196318477
31.902363642646733
31.933607826318156
31.977551422030412
32.06251985523629
32.1360744143158
32.207864669131844
32.267670334990704
32.28806381352322
32.32941099676302
32.39632848916438
32.45178335420251
32.49238100483965
32.521995844482724
32.63747118330816
32.73650592491412
32.79001931370346
32.821188161683374
32.88845681868447
32.93792316286074
33.01279977368867
33.043341080851235
33.147096427985915
33.18927425055234
33.238307718579485
33.251939106106505
33.30701806307479
33.42038152968474
33.622351556885796
33.638821905440956
33.68825156650855
33.83230662603801
33.878787078580466
33.897609799352644
33.9373390279364
34.025896418618814
34.205646142325875
34.2767529911238
34.35625232126947
34.38721059782641
34.4987607277379
34.571801652779584
34.65281415549431
34.72074703301702
34.759041223482434
34.913743751338075
34.98655356447394
35.08517542023737
35.22746043750569
35.36726975833321
35.45046051354853
35.56132541985208
35.63072878165937
35.77843853453486
35.88497613810401
35.95252104482467
36.088766780684416
36.16423991026247
36.37747258685014
36.429678400124374
36.49431627486846
36.76382916009084
36.831925666500126
36.940282311500596
37.02082694864577
37.22236436528146
37.366999154167424
37.52726420822342
37.88452750354832
38.02373875372294
38.312209661530126
38.34048660400224
38.63936613711288
40.25028305790786
40.36935577812923
