0.7455264246608051
0.7959997070380704
0.8512754011038564
0.9077898372094306
1.004988516680296
9.188718389106532
9.383166745182885
9.977244031859579
10.11376434969257
10.153787609938732
11.135385648550962
11.1901693170367
11.497795549721776
11.605890606654397
11.66112487743744
11.804927988985762
11.871638612746276
11.93632325907981
11.99854743563996
12.045603005691337
12.064690041632039
12.356098474641245
12.494230236310125
12.532483671552482
12.704767967331074
12.739835365126877
12.803648362550778
12.824472513729562
12.890454294972768
12.973287853797652
13.013989109600395
13.097720163062018
13.164586167612807
13.178778194613294
13.232985722968573
13.272212046553546
13.328813844571329
13.373600980249632
13.402472615891703
13.466566315851907
13.514767852366358
13.54231411761725
13.55767475392137
13.586900894829828
13.613870172823672
13.67772256163182
13.706994507743286
13.80260642242597
13.850841111499715
13.957621171714138
14.01372849174929
14.034718274627336
14.048529930775555
14.071511657004343
14.137869285559422
14.172546527152072
14.2414267302044
14.275766911300034
14.316186568569925
14.36086232523446
14.385990806993615
14.485405576129752
14.493651637521873
14.51122479165755
14.54159275689962
14.565855314010589
14.580163422871237
14.62030064070321
14.674636287259029
14.713987609651458
14.750676887027938
14.788818107387575
14.871051178864997
14.91679677936027
14.960502337356424
14.99634984274534
15.06603644132035
15.071987668293746
15.10465344473782
15.12411629885595
15.241919928609715
15.246941000407054
15.329023888007342
15.402274025677663
15.446706000598468
15.483105264625669
15.507347407386046
15.598644039619606
15.625931081410826
15.633547740904515
15.678487049981298
15.720777574717397
15.730657504079577
15.775478724887174
15.883034436065483
15.898545496780137
15.907550345033592
15.921184670612185
16.01135352018277
16.08220303571289
16.097240890465258
16.13051307514945
16.16490642661424
16.1921684447053
16.21256976514655
16.2565572248125
16.292889677817396
16.315872506933516
16.357265806559568
16.367648324773953
16.40172673407915
16.420314076192195
16.440884245851635
16.469457859838307
16.537391076155316
16.603955413200268
16.627389801167734
16.673298452954516
16.702413136471172
16.75029733949779
16.75531501263583
16.775582402558353
16.80600424847407
16.841301028862578
16.8552723688451
16.894181661947357
16.919547096359178
16.952541283632364
16.980018095006017
16.99549938634994
17.01307119142582
17.057594963083915
17.1143538375109
17.181200695159625
17.21125317145017
17.250839978604187
17.347601267796527
17.356758919650044
17.376348934048504
17.419197149541024
17.442813634423793
17.48481114937991
17.513804872477927
17.542350746011813
17.582117071683395
17.636946584457288
17.644551859242057
17.68741475853382
17.70899328943163
17.71871097782105
17.776384592003485
17.79485481704207
17.839942257331238
17.881703315099838
17.96191143769227
17.989201845748156
18.009142988681823
18.03071458979762
18.05663175708994
18.130041475543017
18.21537213945164
18.220570266529716
18.26158328087756
18.320521618423783
18.405624642512983
18.433060966540193
18.470011056388277
18.478274434787455
18.530978219937356
18.562718536904896
18.581576926103132
18.629461153068785
18.659131503713333
18.69142398960283
18.721132736612606
18.73854175251549
18.790631651704558
18.811998124933325
18.86479020987755
18.920836472890038
18.940372204414093
18.99175161086638
18.999914997879408
19.04475393807691
19.085397514008296
19.09435502212348
19.15292540296714
19.170956962366056
19.199578348155452
19.207748905522358
19.27192437644709
19.294348217007816
19.31654703089548
19.361233030280758
19.394805201432195
19.43284440144328
19.47509279104943
19.487535576184037
19.55336509770585
19.57195329297661
19.589246061983648
19.602838595729274
19.64115910439033
19.66881995042602
19.714265166846694
19.73731857238345
19.789239413963923
19.805539598043662
19.81163035703526
19.85031428123
19.906317560222053
19.91811404687136
19.974421884254582
19.98744340696209
20.019351315061595
20.065879258245268
20.067981809484174
20.11230379117253
20.148890416064837
20.18518697821957
20.23885244322355
20.269388180517808
20.286844205840275
20.333309972517355
20.34015499660667
20.412795596352577
20.426361811849915
20.47775222621446
20.5513818400926
20.558879889154444
20.58619969043237
20.613235179012943
20.658937159133917
20.70082853034166
20.726276292996825
20.75652863697705
20.788427109414748
20.818682926077628
20.830812038218617
20.895332119769208
20.929131296789837
20.957359526645917
21.008533110758524
21.035104034126373
21.066121190197304
21.09906364570703
21.12927500206934
21.162777996035633
21.23056156011947
21.25477470350288
21.269043544802944
21.295267467361075
21.31853463093654
21.369499253831037
21.406731286247382
21.43024464804211
21.472180964133305
21.508715858456615
21.561427623442952
21.59008630073527
21.598010328735395
21.645640436755063
21.700667321217544
21.723979230844336
21.74305197056712
21.77761873067146
21.798325687076932
21.814787530757567
21.88060195159008
21.93108964664957
21.98509437270608
22.01613433267206
22.05545337595427
22.08720870218887
22.095163040029377
22.147873325616672
22.22860107419101
22.27032605404151
22.304783818344237
22.352898056054098
22.362178527698912
22.394065759464326
22.424520501558163
22.468719499659837
22.485586211620987
22.50309759193016
22.528979595484042
22.574209557339515
22.649628112931936
22.674962275030026
22.69910028209063
22.743744844839252
22.769825183421588
22.795296854959716
22.819486619252544
22.83266447615943
22.876415974536403
22.891627934347586
22.947781689682586
22.976125526208747
23.007929861753833
23.080862873941754
23.112371871366484
23.122500221285065
23.141185933991025
23.19341493033816
23.24011267269037
23.271698663626083
23.296590457904077
23.305193090180627
23.36843801387744
23.403014463054824
23.420336337979105
23.475869869151786
23.49541443919675
23.533463178767683
23.546961332634456
23.5970546605861
23.63841769162326
23.686034111711283
23.760013931490764
23.784785614941512
23.843835109633943
23.87105583020955
23.89740181065434
23.957450652735268
23.998069078955226
24.042710335345447
24.060107590265364
24.121384114236534
24.153888238914274
24.197930940488554
24.205003904643462
24.255938095483103
24.28754717600897
24.31151362051341
24.31951184701132
24.33553250220729
24.42722033693233
24.434034789136483
24.451310947996067
24.540750555494785
24.558079562378385
24.567619295149868
24.619199497015092
24.678442204871725
24.737442537545324
24.742184061951455
24.76726746425841
24.80850893073825
24.86487920994012
24.89965044574015
24.961092980871793
24.969110996687377
25.011381666142498
25.04052320139791
25.065241066278055
25.095755117211827
25.128759141100915
25.182881569391498
25.214418001647314
25.25687989880934
25.273198819273077
25.33291251097496
25.368106967322678
25.44297895648278
25.46764585136606
25.502582502565414
25.517675706148005
25.546303782996723
25.616970149238192
25.635185618345204
25.652051069813588
25.708908192213524
25.722363729739094
25.808572197507296
25.828862398495247
25.85496554321298
25.905547226904858
25.970753155312543
26.001344322803583
26.05838036142886
26.080042534221388
26.095549054848085
26.164486028938413
26.193416503460867
26.25086795880166
26.286920193948784
26.33741672598444
26.390677741966233
26.440539062803836
26.459699577977204
26.471358740397683
26.53269144569116
26.62324637511209
26.672132105973155
26.700917788544572
26.737519472791295
26.769190285555787
26.810617009202346
26.901002681967675
26.92515407054117
26.990200469967
27.0134412646266
27.07897006240072
27.149288195897775
27.20209259554133
27.23133647171292
27.27044500884094
27.31058779117276
27.389947859983312
27.425964798249225
27.445368446543828
27.4768319726447
27.539394720718835
27.62021217340141
27.650691380779758
27.69147982118654
27.719061635832926
27.74752379559403
27.80798329607333
27.878942589883522
27.896109840392917
27.933277798537393
27.939716954443774
28.044152450092497
28.05274202509689
28.11023179818804
28.192819521376734
28.20733658756785
28.28405661567545
28.310926790144254
28.36773829064416
28.383314858858117
28.445522084161613
28.544614801782213
28.55525841486248
28.600969408938912
28.66036937757034
28.70996347479076
28.765445195609253
28.79024980806347
28.85681996248089
28.97593392268942
29.07213842653231
29.116111207301714
29.148813181369537
29.194808518797828
29.312950245578552
29.359205813688238
29.41380916033037
29.54952786077569
29.58045277729275
29.686439459817738
29.70612286330365
29.766560829464034
29.86943586962889
29.891665561974765
29.954871087089444
30.024299287138284
30.06297636281607
30.08573065282932
30.16353226566799
30.214289337590426
30.35408483381306
30.36451686006577
30.469826168899544
30.5203601245705
30.56435341176149
30.5962844487701
30.70200024725816
30.89652203650226
30.980332273354307
31.0109361614792
31.163659789994902
31.33888647540091
31.395106531659753
31.482076193556416
31.622269730531038
31.731286640097704
31.754000928727542
31.875042293228425
31.89304070656303
31.952322581141303
32.14782469907558
32.26311007904943
32.307351449049584
32.472487448008366
32.5869791475714
33.05913493889774
33.191717112872425
33.239362370477494
33.362575524915286
33.60510091183544
34.21357630980355
34.39048445970147
34.49749374560127
35.09917644434192
37.97144410197171
