4.23746470591327
4.585564461770073
4.716927105860833
4.719465403227816
4.946758393184751
10.937613535035565
11.920364719393692
12.654436629799779
12.705124874659793
12.857088277269783
12.996344611247238
13.418348679684732
13.793160997534057
13.877189895869085
13.984597336402018
14.109996792153627
14.199299668762777
14.263723114860554
14.370113749032926
14.441450624452026
14.53930444924558
14.60629320401983
14.769828748198437
14.869602124829274
15.002058363133148
15.032839539636502
15.14493071148376
15.17989637811381
15.253352166230842
15.25474025943622
15.355808184508204
15.410491621487134
15.515348000703684
15.562111992939816
15.65728228323802
15.728693816680453
15.773278570988905
15.869715016487216
15.939580477677403
15.962599174770899
16.016839887668024
16.076099097107576
16.196151769317495
16.234993622952025
16.30700776132143
16.324312612842675
16.392624501230863
16.41971153635865
16.47241965188696
16.53776320995842
16.624135810371182
16.646505658799445
16.69618817923514
16.79810104414861
16.847821271591428
16.871307708155097
16.92156883978309
16.9726906966294
17.0436188634772
17.132988042012986
17.175282336870485
17.225599031772898
17.239910489680394
17.26103609556245
17.310688760567356
17.3526869370849
17.36843960718562
17.45335586471105
17.494981323903026
17.526066869972077
17.563716028100345
17.62111062353359
17.660306335891082
17.698432882259993
17.736231336072137
17.795487721344845
17.82564610593498
17.881225440660042
17.89653712639149
17.93292558267407
17.96927038892303
18.038226207336944
18.07334405965536
18.09966982083592
18.158786778795164
18.222934295502178
18.224866725662356
18.334602413397665
18.387813144100967
18.431770913683486
18.443186823083607
18.500598190386036
18.503820034123482
18.56013603156681
18.580871348155284
18.64527741956559
18.69147402179076
18.740308869197598
18.804961517119818
18.83755224704857
18.875711202899545
18.935292493375044
18.958047671350418
19.02007827819134
19.054806157256916
19.10038055187416
19.118823429059155
19.20788735575093
19.219943661564134
19.321684310908516
19.341446329260307
19.39554635144562
19.455414313542168
19.499098718349387
19.525569002160854
19.53572965488571
19.56702463628344
19.630827867684257
19.647167773028336
19.707279690418908
19.759392287579846
19.806264439723233
19.81704160141714
19.846821048384978
19.91786380507118
19.95620485814309
20.009674816574893
20.048470805797148
20.089259516816654
20.145987210762843
20.18621388843774
20.234828355930386
20.265281334976812
20.337344503575174
20.355734939436232
20.39208308319734
20.444227016133784
20.449939876574952
20.511443479070493
20.53141116967522
20.564092114591816
20.605607055897856
20.645194994925248
20.677421396648576
20.736067444730327
20.768002386298313
20.815231245145597
20.895503897502522
20.912817301261537
20.95929043680171
20.97707115439716
21.014318583677106
21.049914238297237
21.097904025192562
21.112390680391126
21.14381141202881
21.177908293059705
21.21658998738226
21.305238074627397
21.347295897684557
21.35791032424097
21.401634657075036
21.421036430839752
21.53581900758496
21.566976915973875
21.625836199143563
21.63536588123508
21.65208042944329
21.716312349734107
21.757790765826638
21.82114582225944
21.82372607740059
21.839525055803488
21.84976629228368
21.892471279480258
21.94360246767782
21.983476848012906
22.00671917081724
22.093694321700962
22.121320430074746
22.138323837770468
22.175892014834748
22.26053401663356
22.29358823445741
22.334157334554583
22.343993591223768
22.396316260238255
22.425197374115278
22.469030369006312
22.490734184265033
22.520906052685632
22.533235442781972
22.590256604357073
22.603182497744346
22.639211120431433
22.672565408701228
22.71381910572502
22.780014743015276
22.791096926145073
22.832141409414778
22.853741579510285
22.93726763766761
22.943750825055723
23.011893849479883
23.07811967555241
23.12028761038414
23.184042957982737
23.199697880746157
23.21986875128998
23.301705528888164
23.336352109832134
23.351684137026822
23.37997461055585
23.397385544891858
23.4695060782884
23.52790455099513
23.551808246227225
23.598355244804843
23.63764430411867
23.70693201730699
23.75526311165924
23.795831124865334
23.803882232869814
23.83855432695016
23.882713707489568
23.928251226411653
23.94644759455498
23.957504965700245
24.00965422637435
24.064117577982
24.110135207304253
24.135640691493695
24.139837738948515
24.182516099856485
24.252144977589264
24.303720003267973
24.327843912187074
24.374294401880988
24.412609031446404
24.44153808730241
24.479332803575982
24.522255400423408
24.555274302507044
24.613871326726557
24.64611985494522
24.689591626028427
24.725469154491797
24.75183589966765
24.820847693964094
24.858196757025784
24.877171748749504
24.903945232109557
24.93481655656355
24.992506728259055
25.023016304678656
25.105836268509524
25.126731471450668
25.17991570103827
25.19181588716564
25.254124143656018
25.296063167545327
25.3238584848796
25.380503192166344
25.408507758224843
25.464611644638154
25.506608560265995
25.51248266983542
25.585425126917112
25.650921305523106
25.68176882104599
25.724458016332346
25.757586019381527
25.791990376580852
25.81213915322959
25.89008293740174
25.940886619202576
25.985172212122873
26.019981760036707
26.058845628380876
26.072883133533157
26.145490641302146
26.171699965756332
26.182792545895893
26.23681667896178
26.277775330799347
26.325192487123413
26.38607267256672
26.40590140765821
26.504276499467633
26.52956152132915
26.57259460194978
26.57828190045438
26.634736707359732
26.721873575740805
26.74136932293752
26.760543812049537
26.8158339898989
26.8573468603994
26.90633658953246
26.91545884508875
26.95839925527222
27.01717946536596
27.053046296840616
27.07486713763657
27.105660410329595
27.157995441080594
27.212979989135665
27.241537862046858
27.276518715414927
27.33679816408652
27.354926100259565
27.454170004779815
27.465546103518285
27.499078571470015
27.542337564709936
27.56604980774293
27.604650945523908
27.657524167026693
27.69670698592521
27.714590629849248
27.741741382181946
27.74865249508849
27.839632350880702
27.8895648023914
27.924966439352545
27.954347610766167
28.01980658853028
28.05071793400637
28.088982400301113
28.16158184474543
28.22079285223163
28.22518294309881
28.2356687039089
28.291853677656427
28.356458935140452
28.361667049450975
28.40172302108104
28.424619947164857
28.47893943796648
28.596038268132155
28.64952211611699
28.676422900949486
28.699886280749464
28.74430816683018
28.788911175522614
28.822576745000887
28.864929742178653
28.873884547982026
28.938902813068903
28.95457011186429
29.018667059321476
29.051564146898112
29.089042290936774
29.152697679176313
29.221246958388388
29.25706562393055
29.278614949568173
29.355644871371194
29.379684826707038
29.44436279746924
29.4875064530638
29.512811487418137
29.615600850173948
29.650013611697776
29.669113967911745
29.692273194380846
29.76256331045647
29.79750697579642
29.849216790525414
29.87119325751698
29.923776009996303
30.03762415682156
30.077055851339544
30.112345983941708
30.13749515415081
30.16104401221545
30.19237131599182
30.257184334425624
30.363295117394028
30.41959868489056
30.474003042265004
30.484919461012247
30.588344247675703
30.6299284332248
30.654211066310292
30.727017926646667
30.737371332199256
30.768906050502558
30.85350077229171
30.951795655863485
30.971791281743815
31.00132734338165
31.04661085259067
31.052216441329406
31.138467930292016
31.15524175342396
31.222202741535348
31.257489017722612
31.314217066425243
31.34960666239528
31.358456789834158
31.42283215474175
31.45285296887647
31.505771089459945
31.601756748774804
31.69673598598089
31.726480961018257
31.785066293018
31.816111828980397
31.8953185814196
31.941814028529365
31.995485677632608
32.02838671608108
32.049882450027056
32.11769391133015
32.14273008998992
32.28186275025738
32.313654070368734
32.41634233278784
32.43140347357975
32.450546955731014
32.5414105269051
32.61524055236534
32.672101513321834
32.72015212196107
32.74493217045204
32.777299958999016
32.892827831492895
32.911577330242004
32.97520817753821
33.03276925928045
33.07826409848283
33.10210033837104
33.252994277182715
33.31264598526421
33.34474767487603
33.392988320503584
33.482602745330155
33.50154931721544
33.558216892587645
33.58510785187901
33.70574147946509
33.745441992844086
33.80372753782599
33.938312601360394
33.9884175167056
34.08168272827369
34.111000922035615
34.17267274553351
34.23728940856758
34.30026918861169
34.31611255872414
34.34053340534162
34.413978076883886
34.59260277480288
34.626661003306204
34.657531879863804
34.69618963410428
34.81883825135043
34.85262056822217
35.024110666813286
35.064846870433115
35.073996425283674
35.219034877850845
35.2743652179425
35.4057679808294
35.422939877544984
35.57629657187405
35.65552014350179
35.72702345633863
35.755583677556935
35.80521179737771
35.893780124708314
35.983862017746105
36.18605598248635
36.31861357894077
36.48080869321922
36.500592353094596
36.600090438096835
36.6960918772008
36.78046482448271
36.87477667324032
37.01227264968652
37.136351380077585
37.324093131597465
37.41988323260774
37.59923586670499
37.72352999611764
37.88846529482602
38.06393423972085
38.350177453686996
38.54329720806431
38.657459299953636
38.825403697768714
39.028865200779116
39.16798482664411
40.11355646840711
40.50836899694267
41.23903981981011
