0.6451087948399736
0.7981695645515343
0.8564067834172412
0.9229715576497466
1.023737184741832
9.786617898425197
10.00973210022416
10.011790054260207
10.828357517980836
11.235497423062709
11.245858608662948
11.330540087977637
11.737836292854798
11.851361758216928
11.888452152988965
11.902841694617827
12.18869464186296
12.215806746019956
12.244529525698056
12.309892407021703
12.35270136371279
12.4428284114918
12.495378527292935
12.66987304230937
12.71189897390623
12.736463084660471
12.779909601921808
12.826961427568406
12.906160896093684
12.951047318424246
12.9819969648957
13.020054638998323
13.118577184327156
13.189739672992026
13.215223565890563
13.289488549193987
13.335297602067119
13.382114196981506
13.452441468079195
13.50507815921314
13.552179596724969
13.579223683415266
13.605792229200858
13.631424020313288
13.68332242657128
13.700200906514569
13.744167455349986
13.791390365189475
13.878257231814343
13.927859097323056
13.9513798753142
14.040214149315034
14.142834943288229
14.18182557560556
14.20123695333054
14.288197450047374
14.342318178937823
14.38521616212267
14.401085593441511
14.472303788876891
14.522048492050093
14.54737826730172
14.591370921014613
14.614841463201879
14.664389451952196
14.69875650118967
14.713197592276533
14.77157828268254
14.814892470001283
14.836106946823927
14.962062080352116
15.01305022541122
15.054293388925808
15.120377277278175
15.143279032474666
15.171146069046499
15.198051366010313
15.250038272038646
15.268726183958867
15.316390548739193
15.381576269340037
15.408365381126794
15.42247981134559
15.452011974756047
15.489349862757662
15.556797502223047
15.591468533731335
15.626538304977377
15.637945256516218
15.662773775714474
15.69215456103933
15.731764169963622
15.821584059236782
15.827888180363967
15.86574738294476
15.922325758652699
15.976413560190919
15.99666307058087
16.01634501726418
16.0601742255354
16.085626711960696
16.123122564117065
16.1654328855651
16.24543847068549
16.27358357863755
16.31920193099375
16.374232562908702
16.413556462649225
16.448475766865513
16.45733322682015
16.507982518226207
16.534141766012475
16.578720954434846
16.588835411972294
16.61424337279271
16.69307434199188
16.7228355466141
16.750709436224017
16.771695398397906
16.787169034485398
16.83160098140258
16.869466146585015
16.8865024694413
16.940913822276148
16.9794123300107
16.995951892539107
17.047713491551008
17.0863001509539
17.106110557149048
17.137107978201747
17.199650678765277
17.22846786729981
17.23906438349485
17.316110166888336
17.369895360909382
17.447688764388015
17.481712699639065
17.492798056434825
17.546037123688812
17.594243163111166
17.60728316742693
17.64870258669718
17.660610660900975
17.70649780035343
17.75176761450122
17.760581568863376
17.808134355316465
17.8227271130254
17.836458941643468
17.866001457297656
17.933428847308402
17.985765181673663
18.024709028007877
18.0677553409142
18.069931015941847
18.09470381446726
18.178913747153008
18.217266699324423
18.246252689011975
18.282699418948177
18.31901125525719
18.350428793110794
18.372351594765842
18.419025367516934
18.43272283654364
18.469916974945722
18.50750639481877
18.535422235409026
18.563554030634766
18.592949638288065
18.610202267864267
18.63484722963204
18.663282481504904
18.686470418718564
18.743462946383556
18.755215005667253
18.76951775605411
18.809358038091233
18.853996616057778
18.922419736020636
18.93737938874222
18.95246790984693
18.97483387833148
18.994719515397442
19.034962198600486
19.060138925588102
19.079609374675233
19.12259087484387
19.15361964709742
19.19082593996575
19.19949428538867
19.223084558877044
19.250955111854754
19.29534780519193
19.31496765546443
19.447568011077593
19.451992633679733
19.51231145583337
19.535945004720837
19.563021412026746
19.607282220575062
19.616725766656057
19.68448504648952
19.704908544265322
19.745537065762363
19.77111636001395
19.834439788013917
19.84786390212862
19.89173181107223
19.936985406756673
19.962666189809642
19.976181476493814
20.03469637674828
20.06054706726222
20.073488236749064
20.091394571306516
20.134787051760952
20.153175120862564
20.196606193202502
20.23868269917131
20.26431478655543
20.305127070785375
20.312169933732378
20.388548717167275
20.412627857815888
20.450002579457323
20.483740044969824
20.511321621905655
20.538391463159574
20.57394033033751
20.591921955258222
20.643703297889548
20.680563162163594
20.699876280964585
20.760437459740952
20.80188447688815
20.82870536239233
20.839224899965007
20.886020664428152
20.90894336676286
20.992753623758777
21.04829841766792
21.057645612052813
21.080283193384993
21.109952742089575
21.126969497964694
21.155487465793257
21.19989112997017
21.2087755900549
21.252681685111323
21.30067852876053
21.3447032745048
21.364692685193944
21.41337343349028
21.43340903944651
21.451273491496213
21.49983688882479
21.534199634049955
21.599002578511115
21.612429659732665
21.640066178077717
21.68445328578014
21.70001553743054
21.774099589755693
21.796034740710773
21.831558698104423
21.859773029172953
21.895970035908416
21.962046165799325
21.978310881030072
22.020744785476946
22.054745089663854
22.070443496948663
22.11038639820212
22.162553071331672
22.208469331636575
22.22703279469009
22.246882737060744
22.286648327308782
22.294629889086057
22.330325015380208
22.338903938393337
22.370201438082056
22.411331799482433
22.433938997074872
22.490909015294474
22.52710124025174
22.57214865508268
22.59400722665931
22.71522205418563
22.774956147718328
22.805692762558845
22.828003972162627
22.8470417079021
22.898549537414542
22.953919143074796
22.958646966859785
22.999075524644116
23.049132233933566
23.07254664361721
23.114077962546798
23.147741562247838
23.201618031247055
23.206835663316966
23.23193750155066
23.29313589633585
23.318080609073988
23.3830413423797
23.414063992628428
23.423144871273635
23.45225698791992
23.531327018163367
23.566797936437005
23.589810176074263
23.606178116466488
23.648629430294108
23.70284173385606
23.731884171615334
23.750866759989748
23.775184015141544
23.816135290802748
23.829247523884565
23.877444615291743
23.971821474273096
23.981819342413527
24.002935794145042
24.051840472849086
24.073908468138914
24.1243463650354
24.152891062898135
24.233970097599908
24.261883605614514
24.342313374476362
24.388027479577243
24.398321180094847
24.429766145062175
24.470527190696135
24.49196830415273
24.512916657234335
24.556004320166195
24.59466116888499
24.647223588473476
24.687869525844086
24.719321006343165
24.757730006743788
24.78014208409903
24.824519932924066
24.869992326260345
24.911271705808225
24.964507936046438
24.98062375220798
25.02621810429662
25.038846034222118
25.07584589187109
25.117399681788807
25.126643934910533
25.15690831501674
25.17381544180483
25.209437822015207
25.261306179929274
25.3073808076227
25.35038145062437
25.37306075210457
25.410701620910295
25.44128285779859
25.517410524749025
25.55843166455328
25.5944328124873
25.640761085314566
25.698802932273036
25.72752714971555
25.804479645690645
25.823380413740743
25.87281204037211
25.916646739374826
25.95104376546581
26.010430947763474
26.061396556744647
26.118077838358385
26.161334034122778
26.225917883819733
26.249673692359877
26.28778178533848
26.33652170218691
26.391231878420303
26.437381470843874
26.516116759902427
26.535449964898934
26.560757533836764
26.61844917995131
26.680702636693763
26.709496115274426
26.749561204609442
26.775469477565334
26.838274212854564
26.852663827165067
26.920636003761818
26.941439960147914
26.979844376320578
27.028475443538373
27.03872739244092
27.087739397938623
27.134662206390235
27.148366145422518
27.24461357094805
27.29364481239083
27.331439614744998
27.357631304568184
27.39026323334446
27.41720299648387
27.485270801953398
27.52044968671175
27.576036016742965
27.663342370022658
27.69289208158023
27.736583977745475
27.79674545588838
27.872557167292268
27.887551103864595
27.931937615908403
27.973134106669725
28.028187124321484
28.0867614251091
28.180472123361145
28.283331933744307
28.307309258462467
28.32843875343344
28.39770977649969
28.42119415515655
28.477885517587474
28.54317241449033
28.56021137931599
28.611791876715298
28.629986695374477
28.71577638199611
28.769847448641254
28.776299985104615
28.92400556354613
28.972554415876377
29.035571986342802
29.097023563017427
29.133721267780633
29.140821605815386
29.218663840520826
29.262768203462045
29.302251568847005
29.353434893734516
29.372392861206766
29.47398702988149
29.567372705359062
29.618501311506744
29.69867427485605
29.748881653644894
29.76046550613705
29.861344990559413
29.971976094570827
30.019576146686916
30.08555086981001
30.1502909549181
30.177416037022283
30.289781757572527
30.33400944387423
30.37023820352063
30.44833345047625
30.47229062101027
30.5958870986438
30.64460374704963
30.685182073041783
30.788494308198096
30.86265820480716
30.949317321785934
30.96415789988931
31.067138825260933
31.121662076341433
31.193933203739345
31.235889133814663
31.30557753680713
31.32345726118748
31.530056841505306
31.677921304596843
31.699306379429014
31.843621627165458
31.934896360578065
32.02441565932309
32.095757784450626
32.337099189342766
32.36465146138676
32.43369764650656
32.66201827499025
32.77507078776218
32.84338000993333
33.110403227134945
33.239664545225686
33.43155170857568
33.509260019701415
33.689343944180486
34.01889435636228
37.07459140067123
38.00024353757563
