4.089666160485362
4.371513483237274
4.48618034293617
4.605665341987024
4.742439377001532
12.156556375128071
13.027450839683246
13.152854753997623
13.349166235719906
13.521088145218117
13.615514158114033
13.795824079696176
13.846161964271651
14.07213488785375
14.242580278311777
14.384085156418097
14.432215474258179
14.505021568851586
14.656701073218052
14.814094012045699
14.895109765373151
14.949601731071951
15.017586976914943
15.07565590935591
15.154597102698112
15.184042895438619
15.282284771074817
15.315362296352871
15.387498427276684
15.42326689011005
15.484843970451236
15.538478500903219
15.592341957961708
15.640715331237287
15.740329798633201
15.781395091698734
15.851170647149354
15.856970679325986
15.949729079964447
15.976737032689437
16.043178581586318
16.09098008896952
16.157655541691334
16.247404165534338
16.25836402603529
16.28848013534196
16.43354702603216
16.442815818268546
16.484577321018143
16.50874982000485
16.597019055135714
16.611057277544976
16.657865967929865
16.725831692635214
16.792707492930013
16.84967915154475
16.881813544737433
16.940059877149665
16.95414873419647
16.981139978468697
17.094328549218798
17.10310289980012
17.12636181536037
17.178202650633427
17.214357487263992
17.291023011057842
17.317007680267253
17.394309844214213
17.411167121804894
17.480870041258694
17.503956172170724
17.61380588209941
17.615679205807066
17.660163174590007
17.69611965271197
17.7197467118663
17.778804422620343
17.81952696690982
17.94694570381139
17.96793035209424
17.98224132759193
18.029770069016948
18.090836812777372
18.095745707550073
18.16052145048241
18.18992696797958
18.24938978422713
18.311143068470592
18.33380231117026
18.34350113893216
18.358650598944738
18.454671078609824
18.47049861440951
18.489356587375124
18.582571479039952
18.625466117318638
18.69983908855174
18.72672918363285
18.74730491018428
18.762961139778703
18.779868774255483
18.83725803274608
18.93288189814708
18.97045607253655
18.997235596863565
19.012376033033874
19.05150048296876
19.088574731648592
19.140133119247594
19.1644736842357
19.172472347899685
19.242312203492396
19.251694697564318
19.281689536589607
19.380361868191738
19.432388364298735
19.454912111011172
19.490503483018802
19.539857219535076
19.57840981744186
19.62089166313105
19.678034839391508
19.69643831623149
19.72584843219167
19.78809578280297
19.805021469883172
19.83198532726548
19.8666244063689
19.929462540324423
19.953337055587003
19.981706872904486
20.015222856958225
20.03912637775795
20.08206487678071
20.106596462371098
20.155643319139106
20.222175289985763
20.241666277609283
20.306453512848293
20.332929851090437
20.34707901140246
20.3521441171903
20.449817391050427
20.45913039942779
20.520012735170443
20.53833046986125
20.550004959923033
20.5977915916892
20.636246679809844
20.699991904774492
20.717291028342853
20.75328970576414
20.768906810097903
20.88706471615021
20.92817941394337
20.98088833763095
21.032060079127515
21.04606171062683
21.076893971966424
21.12164526377567
21.159690089837515
21.168196576207958
21.258228343968913
21.274254931807103
21.338231512160693
21.39869202308287
21.40722305789304
21.420003812511144
21.443117870158964
21.46568700552174
21.50496870468206
21.56857774850288
21.586767203264706
21.65862987753769
21.691674380358677
21.72348536190417
21.749207292256404
21.78457905666326
21.81785669819667
21.856243393803254
21.882355620305866
21.97822855677127
21.993351845750926
22.012527639342206
22.054382484578408
22.088490409580942
22.11985484552973
22.19093275102568
22.225126792471453
22.26115262829983
22.28043487424089
22.31312097520773
22.350557530827608
22.37772798858029
22.42620652362511
22.455713589681864
22.487043486615285
22.531417576652938
22.589373361301487
22.63470148283595
22.640113485703395
22.68154766020367
22.712459616763407
22.75647789462754
22.786852971038442
22.80455583267359
22.877125847576416
22.900709325447572
22.952284899387067
23.000039735626974
23.02329422058593
23.054062829277022
23.074228040255836
23.142260758184666
23.19273136727126
23.211061711672528
23.229209538665163
23.247718550029578
23.31122078001906
23.367706189693674
23.400495763644145
23.439291672884803
23.4756564823384
23.502517161027725
23.52264483771583
23.564822734657078
23.592196827339087
23.647092032503018
23.672451971392462
23.6971068410924
23.719467836437545
23.73752943521668
23.793799114703052
23.807823879326097
23.865473720248424
23.92577968130269
23.952432553441586
23.993802282644427
24.027844185595917
24.065144627526593
24.10064530403521
24.13659149604535
24.175393058765852
24.24469142777099
24.25945124471096
24.295636600715234
24.319558945084648
24.349671812496567
24.4307312723723
24.471918350388727
24.486421840404272
24.501223640429945
24.5500067167079
24.584222906181353
24.61553118601366
24.64491963647118
24.68550648589586
24.725170106365095
24.756254851867023
24.783668441715477
24.817215935798156
24.889446789752903
24.9263572420938
24.99248060043407
25.03566246398487
25.046284130680597
25.080635467239567
25.10874901784325
25.118492703422152
25.154544033821242
25.208542299267645
25.274742876762375
25.319376549822778
25.33762204843999
25.359369018862402
25.38033286260511
25.437117999191027
25.452024921461085
25.518562768387916
25.548043977888245
25.605696244104543
25.639059429075946
25.652910102791264
25.692257668504656
25.717828338783377
25.77959637576846
25.83954174269248
25.856102859348663
25.92547144362913
25.93313142413085
25.962482751048945
25.994151002906225
26.003517826929823
26.065534316370062
26.10128779368246
26.179766261259118
26.22075078019073
26.259767294233438
26.274267859720243
26.30895197995596
26.35240411978225
26.39886751481288
26.42298973325155
26.475964075939423
26.52703864701582
26.54553645655514
26.60908449918735
26.63193608009305
26.64314075505371
26.71321769824796
26.772546346914066
26.79796659468866
26.829198789062158
26.889298558014012
26.934667820642712
26.941733047115935
26.96404097030813
26.984560154308863
27.024457820046003
27.070767471365134
27.1144173539174
27.142261359075448
27.17565651385255
27.240898209744074
27.29391397321053
27.352072241902427
27.423563802906976
27.51386349848449
27.551252657702033
27.56420664994332
27.638127915355227
27.678312931640086
27.72231533623166
27.760774064439744
27.771238233962354
27.867370549594842
27.931889636504668
27.954260732452063
27.972265636838653
28.0114917153627
28.029063714625543
28.119542651722504
28.13242911533527
28.17300005494138
28.214210528982864
28.22626688127038
28.283599854850006
28.355052801363207
28.378466703486968
28.40028758765274
28.422776852029603
28.537197490729145
28.596750739356093
28.598220601482385
28.646916122771433
28.714397484077814
28.728864007047438
28.76153469514928
28.80921818958628
28.890778970343003
28.944513221603838
28.957222867305315
28.982143677674465
29.003730345409856
29.050420395044956
29.15543161723065
29.20676408521812
29.229513127976546
29.239652210283037
29.290178808490275
29.35096374798652
29.375063300060134
29.430488338120018
29.478485113338856
29.530312136627884
29.57476124399749
29.661087068510213
29.69021379894029
29.739793615797804
29.801169148240326
29.830957859679273
29.88232940274592
29.961195289408302
30.02368180197032
30.035246386368463
30.077825763713133
30.102965377999546
30.143212681727263
30.187205564841502
30.202029718238045
30.297866168392243
30.342994827419705
30.402704285836908
30.435084388451724
30.516306760163648
30.576124486954587
30.590609504446544
30.6615429452357
30.719350942261567
30.77034719844599
30.884473819518124
30.908477546500013
30.930289817038528
30.937175554183835
31.0524789133591
31.1047948500889
31.132853277127314
31.140429846427875
31.178857862114643
31.27363457910447
31.308134725172376
31.379793163857514
31.407051346846867
31.507883834896194
31.51437494380086
31.575847083292945
31.592732736038354
31.690209111983098
31.71838498837666
31.794753919070864
31.82959036547806
31.880198433558075
31.989133639972117
32.02303723423485
32.1159639816435
32.12513534429731
32.18102156495044
32.23096061788178
32.26745179455517
32.298673251488076
32.3572911625987
32.41513036730623
32.45247065312451
32.59016634013144
32.65887764651686
32.70956726330582
32.78957599517601
32.808886660874016
32.888987640744034
32.913285086620995
32.9279032881132
33.0258581015501
33.094593686942716
33.1924060249674
33.26410666518869
33.28231867537249
33.36699848020645
33.43446174903439
33.44954446155843
33.540455423525465
33.61802206250998
33.69534467001309
33.749387318866624
33.833402734418655
33.860042224819104
33.94548783041806
33.9947868461908
34.08470271037431
34.143687594188
34.2341426853063
34.34535273380834
34.40369621302191
34.43845341914047
34.587704287911265
34.63102450969287
34.653744015994135
34.82305813796257
34.979290824970406
35.05910005010164
35.177090438170524
35.21560253142038
35.32813972318792
35.36122683824393
35.43960166286784
35.570388403919694
35.74160916814564
35.869228330296174
35.93662521944907
36.01220349307378
36.12359693810195
36.19700037281699
36.51614168061479
36.61538150034529
36.6423626588426
36.85062815275582
37.05274712438719
37.13999678697682
37.370500102813345
37.47724143680782
37.68840794173554
37.863305637081375
38.2857320109509
38.422430003978775
38.60053115773138
38.896256585560344
39.148877954862634
39.73007290699037
40.057562805486015
41.54925773631645
