4.270714274387894
4.421242139387826
4.5528020097606055
4.810031161581095
4.954177018439589
11.27552390272696
12.00440890135611
12.50268949913609
12.822491540323664
12.868541484884894
13.115029232324368
13.413964689425507
13.622241443753735
13.917778894326263
14.037136846601113
14.141624653983785
14.381486438736397
14.559583607737864
14.602405263798758
14.631639123457024
14.760344494296207
14.841977193908926
14.905594058116886
14.951178089464706
14.99227813869909
15.278923247086183
15.319459006449527
15.419697768675942
15.473328939782391
15.49513647899983
15.520532288599087
15.634763063266593
15.66107002260314
15.730050449425658
15.833136065643513
15.927454515188577
16.033903690043573
16.068428614440997
16.153994778421193
16.24688239299653
16.281186577474664
16.35210888277974
16.381924236349633
16.427070882738835
16.57265361596518
16.606991437206535
16.620764737776206
16.763353927420212
16.789563701309586
16.839875026949898
16.862642102371716
16.888163818245076
17.00868894925735
17.09725849574983
17.13046153541959
17.147936831848344
17.21639046432047
17.27981921553391
17.295261077492164
17.419961360339773
17.430695059388082
17.51150961563572
17.57632186957027
17.610003192616944
17.631854423757105
17.663188159043536
17.72187746598308
17.793446650831783
17.8001992495221
17.89129479800648
17.958661182166306
17.975332397602816
18.025280678053186
18.0934858987473
18.153967160496077
18.259239480470445
18.27695624547659
18.32800278848549
18.339286863835554
18.365492201268232
18.44851660555684
18.472608523892237
18.50947931227545
18.55610696998268
18.59323604355551
18.6239270233187
18.657141122007882
18.718856466472506
18.740055518416238
18.769162726213068
18.81629662250326
18.86311667447771
18.894694910087278
18.92260478339304
18.967424635481226
19.01177643906068
19.066410277494427
19.07489013472348
19.160563052650417
19.17544628934316
19.225915773811828
19.247282106304063
19.301861890151176
19.33394959381164
19.408666704074953
19.45154200944404
19.48876887954752
19.528296183101418
19.560600252587463
19.60952026408085
19.626276315907802
19.689856792379548
19.72941182727603
19.749300994211005
19.792943114211752
19.85247625886246
19.915159311364665
19.927274798703753
19.98471389466922
20.032387773837332
20.050413342880713
20.09215988011594
20.14020256575519
20.19173197306894
20.230363095505915
20.267835702050117
20.29111298374153
20.34070318239239
20.380031424441672
20.391613288128376
20.44289542356127
20.497946605238123
20.528856614723924
20.540071992820955
20.568944304974526
20.654808816588027
20.69725782254788
20.749937662595237
20.756106911445464
20.776169619801646
20.805625160984615
20.865482180008783
20.932313517198207
20.94745094765979
20.979157345133473
21.023297272949506
21.13481671599129
21.145174730348977
21.17873927694964
21.20361329844588
21.232478045571195
21.28867537373243
21.31906209638681
21.347131531531257
21.40563789479979
21.42053612311562
21.499469802034646
21.53067083998337
21.570804140271914
21.596125410939322
21.603520288654966
21.675707425439292
21.706225410895208
21.7644759560321
21.778226172202487
21.841641530467072
21.864061538249796
21.920733766594324
21.94289787978452
22.01320014963144
22.049491969489353
22.089550811239178
22.098353897407506
22.137785670550326
22.17840382035894
22.199680721482814
22.217345849397347
22.28842451147062
22.3055087785763
22.33948980749555
22.348597384040275
22.361572581914604
22.39965824462883
22.47854827507391
22.549712836905684
22.57826973523845
22.593907658865415
22.612443470895695
22.614243773595465
22.66701749563963
22.773288497102147
22.807757714942788
22.841998298248686
22.87987487971907
22.88599714651164
22.93745068940901
22.94779232334623
23.001990050411592
23.005855326241367
23.02745450061027
23.062132926306205
23.078098563983307
23.13445189291488
23.175060335839422
23.214149462697005
23.31114173007923
23.316560470275927
23.358209538488637
23.379590074030297
23.403497330509833
23.46889227573659
23.53453858903789
23.548039041312755
23.57744933492199
23.614970018309688
23.660017012180532
23.7026539075157
23.730384060893893
23.791302972061622
23.812605914189657
23.823620445650224
23.86760203676555
23.93418590728401
23.96042770149695
23.969242204112554
23.988010711837404
24.032182777059543
24.060002520192818
24.09347369400838
24.114943059130653
24.13982182596157
24.17539412859118
24.209242711173236
24.25294715667498
24.307554326347898
24.35419504178861
24.364201757628283
24.4473847663461
24.4701741048073
24.52183884393771
24.556742455283285
24.638682254453737
24.649000258786273
24.66155484006129
24.679558968132454
24.692946761365107
24.762466443421875
24.777278723210337
24.807796543501514
24.835936411084642
24.853024522409495
24.968194483539197
24.99570627318335
25.02149938488693
25.04720454234297
25.092742855703527
25.107156263952152
25.12675214625801
25.199446852294997
25.236248003398863
25.276806620198958
25.31919656115653
25.34392522271454
25.381113418585898
25.444080001014672
25.475916043104938
25.51213735155685
25.551994097104394
25.559104771708544
25.60181498017143
25.64291368151902
25.65901546693355
25.68399812714746
25.706872280030993
25.77083381043983
25.817422958986562
25.88087433190433
25.918896976320447
25.935871409700173
25.967044586260243
26.01562553256937
26.03058753986736
26.099104900069435
26.11723576654875
26.166166046420216
26.186398365730245
26.246816735365183
26.273584034306495
26.306932701106685
26.344145916456032
26.404630633380837
26.42609583130303
26.478584400932842
26.53190675604556
26.572074114601396
26.61744951229801
26.656007776170753
26.694108722167268
26.76283601730221
26.778607176511112
26.798030953371782
26.869166935949377
26.901268961477374
26.908341500016665
26.95218271573693
27.0006669014161
27.064415175772005
27.072407109479776
27.124985512076943
27.172709980649252
27.23829485563154
27.279660181011668
27.288250918301948
27.344396311813917
27.369891326549105
27.401555256985684
27.451442211232905
27.49250532559423
27.530213782582724
27.58587517925932
27.59902475376069
27.650656853459996
27.668315482672607
27.699542787546964
27.74696567607782
27.789442081095306
27.83415604167967
27.862452230024708
27.89966918720952
27.937727048657045
27.977226171121664
27.999984754906805
28.06120341018767
28.144946648321802
28.16315825957837
28.193064095964946
28.20727059184939
28.286322266739216
28.314471003668302
28.381992297227267
28.41298515433572
28.46022096102478
28.480044085654338
28.528986360120225
28.587671191730372
28.602702939623015
28.643146441797946
28.66269717798485
28.729134936235734
28.741987387493594
28.793904949173243
28.817010383341778
28.892800517142916
28.942069481494283
29.02719839364864
29.050026237031062
29.075032338008594
29.12810064219007
29.158261632991845
29.187286005341374
29.251741350568867
29.287826391187565
29.35199852132623
29.387282508630904
29.41231205795984
29.486678354288983
29.49922866773635
29.53889261594866
29.61104666203945
29.650324260572884
29.701122842391577
29.73764276541664
29.815678590681518
29.856442577860175
29.89264617634899
29.94213141738814
29.96770025800937
30.001504791491794
30.096775342577985
30.11320275751772
30.162073694943683
30.198392699072873
30.267053448958997
30.288600036197533
30.32077458636771
30.38224265578937
30.481622431101357
30.5128762871444
30.538230836055178
30.58257104060244
30.60793174216994
30.664254850044546
30.697375278356652
30.727265260420534
30.784834072976444
30.833573124245383
30.850013322225994
30.88551331381208
30.919448821936584
30.927417434792837
31.06957583763902
31.134481917273938
31.167011547614592
31.19850806701741
31.264205309441337
31.282968853947256
31.370669376016654
31.442854854319783
31.51041341688047
31.518835927361394
31.544138268960623
31.580992331937548
31.630899863587945
31.65756681324689
31.783041390181122
31.819659498087432
31.848037976365465
31.945339401802144
31.98801227484889
32.01112694754116
32.13620193555142
32.155596136509544
32.19245224500971
32.242179998900376
32.28859444432623
32.35248047504532
32.42114810289059
32.47556809317469
32.529902432665835
32.61305131848486
32.67268444328118
32.72197245645002
32.82834503062008
32.845108643656786
32.90213826080155
32.92282483778233
33.045737980619634
33.09440113459107
33.148939872379415
33.194247849748265
33.20962583188675
33.28763512997693
33.321370260055545
33.44446707143502
33.48042438778248
33.51997153909585
33.652024657430005
33.682505763753674
33.76648543831595
33.81278531866557
33.86192495994928
33.899058726189196
34.077979475200664
34.101021293077196
34.1423137910867
34.16801346418132
34.2378349961863
34.31436696951167
34.482710028307785
34.50262529122147
34.6372877419803
34.68733635460754
34.748415655836745
34.90409032967499
34.971394822392476
35.056697669372994
35.100428582356535
35.273192216398336
35.282311296280945
35.43403846320855
35.48644484933315
35.59241645805995
35.60367661475532
35.6895492322694
35.80114915133733
35.89444149546707
36.039997924900305
36.109352872658114
36.188263150080935
36.26426706360563
36.341768129207566
36.42111850946803
36.466358645388006
36.64697193063922
36.674741174170975
37.06744478108331
37.07533058111658
37.14779818427324
37.425929602465075
37.55338386767074
37.778549099462225
38.02423486008715
38.255264817188575
38.27721889380017
39.661569801760365
40.58289003553977
40.68999261610457
40.7349590040183
43.26052012270451
