4.032477104507059
4.1369073351603065
4.320858428438173
4.359091019198719
4.581450408271804
9.552624430168086
11.279218726925272
11.308289882466152
11.865643633469258
12.074054334813944
13.05064847292453
13.174278591654012
13.514549833754584
13.619221061171872
13.871569873087472
14.084246372818221
14.361633859435527
14.387079635471064
14.517830231858293
14.559351648399833
14.680524872313494
14.750177275043585
14.847191259561129
14.909977332280972
15.067479435647895
15.117277268448674
15.14144551691949
15.292385748141688
15.311734396260944
15.36445942344573
15.398052752610209
15.470202709682722
15.50783462422597
15.553906670675993
15.62864662342544
15.68914395563735
15.785018280329698
15.842823952730654
15.928783463659121
16.001383430406104
16.044408365832826
16.07788681347598
16.170265981532804
16.207914843862874
16.249304980037802
16.339964656578438
16.389813750375357
16.432391736752912
16.460347880193734
16.50401197288472
16.635708985848463
16.726305538808905
16.732669641798804
16.777627273185647
16.80233154651859
16.831140671441222
16.89442223405367
17.011379978064642
17.02061353538831
17.085561909488433
17.109006921790815
17.238892585196943
17.255637519739196
17.30848280342855
17.329703485627952
17.38082688946377
17.440659171883397
17.454510348652164
17.55054214152787
17.565879487289614
17.633839937765245
17.681540386612326
17.68472537820248
17.74610389307214
17.778864405613227
17.879240523338165
17.91459482062518
17.917381821793967
17.960835865399517
17.996687740794435
18.07544263654231
18.099002755139228
18.133402689446893
18.17439302582836
18.19589302006512
18.260358338669622
18.322095999187137
18.38036892151939
18.397505402894478
18.47075890326644
18.483152453215723
18.51582322574507
18.540287479759595
18.583483379749374
18.652139707101554
18.711499833850688
18.760334334442266
18.810174268798498
18.828553604793886
18.883069919349268
18.92665122397734
18.974521412472033
19.01419143866074
19.069533529767842
19.09008451878534
19.134732634660047
19.14417765901639
19.19546231835482
19.270059061594395
19.297896303797252
19.37575974113398
19.39128874251076
19.428932749141747
19.47231241751285
19.498648407600115
19.542552774533984
19.57816962663116
19.61692519283927
19.63278945438066
19.718744226862636
19.744173237863258
19.775490118305164
19.79740664121358
19.85436728009644
19.875658435074403
19.906725155767667
19.9939733739249
20.019893412605082
20.057296360638095
20.0844448149354
20.12597230609814
20.16474369815503
20.18036199799803
20.261909665886645
20.31389665430793
20.339389491743617
20.347421361947013
20.37245951421646
20.476884760942152
20.488303583283894
20.542957583108077
20.609696536576756
20.644576006758353
20.68170924220366
20.688607831053996
20.730787743692712
20.75053178713195
20.793506228243043
20.821497452488597
20.863837519222745
20.93876021951103
20.976497021514085
21.009163064068538
21.02374959841128
21.091690362961497
21.144624874116726
21.182701480481427
21.208786957465904
21.23325213291443
21.282628171817304
21.327670483929193
21.382385826968953
21.41789216816684
21.455791184672734
21.4735986423195
21.56264905823085
21.578383619404438
21.65344860712026
21.65736931331909
21.713731899220825
21.723476506366925
21.743065784883775
21.767341233244515
21.845570619308667
21.870392059774904
21.9237090803834
21.963269853739764
22.002736632546288
22.042678371618905
22.07278433747195
22.10379370857554
22.143792962231075
22.188125917393805
22.24929433868539
22.26322001741427
22.286150731328398
22.30926460054464
22.33039739135332
22.351126416198216
22.39289589788428
22.466396150183765
22.542619857625645
22.561412534656526
22.588920802897448
22.631751804645
22.644630770273697
22.658164520297717
22.688139407121596
22.770674716395156
22.8065166942917
22.83189163918599
22.883685362830846
22.901302855405344
22.92749673116908
22.992620471995092
23.011579508768833
23.03211781669782
23.084022514925742
23.095281997557525
23.145331517691233
23.16520991384081
23.201012007524678
23.244726020721114
23.287997469067864
23.3133050768528
23.34300462425247
23.396755472662463
23.40905465776748
23.4391834556437
23.484380665076067
23.51424459356713
23.556152287344677
23.620551678342718
23.66237618338034
23.69429451393308
23.742777668948687
23.752561852292892
23.786894571801795
23.822307804734365
23.854862060380647
23.870843293986862
23.921980398666445
23.938313573571236
24.01747299828452
24.092278068475128
24.12140294487626
24.149923660857354
24.16818128566963
24.22600357323944
24.24390463424958
24.26025028856478
24.33052138715506
24.350132710361205
24.383156213612878
24.42164022152292
24.45069947182934
24.485240367158045
24.540225709842314
24.58093202254029
24.600921752844542
24.6359707389608
24.65591081145847
24.6998421135901
24.75571072840386
24.77487419322868
24.842400667235385
24.894914240479267
24.91357836289138
24.96138060634341
24.986002390749544
25.06764469617913
25.109614282529197
25.132098053259757
25.148512990790383
25.173423529816446
25.22456747509752
25.260604255402296
25.277886061760206
25.329057521541497
25.359806682056245
25.36807252385495
25.45652098526226
25.49358974320719
25.536058805648924
25.58568918861681
25.623970582246415
25.647994537732277
25.6821666716031
25.75609091021708
25.78570578583583
25.8328956217305
25.866319553970634
25.887613395603797
25.96130689857127
26.007969473496996
26.01974342550891
26.05634531787319
26.128720392257247
26.151696022810718
26.181541733878777
26.257461497434225
26.308700177965378
26.315958188064194
26.348453383259706
26.367665626924225
26.41140571569313
26.461475917032246
26.492949379306825
26.53205519697979
26.63625625934582
26.64337066738933
26.6915572846819
26.72498576515723
26.747820353977797
26.775835026868908
26.804351791398485
26.821329785387288
26.91104236517805
26.9676409881018
27.008010223661056
27.071595972661378
27.08449975393897
27.149769186535934
27.155056660269125
27.169404213871562
27.220738509608438
27.243468097884328
27.313544222075713
27.328513843280284
27.37988626584343
27.432304795235346
27.44504316073432
27.47677014036044
27.550701872835788
27.596559836850446
27.61244795097271
27.659123464770285
27.701435295126796
27.71261164725546
27.765872146560667
27.803031636460542
27.864475770097254
27.93929901373157
27.957563978493948
28.00139196122572
28.077201892720158
28.14797917192561
28.158730107014147
28.206287565979718
28.248523283288485
28.27333537382058
28.343693217091204
28.36410526346405
28.385543814555056
28.449005598707377
28.47542490872163
28.541108922239403
28.613045342885147
28.63964702556501
28.65901499595517
28.698413888782973
28.761150090569355
28.800644966298318
28.819337407978193
28.8700822173436
28.903648684199872
28.97464529056577
29.003856120426228
29.00828541060865
29.03560139456075
29.118893540767868
29.145103781289084
29.190188996808068
29.280771983078488
29.32704916342123
29.350748273110113
29.372838471090887
29.41267391312836
29.46576576273509
29.50241677784965
29.52025372493815
29.619434437219702
29.649172486656745
29.7037029503635
29.73286167976986
29.76075588327634
29.78945431704914
29.83219558829429
29.894843487258353
29.967023963862204
29.996121147274017
30.032276191715077
30.120928505138792
30.15463796209624
30.20370821412091
30.214220828874954
30.24470783985663
30.325512652453614
30.390606629008825
30.403977122267236
30.438854961622564
30.52949674314422
30.572646441200725
30.596310023349243
30.660505334773312
30.7216615684386
30.75776828763921
30.77611836672449
30.792009953702117
30.87802277085978
30.931442546404533
30.996732373280853
31.002282890805823
31.035491965603356
31.079799132806734
31.10918420221474
31.229105760122476
31.246077314451792
31.26604966670409
31.291110389912042
31.34326556862967
31.396973789887028
31.418680512718822
31.485066069196886
31.55953108877444
31.594539895337203
31.626799349937336
31.6958220489866
31.72661961228815
31.839938173527848
31.867524590470726
31.912986496478496
31.97833499274077
32.02652813074722
32.141528519500426
32.16168399083147
32.184252135474445
32.28103447823591
32.31996299134712
32.367464440865035
32.42646362485787
32.514540846007925
32.54839055781389
32.6233688863022
32.6690762133394
32.71649041092928
32.77087353654017
32.86008937708283
32.89742977015041
33.00879189576278
33.08752203465611
33.09186936590724
33.182510000953215
33.240785298347134
33.29456039819464
33.34527156281272
33.36490835278482
33.50786180159998
33.56740880990847
33.658659050226596
33.695379899846415
33.748572873398
33.83171150558014
33.8606401770072
33.88075536913364
33.957182358156054
34.04348321955969
34.161083606132856
34.23988860058702
34.328435067203635
34.376530657035595
34.4904835161546
34.557871629634505
34.654606212168865
34.72516022917542
34.76357881182055
34.84994045181175
34.85842724530166
34.94755765555137
35.0062160306537
35.15437023155228
35.26036706196142
35.34372400592213
35.404732820218236
35.44115157058604
35.59157425257262
35.639072866270666
35.71213890995889
35.81389422678732
35.8964279615734
36.07602174220466
36.17689317391127
36.26777586593166
36.42764051903132
36.55512829947135
36.69023188161873
36.81610413377476
36.84674675588077
37.02275546384207
37.27685317550631
37.40445019835471
37.50168427680881
37.75694119290605
37.994303692257645
38.2078564563413
38.33099079547838
39.112468029715004
39.39274982343281
39.69370953798891
