0.7156065277373691
0.7901136446060176
0.8695822950490206
0.912678359099589
1.0194325556272101
9.793852135851251
10.122459195872944
10.874339628718257
10.923424248552383
11.21035638243819
11.300257663167212
11.39301889234072
11.518233227722963
11.749276473987335
11.821171479669886
11.828450817169307
11.866144343362217
12.003036310418299
12.048317287033125
12.087329992548522
12.152371403484313
12.22824955860846
12.267883285578097
12.32695177282751
12.354597498209424
12.414088042234601
12.478993548081624
12.540383541766788
12.56504387566821
12.581209942155485
12.656340019145214
12.684302244752512
12.712153035077003
12.792167141956872
12.84784867772693
12.870693525906832
12.892695448667952
12.968286053921297
13.030410479125822
13.181023281866542
13.22423297486877
13.248076642341761
13.284271314006029
13.358986932033027
13.394306143556419
13.420360367116903
13.487298471312476
13.538307943161188
13.552043004561517
13.614578936228078
13.64844598800839
13.755384041288677
13.78394448957433
13.84052638264984
13.931975497753465
13.94604195463261
13.981388877453147
14.004878028934518
14.076486777572175
14.100172345293865
14.142264540350391
14.208175424597034
14.248559740213354
14.268240924430502
14.33137398568092
14.361235648686282
14.406182840520328
14.446043853173261
14.472352291437167
14.51572121021332
14.565239410267004
14.619915479882511
14.6406765985631
14.694017125256266
14.705376819810235
14.799496684291586
14.877402336964849
14.88469019997473
14.912758422570139
14.933693718121791
15.024397946298494
15.044964915273749
15.060749234387853
15.121663533286725
15.137970317078715
15.16311546431322
15.205209192246503
15.232458232621758
15.305894324778702
15.335283766528157
15.365290417444683
15.376526682271674
15.454479080933588
15.477470390301827
15.512196466497711
15.541488082589977
15.574103367351853
15.601259678375724
15.643672884864609
15.693796589424148
15.725242540158904
15.769008634541926
15.81035709142171
15.849996156994958
15.866631385030667
15.906384248376163
16.0018198958194
16.05083398201164
16.108210587703635
16.170462512612968
16.182408018807937
16.20553914827503
16.236927497426677
16.282139635454193
16.316457870247767
16.357722491499725
16.377668607465534
16.398871596164025
16.44296258941768
16.474657977725883
16.498061186682435
16.526225965383286
16.558407497334308
16.589354535232836
16.621115179725376
16.6550567682851
16.666468621052534
16.734114251374983
16.74573213118062
16.83900815324814
16.848883315357877
16.88564808160311
16.944209887868002
16.9637045826552
16.99939204252906
17.071697885538992
17.08226171345972
17.100842247179017
17.147974799723304
17.14913529671659
17.211663113947537
17.22884293549414
17.295029397928296
17.32962422960173
17.37033784583771
17.418470681119018
17.449447347519175
17.472373368941255
17.49518615645561
17.524782602237035
17.598879914317582
17.627924148600112
17.651066542881352
17.682743082278133
17.696039973448553
17.735480335273675
17.75313562560629
17.780894955967856
17.812933219869542
17.85588812181135
17.892944955026678
17.930760718857123
17.984646230156137
17.994590120011214
18.031464540135055
18.065833394666484
18.096000986234888
18.139114252269525
18.168241088132092
18.239532688582035
18.26729724872734
18.278929461202793
18.29072325852343
18.384824282133124
18.399087806426962
18.410700950110375
18.50372946577668
18.532996530567523
18.568965283487277
18.581906402425947
18.638613732642682
18.660118480237898
18.684505060576708
18.725084912564192
18.75514189391865
18.78713340361438
18.821490419658055
18.85366962272492
18.897640070222575
18.944586438254657
18.952921229725494
18.976001334063092
19.024640452490832
19.041632672138537
19.110459748649316
19.182752364195576
19.232582525866757
19.29879924052836
19.33998213211786
19.34712602389439
19.390367199980755
19.432448260187332
19.47831349220932
19.492034649384316
19.513393321621237
19.562114870179713
19.620536458509687
19.629730034884993
19.66199082236815
19.698306552086557
19.73619232302459
19.77495331600874
19.795980925590626
19.81355919776021
19.82658580919405
19.854214507941492
19.89975298053524
19.949082628182616
19.97842735909309
20.01706185281158
20.02544194637696
20.07680412287131
20.115395833731608
20.14736802922206
20.164697067513494
20.208516500722922
20.21685194927119
20.313769380305512
20.33001440386648
20.351213109279314
20.400518836091486
20.431070991594044
20.476268363083417
20.494592826689253
20.521887518599485
20.545357198235234
20.59493799057093
20.607715376273536
20.66423693345001
20.711968492935974
20.744944953887654
20.761488480280484
20.78876686679633
20.831281201564302
20.866033511016997
20.90628209663237
20.925614753381677
20.959582980854428
20.96920552120805
21.03236769672199
21.061053252831183
21.091867370877655
21.107248955269466
21.140104475456656
21.182272147857923
21.236995210785086
21.257021313883563
21.27587226752392
21.32980155022569
21.347915240769222
21.402575214354187
21.41432224571922
21.450052612745928
21.50241152505814
21.522254969958873
21.559760997831
21.603289027214036
21.610431339862302
21.645122903491885
21.671789241808725
21.7004534407855
21.730082455301044
21.760643447060716
21.80650505297935
21.827837448036874
21.870810052919914
21.88261344529116
21.92340339656153
21.959430358525267
22.00205998723028
22.017716681457394
22.07781276379852
22.109014318579234
22.178959262624456
22.199558212344755
22.210879277030486
22.267843451558434
22.289240960089604
22.30784025161443
22.325575559049387
22.37364102926979
22.384360660906438
22.44078269843476
22.470041718746707
22.51842121534503
22.580399159853478
22.5873029506644
22.633426304251728
22.675547350487644
22.733697822760096
22.750460785630693
22.78181480754428
22.8027675019167
22.83499232780735
22.890693633904096
22.986976538647063
23.00391282419183
23.023171340290226
23.068089623774508
23.076768997502633
23.09461915817485
23.141620363847668
23.188180671200602
23.21525397483065
23.233130635815304
23.301956314763093
23.323125855877628
23.373360225452956
23.388768772103685
23.48050516661737
23.526749033081323
23.572828326411706
23.62001378461042
23.632034837878077
23.68183526300448
23.69123667419639
23.73751885735742
23.76144498020355
23.785242495327587
23.80633323141121
23.831212069214533
23.896785157006118
23.931302441626496
23.95226709272094
24.056110192859045
24.083773240020975
24.116389942645846
24.15357222033155
24.18366876219639
24.19297181629259
24.233793773668367
24.299711996742605
24.311654011286084
24.339450917628305
24.378000703963227
24.45551891426066
24.46869779712571
24.510383902872587
24.526341434229494
24.576318384580166
24.641524467079154
24.699380422624465
24.78930468320547
24.84706806022241
24.862878935164357
24.90560667067353
24.95724920479781
24.993827028350154
25.028034979428597
25.076845339049928
25.151284926754307
25.181710344251233
25.196945407805508
25.21761100490621
25.30538839277117
25.319720385593747
25.41540286356234
25.462445776752553
25.509053394986072
25.51567647898813
25.519898403961243
25.58481294703196
25.60954034993947
25.639947293003747
25.694357901367997
25.707728149624753
25.782787021579338
25.80565575728176
25.83152346660875
25.876734056760906
25.93199791401095
25.982364615121217
25.997238648317143
26.050145977157396
26.07622603488159
26.159374390544738
26.179398764998837
26.298671973713628
26.318190334587733
26.38404779459676
26.401586535234685
26.43955289135204
26.473260097343335
26.51253712045473
26.57125599143743
26.58750179513137
26.639136609634697
26.687401720909772
26.73969703547239
26.770593585777164
26.828311083363513
26.859951996547846
26.936244042837515
26.939856998840437
27.021637107197005
27.055650787418738
27.087135582847953
27.155944208269258
27.228404595597997
27.278575476032007
27.310723144245934
27.332076767190774
27.36940367869652
27.39013551318802
27.43464709278739
27.523507604843182
27.57323940488004
27.614847473358886
27.632673921773804
27.709430282819913
27.811326163361436
27.821929939244736
27.85937060911656
27.89477550638843
28.002616528083294
28.043449671254464
28.048109698945535
28.097679449597123
28.140728417273497
28.214712659076454
28.26636367566486
28.28020370822958
28.330284441806402
28.371428326200196
28.432173611238163
28.460402485305735
28.518788077015547
28.62367145293192
28.642267784488205
28.687471656553065
28.771801832808528
28.813407719905374
28.91376531143324
28.934079517272796
29.01106788259097
29.061514794358267
29.16255548616004
29.208582892942516
29.246900927430048
29.340805494116616
29.377060208067203
29.49882767284582
29.573126867957217
29.629539742925235
29.665288946972005
29.75921530261155
29.856294198118796
29.912332271084647
30.11422021844381
30.19795311748346
30.207498231227795
30.328033547093234
30.388936963562394
30.42315713468329
30.495352060968745
30.583140702445977
30.654185607100906
30.74899422853696
30.83701734122485
30.880493773262184
30.897425419965654
30.996476814977967
31.10351743950067
31.12582497700916
31.189696505203948
31.234252161886914
31.438401270120444
31.4903871060354
31.698334964203294
31.737434733343495
31.82354489469354
32.023762168364435
32.1652961750976
32.25727860040101
32.300199445895686
32.439047060722295
32.544311608701314
32.624291749996694
32.63255222031989
32.817605660303045
32.94660769891065
33.19655988414094
33.375656534768886
33.67468804408379
33.81837179689176
34.10308780978948
35.13848074803826
35.70683004020441
36.22461563325002
