0.6264642940005526
0.656123046456078
0.7728433322674714
0.831483087831703
0.8821053991919331
0.8960164573707105
0.9811305017068178
1.0394487244160528
1.1725840500909157
3.6559090787357595
4.294310449959997
4.354543061724693
4.409755884788127
4.884875949902981
4.947573536569895
5.045499499174033
5.092917788345851
5.250254838438999
5.258788881796603
5.315159783907022
5.379736377886545
5.386291685505723
5.576834078350277
5.767701985313352
5.84217823641269
5.970354262430264
6.012036247675367
6.036578923864054
6.090917493530036
6.159685429662353
6.230757240101291
6.287710774101099
6.349467519752251
6.380616096306661
6.394147281464642
6.503400948754484
6.537702247160663
6.585114969374769
6.634701846467923
6.70224032260823
6.725961364889656
6.744779777823309
6.816656515599712
6.89327959071999
6.9185300803863345
6.964243920546908
6.981676806096584
7.0118063287143375
7.0319132506472215
7.172981442165381
7.219084166920288
7.223230228249502
7.253798321983121
7.259399085191606
7.284489260849008
7.353093592783944
7.375435844997621
7.416799896690569
7.474009010534599
7.483429795497894
7.502321667508296
7.518263985395953
7.57288361258462
7.633718153515485
7.650315880621279
7.711699194958085
7.743339552958051
7.74687237347782
7.80326658592039
7.845622315786351
7.892549978442854
7.908075214483278
7.9360623132337915
7.955528602380785
7.968579862631068
8.030020831056852
8.04592181530427
8.069217686530854
8.119992731537957
8.142295750550343
8.16464904397788
8.190003848821283
8.231410574828011
8.241478825128834
8.298387568750124
8.322453183244786
8.36414300791822
8.389276951627263
8.396209814564692
8.439639189479681
8.468596442530327
8.490433410822188
8.518679051066734
8.554748956031162
8.562834053824764
8.600823148093479
8.623935980775919
8.655832656806373
8.682725348769194
8.738212419820284
8.747129933669203
8.759233821567802
8.787025854416132
8.82866524013858
8.859425855956488
8.872240535802156
8.927627095124295
8.97501537843577
8.994719423551162
9.02996149770104
9.057441666293355
9.080088810748244
9.123198316924682
9.172572533650461
9.19358773099249
9.211781267031364
9.242317643693081
9.302322607771679
9.31599638139675
9.350626074451878
9.378004098409226
9.383837663401758
9.419297784181369
9.444020470767901
9.448909539413775
9.482125954716107
9.541065564709978
9.559662104779777
9.580999001049989
9.611110403012265
9.645540383020323
9.657587290848998
9.692465486806851
9.71198615161772
9.727925403605582
9.783841899595966
9.841061292445229
9.858111466802928
9.893028115030578
9.909329483719954
9.92873177418977
9.957490074379823
9.96620121073763
9.999724397956896
10.04573040925681
10.059025000420164
10.068344811693525
10.109292822529504
10.139823053538466
10.171023640991958
10.184795027551864
10.216763947552966
10.247407667503982
10.29287871408405
10.310913908442306
10.331990910017142
10.338566649374437
10.384140221084778
10.395296836171129
10.414176152267078
10.451460394769088
10.480024425650164
10.504170776536203
10.521614002917742
10.561064976732156
10.592410578939306
10.615770363472723
10.62753433152472
10.656508155474185
10.677481349707397
10.701226230253036
10.723897943113894
10.76603254932108
10.797577116656344
10.82019237541952
10.834894704656675
10.87869035538431
10.89156041031828
10.912301861607709
10.955756064850979
10.985457620697426
11.0124421582718
11.04498163384528
11.065535452119223
11.105405054915126
11.114644639461078
11.145285039949401
11.196902219251964
11.206411973048617
11.24563304679993
11.261325457630278
11.289016287548504
11.333655750944887
11.37443405376744
11.398003833453503
11.418360644070015
11.433551582395392
11.475391676365891
11.517004958169057
11.553059556227003
11.587040663670484
11.602209950607135
11.624303539805826
11.637777523564969
11.669347587301134
11.673657654312347
11.693735330060683
11.714161423307743
11.73824559725359
11.761144032181651
11.804497345561368
11.80793529050338
11.851433684263958
11.866471725890992
11.900013823745644
11.905769599447844
11.953196553846363
11.99900148595447
12.008108346223974
12.03243248494552
12.08239413589192
12.100164344345009
12.121702364680216
12.142940341076304
12.173650658468565
12.176769674689993
12.226886926059416
12.248209505514557
12.281912383445116
12.297345813396069
12.331746730697935
12.349553596272091
12.370130787522944
12.402829786720329
12.41833274222185
12.448179831691174
12.487889758514006
12.502549162568753
12.517305697386231
12.551108800344908
12.567855623167139
12.610746867249432
12.626751441968066
12.645214582906362
12.680759308814642
12.688557745579534
12.713520354042917
12.758095306612457
12.769480288595206
12.799025269683812
12.840396908067918
12.87289572892838
12.88802960122495
12.917738815174227
12.93771052451685
12.959864877978243
12.993506715832547
12.995464843967879
13.02951287945782
13.052679810329316
13.093039570122349
13.10783305371594
13.151997140427275
13.165941388033263
13.221619682607303
13.260918051960495
13.300008276445578
13.318725203187862
13.352590131167306
13.366058313101655
13.394622825069556
13.429541119973136
13.465049380653326
13.497386313890662
13.533474194684432
13.55537233741392
13.587191004200228
13.63337188454593
13.645354847536286
13.677877562412885
13.725589457045816
13.762285812682784
13.764040609286983
13.78643065006704
13.836800002424495
13.858888972764309
13.902782033952182
13.935831014591116
13.96023968662285
14.004119626089416
14.011655745191993
14.072739303946799
14.080009199367614
14.113856424161302
14.162717253955323
14.1733045544076
14.214594134162988
14.23591616839122
14.264092310937235
14.289157177205555
14.314640451960798
14.33893155335494
14.370440178077633
14.404187818503651
14.430143709463335
14.452248593258087
14.499534076951564
14.510793670239988
14.53874627326308
14.552396607612057
14.613057864337803
14.640945553140673
14.674204872414034
14.69410774549635
14.73870140858705
14.746776494669307
14.77572505725809
14.795751701416803
14.829424577241616
14.864820501865568
14.907635409329442
14.959457214617437
14.970333755374963
14.999211212748143
15.03200684019542
15.06766703154256
15.089589534115571
15.124380298918176
15.164109561976126
15.196309435825233
15.225141663813814
15.248522166162173
15.292334905786575
15.322308676162367
15.357473816393995
15.394957977002562
15.416172301918602
15.425682165858449
15.455985137268623
15.477685505699132
15.515798034737326
15.528759420179805
15.584459790718078
15.598469025800979
15.606051102199219
15.644147089157649
15.663251983215607
15.687575136580465
15.694768534960419
15.720190257634684
15.768997988829192
15.785431573404635
15.805537824313728
15.829917875301495
15.858437365111467
15.893261356464238
15.914478355232188
15.97089117016361
15.99936689158363
16.019795536040856
16.07182911123623
16.07953102235595
16.14366223200906
16.215833777520057
16.236943714832538
16.256624406550067
16.299759093316332
16.309730138451524
16.336405536849906
16.364017265658514
16.39190869872254
16.423776408762166
16.455811996654408
16.487431272927047
16.55357543561774
16.623468670030963
16.660497152655623
16.679910436885187
16.691299078649873
16.745837341574287
16.802348422797834
16.82195676300422
16.857763793407116
16.8952477528069
16.94284320329459
16.974519319385916
17.022348388215438
17.044331580696216
17.071901651849746
17.079596115819143
17.11448700109736
17.174236977608185
17.187850747072382
17.21792963901315
17.25133616900007
17.2643784799453
17.336024170409182
17.346579160119532
17.391774794188446
17.424318929070655
17.457018529941273
17.460163504797972
17.492569644460676
17.54523517507257
17.57387180377697
17.62724934007308
17.659858733578663
17.706561879757533
17.746054092740426
17.804856043808318
17.829768524057616
17.867843735662984
17.954494788951596
17.992437376330983
17.998285309309285
18.029079086451105
18.125431071791624
18.156876412129296
18.20892335812826
18.275356672543165
18.315124337922985
18.320215853866387
18.364370387397493
18.403120318634013
18.430991074075294
18.463541572819377
18.51510430967322
18.60569003078563
18.62444835482475
18.675003516148763
18.696896745662887
18.708417471155187
18.77248733429747
18.846974830425697
18.877347455929183
18.88572415157274
18.915915389196158
18.93247294946241
19.043473393015372
19.068485498307915
19.091491273732007
19.1587647833121
19.21246570058689
19.231206670952314
19.27406647607615
19.33958129082543
19.36684690999181
19.39406601749021
19.447717126505328
19.471618200484322
19.53021570514392
19.57610932268638
19.604644755899194
19.74443597634699
19.795978529266232
19.866964355206655
19.92492018756871
19.967299572964418
19.98964562597163
20.047138671368824
20.082407303359055
20.124558120598707
20.15451003115388
20.177182530539234
20.277843579866914
20.28635141989245
20.316215593927776
20.421429012780543
20.552473700146322
20.651044106430653
20.68176711597921
20.713189927258902
20.783089066201576
20.856736144138253
20.879710545912037
20.94996554727848
21.163492394053417
21.31106742746814
21.408746315097797
21.471108098644265
21.51363156094695
21.544650999895072
21.63213583452447
21.89544835452002
21.932374261742872
21.990933845366452
22.056566781033737
22.09673053406893
22.21198975073558
22.420049279548756
22.62335362918035
22.6803201308783
22.960527193139317
23.203647199125534
23.758568001507864
24.746480749739415
24.971155548560922
25.682803159508104
28.58669837268336
0.6264642940005526
0.656123046456078
0.7728433322674714
0.831483087831703
0.8821053991919331
0.8960164573707105
0.9811305017068178
1.0394487244160528
1.1725840500909157
3.6559090787357595
4.294310449959997
4.354543061724693
4.409755884788127
4.884875949902981
4.947573536569895
5.045499499174033
5.092917788345851
5.250254838438999
5.258788881796603
5.315159783907022
5.379736377886545
5.386291685505723
5.576834078350277
5.767701985313352
5.84217823641269
5.970354262430264
6.012036247675367
6.036578923864054
6.090917493530036
6.159685429662353
6.230757240101291
6.287710774101099
6.349467519752251
6.380616096306661
6.394147281464642
6.503400948754484
6.537702247160663
6.585114969374769
6.634701846467923
6.70224032260823
6.725961364889656
6.744779777823309
6.816656515599712
6.89327959071999
6.9185300803863345
6.964243920546908
6.981676806096584
7.0118063287143375
7.0319132506472215
7.172981442165381
7.219084166920288
7.223230228249502
7.253798321983121
7.259399085191606
7.284489260849008
7.353093592783944
7.375435844997621
7.416799896690569
7.474009010534599
7.483429795497894
7.502321667508296
7.518263985395953
7.57288361258462
7.633718153515485
7.650315880621279
7.711699194958085
7.743339552958051
7.74687237347782
7.80326658592039
7.845622315786351
7.892549978442854
7.908075214483278
7.9360623132337915
7.955528602380785
7.968579862631068
8.030020831056852
8.04592181530427
8.069217686530854
8.119992731537957
8.142295750550343
8.16464904397788
8.190003848821283
8.231410574828011
8.241478825128834
8.298387568750124
8.322453183244786
8.36414300791822
8.389276951627263
8.396209814564692
8.439639189479681
8.468596442530327
8.490433410822188
8.518679051066734
8.554748956031162
8.562834053824764
8.600823148093479
8.623935980775919
8.655832656806373
8.682725348769194
8.738212419820284
8.747129933669203
8.759233821567802
8.787025854416132
8.82866524013858
8.859425855956488
8.872240535802156
8.927627095124295
8.97501537843577
8.994719423551162
9.02996149770104
9.057441666293355
9.080088810748244
9.123198316924682
9.172572533650461
9.19358773099249
9.211781267031364
9.242317643693081
9.302322607771679
9.31599638139675
9.350626074451878
9.378004098409226
9.383837663401758
9.419297784181369
9.444020470767901
9.448909539413775
9.482125954716107
9.541065564709978
9.559662104779777
9.580999001049989
9.611110403012265
9.645540383020323
9.657587290848998
9.692465486806851
9.71198615161772
9.727925403605582
9.783841899595966
9.841061292445229
9.858111466802928
9.893028115030578
9.909329483719954
9.92873177418977
9.957490074379823
9.96620121073763
9.999724397956896
10.04573040925681
10.059025000420164
10.068344811693525
10.109292822529504
10.139823053538466
10.171023640991958
10.184795027551864
10.216763947552966
10.247407667503982
10.29287871408405
10.310913908442306
10.331990910017142
10.338566649374437
10.384140221084778
10.395296836171129
10.414176152267078
10.451460394769088
10.480024425650164
10.504170776536203
10.521614002917742
10.561064976732156
10.592410578939306
10.615770363472723
10.62753433152472
10.656508155474185
10.677481349707397
10.701226230253036
10.723897943113894
10.76603254932108
10.797577116656344
10.82019237541952
10.834894704656675
10.87869035538431
10.89156041031828
10.912301861607709
10.955756064850979
10.985457620697426
11.0124421582718
11.04498163384528
11.065535452119223
11.105405054915126
11.114644639461078
11.145285039949401
11.196902219251964
11.206411973048617
11.24563304679993
11.261325457630278
11.289016287548504
11.333655750944887
11.37443405376744
11.398003833453503
11.418360644070015
11.433551582395392
11.475391676365891
11.517004958169057
11.553059556227003
11.587040663670484
11.602209950607135
11.624303539805826
11.637777523564969
11.669347587301134
11.673657654312347
11.693735330060683
11.714161423307743
11.73824559725359
11.761144032181651
11.804497345561368
11.80793529050338
11.851433684263958
11.866471725890992
11.900013823745644
11.905769599447844
11.953196553846363
11.99900148595447
12.008108346223974
12.03243248494552
12.08239413589192
12.100164344345009
12.121702364680216
12.142940341076304
12.173650658468565
12.176769674689993
12.226886926059416
12.248209505514557
12.281912383445116
12.297345813396069
12.331746730697935
12.349553596272091
12.370130787522944
12.402829786720329
12.41833274222185
12.448179831691174
12.487889758514006
12.502549162568753
12.517305697386231
12.551108800344908
12.567855623167139
12.610746867249432
12.626751441968066
12.645214582906362
12.680759308814642
12.688557745579534
12.713520354042917
12.758095306612457
12.769480288595206
12.799025269683812
12.840396908067918
12.87289572892838
12.88802960122495
12.917738815174227
12.93771052451685
12.959864877978243
12.993506715832547
12.995464843967879
13.02951287945782
13.052679810329316
13.093039570122349
13.10783305371594
13.151997140427275
13.165941388033263
13.221619682607303
13.260918051960495
13.300008276445578
13.318725203187862
13.352590131167306
13.366058313101655
13.394622825069556
13.429541119973136
13.465049380653326
13.497386313890662
13.533474194684432
13.55537233741392
13.587191004200228
13.63337188454593
13.645354847536286
13.677877562412885
13.725589457045816
13.762285812682784
13.764040609286983
13.78643065006704
13.836800002424495
13.858888972764309
13.902782033952182
13.935831014591116
13.96023968662285
14.004119626089416
14.011655745191993
14.072739303946799
14.080009199367614
14.113856424161302
14.162717253955323
14.1733045544076
14.214594134162988
14.23591616839122
14.264092310937235
14.289157177205555
14.314640451960798
14.33893155335494
14.370440178077633
14.404187818503651
14.430143709463335
14.452248593258087
14.499534076951564
14.510793670239988
14.53874627326308
14.552396607612057
14.613057864337803
14.640945553140673
14.674204872414034
14.69410774549635
14.73870140858705
14.746776494669307
14.77572505725809
14.795751701416803
14.829424577241616
14.864820501865568
14.907635409329442
14.959457214617437
14.970333755374963
14.999211212748143
15.03200684019542
15.06766703154256
15.089589534115571
15.124380298918176
15.164109561976126
15.196309435825233
15.225141663813814
15.248522166162173
15.292334905786575
15.322308676162367
15.357473816393995
15.394957977002562
15.416172301918602
15.425682165858449
15.455985137268623
15.477685505699132
15.515798034737326
15.528759420179805
15.584459790718078
15.598469025800979
15.606051102199219
15.644147089157649
15.663251983215607
15.687575136580465
15.694768534960419
15.720190257634684
15.768997988829192
15.785431573404635
15.805537824313728
15.829917875301495
15.858437365111467
15.893261356464238
15.914478355232188
15.97089117016361
15.99936689158363
16.019795536040856
16.07182911123623
16.07953102235595
16.14366223200906
16.215833777520057
16.236943714832538
16.256624406550067
16.299759093316332
16.309730138451524
16.336405536849906
16.364017265658514
16.39190869872254
16.423776408762166
16.455811996654408
16.487431272927047
16.55357543561774
16.623468670030963
16.660497152655623
16.679910436885187
16.691299078649873
16.745837341574287
16.802348422797834
16.82195676300422
16.857763793407116
16.8952477528069
16.94284320329459
16.974519319385916
17.022348388215438
17.044331580696216
17.071901651849746
17.079596115819143
17.11448700109736
17.174236977608185
17.187850747072382
17.21792963901315
17.25133616900007
17.2643784799453
17.336024170409182
17.346579160119532
17.391774794188446
17.424318929070655
17.457018529941273
17.460163504797972
17.492569644460676
17.54523517507257
17.57387180377697
17.62724934007308
17.659858733578663
17.706561879757533
17.746054092740426
17.804856043808318
17.829768524057616
17.867843735662984
17.954494788951596
17.992437376330983
17.998285309309285
18.029079086451105
18.125431071791624
18.156876412129296
18.20892335812826
18.275356672543165
18.315124337922985
18.320215853866387
18.364370387397493
18.403120318634013
18.430991074075294
18.463541572819377
18.51510430967322
18.60569003078563
18.62444835482475
18.675003516148763
18.696896745662887
18.708417471155187
18.77248733429747
18.846974830425697
18.877347455929183
18.88572415157274
18.915915389196158
18.93247294946241
19.043473393015372
19.068485498307915
19.091491273732007
19.1587647833121
19.21246570058689
19.231206670952314
19.27406647607615
19.33958129082543
19.36684690999181
19.39406601749021
19.447717126505328
19.471618200484322
19.53021570514392
19.57610932268638
19.604644755899194
19.74443597634699
19.795978529266232
19.866964355206655
19.92492018756871
19.967299572964418
19.98964562597163
20.047138671368824
20.082407303359055
20.124558120598707
20.15451003115388
20.177182530539234
20.277843579866914
20.28635141989245
20.316215593927776
20.421429012780543
20.552473700146322
20.651044106430653
20.68176711597921
20.713189927258902
20.783089066201576
20.856736144138253
20.879710545912037
20.94996554727848
21.163492394053417
21.31106742746814
21.408746315097797
21.471108098644265
21.51363156094695
21.544650999895072
21.63213583452447
21.89544835452002
21.932374261742872
21.990933845366452
22.056566781033737
22.09673053406893
22.21198975073558
22.420049279548756
22.62335362918035
22.6803201308783
22.960527193139317
23.203647199125534
23.758568001507864
24.746480749739415
24.971155548560922
25.682803159508104
28.58669837268336
