0.7406964562715239
0.8118535814244076
0.9376307522244369
0.9685100961063178
1.0696734037226228
9.12225984247177
10.664181695838606
11.321478887472262
11.336133256967354
11.411555739856643
11.46923600861212
11.753294761224078
11.93665946230464
11.9753266218107
12.044647539318625
12.056433881786056
12.127595667336758
12.25986874377528
12.43835725400547
12.459407400340742
12.606863627205646
12.632307752702204
12.676312849804495
12.757732094653509
12.839618105164343
12.875586517253796
13.013880000425775
13.07484909153479
13.085873082407574
13.178546653662444
13.251360881950026
13.329014193316379
13.376518137195484
13.431822532343556
13.465290780915858
13.517157395838566
13.526588432155004
13.537903796421567
13.642520789577539
13.707451736041747
13.74472747101182
13.785143201141214
13.817358409366474
13.900914766933097
13.91841492560514
13.987413399670137
14.061157406340024
14.083664431435253
14.159713718326625
14.223779290237724
14.267433849797069
14.33307275460613
14.357723237180409
14.376711127244423
14.42058421420872
14.459374647628401
14.52401856935014
14.607838681914515
14.628447536238074
14.665830139610328
14.71602715397111
14.74578887030834
14.810023299096922
14.840622396619729
14.8930597927616
14.916905253141454
14.990276470528125
15.020616361447907
15.107416474764861
15.117079945684202
15.13920254426339
15.149947788692113
15.210655227023583
15.272021683472271
15.355008419461484
15.37892858308997
15.428619705450885
15.46193033933113
15.487453500324731
15.537472301353372
15.579053408621371
15.624268362356107
15.652907905801882
15.68697468234657
15.734790458962875
15.773344998847994
15.786466756387407
15.805679219504006
15.870908453377297
15.891697961358899
15.90392159453777
15.940204212937514
15.978799264369453
16.020947639289023
16.072872082171752
16.092196144898715
16.124983256913325
16.147523169016516
16.195579058171873
16.23684571236653
16.250512855513687
16.28986270420718
16.31265214003936
16.375170032810317
16.41699776620643
16.42225832026604
16.512602475302373
16.53562989651935
16.58563204110838
16.62026555944476
16.64366033809116
16.67148634219291
16.713093512964228
16.735754235071514
16.750703174761075
16.76483102732432
16.822900867380866
16.878682238038806
16.903786944467218
16.96012546880629
16.992052364509124
17.013035533794394
17.04475197195888
17.103357628982423
17.128209433645733
17.154487003602693
17.186948897241436
17.212502142249427
17.252683490268485
17.316445533605258
17.34364564142791
17.356197178539823
17.38894841922128
17.44809235569983
17.474384052186277
17.4832306503144
17.522249940137552
17.55824523810801
17.594832943895117
17.64852200134796
17.692598260153527
17.73439583724661
17.749848059040307
17.80346946470313
17.826699153239822
17.872712989152067
17.881194630874617
17.921089857102658
17.967193323328384
18.02633390711037
18.042003147520308
18.089088657214624
18.11825806131368
18.184441369036623
18.200035416174444
18.2406139894918
18.294006151075898
18.318046951631022
18.34292855590683
18.355308500985686
18.409660051351697
18.433363949567987
18.486926514122157
18.495971108756816
18.52513097309288
18.54843692353549
18.56549227537316
18.6127541989851
18.658864400311987
18.680045278745492
18.75273824861116
18.780467208226685
18.789835556543608
18.82939288158412
18.8770884362291
18.918329578561167
18.953044202382035
18.979408376462285
19.032832024195244
19.055927032121442
19.076075232132116
19.10324361413491
19.152286719371354
19.20058690945672
19.22915158047428
19.244561946462213
19.297592871902985
19.31418151153839
19.337947837951756
19.403667859051975
19.411431796129612
19.4550714007804
19.465658106685538
19.49780362617525
19.5189413225452
19.58909223447991
19.610904321715
19.62692330656342
19.69464387780293
19.710760469705924
19.74668650042674
19.76703784115968
19.801094859166856
19.82793440129534
19.864643472236377
19.878096550070087
19.904913088793204
19.953160982891248
19.987942397119554
20.001676694097068
20.065828769364792
20.09066435993596
20.096629515556536
20.122790485792628
20.16284144359229
20.202981480193046
20.24959913531978
20.282164944139915
20.293389241005556
20.325552438137187
20.3773268877944
20.41703983915668
20.44101429377409
20.47670295299072
20.496047705776025
20.53057914550073
20.567359929389923
20.602229688208823
20.626348167378612
20.67096639159022
20.697343871695914
20.71779813052725
20.742970465960983
20.791415489821176
20.815760514831222
20.860645847773284
20.906573018754464
20.93292105428893
20.97437801732318
21.00834928752974
21.02070946165383
21.063351928923595
21.10177299687023
21.14433574985044
21.16857108358094
21.206164120430937
21.22460202300164
21.297197287612903
21.312921178976744
21.353636674207383
21.38214504352586
21.464732566314115
21.486643886391153
21.537910975034205
21.57463926973126
21.61581539663053
21.651351753859377
21.685482450285136
21.689840334344876
21.761894755016904
21.793496465019253
21.814396537671787
21.840872028855365
21.846837388512128
21.873753705649158
21.913961859086587
21.961647323907098
21.99189240622709
22.030547215530465
22.087210064241187
22.10037126970486
22.15590376817545
22.22111074084127
22.27085134790232
22.287637719522547
22.314253485563697
22.34334727259825
22.363686963797317
22.407795359538106
22.4200583598
22.46184380133218
22.529801226047514
22.58581167641937
22.592258379767003
22.614007749612455
22.694654179724836
22.695676659620727
22.73346089090078
22.791290768158895
22.809467721070295
22.870358526275197
22.896910991503972
22.920848469185163
22.946802995176288
22.995742731106592
23.006675415977266
23.078764551112894
23.08851461141624
23.10716779015382
23.133068484403015
23.15589035435752
23.18926155224184
23.234369790262612
23.286143707266756
23.306508365962422
23.320726523000637
23.359663049854248
23.39019427945219
23.438497695753107
23.452647340973872
23.513044285287307
23.54303940115686
23.597385172562877
23.604777172488117
23.650445023234933
23.678936122896832
23.74266985852865
23.81152765028033
23.842991801420293
23.866260011035703
23.921589620765257
23.97441086459249
24.004076392280318
24.014098644058794
24.044802927541284
24.084961401282243
24.13994733835745
24.189744050138458
24.258977958941134
24.31930955690943
24.32909626935421
24.34073315787671
24.41037673972413
24.45998663635506
24.47290125599282
24.489439722348497
24.507835956970105
24.52893572993766
24.542309680351984
24.599581440244933
24.639542105796778
24.69381303704892
24.70868209959068
24.76190916739611
24.772295500350115
24.82131686061232
24.828871273722623
24.856040361562272
24.916716882290505
24.92111465890753
24.99741877055379
25.03562435177168
25.071839738216642
25.171624243142364
25.199199793694344
25.234103307737175
25.262129042675465
25.32575864565054
25.353346437940235
25.415142607279023
25.440953976454953
25.47673753217119
25.512740408630506
25.531207298572216
25.571834315003432
25.589845083705946
25.65742507942286
25.675307954205476
25.733959506948434
25.78514792775876
25.797102240590245
25.865200690209154
25.896002328278385
25.924335931940757
25.952267954500247
25.99810610090192
26.05226411453291
26.086228366366246
26.136784227171056
26.224732246286877
26.26944639221203
26.281509769695663
26.30764497956161
26.327773881478198
26.440197286851582
26.462218597438692
26.48778101490486
26.50516168343227
26.56573341247134
26.57192313158902
26.619048961419445
26.68947883595232
26.72284277369987
26.79049508947306
26.855907320469576
26.886634362971364
26.904772162845298
26.977371698621134
27.07527016330085
27.090445932684666
27.143456395324232
27.196013951936585
27.247963323160626
27.274711825657644
27.313398036558617
27.41022305242584
27.463622806682885
27.50422411075573
27.524267054107998
27.571839927668098
27.602745395238784
27.68631540738102
27.748271374756662
27.806713363929465
27.884836558698275
27.88839595486084
27.90458424605895
27.987901466631467
28.03644050132721
28.090657010001063
28.137422134508622
28.19095028007259
28.223518573397175
28.247515981336097
28.256324379182026
28.350730453841543
28.39425458389405
28.452114081091786
28.50543771517187
28.54169914456116
28.59400301928289
28.73426676919856
28.75920452583816
28.804537059257257
28.834755594179715
28.922151459377503
28.975166292367113
28.983897553082674
29.052308794678456
29.084389673726346
29.16566874858913
29.178335516716427
29.25439568893574
29.28870127882354
29.327515175219805
29.344637460966453
29.45516628416533
29.494143102863397
29.501359747252234
29.601419494513923
29.66574674151312
29.72314304527619
29.7334094936815
29.823887969281525
29.833266850436623
29.886495656066813
29.97346349206293
30.079214038871328
30.157492848754814
30.217598655232234
30.32151532402317
30.39513475940581
30.462598212413965
30.539454879630767
30.557287784224734
30.748993171022622
30.774179969126966
30.9379124133211
30.9968308741934
31.03365786285941
31.110938792568263
31.31280555012082
31.314607996413415
31.464133396767455
31.563344277092874
31.64689025214283
31.7638086757616
31.881204899698798
31.959805029633827
32.00878170343095
32.12264948641707
32.23267999662877
32.32685334557114
32.41979440594872
32.57739961334429
32.75519376858866
32.89164336454587
32.92857406072184
33.03430229118277
33.15473683664774
33.398213452925155
33.50240554935744
33.63362306515184
34.11673604585551
34.19054168272729
34.83143751468341
34.90268634154736
35.3998604619248
35.95991636984741
0.7406964562715239
0.8118535814244076
0.9376307522244369
0.9685100961063178
1.0696734037226228
9.12225984247177
10.664181695838606
11.321478887472262
11.336133256967354
11.411555739856643
11.46923600861212
11.753294761224078
11.93665946230464
11.9753266218107
12.044647539318625
12.056433881786056
12.127595667336758
12.25986874377528
12.43835725400547
12.459407400340742
12.606863627205646
12.632307752702204
12.676312849804495
12.757732094653509
12.839618105164343
12.875586517253796
13.013880000425775
13.07484909153479
13.085873082407574
13.178546653662444
13.251360881950026
13.329014193316379
13.376518137195484
13.431822532343556
13.465290780915858
13.517157395838566
13.526588432155004
13.537903796421567
13.642520789577539
13.707451736041747
13.74472747101182
13.785143201141214
13.817358409366474
13.900914766933097
13.91841492560514
13.987413399670137
14.061157406340024
14.083664431435253
14.159713718326625
14.223779290237724
14.267433849797069
14.33307275460613
14.357723237180409
14.376711127244423
14.42058421420872
14.459374647628401
14.52401856935014
14.607838681914515
14.628447536238074
14.665830139610328
14.71602715397111
14.74578887030834
14.810023299096922
14.840622396619729
14.8930597927616
14.916905253141454
14.990276470528125
15.020616361447907
15.107416474764861
15.117079945684202
15.13920254426339
15.149947788692113
15.210655227023583
15.272021683472271
15.355008419461484
15.37892858308997
15.428619705450885
15.46193033933113
15.487453500324731
15.537472301353372
15.579053408621371
15.624268362356107
15.652907905801882
15.68697468234657
15.734790458962875
15.773344998847994
15.786466756387407
15.805679219504006
15.870908453377297
15.891697961358899
15.90392159453777
15.940204212937514
15.978799264369453
16.020947639289023
16.072872082171752
16.092196144898715
16.124983256913325
16.147523169016516
16.195579058171873
16.23684571236653
16.250512855513687
16.28986270420718
16.31265214003936
16.375170032810317
16.41699776620643
16.42225832026604
16.512602475302373
16.53562989651935
16.58563204110838
16.62026555944476
16.64366033809116
16.67148634219291
16.713093512964228
16.735754235071514
16.750703174761075
16.76483102732432
16.822900867380866
16.878682238038806
16.903786944467218
16.96012546880629
16.992052364509124
17.013035533794394
17.04475197195888
17.103357628982423
17.128209433645733
17.154487003602693
17.186948897241436
17.212502142249427
17.252683490268485
17.316445533605258
17.34364564142791
17.356197178539823
17.38894841922128
17.44809235569983
17.474384052186277
17.4832306503144
17.522249940137552
17.55824523810801
17.594832943895117
17.64852200134796
17.692598260153527
17.73439583724661
17.749848059040307
17.80346946470313
17.826699153239822
17.872712989152067
17.881194630874617
17.921089857102658
17.967193323328384
18.02633390711037
18.042003147520308
18.089088657214624
18.11825806131368
18.184441369036623
18.200035416174444
18.2406139894918
18.294006151075898
18.318046951631022
18.34292855590683
18.355308500985686
18.409660051351697
18.433363949567987
18.486926514122157
18.495971108756816
18.52513097309288
18.54843692353549
18.56549227537316
18.6127541989851
18.658864400311987
18.680045278745492
18.75273824861116
18.780467208226685
18.789835556543608
18.82939288158412
18.8770884362291
18.918329578561167
18.953044202382035
18.979408376462285
19.032832024195244
19.055927032121442
19.076075232132116
19.10324361413491
19.152286719371354
19.20058690945672
19.22915158047428
19.244561946462213
19.297592871902985
19.31418151153839
19.337947837951756
19.403667859051975
19.411431796129612
19.4550714007804
19.465658106685538
19.49780362617525
19.5189413225452
19.58909223447991
19.610904321715
19.62692330656342
19.69464387780293
19.710760469705924
19.74668650042674
19.76703784115968
19.801094859166856
19.82793440129534
19.864643472236377
19.878096550070087
19.904913088793204
19.953160982891248
19.987942397119554
20.001676694097068
20.065828769364792
20.09066435993596
20.096629515556536
20.122790485792628
20.16284144359229
20.202981480193046
20.24959913531978
20.282164944139915
20.293389241005556
20.325552438137187
20.3773268877944
20.41703983915668
20.44101429377409
20.47670295299072
20.496047705776025
20.53057914550073
20.567359929389923
20.602229688208823
20.626348167378612
20.67096639159022
20.697343871695914
20.71779813052725
20.742970465960983
20.791415489821176
20.815760514831222
20.860645847773284
20.906573018754464
20.93292105428893
20.97437801732318
21.00834928752974
21.02070946165383
21.063351928923595
21.10177299687023
21.14433574985044
21.16857108358094
21.206164120430937
21.22460202300164
21.297197287612903
21.312921178976744
21.353636674207383
21.38214504352586
21.464732566314115
21.486643886391153
21.537910975034205
21.57463926973126
21.61581539663053
21.651351753859377
21.685482450285136
21.689840334344876
21.761894755016904
21.793496465019253
21.814396537671787
21.840872028855365
21.846837388512128
21.873753705649158
21.913961859086587
21.961647323907098
21.99189240622709
22.030547215530465
22.087210064241187
22.10037126970486
22.15590376817545
22.22111074084127
22.27085134790232
22.287637719522547
22.314253485563697
22.34334727259825
22.363686963797317
22.407795359538106
22.4200583598
22.46184380133218
22.529801226047514
22.58581167641937
22.592258379767003
22.614007749612455
22.694654179724836
22.695676659620727
22.73346089090078
22.791290768158895
22.809467721070295
22.870358526275197
22.896910991503972
22.920848469185163
22.946802995176288
22.995742731106592
23.006675415977266
23.078764551112894
23.08851461141624
23.10716779015382
23.133068484403015
23.15589035435752
23.18926155224184
23.234369790262612
23.286143707266756
23.306508365962422
23.320726523000637
23.359663049854248
23.39019427945219
23.438497695753107
23.452647340973872
23.513044285287307
23.54303940115686
23.597385172562877
23.604777172488117
23.650445023234933
23.678936122896832
23.74266985852865
23.81152765028033
23.842991801420293
23.866260011035703
23.921589620765257
23.97441086459249
24.004076392280318
24.014098644058794
24.044802927541284
24.084961401282243
24.13994733835745
24.189744050138458
24.258977958941134
24.31930955690943
24.32909626935421
24.34073315787671
24.41037673972413
24.45998663635506
24.47290125599282
24.489439722348497
24.507835956970105
24.52893572993766
24.542309680351984
24.599581440244933
24.639542105796778
24.69381303704892
24.70868209959068
24.76190916739611
24.772295500350115
24.82131686061232
24.828871273722623
24.856040361562272
24.916716882290505
24.92111465890753
24.99741877055379
25.03562435177168
25.071839738216642
25.171624243142364
25.199199793694344
25.234103307737175
25.262129042675465
25.32575864565054
25.353346437940235
25.415142607279023
25.440953976454953
25.47673753217119
25.512740408630506
25.531207298572216
25.571834315003432
25.589845083705946
25.65742507942286
25.675307954205476
25.733959506948434
25.78514792775876
25.797102240590245
25.865200690209154
25.896002328278385
25.924335931940757
25.952267954500247
25.99810610090192
26.05226411453291
26.086228366366246
26.136784227171056
26.224732246286877
26.26944639221203
26.281509769695663
26.30764497956161
26.327773881478198
26.440197286851582
26.462218597438692
26.48778101490486
26.50516168343227
26.56573341247134
26.57192313158902
26.619048961419445
26.68947883595232
26.72284277369987
26.79049508947306
26.855907320469576
26.886634362971364
26.904772162845298
26.977371698621134
27.07527016330085
27.090445932684666
27.143456395324232
27.196013951936585
27.247963323160626
27.274711825657644
27.313398036558617
27.41022305242584
27.463622806682885
27.50422411075573
27.524267054107998
27.571839927668098
27.602745395238784
27.68631540738102
27.748271374756662
27.806713363929465
27.884836558698275
27.88839595486084
27.90458424605895
27.987901466631467
28.03644050132721
28.090657010001063
28.137422134508622
28.19095028007259
28.223518573397175
28.247515981336097
28.256324379182026
28.350730453841543
28.39425458389405
28.452114081091786
28.50543771517187
28.54169914456116
28.59400301928289
28.73426676919856
28.75920452583816
28.804537059257257
28.834755594179715
28.922151459377503
28.975166292367113
28.983897553082674
29.052308794678456
29.084389673726346
29.16566874858913
29.178335516716427
29.25439568893574
29.28870127882354
29.327515175219805
29.344637460966453
29.45516628416533
29.494143102863397
29.501359747252234
29.601419494513923
29.66574674151312
29.72314304527619
29.7334094936815
29.823887969281525
29.833266850436623
29.886495656066813
29.97346349206293
30.079214038871328
30.157492848754814
30.217598655232234
30.32151532402317
30.39513475940581
30.462598212413965
30.539454879630767
30.557287784224734
30.748993171022622
30.774179969126966
30.9379124133211
30.9968308741934
31.03365786285941
31.110938792568263
31.31280555012082
31.314607996413415
31.464133396767455
31.563344277092874
31.64689025214283
31.7638086757616
31.881204899698798
31.959805029633827
32.00878170343095
32.12264948641707
32.23267999662877
32.32685334557114
32.41979440594872
32.57739961334429
32.75519376858866
32.89164336454587
32.92857406072184
33.03430229118277
33.15473683664774
33.398213452925155
33.50240554935744
33.63362306515184
34.11673604585551
34.19054168272729
34.83143751468341
34.90268634154736
35.3998604619248
35.95991636984741
