0.7929901910090378
0.9380734360694929
0.9909506897620877
1.065207188277198
1.1380312792041989
8.633891412073343
9.803895065283593
9.81882644627163
9.993839771792235
10.593908241068393
10.731901362465436
10.852656485408133
11.088724640196993
11.202256795417297
11.228341573553271
11.34120935644274
11.418594104606782
11.52834624866639
11.720853902917682
11.810346909191503
11.821098810394018
11.951251957754165
12.007879297769882
12.021053588521648
12.061090626567212
12.11603217838783
12.227387391878143
12.24939284010878
12.330520537884148
12.443353884120645
12.550224111279228
12.621873863674637
12.68282153186184
12.767583040095303
12.845702931536394
12.90622989998766
12.951873796286238
12.997483009180144
13.039910846355404
13.173345404821033
13.257816949701068
13.275347497246548
13.538550387183156
13.599798949153783
13.632985162643283
13.668834831919977
13.777919026837028
13.79223426686664
13.84910293282204
13.874987334002661
13.929753546476345
13.979724351430061
14.048303306842637
14.053810788991974
14.096911480192622
14.159472225771655
14.188092787275567
14.233136357992603
14.287339170753324
14.343707156412016
14.375569952891059
14.40999242319055
14.472022547491369
14.506204339431934
14.587652904187868
14.62118783146869
14.691685049125532
14.708035597364667
14.749729148659965
14.810318514430168
14.83356273292043
14.853328613168102
14.891214221850287
15.018864130054217
15.027166329714927
15.072060542214885
15.103006420647143
15.149876074009601
15.176177734285236
15.198499592782744
15.254023770543942
15.269160221891003
15.322188964082734
15.38289815881419
15.413045832059133
15.467283847104774
15.518668537440337
15.524579593025436
15.57616113938706
15.614775943595047
15.650385067271957
15.669721784847205
15.68074858203509
15.708083891525062
15.739425623099255
15.762158942432194
15.815732299799963
15.838377706157253
15.847374918550203
15.965311178863425
15.99079519248924
16.01250472387011
16.047411311852496
16.104059548777837
16.19575308956282
16.211271450803725
16.23985661306918
16.288740626212174
16.336283106883453
16.343948239228084
16.36957554427357
16.424281561898564
16.45910181472141
16.487464495829133
16.538081826119278
16.557556536853294
16.629511580488483
16.64054492775132
16.67320127563918
16.710413143107633
16.71537062731799
16.793227220938526
16.834634939052812
16.847339600143098
16.919225757793736
16.933477763085765
16.996226465736267
17.017208614251842
17.040440667828378
17.076822379579713
17.09977783418878
17.15608902046136
17.167258722507345
17.229094293637647
17.256719445200712
17.298569326229746
17.314835757087078
17.321494940360505
17.38692072783713
17.41415653092106
17.42338157710902
17.475988914050863
17.499682052613686
17.542785773640578
17.565341357524744
17.59940455700513
17.654686044455048
17.68670426920542
17.724602086027346
17.766009536624377
17.850239780725246
17.890081932328936
17.9202578456618
17.9756518488546
17.994207830099825
18.019692712967625
18.03383587447525
18.101594256114158
18.14665281488085
18.166060083441504
18.188442190688445
18.21253292185422
18.247489094693808
18.274818108146427
18.310519542962812
18.341732300323876
18.377042499181993
18.404456293221976
18.473871524131376
18.482098517749954
18.512589101717584
18.550618872776987
18.586462262441195
18.629062671273935
18.663868023713878
18.695912317537303
18.74325102257853
18.754017802396948
18.79052364596709
18.81826769417169
18.849133129436
18.887823686646275
18.896233785469885
18.915076543106146
18.95309271108131
18.982634927445588
19.018064835413327
19.074596774073086
19.083500591635264
19.13938226741761
19.149750497739824
19.181183481188377
19.208306933225725
19.22642426343492
19.30390264521283
19.313702267722086
19.324466326976303
19.3742886657586
19.402418873884592
19.46107391884342
19.491340259972343
19.545919926479293
19.577354573602495
19.649671675776414
19.663231327029173
19.69480221442792
19.706809654678942
19.733020657395144
19.783461815108037
19.81447758871504
19.831699915560073
19.887101596435024
19.913203563653262
19.937755837082832
19.969658581821726
20.00001705329029
20.01697940264376
20.090366592954435
20.101062460926514
20.128296345095585
20.168277709082275
20.206240052317227
20.219551083042106
20.28155619552911
20.30312224618316
20.325466399879705
20.355311126917158
20.37809176388238
20.385325151598906
20.458231077692187
20.509866906538658
20.519307231927932
20.587591647430706
20.647003104731
20.662177823066816
20.762569838941026
20.77249597182936
20.789398824999363
20.835929400775495
20.865813023671873
20.894990727234696
20.93097056032628
21.002160078844494
21.02423208195896
21.06325842580684
21.090039795605403
21.107853509792452
21.131072524285717
21.151371653015133
21.200154920516844
21.25356281643803
21.272727687066215
21.308175859711667
21.338062424887067
21.3439219598574
21.37730948443876
21.39712572188346
21.43200413826233
21.448502317206714
21.499544251442643
21.526545136645964
21.558090327032538
21.587912499039287
21.59926321897875
21.65148480669951
21.69041673571017
21.74307004955403
21.82713833307794
21.828906232957983
21.888168798791078
21.893756141694364
21.92192778041489
21.960065106998407
21.967345439755718
22.00272592427344
22.052041370505982
22.08725150860697
22.1337240215666
22.144264174483236
22.17908445614102
22.198622102408567
22.237545617281913
22.264899347634984
22.308338551121274
22.3200993524616
22.373968619622318
22.427078215568226
22.44873144407069
22.49946961540137
22.535623464748628
22.55767848511117
22.601415098375217
22.635459708896114
22.652765324307854
22.720445400950563
22.721575811605906
22.76815461004258
22.82699410667228
22.859952612184003
22.882027116417305
22.93410842940441
22.97550281563911
23.005185402120773
23.034836737449723
23.070286692004988
23.0886952034806
23.10914853386799
23.142179756762985
23.20485742874353
23.238785145353706
23.287013579896342
23.30953964150389
23.384230568979994
23.390723689792303
23.43043084745377
23.490232817634226
23.52858399191969
23.578142001223828
23.60561018450008
23.62891889291415
23.68212127868942
23.740264729972196
23.763597435647117
23.798845297415838
23.848042002132278
23.89259876524533
23.92184791654148
23.95006291599685
23.997001733288585
24.01552559237345
24.06797197628874
24.093863339745532
24.128229698762418
24.149270741048664
24.18191569317909
24.20723578129515
24.252577114802133
24.280294697868225
24.308561615271348
24.326436857393087
24.414730926542763
24.43292916357632
24.478735021058647
24.496544781191773
24.515732383538744
24.58030240249761
24.653195882160585
24.677576943340277
24.709510068879393
24.7199852510845
24.762760180972887
24.797594279194865
24.823155746419175
24.877862659825993
24.929116030468936
24.976799522081517
24.99242859684473
25.093352830037713
25.103203958263318
25.17650049321235
25.19609529774844
25.21336299558963
25.281975690914905
25.299427765909932
25.35118931514744
25.38129047559058
25.452010221789994
25.485930552890252
25.5145816193635
25.56261303672021
25.6045652926743
25.642938595412186
25.666815816092843
25.694733750962715
25.731458074539635
25.75759414714476
25.774262211576296
25.83633816539723
25.87476961357426
25.912163428602064
25.957947697055666
25.974357257549613
25.990757879270017
26.080345996578696
26.136822880400786
26.148411632789724
26.199634033845538
26.237489928643637
26.284510909720193
26.322802683069334
26.356637358388017
26.414936184276257
26.44764929282432
26.50691552226304
26.609046246319366
26.635606726666612
26.72380578071531
26.766137892527805
26.777195774526742
26.800202546197916
26.822722894293126
26.91796196370467
26.9428448187031
27.006801638052156
27.014339271979594
27.10375932043399
27.175341077448753
27.2209707397625
27.295936919976693
27.334897997437828
27.342901038979658
27.373834006361648
27.41863918705505
27.47650437773752
27.522397683556804
27.548072090652603
27.65602449672021
27.67866209649459
27.73058029179557
27.75489548978895
27.79922797602228
27.832181939666405
27.875302753594557
27.983700411855104
28.002166591864967
28.062755243677636
28.079964882975037
28.139189805132887
28.17918361012451
28.238830066232868
28.31819382063289
28.33062643372307
28.379307568204943
28.424489585077
28.47629425531464
28.5172137502401
28.545855582328354
28.665259468044074
28.67989485434588
28.7633113657235
28.770929372196395
28.781809420379176
28.959959456905544
29.022180195332783
29.046474333895354
29.11231171450979
29.218768606763
29.24922970271634
29.309693789007984
29.36408617080929
29.43943964114046
29.50244689294859
29.52897085793222
29.571556592055344
29.712153701381006
29.73495440419981
29.77677102864673
29.862864455502674
29.926199661504423
29.972652310350767
30.02033893147825
30.104439308461362
30.153516626825123
30.29318119407691
30.356568508457347
30.393803525530508
30.464583364921594
30.479806680328398
30.62278139042563
30.759091275390755
30.777179655345154
30.847595241008268
30.984357495511446
31.07867244707854
31.321975569069046
31.339741556751925
31.452618145410852
31.571480942128318
31.646745394263263
31.732033072056804
31.820527135572764
31.997343790404052
32.026636338966725
32.07239122323615
32.178531909859096
32.32057939762273
32.36674390715664
32.43834161951351
32.5415474770556
32.627393951553586
32.85356608541112
33.108786169104924
33.3267957962213
33.87366304212725
33.98517268503964
34.127272145920685
34.240972216753626
34.35468999136407
34.82100914785483
0.7929901910090378
0.9380734360694929
0.9909506897620877
1.065207188277198
1.1380312792041989
8.633891412073343
9.803895065283593
9.81882644627163
9.993839771792235
10.593908241068393
10.731901362465436
10.852656485408133
11.088724640196993
11.202256795417297
11.228341573553271
11.34120935644274
11.418594104606782
11.52834624866639
11.720853902917682
11.810346909191503
11.821098810394018
11.951251957754165
12.007879297769882
12.021053588521648
12.061090626567212
12.11603217838783
12.227387391878143
12.24939284010878
12.330520537884148
12.443353884120645
12.550224111279228
12.621873863674637
12.68282153186184
12.767583040095303
12.845702931536394
12.90622989998766
12.951873796286238
12.997483009180144
13.039910846355404
13.173345404821033
13.257816949701068
13.275347497246548
13.538550387183156
13.599798949153783
13.632985162643283
13.668834831919977
13.777919026837028
13.79223426686664
13.84910293282204
13.874987334002661
13.929753546476345
13.979724351430061
14.048303306842637
14.053810788991974
14.096911480192622
14.159472225771655
14.188092787275567
14.233136357992603
14.287339170753324
14.343707156412016
14.375569952891059
14.40999242319055
14.472022547491369
14.506204339431934
14.587652904187868
14.62118783146869
14.691685049125532
14.708035597364667
14.749729148659965
14.810318514430168
14.83356273292043
14.853328613168102
14.891214221850287
15.018864130054217
15.027166329714927
15.072060542214885
15.103006420647143
15.149876074009601
15.176177734285236
15.198499592782744
15.254023770543942
15.269160221891003
15.322188964082734
15.38289815881419
15.413045832059133
15.467283847104774
15.518668537440337
15.524579593025436
15.57616113938706
15.614775943595047
15.650385067271957
15.669721784847205
15.68074858203509
15.708083891525062
15.739425623099255
15.762158942432194
15.815732299799963
15.838377706157253
15.847374918550203
15.965311178863425
15.99079519248924
16.01250472387011
16.047411311852496
16.104059548777837
16.19575308956282
16.211271450803725
16.23985661306918
16.288740626212174
16.336283106883453
16.343948239228084
16.36957554427357
16.424281561898564
16.45910181472141
16.487464495829133
16.538081826119278
16.557556536853294
16.629511580488483
16.64054492775132
16.67320127563918
16.710413143107633
16.71537062731799
16.793227220938526
16.834634939052812
16.847339600143098
16.919225757793736
16.933477763085765
16.996226465736267
17.017208614251842
17.040440667828378
17.076822379579713
17.09977783418878
17.15608902046136
17.167258722507345
17.229094293637647
17.256719445200712
17.298569326229746
17.314835757087078
17.321494940360505
17.38692072783713
17.41415653092106
17.42338157710902
17.475988914050863
17.499682052613686
17.542785773640578
17.565341357524744
17.59940455700513
17.654686044455048
17.68670426920542
17.724602086027346
17.766009536624377
17.850239780725246
17.890081932328936
17.9202578456618
17.9756518488546
17.994207830099825
18.019692712967625
18.03383587447525
18.101594256114158
18.14665281488085
18.166060083441504
18.188442190688445
18.21253292185422
18.247489094693808
18.274818108146427
18.310519542962812
18.341732300323876
18.377042499181993
18.404456293221976
18.473871524131376
18.482098517749954
18.512589101717584
18.550618872776987
18.586462262441195
18.629062671273935
18.663868023713878
18.695912317537303
18.74325102257853
18.754017802396948
18.79052364596709
18.81826769417169
18.849133129436
18.887823686646275
18.896233785469885
18.915076543106146
18.95309271108131
18.982634927445588
19.018064835413327
19.074596774073086
19.083500591635264
19.13938226741761
19.149750497739824
19.181183481188377
19.208306933225725
19.22642426343492
19.30390264521283
19.313702267722086
19.324466326976303
19.3742886657586
19.402418873884592
19.46107391884342
19.491340259972343
19.545919926479293
19.577354573602495
19.649671675776414
19.663231327029173
19.69480221442792
19.706809654678942
19.733020657395144
19.783461815108037
19.81447758871504
19.831699915560073
19.887101596435024
19.913203563653262
19.937755837082832
19.969658581821726
20.00001705329029
20.01697940264376
20.090366592954435
20.101062460926514
20.128296345095585
20.168277709082275
20.206240052317227
20.219551083042106
20.28155619552911
20.30312224618316
20.325466399879705
20.355311126917158
20.37809176388238
20.385325151598906
20.458231077692187
20.509866906538658
20.519307231927932
20.587591647430706
20.647003104731
20.662177823066816
20.762569838941026
20.77249597182936
20.789398824999363
20.835929400775495
20.865813023671873
20.894990727234696
20.93097056032628
21.002160078844494
21.02423208195896
21.06325842580684
21.090039795605403
21.107853509792452
21.131072524285717
21.151371653015133
21.200154920516844
21.25356281643803
21.272727687066215
21.308175859711667
21.338062424887067
21.3439219598574
21.37730948443876
21.39712572188346
21.43200413826233
21.448502317206714
21.499544251442643
21.526545136645964
21.558090327032538
21.587912499039287
21.59926321897875
21.65148480669951
21.69041673571017
21.74307004955403
21.82713833307794
21.828906232957983
21.888168798791078
21.893756141694364
21.92192778041489
21.960065106998407
21.967345439755718
22.00272592427344
22.052041370505982
22.08725150860697
22.1337240215666
22.144264174483236
22.17908445614102
22.198622102408567
22.237545617281913
22.264899347634984
22.308338551121274
22.3200993524616
22.373968619622318
22.427078215568226
22.44873144407069
22.49946961540137
22.535623464748628
22.55767848511117
22.601415098375217
22.635459708896114
22.652765324307854
22.720445400950563
22.721575811605906
22.76815461004258
22.82699410667228
22.859952612184003
22.882027116417305
22.93410842940441
22.97550281563911
23.005185402120773
23.034836737449723
23.070286692004988
23.0886952034806
23.10914853386799
23.142179756762985
23.20485742874353
23.238785145353706
23.287013579896342
23.30953964150389
23.384230568979994
23.390723689792303
23.43043084745377
23.490232817634226
23.52858399191969
23.578142001223828
23.60561018450008
23.62891889291415
23.68212127868942
23.740264729972196
23.763597435647117
23.798845297415838
23.848042002132278
23.89259876524533
23.92184791654148
23.95006291599685
23.997001733288585
24.01552559237345
24.06797197628874
24.093863339745532
24.128229698762418
24.149270741048664
24.18191569317909
24.20723578129515
24.252577114802133
24.280294697868225
24.308561615271348
24.326436857393087
24.414730926542763
24.43292916357632
24.478735021058647
24.496544781191773
24.515732383538744
24.58030240249761
24.653195882160585
24.677576943340277
24.709510068879393
24.7199852510845
24.762760180972887
24.797594279194865
24.823155746419175
24.877862659825993
24.929116030468936
24.976799522081517
24.99242859684473
25.093352830037713
25.103203958263318
25.17650049321235
25.19609529774844
25.21336299558963
25.281975690914905
25.299427765909932
25.35118931514744
25.38129047559058
25.452010221789994
25.485930552890252
25.5145816193635
25.56261303672021
25.6045652926743
25.642938595412186
25.666815816092843
25.694733750962715
25.731458074539635
25.75759414714476
25.774262211576296
25.83633816539723
25.87476961357426
25.912163428602064
25.957947697055666
25.974357257549613
25.990757879270017
26.080345996578696
26.136822880400786
26.148411632789724
26.199634033845538
26.237489928643637
26.284510909720193
26.322802683069334
26.356637358388017
26.414936184276257
26.44764929282432
26.50691552226304
26.609046246319366
26.635606726666612
26.72380578071531
26.766137892527805
26.777195774526742
26.800202546197916
26.822722894293126
26.91796196370467
26.9428448187031
27.006801638052156
27.014339271979594
27.10375932043399
27.175341077448753
27.2209707397625
27.295936919976693
27.334897997437828
27.342901038979658
27.373834006361648
27.41863918705505
27.47650437773752
27.522397683556804
27.548072090652603
27.65602449672021
27.67866209649459
27.73058029179557
27.75489548978895
27.79922797602228
27.832181939666405
27.875302753594557
27.983700411855104
28.002166591864967
28.062755243677636
28.079964882975037
28.139189805132887
28.17918361012451
28.238830066232868
28.31819382063289
28.33062643372307
28.379307568204943
28.424489585077
28.47629425531464
28.5172137502401
28.545855582328354
28.665259468044074
28.67989485434588
28.7633113657235
28.770929372196395
28.781809420379176
28.959959456905544
29.022180195332783
29.046474333895354
29.11231171450979
29.218768606763
29.24922970271634
29.309693789007984
29.36408617080929
29.43943964114046
29.50244689294859
29.52897085793222
29.571556592055344
29.712153701381006
29.73495440419981
29.77677102864673
29.862864455502674
29.926199661504423
29.972652310350767
30.02033893147825
30.104439308461362
30.153516626825123
30.29318119407691
30.356568508457347
30.393803525530508
30.464583364921594
30.479806680328398
30.62278139042563
30.759091275390755
30.777179655345154
30.847595241008268
30.984357495511446
31.07867244707854
31.321975569069046
31.339741556751925
31.452618145410852
31.571480942128318
31.646745394263263
31.732033072056804
31.820527135572764
31.997343790404052
32.026636338966725
32.07239122323615
32.178531909859096
32.32057939762273
32.36674390715664
32.43834161951351
32.5415474770556
32.627393951553586
32.85356608541112
33.108786169104924
33.3267957962213
33.87366304212725
33.98517268503964
34.127272145920685
34.240972216753626
34.35468999136407
34.82100914785483
