0.7319628892188937
0.8436151792424372
0.9176569988662215
0.9403923656360095
1.0228390500880862
1.0445472854185063
1.1290505886367288
1.2646159663109686
1.3507358865754184
4.5628868540885605
4.948345099867396
5.202922790699363
5.237549983159106
5.357788299160451
5.37160661191963
5.7077702755926945
5.772335629314773
5.8401847862727445
5.917631739304642
5.976938599016085
6.1100712814956575
6.194451906608084
6.236304835091513
6.262426038317573
6.3897408154520265
6.455281959535979
6.535809984255309
6.547926643862209
6.599755179210158
6.61132039884573
6.63593588489567
6.677386798933933
6.722843319604382
6.800481870122627
6.84781853921702
6.885453679587103
6.925288281414607
6.985754623630039
6.9949201524919085
7.03175267959973
7.120113391525926
7.131481734467691
7.17093566185707
7.1869383892531165
7.2992420995395495
7.341794704174195
7.402725255128995
7.447269657381551
7.465978744086744
7.498189525186622
7.538646793835098
7.570762789091513
7.611866418808955
7.6657841443259604
7.671365640828564
7.712515452063164
7.740519114530392
7.789889647298754
7.812856759180962
7.832894699711054
7.84751551909488
7.870430499918125
7.894701894080952
7.917599872351161
7.947402317383719
7.988699177271922
8.03905129509781
8.0454694556801
8.064050193607487
8.097582240037505
8.101091255269662
8.149702609361375
8.17810666317349
8.19954313486977
8.246434826509729
8.267381552525963
8.271563789473358
8.311074263665628
8.353178866213085
8.384057943572314
8.414947847783203
8.462768029994004
8.50342872818209
8.529800472325729
8.552287227488055
8.573278813363714
8.625037310101511
8.640985934965665
8.672275561248798
8.67877896668177
8.73103982951636
8.756562827888372
8.80560416725706
8.827338072406414
8.83014613354849
8.85128885468479
8.885417472662551
8.981218433282448
8.993468403321087
9.007417414987287
9.019003217301997
9.073300093361546
9.085171111981404
9.116336874315401
9.152488119340607
9.182415781317605
9.208898567261286
9.23819655571535
9.258176079024425
9.276237016973653
9.297091424088979
9.320365743422986
9.337273745546304
9.384964416601564
9.429483423906987
9.452434651956002
9.479044468412022
9.506304637933727
9.561085764198594
9.573513912352329
9.58663992886762
9.63672584325916
9.649492443602595
9.695171356616171
9.706325389739945
9.733895753677299
9.79321343400653
9.835064559159349
9.843339562476363
9.855893490722316
9.875987170326956
9.890772127543086
9.92058389291414
9.974117509708657
10.012734590690197
10.067223678376967
10.118350259111613
10.154418004634879
10.184223520230727
10.201608653237644
10.24628050753675
10.262850232923379
10.280422122054144
10.304791347784759
10.336345597898827
10.354119321365756
10.373458058032202
10.425535563721452
10.441044451097333
10.497703688545998
10.538843107957005
10.561612358991328
10.59078518933392
10.597348845330483
10.610706410725303
10.647854106823974
10.682152233905775
10.69913913965828
10.731157782191406
10.775902516745267
10.796540920920929
10.814803731470473
10.849521855249344
10.85959645407323
10.88531020534198
10.923315658868406
10.934985610437751
10.952519666670497
10.990187260990398
11.013992559046713
11.03152031196894
11.050279831044943
11.07738160021753
11.107632672072222
11.159686475576867
11.171103973550046
11.218260746960418
11.264188930413052
11.287112195243685
11.294888412490312
11.321350475421541
11.352246733133134
11.390720619295115
11.436120569026746
11.47077277084912
11.489339039626477
11.493740302907224
11.505787823011874
11.546418315869591
11.56564325182229
11.611328041344434
11.637030497259845
11.651510145850771
11.699974229355702
11.738944085253015
11.759407335474265
11.772820996423096
11.814825621108602
11.841713182777456
11.863537438451903
11.895446004931832
11.914107425721262
11.952002914987371
11.966435196329194
11.9939171750867
12.016305056318393
12.056658300712455
12.061719547995411
12.095190925807506
12.136763640734545
12.156156178318108
12.17393346833144
12.203991181737438
12.227409831120525
12.240508299398122
12.29655719653442
12.305836325211528
12.326536572318522
12.355645582597152
12.394950604587942
12.413141460002803
12.428443668587464
12.481249585710673
12.494613968375706
12.51195332254592
12.546732018553847
12.560896294394864
12.601200617640723
12.634181466364335
12.65785029762868
12.671079492646992
12.707172290812288
12.74689957962234
12.762309492619174
12.782058906796316
12.794024854889104
12.812431320147674
12.837790759670161
12.84164922418439
12.890614417867377
12.921024561464643
12.962481018393856
12.982078896274041
12.985115677814086
13.00157356021509
13.037590577063852
13.06371252360725
13.084035269779546
13.120074284637067
13.148547600238459
13.18490363021224
13.205508642250559
13.264498737729978
13.311087515762717
13.32518008551227
13.415969418929391
13.420533110778363
13.435822127701751
13.43881039269735
13.458556149700346
13.506496642419659
13.540840007368539
13.555570833931553
13.613138213232926
13.633905050439235
13.664182677170912
13.67658555487433
13.72024878398362
13.745372901846892
13.78442485737997
13.808438185668832
13.835577399429287
13.874027114001152
13.889525531602612
13.942877601420703
13.963741260639653
13.97742632812933
14.003801722360313
14.033310632343492
14.088969667615201
14.122457761661908
14.163417730871247
14.170789007870235
14.205775329946404
14.244404359474034
14.254205658160185
14.278415073849153
14.303771371208185
14.340138795857701
14.374667162278596
14.375925675273315
14.406807234251593
14.44105837783161
14.51092332947869
14.516310760794813
14.524088405426754
14.560147106890305
14.57628449268996
14.599259812109358
14.626609897645377
14.650127395355712
14.676149680929749
14.722513029202997
14.744415907799423
14.757776710654158
14.802900292130138
14.826226309757093
14.845451228749758
14.868400384973057
14.9108988556923
14.974362656938407
14.99169526090912
15.05086237461802
15.07426780255224
15.100466360645148
15.125052982869919
15.163349248874852
15.172322736320288
15.176507013294867
15.18535933471561
15.232493552205968
15.266942976293233
15.307843416738919
15.330472588606128
15.34848024751126
15.37305418578775
15.416136237584281
15.4550506251166
15.484582135014907
15.486628097371671
15.534071419307244
15.595250149807226
15.622902300976136
15.695700678573267
15.70969193301222
15.774386689859384
15.792130943720982
15.816502452994005
15.87281035010541
15.898475215345185
15.941652938989142
15.973391071552053
16.014920543744207
16.042850118312927
16.06570369170046
16.09301460309727
16.149290570486535
16.16863179649583
16.202953244341067
16.219694494719366
16.26446241157706
16.296238982212802
16.317925285802637
16.337936374554886
16.398848614599007
16.43623439082311
16.449438293478426
16.498498801548433
16.52273482991893
16.571821510564817
16.596712792304796
16.616421511217336
16.638546140314656
16.66588284301342
16.72001186513493
16.72793598144002
16.74633097752198
16.76672441000602
16.788413956573155
16.853552278016334
16.87588340773832
16.914112460387077
16.933692051380152
16.93599244967733
17.021715251425796
17.038099760042904
17.08699567986487
17.091887265513794
17.124471526618592
17.132070598310193
17.163223835051866
17.21197355726569
17.228005665476346
17.25125857432206
17.276856877128715
17.29317377914731
17.34568642037871
17.369497254741564
17.382527630196368
17.45533770354057
17.49159692816076
17.530998336222996
17.57565100534871
17.62307138294855
17.67096031413779
17.69526619012047
17.727954918131715
17.777766748257598
17.804903269992195
17.85738813640486
17.89700553375127
17.93532326222289
17.97121534515886
18.021796071627026
18.041502933736353
18.095711550872878
18.11913358699344
18.12171812743807
18.174418068252084
18.20414932753628
18.26695124781433
18.32785119803137
18.36034664706427
18.393485918163385
18.43006343548363
18.472244745215257
18.504091576801493
18.51446284365797
18.56350761429276
18.604649569181426
18.68971716336146
18.70863108527183
18.783287940828938
18.820732208449268
18.844451464705482
18.884630345334404
18.969955608255585
19.019673548773813
19.078263733326818
19.106446306945568
19.123372324475064
19.17944227172927
19.21645954093394
19.227029237543917
19.284333843709387
19.336717044605795
19.361241505886397
19.427615598807684
19.48072688581052
19.53032187034002
19.606356392171953
19.661275065502192
19.680251544329966
19.70760394066279
19.733321702093548
19.800334665184288
19.813309291901497
19.86296032051989
19.998747048493982
20.04418940491271
20.121622983066345
20.159300347876012
20.20800445628714
20.26528693208192
20.291562332389365
20.400807661317277
20.467930286314736
20.4964622765814
20.61021003091535
20.632487915570174
20.71530281995264
20.728519191602803
20.83506230990072
20.914624755536767
20.947842336495015
20.998545015472708
21.132866259687365
21.191843837540056
21.284024516601487
21.3149680193453
21.389721586718355
21.469370859523135
21.48232552462947
21.626668274792042
21.691052429873285
21.715898670442556
21.74331200331405
21.880369135294607
21.984697359339847
22.05789229572371
22.111073455467803
22.128878987475957
22.15070210048249
22.321590951735796
22.489697860067515
22.497586866343113
22.595273963649365
22.703779840082078
22.770466765694025
22.870294163779903
23.02376637580436
23.198006564849265
23.28562493759056
23.356894638929052
23.431005578190693
23.519593586301003
23.875745206343645
24.072291121906492
24.46994433292583
0.7319628892188937
0.8436151792424372
0.9176569988662215
0.9403923656360095
1.0228390500880862
1.0445472854185063
1.1290505886367288
1.2646159663109686
1.3507358865754184
4.5628868540885605
4.948345099867396
5.202922790699363
5.237549983159106
5.357788299160451
5.37160661191963
5.7077702755926945
5.772335629314773
5.8401847862727445
5.917631739304642
5.976938599016085
6.1100712814956575
6.194451906608084
6.236304835091513
6.262426038317573
6.3897408154520265
6.455281959535979
6.535809984255309
6.547926643862209
6.599755179210158
6.61132039884573
6.63593588489567
6.677386798933933
6.722843319604382
6.800481870122627
6.84781853921702
6.885453679587103
6.925288281414607
6.985754623630039
6.9949201524919085
7.03175267959973
7.120113391525926
7.131481734467691
7.17093566185707
7.1869383892531165
7.2992420995395495
7.341794704174195
7.402725255128995
7.447269657381551
7.465978744086744
7.498189525186622
7.538646793835098
7.570762789091513
7.611866418808955
7.6657841443259604
7.671365640828564
7.712515452063164
7.740519114530392
7.789889647298754
7.812856759180962
7.832894699711054
7.84751551909488
7.870430499918125
7.894701894080952
7.917599872351161
7.947402317383719
7.988699177271922
8.03905129509781
8.0454694556801
8.064050193607487
8.097582240037505
8.101091255269662
8.149702609361375
8.17810666317349
8.19954313486977
8.246434826509729
8.267381552525963
8.271563789473358
8.311074263665628
8.353178866213085
8.384057943572314
8.414947847783203
8.462768029994004
8.50342872818209
8.529800472325729
8.552287227488055
8.573278813363714
8.625037310101511
8.640985934965665
8.672275561248798
8.67877896668177
8.73103982951636
8.756562827888372
8.80560416725706
8.827338072406414
8.83014613354849
8.85128885468479
8.885417472662551
8.981218433282448
8.993468403321087
9.007417414987287
9.019003217301997
9.073300093361546
9.085171111981404
9.116336874315401
9.152488119340607
9.182415781317605
9.208898567261286
9.23819655571535
9.258176079024425
9.276237016973653
9.297091424088979
9.320365743422986
9.337273745546304
9.384964416601564
9.429483423906987
9.452434651956002
9.479044468412022
9.506304637933727
9.561085764198594
9.573513912352329
9.58663992886762
9.63672584325916
9.649492443602595
9.695171356616171
9.706325389739945
9.733895753677299
9.79321343400653
9.835064559159349
9.843339562476363
9.855893490722316
9.875987170326956
9.890772127543086
9.92058389291414
9.974117509708657
10.012734590690197
10.067223678376967
10.118350259111613
10.154418004634879
10.184223520230727
10.201608653237644
10.24628050753675
10.262850232923379
10.280422122054144
10.304791347784759
10.336345597898827
10.354119321365756
10.373458058032202
10.425535563721452
10.441044451097333
10.497703688545998
10.538843107957005
10.561612358991328
10.59078518933392
10.597348845330483
10.610706410725303
10.647854106823974
10.682152233905775
10.69913913965828
10.731157782191406
10.775902516745267
10.796540920920929
10.814803731470473
10.849521855249344
10.85959645407323
10.88531020534198
10.923315658868406
10.934985610437751
10.952519666670497
10.990187260990398
11.013992559046713
11.03152031196894
11.050279831044943
11.07738160021753
11.107632672072222
11.159686475576867
11.171103973550046
11.218260746960418
11.264188930413052
11.287112195243685
11.294888412490312
11.321350475421541
11.352246733133134
11.390720619295115
11.436120569026746
11.47077277084912
11.489339039626477
11.493740302907224
11.505787823011874
11.546418315869591
11.56564325182229
11.611328041344434
11.637030497259845
11.651510145850771
11.699974229355702
11.738944085253015
11.759407335474265
11.772820996423096
11.814825621108602
11.841713182777456
11.863537438451903
11.895446004931832
11.914107425721262
11.952002914987371
11.966435196329194
11.9939171750867
12.016305056318393
12.056658300712455
12.061719547995411
12.095190925807506
12.136763640734545
12.156156178318108
12.17393346833144
12.203991181737438
12.227409831120525
12.240508299398122
12.29655719653442
12.305836325211528
12.326536572318522
12.355645582597152
12.394950604587942
12.413141460002803
12.428443668587464
12.481249585710673
12.494613968375706
12.51195332254592
12.546732018553847
12.560896294394864
12.601200617640723
12.634181466364335
12.65785029762868
12.671079492646992
12.707172290812288
12.74689957962234
12.762309492619174
12.782058906796316
12.794024854889104
12.812431320147674
12.837790759670161
12.84164922418439
12.890614417867377
12.921024561464643
12.962481018393856
12.982078896274041
12.985115677814086
13.00157356021509
13.037590577063852
13.06371252360725
13.084035269779546
13.120074284637067
13.148547600238459
13.18490363021224
13.205508642250559
13.264498737729978
13.311087515762717
13.32518008551227
13.415969418929391
13.420533110778363
13.435822127701751
13.43881039269735
13.458556149700346
13.506496642419659
13.540840007368539
13.555570833931553
13.613138213232926
13.633905050439235
13.664182677170912
13.67658555487433
13.72024878398362
13.745372901846892
13.78442485737997
13.808438185668832
13.835577399429287
13.874027114001152
13.889525531602612
13.942877601420703
13.963741260639653
13.97742632812933
14.003801722360313
14.033310632343492
14.088969667615201
14.122457761661908
14.163417730871247
14.170789007870235
14.205775329946404
14.244404359474034
14.254205658160185
14.278415073849153
14.303771371208185
14.340138795857701
14.374667162278596
14.375925675273315
14.406807234251593
14.44105837783161
14.51092332947869
14.516310760794813
14.524088405426754
14.560147106890305
14.57628449268996
14.599259812109358
14.626609897645377
14.650127395355712
14.676149680929749
14.722513029202997
14.744415907799423
14.757776710654158
14.802900292130138
14.826226309757093
14.845451228749758
14.868400384973057
14.9108988556923
14.974362656938407
14.99169526090912
15.05086237461802
15.07426780255224
15.100466360645148
15.125052982869919
15.163349248874852
15.172322736320288
15.176507013294867
15.18535933471561
15.232493552205968
15.266942976293233
15.307843416738919
15.330472588606128
15.34848024751126
15.37305418578775
15.416136237584281
15.4550506251166
15.484582135014907
15.486628097371671
15.534071419307244
15.595250149807226
15.622902300976136
15.695700678573267
15.70969193301222
15.774386689859384
15.792130943720982
15.816502452994005
15.87281035010541
15.898475215345185
15.941652938989142
15.973391071552053
16.014920543744207
16.042850118312927
16.06570369170046
16.09301460309727
16.149290570486535
16.16863179649583
16.202953244341067
16.219694494719366
16.26446241157706
16.296238982212802
16.317925285802637
16.337936374554886
16.398848614599007
16.43623439082311
16.449438293478426
16.498498801548433
16.52273482991893
16.571821510564817
16.596712792304796
16.616421511217336
16.638546140314656
16.66588284301342
16.72001186513493
16.72793598144002
16.74633097752198
16.76672441000602
16.788413956573155
16.853552278016334
16.87588340773832
16.914112460387077
16.933692051380152
16.93599244967733
17.021715251425796
17.038099760042904
17.08699567986487
17.091887265513794
17.124471526618592
17.132070598310193
17.163223835051866
17.21197355726569
17.228005665476346
17.25125857432206
17.276856877128715
17.29317377914731
17.34568642037871
17.369497254741564
17.382527630196368
17.45533770354057
17.49159692816076
17.530998336222996
17.57565100534871
17.62307138294855
17.67096031413779
17.69526619012047
17.727954918131715
17.777766748257598
17.804903269992195
17.85738813640486
17.89700553375127
17.93532326222289
17.97121534515886
18.021796071627026
18.041502933736353
18.095711550872878
18.11913358699344
18.12171812743807
18.174418068252084
18.20414932753628
18.26695124781433
18.32785119803137
18.36034664706427
18.393485918163385
18.43006343548363
18.472244745215257
18.504091576801493
18.51446284365797
18.56350761429276
18.604649569181426
18.68971716336146
18.70863108527183
18.783287940828938
18.820732208449268
18.844451464705482
18.884630345334404
18.969955608255585
19.019673548773813
19.078263733326818
19.106446306945568
19.123372324475064
19.17944227172927
19.21645954093394
19.227029237543917
19.284333843709387
19.336717044605795
19.361241505886397
19.427615598807684
19.48072688581052
19.53032187034002
19.606356392171953
19.661275065502192
19.680251544329966
19.70760394066279
19.733321702093548
19.800334665184288
19.813309291901497
19.86296032051989
19.998747048493982
20.04418940491271
20.121622983066345
20.159300347876012
20.20800445628714
20.26528693208192
20.291562332389365
20.400807661317277
20.467930286314736
20.4964622765814
20.61021003091535
20.632487915570174
20.71530281995264
20.728519191602803
20.83506230990072
20.914624755536767
20.947842336495015
20.998545015472708
21.132866259687365
21.191843837540056
21.284024516601487
21.3149680193453
21.389721586718355
21.469370859523135
21.48232552462947
21.626668274792042
21.691052429873285
21.715898670442556
21.74331200331405
21.880369135294607
21.984697359339847
22.05789229572371
22.111073455467803
22.128878987475957
22.15070210048249
22.321590951735796
22.489697860067515
22.497586866343113
22.595273963649365
22.703779840082078
22.770466765694025
22.870294163779903
23.02376637580436
23.198006564849265
23.28562493759056
23.356894638929052
23.431005578190693
23.519593586301003
23.875745206343645
24.072291121906492
24.46994433292583
