0.8158038975961379
0.8588303107045208
0.977748071940435
1.04698572211571
1.1444066448986356
8.894377160293201
9.210072743635253
10.221921637034077
10.419036553451107
10.49242736506785
10.588791729492938
10.898391408742686
11.04395484683618
11.249821411763113
11.472144558092852
11.528506666283514
11.642657324585233
11.728833798213003
11.811423922826789
11.881850743197845
11.950663971564747
11.970431453328423
12.03116446834788
12.210785305219021
12.23039962925712
12.323759945792906
12.388355153414349
12.46938341453907
12.620859091367011
12.70467840445763
12.764684343598853
12.806801039951369
12.83252453643175
12.862495802790466
12.869094525221998
12.902013636080211
13.028492709152152
13.13382235320834
13.279414505426475
13.29011103285047
13.35483563263397
13.382942659080008
13.40077421347189
13.486619495817234
13.564380808727739
13.575428383923848
13.649982009664827
13.69868004945582
13.750023740332832
13.77845079044034
13.847642823287087
13.906782724301596
13.93681706536611
14.002806849430206
14.026090363148112
14.063488754084775
14.199627345008397
14.21729695838643
14.237994200804927
14.264403064649803
14.334206524200678
14.376684624617832
14.404588781621865
14.429952720496976
14.480821620702036
14.519243688837577
14.557191927438062
14.62891465884817
14.6934741805188
14.759897456200203
14.768067986340155
14.827414877701994
14.864393248886053
14.86786775923028
14.941744195537296
14.944577902906085
15.001690261183404
15.041282241534066
15.08173378219262
15.146511257742302
15.174167607424703
15.261652085498037
15.349236376503844
15.379456672226482
15.4143838201948
15.464527898147796
15.483247947070737
15.51017601663384
15.55624762675294
15.619372598288502
15.643706366345619
15.695050398735347
15.721035577897817
15.764479617609975
15.798956430453986
15.879136832953622
15.885523798136315
15.914196878473357
15.923769714093917
15.937655060329233
15.99220268286099
16.060906145011163
16.105900011054686
16.12412932077886
16.158744794113584
16.207347917809138
16.229263775706873
16.264683037081525
16.306154821946574
16.34841680492634
16.365219214652935
16.38661893265357
16.464559006548647
16.4765922426166
16.487882233250005
16.52059810683103
16.559441151440467
16.640673929412284
16.642087409900423
16.693875788841318
16.708760677911336
16.73516907745398
16.792925050422166
16.821338746416416
16.84122504410579
16.92924568551211
16.930501188562378
16.95526179087892
16.98971958179352
17.04329444034859
17.089037420488346
17.153811786551728
17.16986713897663
17.209349634809065
17.283853510211216
17.333536148923425
17.34841268955165
17.391701168290908
17.423559879362003
17.44692412191901
17.518885712727386
17.54965715826215
17.578694206181144
17.590997220734284
17.62486307013258
17.679697088158502
17.69337031528303
17.707081230954493
17.768086013301478
17.778515222297226
17.819675335302637
17.84831600252226
17.865300785870428
17.910919908715456
17.931521196806084
17.959097419703202
17.9861453197023
18.01194763696312
18.114046702309487
18.131106323452514
18.152794710335098
18.17512151195989
18.21194209830908
18.2522298593666
18.261849230670816
18.312743191176736
18.3339147181274
18.353793776731163
18.411159495868578
18.428069486257407
18.44594512580689
18.488859788281196
18.549179729442415
18.60627072511505
18.644143408135157
18.691919021511413
18.715591630420484
18.777938346377272
18.79491603182343
18.812152707323733
18.833178762516685
18.861471883839666
18.881933723961254
18.919458713994622
19.008935710640507
19.030565526225153
19.046716563016137
19.115326131912095
19.144685011784745
19.192445233073606
19.20745230921151
19.234858591177193
19.238032960615637
19.316264982657177
19.326327003312322
19.360513976753904
19.404211419452338
19.457258606229576
19.523096982901468
19.54384051623581
19.584232237606706
19.61716665803298
19.642362682452696
19.684877121068357
19.752660815486927
19.810364911742962
19.85011874505692
19.902053521763495
19.908250333417456
19.947101205150133
20.01477317479449
20.054163022532638
20.106122408571135
20.114511768424222
20.123775546436807
20.15521842563382
20.173267047248476
20.19657480519551
20.250490329478602
20.26754679147285
20.31883905742481
20.337848010914538
20.37299610344672
20.413352780445745
20.485489560414482
20.499195477819754
20.50690091443287
20.540486858504185
20.55155485622937
20.556222117580567
20.607622188197087
20.65470518916228
20.67487962579284
20.706190482952042
20.744181981057757
20.787272563627354
20.85774503670628
20.877248191391228
20.915123439646194
20.95312418318666
21.014644744585244
21.036807725656526
21.0672963559048
21.09844723031272
21.15158431106639
21.175998371370685
21.221387516860947
21.25260471723826
21.281512305660222
21.29537747306452
21.328871102817246
21.360039918245533
21.39725783429446
21.421999230982216
21.50845904665315
21.51450842628423
21.520062942621852
21.569035322767842
21.599657015471543
21.658935290689556
21.671389288472234
21.704521944357122
21.74494986973224
21.783235824197977
21.799687778498573
21.835902336641688
21.85680050300884
21.94508618281377
21.965226409553242
21.992798021397
22.032658425632825
22.05668221544701
22.095997222415342
22.1265190459105
22.162053366523438
22.21675355045247
22.265007027366572
22.2941891951373
22.33029377297892
22.367239226144513
22.39060472188131
22.41123018137329
22.467181871025712
22.480334866709672
22.538893754918256
22.59899727505671
22.611608524839173
22.656855793219343
22.676911708765225
22.704258072423446
22.75187073300029
22.76490905846542
22.7989598887482
22.80647648596293
22.869175738415073
22.88061946636732
22.944438486303493
22.994978051353193
23.036208974857423
23.071990805500267
23.112533742689486
23.119511983531805
23.139392239597353
23.21891865769335
23.248671625089106
23.281094949369983
23.33908895043039
23.3717483095768
23.43177737422301
23.477870045371883
23.50127906982349
23.546295635911285
23.57576311797457
23.595226858607766
23.661883515625917
23.67426469569128
23.730029178683285
23.7674912872845
23.815038938971252
23.847614177042555
23.863118088439652
23.949497141361107
23.9851079247751
24.016050302923915
24.046547617829166
24.077037518046858
24.121933090724657
24.188105947626244
24.202315453569277
24.234921371046905
24.25090581331653
24.281315793218177
24.313671539836623
24.35027500830307
24.403493417444018
24.459315971724216
24.517145218040685
24.529899589951174
24.557798856275827
24.589817387702436
24.629601122276906
24.66230403325317
24.690424291628723
24.783100363246017
24.831853308815553
24.86807246132189
24.88511477889294
24.907823962653843
24.971965734301666
25.05394372872914
25.070739115764898
25.123385983921793
25.13694043968224
25.200227953733012
25.261233965892384
25.280066848411415
25.357406082256503
25.402286860158192
25.43287531344738
25.43631388905475
25.47081657867041
25.517501981953412
25.52998355352101
25.56805852688005
25.634995925400734
25.678123744808442
25.72241082124721
25.78457027682468
25.803765511624306
25.850586405479117
25.939792128235993
25.969642630601754
26.051026041968942
26.090808761959046
26.11148489720736
26.120585733790463
26.17949246003706
26.241327293132546
26.313673385104106
26.341212713675898
26.362833107644246
26.423853394067564
26.468153767008506
26.4773763380321
26.53547940108149
26.569846347854412
26.63604409551623
26.68542816675501
26.704525434623857
26.7440463462682
26.772740444409624
26.805629186887725
26.868370774876656
26.922531313824255
27.007605825791174
27.03760568836657
27.058660434014055
27.081135448942167
27.141764751433065
27.206586846615995
27.231403939072138
27.310702112613086
27.33572209353457
27.37365831574338
27.400228034133132
27.43566962433382
27.46418936321341
27.489810412676285
27.558907524827315
27.612277430897876
27.650079472444332
27.673883759152698
27.707013943107796
27.797934145859696
27.84393454648262
27.89069433834982
27.976184124054587
27.995364378977616
28.034489501273697
28.107808804561916
28.133445213085672
28.20098572955258
28.29931529274451
28.330994312625243
28.368050556974968
28.393283857014065
28.483402114511218
28.515667957667514
28.572724093434537
28.635945979433643
28.68283754771127
28.729908985472154
28.750188565295502
28.79706326194784
28.825028593115483
28.910574151439796
28.995060434295993
29.04046930816294
29.047762516955647
29.133360455813097
29.156972628627987
29.20536781401326
29.234998031993335
29.32303170780126
29.38625308526121
29.447498595519964
29.509188932638168
29.523448008021045
29.61521325583847
29.69766917000655
29.73882898452943
29.781172954949042
29.873889938892585
29.901953617962064
29.97137871400547
30.085635972613417
30.201533627801968
30.335026098916558
30.36161414293071
30.443152156481183
30.490543647091197
30.583021258668637
30.60862884166044
30.78353678609255
30.85955236863141
31.007871037591833
31.182565107064285
31.304257148785275
31.319188053660827
31.418274713581344
31.455918935818293
31.599896856015306
31.67675301748747
31.701414920133494
31.72823276752072
31.918274582659826
32.04359725308596
32.05637679318417
32.082801129237104
32.30801111881614
32.36529958733406
32.38380865684108
32.50964922240026
32.85785450490479
33.02715409704569
33.21796388101797
33.356541568823964
33.42132798142155
33.59178657787194
33.70225779120742
33.81750483858364
33.86866294078975
34.11257869987766
34.333619041362695
34.59517487439031
34.997220720026746
35.84208425531593
37.02511083896936
37.054660532671704
0.8158038975961379
0.8588303107045208
0.977748071940435
1.04698572211571
1.1444066448986356
8.894377160293201
9.210072743635253
10.221921637034077
10.419036553451107
10.49242736506785
10.588791729492938
10.898391408742686
11.04395484683618
11.249821411763113
11.472144558092852
11.528506666283514
11.642657324585233
11.728833798213003
11.811423922826789
11.881850743197845
11.950663971564747
11.970431453328423
12.03116446834788
12.210785305219021
12.23039962925712
12.323759945792906
12.388355153414349
12.46938341453907
12.620859091367011
12.70467840445763
12.764684343598853
12.806801039951369
12.83252453643175
12.862495802790466
12.869094525221998
12.902013636080211
13.028492709152152
13.13382235320834
13.279414505426475
13.29011103285047
13.35483563263397
13.382942659080008
13.40077421347189
13.486619495817234
13.564380808727739
13.575428383923848
13.649982009664827
13.69868004945582
13.750023740332832
13.77845079044034
13.847642823287087
13.906782724301596
13.93681706536611
14.002806849430206
14.026090363148112
14.063488754084775
14.199627345008397
14.21729695838643
14.237994200804927
14.264403064649803
14.334206524200678
14.376684624617832
14.404588781621865
14.429952720496976
14.480821620702036
14.519243688837577
14.557191927438062
14.62891465884817
14.6934741805188
14.759897456200203
14.768067986340155
14.827414877701994
14.864393248886053
14.86786775923028
14.941744195537296
14.944577902906085
15.001690261183404
15.041282241534066
15.08173378219262
15.146511257742302
15.174167607424703
15.261652085498037
15.349236376503844
15.379456672226482
15.4143838201948
15.464527898147796
15.483247947070737
15.51017601663384
15.55624762675294
15.619372598288502
15.643706366345619
15.695050398735347
15.721035577897817
15.764479617609975
15.798956430453986
15.879136832953622
15.885523798136315
15.914196878473357
15.923769714093917
15.937655060329233
15.99220268286099
16.060906145011163
16.105900011054686
16.12412932077886
16.158744794113584
16.207347917809138
16.229263775706873
16.264683037081525
16.306154821946574
16.34841680492634
16.365219214652935
16.38661893265357
16.464559006548647
16.4765922426166
16.487882233250005
16.52059810683103
16.559441151440467
16.640673929412284
16.642087409900423
16.693875788841318
16.708760677911336
16.73516907745398
16.792925050422166
16.821338746416416
16.84122504410579
16.92924568551211
16.930501188562378
16.95526179087892
16.98971958179352
17.04329444034859
17.089037420488346
17.153811786551728
17.16986713897663
17.209349634809065
17.283853510211216
17.333536148923425
17.34841268955165
17.391701168290908
17.423559879362003
17.44692412191901
17.518885712727386
17.54965715826215
17.578694206181144
17.590997220734284
17.62486307013258
17.679697088158502
17.69337031528303
17.707081230954493
17.768086013301478
17.778515222297226
17.819675335302637
17.84831600252226
17.865300785870428
17.910919908715456
17.931521196806084
17.959097419703202
17.9861453197023
18.01194763696312
18.114046702309487
18.131106323452514
18.152794710335098
18.17512151195989
18.21194209830908
18.2522298593666
18.261849230670816
18.312743191176736
18.3339147181274
18.353793776731163
18.411159495868578
18.428069486257407
18.44594512580689
18.488859788281196
18.549179729442415
18.60627072511505
18.644143408135157
18.691919021511413
18.715591630420484
18.777938346377272
18.79491603182343
18.812152707323733
18.833178762516685
18.861471883839666
18.881933723961254
18.919458713994622
19.008935710640507
19.030565526225153
19.046716563016137
19.115326131912095
19.144685011784745
19.192445233073606
19.20745230921151
19.234858591177193
19.238032960615637
19.316264982657177
19.326327003312322
19.360513976753904
19.404211419452338
19.457258606229576
19.523096982901468
19.54384051623581
19.584232237606706
19.61716665803298
19.642362682452696
19.684877121068357
19.752660815486927
19.810364911742962
19.85011874505692
19.902053521763495
19.908250333417456
19.947101205150133
20.01477317479449
20.054163022532638
20.106122408571135
20.114511768424222
20.123775546436807
20.15521842563382
20.173267047248476
20.19657480519551
20.250490329478602
20.26754679147285
20.31883905742481
20.337848010914538
20.37299610344672
20.413352780445745
20.485489560414482
20.499195477819754
20.50690091443287
20.540486858504185
20.55155485622937
20.556222117580567
20.607622188197087
20.65470518916228
20.67487962579284
20.706190482952042
20.744181981057757
20.787272563627354
20.85774503670628
20.877248191391228
20.915123439646194
20.95312418318666
21.014644744585244
21.036807725656526
21.0672963559048
21.09844723031272
21.15158431106639
21.175998371370685
21.221387516860947
21.25260471723826
21.281512305660222
21.29537747306452
21.328871102817246
21.360039918245533
21.39725783429446
21.421999230982216
21.50845904665315
21.51450842628423
21.520062942621852
21.569035322767842
21.599657015471543
21.658935290689556
21.671389288472234
21.704521944357122
21.74494986973224
21.783235824197977
21.799687778498573
21.835902336641688
21.85680050300884
21.94508618281377
21.965226409553242
21.992798021397
22.032658425632825
22.05668221544701
22.095997222415342
22.1265190459105
22.162053366523438
22.21675355045247
22.265007027366572
22.2941891951373
22.33029377297892
22.367239226144513
22.39060472188131
22.41123018137329
22.467181871025712
22.480334866709672
22.538893754918256
22.59899727505671
22.611608524839173
22.656855793219343
22.676911708765225
22.704258072423446
22.75187073300029
22.76490905846542
22.7989598887482
22.80647648596293
22.869175738415073
22.88061946636732
22.944438486303493
22.994978051353193
23.036208974857423
23.071990805500267
23.112533742689486
23.119511983531805
23.139392239597353
23.21891865769335
23.248671625089106
23.281094949369983
23.33908895043039
23.3717483095768
23.43177737422301
23.477870045371883
23.50127906982349
23.546295635911285
23.57576311797457
23.595226858607766
23.661883515625917
23.67426469569128
23.730029178683285
23.7674912872845
23.815038938971252
23.847614177042555
23.863118088439652
23.949497141361107
23.9851079247751
24.016050302923915
24.046547617829166
24.077037518046858
24.121933090724657
24.188105947626244
24.202315453569277
24.234921371046905
24.25090581331653
24.281315793218177
24.313671539836623
24.35027500830307
24.403493417444018
24.459315971724216
24.517145218040685
24.529899589951174
24.557798856275827
24.589817387702436
24.629601122276906
24.66230403325317
24.690424291628723
24.783100363246017
24.831853308815553
24.86807246132189
24.88511477889294
24.907823962653843
24.971965734301666
25.05394372872914
25.070739115764898
25.123385983921793
25.13694043968224
25.200227953733012
25.261233965892384
25.280066848411415
25.357406082256503
25.402286860158192
25.43287531344738
25.43631388905475
25.47081657867041
25.517501981953412
25.52998355352101
25.56805852688005
25.634995925400734
25.678123744808442
25.72241082124721
25.78457027682468
25.803765511624306
25.850586405479117
25.939792128235993
25.969642630601754
26.051026041968942
26.090808761959046
26.11148489720736
26.120585733790463
26.17949246003706
26.241327293132546
26.313673385104106
26.341212713675898
26.362833107644246
26.423853394067564
26.468153767008506
26.4773763380321
26.53547940108149
26.569846347854412
26.63604409551623
26.68542816675501
26.704525434623857
26.7440463462682
26.772740444409624
26.805629186887725
26.868370774876656
26.922531313824255
27.007605825791174
27.03760568836657
27.058660434014055
27.081135448942167
27.141764751433065
27.206586846615995
27.231403939072138
27.310702112613086
27.33572209353457
27.37365831574338
27.400228034133132
27.43566962433382
27.46418936321341
27.489810412676285
27.558907524827315
27.612277430897876
27.650079472444332
27.673883759152698
27.707013943107796
27.797934145859696
27.84393454648262
27.89069433834982
27.976184124054587
27.995364378977616
28.034489501273697
28.107808804561916
28.133445213085672
28.20098572955258
28.29931529274451
28.330994312625243
28.368050556974968
28.393283857014065
28.483402114511218
28.515667957667514
28.572724093434537
28.635945979433643
28.68283754771127
28.729908985472154
28.750188565295502
28.79706326194784
28.825028593115483
28.910574151439796
28.995060434295993
29.04046930816294
29.047762516955647
29.133360455813097
29.156972628627987
29.20536781401326
29.234998031993335
29.32303170780126
29.38625308526121
29.447498595519964
29.509188932638168
29.523448008021045
29.61521325583847
29.69766917000655
29.73882898452943
29.781172954949042
29.873889938892585
29.901953617962064
29.97137871400547
30.085635972613417
30.201533627801968
30.335026098916558
30.36161414293071
30.443152156481183
30.490543647091197
30.583021258668637
30.60862884166044
30.78353678609255
30.85955236863141
31.007871037591833
31.182565107064285
31.304257148785275
31.319188053660827
31.418274713581344
31.455918935818293
31.599896856015306
31.67675301748747
31.701414920133494
31.72823276752072
31.918274582659826
32.04359725308596
32.05637679318417
32.082801129237104
32.30801111881614
32.36529958733406
32.38380865684108
32.50964922240026
32.85785450490479
33.02715409704569
33.21796388101797
33.356541568823964
33.42132798142155
33.59178657787194
33.70225779120742
33.81750483858364
33.86866294078975
34.11257869987766
34.333619041362695
34.59517487439031
34.997220720026746
35.84208425531593
37.02511083896936
37.054660532671704
