0.5265470187357508
0.6694300093572951
0.7074182011916188
0.7803159285898708
0.7928236634645234
0.8664625745336413
0.9337614315122178
0.972261851472674
1.0674426212787804
3.6556941887551444
4.298068149012119
4.313661881471577
4.556310090329929
4.910221438165044
5.109775723564938
5.166148145890672
5.2449781537223545
5.335832599261067
5.3580600479469265
5.682665862329691
5.733239529781727
5.754523527821576
5.776455982690249
5.78475225116455
5.8505310384899385
5.944348342635551
5.979124769032062
6.0094014572096555
6.049140035754391
6.079235206931973
6.13532873340629
6.1753673964357825
6.230539444937059
6.27216806051653
6.383488865241051
6.40687113577889
6.436504691224329
6.480087345045425
6.489245227798902
6.56145898255401
6.649578675938989
6.670786086863913
6.701308841032595
6.737171165983114
6.793494307538893
6.828569862388696
6.850810553435717
6.858588428413426
6.892270622710952
6.958743138539835
7.000427359044566
7.023027704574372
7.075973879844556
7.105128023951832
7.136389146713289
7.1655129425325175
7.237650773524755
7.269290641793067
7.283707300620203
7.330361104816755
7.340449592668512
7.366833253118617
7.384162266703547
7.394264316320973
7.434650984172567
7.442814262433868
7.471766815075831
7.534219251377759
7.5457503654254054
7.574442667213873
7.601958518779635
7.665843749862529
7.677279701247331
7.7025017898384025
7.730000207118033
7.762778049201902
7.786010205592132
7.850354725082788
7.884852937016136
7.932610463149079
7.98340274366984
8.03163959298635
8.072993986141476
8.098095371483103
8.118883107634442
8.131136287571422
8.157323262059476
8.211853221177243
8.24333431256127
8.267746684799631
8.295109277999769
8.343880696031064
8.38174683414533
8.40030798898716
8.430169143332717
8.456123235134667
8.478298781146476
8.512339330284789
8.537233669692943
8.561156292166984
8.568258906874279
8.579951856059283
8.593491596795339
8.597697702686471
8.634869287242292
8.696503574668903
8.696725106119185
8.778615823009284
8.79540463620816
8.834175355179644
8.857163784252322
8.886571499434115
8.893373068074618
8.910793285818443
8.938503997390157
8.96909192419502
8.99907589148633
9.019680545366928
9.034018421647364
9.097636411066452
9.119561256760791
9.161196593682442
9.193657484715747
9.204146512289169
9.21731477497609
9.274129923528468
9.283362849728945
9.314190361240922
9.33248863496377
9.341266267394074
9.367557458666196
9.403056878781058
9.424901477443338
9.456396203181113
9.476425734971967
9.553400547121765
9.59476433389535
9.64414857286096
9.667582819923334
9.713257173787662
9.736371293870155
9.787659624794289
9.81817117971488
9.851050518195239
9.867022878252953
9.900194251847132
9.927032007239811
9.945672388137227
9.953872746051637
9.998953529884353
10.032817599650153
10.0694692422661
10.094421289311413
10.129748322056212
10.158535624214585
10.166376666781176
10.209405007856695
10.237751800148628
10.267010586770365
10.298456137206154
10.32935669919918
10.352957032686854
10.413444541412053
10.448171268734043
10.46283631386667
10.486112090519997
10.49611176406013
10.511786464111701
10.531046528704978
10.567064700965368
10.588176879556542
10.607811982588675
10.6430553391837
10.67520051399443
10.702801615567996
10.733995232237277
10.74999867628612
10.753597232774686
10.79278358648471
10.817375756859667
10.838311500315438
10.860157806662974
10.884453447758894
10.894257057504573
10.945719808096495
10.96100557302385
10.984522723999634
11.051502147483719
11.082348797074136
11.096530282912719
11.15603047134407
11.164593432908338
11.175032746840879
11.205375309063134
11.23508239616417
11.274473067074833
11.283030707845915
11.29269689075012
11.308911396402477
11.311954764255997
11.373584568390982
11.390894207443056
11.405604441409302
11.425596571813193
11.46417146019283
11.482867315018314
11.524799659832587
11.542769557780792
11.579962353364229
11.607233991799665
11.656179933996954
11.68033469994157
11.697466794155462
11.72805652971691
11.753049527084316
11.796795296935857
11.84465357959471
11.854598340046925
11.862459312310463
11.90421128174836
11.91092990977824
11.93702857264019
11.995726501478488
12.039353764135328
12.047459241550715
12.068953625458118
12.089885847045368
12.107696653377467
12.141654194920767
12.159216821994109
12.207506589788487
12.23430252452746
12.240597730665613
12.265459041078167
12.286215877951927
12.301312150203202
12.360865258781434
12.412600440073147
12.443382998911629
12.452545413930496
12.492569039530645
12.54626612714433
12.560529714029899
12.595881396990164
12.632328025950734
12.685145079824204
12.688881400945847
12.725782857764685
12.749859346111359
12.791521481339556
12.81673473574779
12.856815646608808
12.910989343364598
12.932586471101722
12.942835174230915
12.972601059423104
13.00180622758666
13.062091049451716
13.0710082008992
13.119115827275937
13.127013314195283
13.16464137929947
13.175959389571062
13.208215536249911
13.229797164354277
13.255929963143476
13.289464942470804
13.325030051804461
13.330610305661729
13.363920624517547
13.389378223497678
13.411026285353357
13.427141643232186
13.453561659157788
13.464695453546655
13.509651818160801
13.530527088445666
13.544430295653799
13.582953587488557
13.62916344805365
13.651814322597625
13.675435774410548
13.718203444937817
13.73545340017688
13.773619667412865
13.799911675514315
13.814785782022708
13.842379178750464
13.869355171304862
13.899638440714327
13.924656170555629
13.94424281810872
13.961115902093296
13.977369491767858
14.00042668203758
14.043847663193148
14.05839896762896
14.076166516099438
14.10878691845766
14.146869385043422
14.1590564929956
14.194064285810521
14.251269487650571
14.283064874528467
14.30457109126556
14.35052047626279
14.363851511349257
14.390651058518785
14.4000057369288
14.422883696671866
14.462744101511667
14.502496047345616
14.513394502427811
14.544663337251965
14.559675294069812
14.580996398788196
14.628455450472794
14.673532222305703
14.68940100262786
14.756143337526005
14.758909724413883
14.802860387119178
14.849361123778575
14.866257465759407
14.878582805664037
14.918004833296017
14.941195434769094
14.971927682946033
15.003586748462032
15.03061100236633
15.059792799477066
15.084568621646444
15.119807769939305
15.162718911017695
15.202821111501729
15.21359556145826
15.249086625346614
15.295984331303519
15.31086832813319
15.367256040258082
15.390947453119013
15.408793430585428
15.433283899517894
15.470803675678725
15.522325173657402
15.553967047141514
15.605039519618328
15.626622582653253
15.67751211056067
15.728028900606635
15.735592506631757
15.786409138057941
15.804677973595059
15.830379026879452
15.839153018370242
15.877746965834232
15.89580570944534
15.919289228674293
15.945038090744822
16.01290394970431
16.041290573614205
16.062696615839155
16.10792506902817
16.11409915632657
16.1783515930205
16.224047085764344
16.23893467049324
16.27170469965205
16.295753669870177
16.33772536537687
16.38903694144135
16.41332961358409
16.43684101081604
16.48806685866395
16.511281465838405
16.53095678600019
16.604078640577843
16.655615732316612
16.692329223164354
16.748756742526982
16.771432561205412
16.793526873292137
16.82564339845265
16.85496961597105
16.88506122158974
16.904728340084525
16.928359635449084
16.972355077733734
17.00195994656795
17.056068006494186
17.07359022930615
17.085952742132108
17.14263171522195
17.182717250664393
17.201657442050763
17.242196097202328
17.28640870122007
17.326845017056375
17.355482651935922
17.406828794566426
17.424256620239554
17.464025173882334
17.508876404651016
17.527034799148336
17.574911866461928
17.630969230899655
17.656194148316928
17.687366857206527
17.702693767177937
17.732943829860737
17.78249824594608
17.78694836030985
17.85953844271335
17.893634319516657
17.899287669847038
17.98766712889851
18.004741920400615
18.058281812090286
18.065378094192397
18.113987098071245
18.18123878940164
18.22414619922347
18.28013148520182
18.292105606412825
18.35176356737687
18.40909700392607
18.438775069345393
18.45038714130942
18.483889917557487
18.55800980186134
18.585442952236654
18.639845525481125
18.657516292915655
18.675902500880014
18.690268588848955
18.790957560012775
18.875722452161003
18.922616292431922
18.95620296035407
18.96207835170809
19.01514099805651
19.102145380889798
19.16606271882149
19.182103790406316
19.276523290188045
19.308722280644083
19.34982424445679
19.378224379345014
19.422617479977134
19.48118165542619
19.485968220502734
19.60351784558379
19.617499649523
19.64856619316739
19.760227751909806
19.783913085808944
19.814546314394146
19.883783670758817
19.928427308477414
20.018531002027736
20.049322345959855
20.163860374419723
20.228784804913623
20.243774789589267
20.25183984204023
20.298644871377995
20.40656860713293
20.43640964059772
20.469068123873296
20.545565031627685
20.608197126083585
20.675484572309117
20.708718532566497
20.849507676028956
20.898644673766313
21.05874240774739
21.15388514972416
21.260958455041056
21.308713281358564
21.39311409832351
21.423479209526402
21.546312042133927
21.59165220448457
21.609927051291372
21.778851786343434
21.981105968985123
22.260279130862703
22.366665129482335
22.49734622967392
22.56198406969005
22.963920654815965
23.254993990165744
23.455751313388046
24.002649622764526
24.04165073552877
24.0834655176835
24.192072832905005
25.299926526721855
27.280710308483037
0.5265470187357508
0.6694300093572951
0.7074182011916188
0.7803159285898708
0.7928236634645234
0.8664625745336413
0.9337614315122178
0.972261851472674
1.0674426212787804
3.6556941887551444
4.298068149012119
4.313661881471577
4.556310090329929
4.910221438165044
5.109775723564938
5.166148145890672
5.2449781537223545
5.335832599261067
5.3580600479469265
5.682665862329691
5.733239529781727
5.754523527821576
5.776455982690249
5.78475225116455
5.8505310384899385
5.944348342635551
5.979124769032062
6.0094014572096555
6.049140035754391
6.079235206931973
6.13532873340629
6.1753673964357825
6.230539444937059
6.27216806051653
6.383488865241051
6.40687113577889
6.436504691224329
6.480087345045425
6.489245227798902
6.56145898255401
6.649578675938989
6.670786086863913
6.701308841032595
6.737171165983114
6.793494307538893
6.828569862388696
6.850810553435717
6.858588428413426
6.892270622710952
6.958743138539835
7.000427359044566
7.023027704574372
7.075973879844556
7.105128023951832
7.136389146713289
7.1655129425325175
7.237650773524755
7.269290641793067
7.283707300620203
7.330361104816755
7.340449592668512
7.366833253118617
7.384162266703547
7.394264316320973
7.434650984172567
7.442814262433868
7.471766815075831
7.534219251377759
7.5457503654254054
7.574442667213873
7.601958518779635
7.665843749862529
7.677279701247331
7.7025017898384025
7.730000207118033
7.762778049201902
7.786010205592132
7.850354725082788
7.884852937016136
7.932610463149079
7.98340274366984
8.03163959298635
8.072993986141476
8.098095371483103
8.118883107634442
8.131136287571422
8.157323262059476
8.211853221177243
8.24333431256127
8.267746684799631
8.295109277999769
8.343880696031064
8.38174683414533
8.40030798898716
8.430169143332717
8.456123235134667
8.478298781146476
8.512339330284789
8.537233669692943
8.561156292166984
8.568258906874279
8.579951856059283
8.593491596795339
8.597697702686471
8.634869287242292
8.696503574668903
8.696725106119185
8.778615823009284
8.79540463620816
8.834175355179644
8.857163784252322
8.886571499434115
8.893373068074618
8.910793285818443
8.938503997390157
8.96909192419502
8.99907589148633
9.019680545366928
9.034018421647364
9.097636411066452
9.119561256760791
9.161196593682442
9.193657484715747
9.204146512289169
9.21731477497609
9.274129923528468
9.283362849728945
9.314190361240922
9.33248863496377
9.341266267394074
9.367557458666196
9.403056878781058
9.424901477443338
9.456396203181113
9.476425734971967
9.553400547121765
9.59476433389535
9.64414857286096
9.667582819923334
9.713257173787662
9.736371293870155
9.787659624794289
9.81817117971488
9.851050518195239
9.867022878252953
9.900194251847132
9.927032007239811
9.945672388137227
9.953872746051637
9.998953529884353
10.032817599650153
10.0694692422661
10.094421289311413
10.129748322056212
10.158535624214585
10.166376666781176
10.209405007856695
10.237751800148628
10.267010586770365
10.298456137206154
10.32935669919918
10.352957032686854
10.413444541412053
10.448171268734043
10.46283631386667
10.486112090519997
10.49611176406013
10.511786464111701
10.531046528704978
10.567064700965368
10.588176879556542
10.607811982588675
10.6430553391837
10.67520051399443
10.702801615567996
10.733995232237277
10.74999867628612
10.753597232774686
10.79278358648471
10.817375756859667
10.838311500315438
10.860157806662974
10.884453447758894
10.894257057504573
10.945719808096495
10.96100557302385
10.984522723999634
11.051502147483719
11.082348797074136
11.096530282912719
11.15603047134407
11.164593432908338
11.175032746840879
11.205375309063134
11.23508239616417
11.274473067074833
11.283030707845915
11.29269689075012
11.308911396402477
11.311954764255997
11.373584568390982
11.390894207443056
11.405604441409302
11.425596571813193
11.46417146019283
11.482867315018314
11.524799659832587
11.542769557780792
11.579962353364229
11.607233991799665
11.656179933996954
11.68033469994157
11.697466794155462
11.72805652971691
11.753049527084316
11.796795296935857
11.84465357959471
11.854598340046925
11.862459312310463
11.90421128174836
11.91092990977824
11.93702857264019
11.995726501478488
12.039353764135328
12.047459241550715
12.068953625458118
12.089885847045368
12.107696653377467
12.141654194920767
12.159216821994109
12.207506589788487
12.23430252452746
12.240597730665613
12.265459041078167
12.286215877951927
12.301312150203202
12.360865258781434
12.412600440073147
12.443382998911629
12.452545413930496
12.492569039530645
12.54626612714433
12.560529714029899
12.595881396990164
12.632328025950734
12.685145079824204
12.688881400945847
12.725782857764685
12.749859346111359
12.791521481339556
12.81673473574779
12.856815646608808
12.910989343364598
12.932586471101722
12.942835174230915
12.972601059423104
13.00180622758666
13.062091049451716
13.0710082008992
13.119115827275937
13.127013314195283
13.16464137929947
13.175959389571062
13.208215536249911
13.229797164354277
13.255929963143476
13.289464942470804
13.325030051804461
13.330610305661729
13.363920624517547
13.389378223497678
13.411026285353357
13.427141643232186
13.453561659157788
13.464695453546655
13.509651818160801
13.530527088445666
13.544430295653799
13.582953587488557
13.62916344805365
13.651814322597625
13.675435774410548
13.718203444937817
13.73545340017688
13.773619667412865
13.799911675514315
13.814785782022708
13.842379178750464
13.869355171304862
13.899638440714327
13.924656170555629
13.94424281810872
13.961115902093296
13.977369491767858
14.00042668203758
14.043847663193148
14.05839896762896
14.076166516099438
14.10878691845766
14.146869385043422
14.1590564929956
14.194064285810521
14.251269487650571
14.283064874528467
14.30457109126556
14.35052047626279
14.363851511349257
14.390651058518785
14.4000057369288
14.422883696671866
14.462744101511667
14.502496047345616
14.513394502427811
14.544663337251965
14.559675294069812
14.580996398788196
14.628455450472794
14.673532222305703
14.68940100262786
14.756143337526005
14.758909724413883
14.802860387119178
14.849361123778575
14.866257465759407
14.878582805664037
14.918004833296017
14.941195434769094
14.971927682946033
15.003586748462032
15.03061100236633
15.059792799477066
15.084568621646444
15.119807769939305
15.162718911017695
15.202821111501729
15.21359556145826
15.249086625346614
15.295984331303519
15.31086832813319
15.367256040258082
15.390947453119013
15.408793430585428
15.433283899517894
15.470803675678725
15.522325173657402
15.553967047141514
15.605039519618328
15.626622582653253
15.67751211056067
15.728028900606635
15.735592506631757
15.786409138057941
15.804677973595059
15.830379026879452
15.839153018370242
15.877746965834232
15.89580570944534
15.919289228674293
15.945038090744822
16.01290394970431
16.041290573614205
16.062696615839155
16.10792506902817
16.11409915632657
16.1783515930205
16.224047085764344
16.23893467049324
16.27170469965205
16.295753669870177
16.33772536537687
16.38903694144135
16.41332961358409
16.43684101081604
16.48806685866395
16.511281465838405
16.53095678600019
16.604078640577843
16.655615732316612
16.692329223164354
16.748756742526982
16.771432561205412
16.793526873292137
16.82564339845265
16.85496961597105
16.88506122158974
16.904728340084525
16.928359635449084
16.972355077733734
17.00195994656795
17.056068006494186
17.07359022930615
17.085952742132108
17.14263171522195
17.182717250664393
17.201657442050763
17.242196097202328
17.28640870122007
17.326845017056375
17.355482651935922
17.406828794566426
17.424256620239554
17.464025173882334
17.508876404651016
17.527034799148336
17.574911866461928
17.630969230899655
17.656194148316928
17.687366857206527
17.702693767177937
17.732943829860737
17.78249824594608
17.78694836030985
17.85953844271335
17.893634319516657
17.899287669847038
17.98766712889851
18.004741920400615
18.058281812090286
18.065378094192397
18.113987098071245
18.18123878940164
18.22414619922347
18.28013148520182
18.292105606412825
18.35176356737687
18.40909700392607
18.438775069345393
18.45038714130942
18.483889917557487
18.55800980186134
18.585442952236654
18.639845525481125
18.657516292915655
18.675902500880014
18.690268588848955
18.790957560012775
18.875722452161003
18.922616292431922
18.95620296035407
18.96207835170809
19.01514099805651
19.102145380889798
19.16606271882149
19.182103790406316
19.276523290188045
19.308722280644083
19.34982424445679
19.378224379345014
19.422617479977134
19.48118165542619
19.485968220502734
19.60351784558379
19.617499649523
19.64856619316739
19.760227751909806
19.783913085808944
19.814546314394146
19.883783670758817
19.928427308477414
20.018531002027736
20.049322345959855
20.163860374419723
20.228784804913623
20.243774789589267
20.25183984204023
20.298644871377995
20.40656860713293
20.43640964059772
20.469068123873296
20.545565031627685
20.608197126083585
20.675484572309117
20.708718532566497
20.849507676028956
20.898644673766313
21.05874240774739
21.15388514972416
21.260958455041056
21.308713281358564
21.39311409832351
21.423479209526402
21.546312042133927
21.59165220448457
21.609927051291372
21.778851786343434
21.981105968985123
22.260279130862703
22.366665129482335
22.49734622967392
22.56198406969005
22.963920654815965
23.254993990165744
23.455751313388046
24.002649622764526
24.04165073552877
24.0834655176835
24.192072832905005
25.299926526721855
27.280710308483037
