0.7815651741937024
0.8517666489532434
0.891323953610967
0.9449005463738324
1.020468560416347
9.778409789242854
10.047775543118945
10.31100767639761
11.210372256886762
11.241942502273416
11.42898669934776
11.521284461174117
11.574593444999692
11.7067355629037
11.743790454881193
11.878069338805355
11.887215117840054
11.96569235918513
12.071838420950835
12.07899023072276
12.158782932925316
12.25826420654238
12.291962273634265
12.376179868553491
12.455803476458646
12.502819144179021
12.536869746372636
12.686249215033639
12.77583582242181
12.809516118478257
12.861259003565612
12.984782160218806
13.026175772930879
13.100395312753983
13.188785724523019
13.225200655857416
13.316527618686623
13.334481851577646
13.379780556891346
13.397644161024338
13.52253083026581
13.532967282724655
13.589303703348426
13.642833398153883
13.679397495980336
13.750101515486886
13.811003481263263
13.849202532171727
13.977278297165263
14.017895862350201
14.064804087373785
14.110770528483195
14.176597339965767
14.222282085393765
14.317514222117254
14.355859658411672
14.370569530711366
14.424718820864856
14.429687812316098
14.485625638858599
14.511276899475458
14.53231274238929
14.572459036189578
14.60364581475434
14.65542509257151
14.671977706720469
14.705989694417077
14.74592527076471
14.816147185791124
14.854236677020722
14.925567999934438
14.981007746008219
15.033471519722795
15.082864167252882
15.145949307966935
15.179839107994187
15.221978281491962
15.238644605642955
15.25791743893539
15.306749888083381
15.346973378507403
15.380085341155302
15.456763468360359
15.492597325663109
15.514162967082497
15.562988025594974
15.642063823148039
15.706205309595834
15.807238755009804
15.864479058678237
15.886099786789957
15.93262329266229
15.970634512794522
15.995782371998063
16.02562269732602
16.05506255276983
16.10463259086959
16.165105172002534
16.20806269179622
16.264752311561924
16.276700177249538
16.359983638016132
16.366540873517916
16.380205573333885
16.47402061907894
16.51015756460566
16.534618836852893
16.57871874252911
16.62830880651407
16.651333160159027
16.682801313952876
16.697621995385763
16.75660371259267
16.77094148709082
16.82893780008171
16.869617616331688
16.913629698933768
16.919294334348972
16.964805522462633
16.984936035165326
17.02026794614493
17.067417914294552
17.082285247886208
17.106376361224648
17.138127018498736
17.167662971780892
17.191206046705062
17.22528304710616
17.267435519991917
17.314045952242154
17.3716796341788
17.394643895489
17.431179821074625
17.443195257373375
17.47883297051227
17.529434472062942
17.5437938201434
17.60063953782644
17.644352376790888
17.650429273688047
17.67543036688167
17.69586479271621
17.720689741783847
17.799449913648736
17.83232976316558
17.886287724095823
17.893447140826176
17.927596164856777
18.00240454557637
18.007128636007714
18.06851257184616
18.073716849593364
18.16358053171847
18.16798829208355
18.20613947025778
18.29046467756961
18.318152200523986
18.336395973699823
18.357478608724428
18.364132931315336
18.41056572439247
18.437672486931092
18.516558570311076
18.54798835629423
18.584126869875263
18.59425437335291
18.61827647167669
18.644702682110008
18.662056426549803
18.6975976551623
18.781061838001254
18.808648651677856
18.852739218725013
18.875686314519477
18.879828165036947
18.940898307062064
18.968071282767824
18.989095855090973
19.051308997684682
19.069580586056023
19.137661973591463
19.147885512751614
19.15914845271725
19.21745896969495
19.270866339272775
19.292077310068823
19.304717695177683
19.369829197603867
19.390960297162675
19.41192554825217
19.468883890665964
19.49332414289744
19.54341115137254
19.574495321125987
19.624867377397102
19.658412490685347
19.67404409789122
19.67865163094486
19.69733839385263
19.725789728315824
19.760729851823253
19.809025343551358
19.839503585388815
19.866598265996807
19.903627216866344
19.963393855841396
19.974848933397272
20.045502316085656
20.047591870951702
20.07082926154426
20.12355020657278
20.150962446510473
20.16720647799412
20.21897353190834
20.294398413255035
20.303319211617435
20.308120282184362
20.324881192701465
20.354666845776162
20.400645967881623
20.435748511579337
20.45433932177964
20.500646476967024
20.54142642988023
20.58694749890765
20.592058928688285
20.65085731249449
20.679298668186153
20.708092081350408
20.719330441627115
20.772690114875854
20.79753689909225
20.850125857777513
20.89199749651497
20.908098271606363
20.949919764594473
20.99146472480719
21.029920972465675
21.051119073365662
21.072055320728637
21.10367540821365
21.13051950431348
21.15563145223547
21.23992370604832
21.24973046894682
21.29142473410143
21.321719357892828
21.371809185809273
21.408095330192804
21.44200137120153
21.452514693011324
21.49512740060247
21.53065410074786
21.579775445052636
21.60339114476677
21.63226402266751
21.678767731486232
21.69994142771507
21.732836999193786
21.761703882839303
21.783506206620594
21.81288884832383
21.863443230834132
21.865255926734275
21.915753887201802
21.936838272769993
21.999360035118777
22.030728065155838
22.073498519209725
22.099928348255073
22.14111140846031
22.151419506609002
22.15956882849665
22.180644267190846
22.200806539882073
22.27346044663535
22.314026180300797
22.341867533457332
22.374601864769847
22.451915620568318
22.502205084662254
22.541294376772395
22.56187527370717
22.605877851924593
22.62273151968441
22.669255157655464
22.729581295332572
22.74025916798624
22.760125656412132
22.783459278852497
22.859977705993497
22.87631363652518
22.899018892158637
22.915945062924386
22.929875672071162
23.02336755006325
23.040979493504807
23.065160109527202
23.119065073606674
23.133941307548536
23.187916898072885
23.21863254819659
23.276011986924463
23.30595183942927
23.335607667838417
23.356822762618553
23.398477410531534
23.436064831147803
23.46330278953508
23.48317328912184
23.538731819391746
23.567052424102158
23.62049457129704
23.643050515661457
23.68734311745973
23.719675648979884
23.74112555370258
23.7951247329724
23.827839042737917
23.844524363783975
23.867626622993214
23.932826355536502
23.954788626230357
23.97401088317937
24.028245141099966
24.064224989118983
24.08086755203571
24.095994896709133
24.146356324549725
24.20524845388694
24.237367789730715
24.280115194130445
24.325746267559587
24.365853103987583
24.378467000854982
24.478443174412746
24.490578162577496
24.532459573487458
24.581630117404085
24.598333908747673
24.633963511382422
24.652459344104226
24.689429980555797
24.725894019260934
24.74403575670955
24.784184320153038
24.79144434066109
24.856033302805226
24.888522265917246
24.927872304995653
24.965991347322007
25.01588067170362
25.057489489132553
25.07485719340624
25.11760084647741
25.12885421430095
25.202111495451643
25.223870899526588
25.27420425534352
25.348923142011802
25.379340223962465
25.437280211059125
25.492871076901565
25.53611335865614
25.600339928658762
25.639902891943738
25.64295408249583
25.686271380389616
25.715397780791697
25.752292606102692
25.77670878677548
25.79173942659021
25.800781384258322
25.90047011541513
25.96053225306811
25.989946685422705
26.06636922843026
26.08551669155244
26.14206736111787
26.193025767989266
26.23657870706728
26.25684628225967
26.319916075622064
26.358482411273968
26.4159267706927
26.42293556780867
26.471069065704853
26.533021904471095
26.559583245615812
26.600735453806532
26.621650672518612
26.68196683542815
26.722021510948977
26.760311458920256
26.797737939227893
26.85383507738939
26.8947209275986
26.915660356775717
26.96421258131385
27.008535402465373
27.049627533694178
27.076995480754977
27.100253964207656
27.21058666515533
27.29431521819535
27.349304215101903
27.354392562626344
27.389196429222938
27.423194959852633
27.469554584580926
27.49970402224731
27.539784358592193
27.626626138273288
27.643903211729505
27.671812009182684
27.737796859929656
27.772939040241937
27.825539771027202
27.84510937246649
27.930080324669245
27.95405057347561
28.001961859221044
28.08882954999916
28.14747645060053
28.184173459722448
28.217036873402776
28.26221169423661
28.284758957505492
28.345861505057556
28.421009146260776
28.472744784198337
28.49479133182222
28.546250685004885
28.618260913282423
28.64088485457948
28.677021650978304
28.689773814465585
28.802735416440186
28.886115307490755
28.921367245305863
28.958169572748133
29.0500675803852
29.123256097450234
29.129213794198026
29.186968335209997
29.24766620281225
29.375610067409564
29.418486544840743
29.480811652544286
29.54907695707919
29.57825460168733
29.60904350973848
29.69387385982405
29.73993190877914
29.80161837574904
29.850022826930076
29.91160940484535
30.03353733256042
30.106976659831982
30.15564737275394
30.205414340676814
30.335949677490333
30.371177452520236
30.408558613980357
30.59242420131909
30.696668491535316
30.82365234590095
30.857396901050492
30.880314963188496
30.955988536008565
31.07646570973951
31.14999234148753
31.264990165688296
31.391477896595894
31.509385778065266
31.71731490801851
31.801669970971496
31.840912017834317
31.946374791319048
32.04649138518222
32.105760375436155
32.194693380499885
32.26401635946879
32.29434167113031
32.5106703811184
32.63329487909234
32.80703105662986
32.95732609681543
33.133884008916866
33.40866075914415
33.62842072441882
33.66349911722864
33.686937441714534
33.95662483305523
34.189485648228505
34.33002005905277
34.46172201008499
34.81857117064374
36.376618679796955
0.7815651741937024
0.8517666489532434
0.891323953610967
0.9449005463738324
1.020468560416347
9.778409789242854
10.047775543118945
10.31100767639761
11.210372256886762
11.241942502273416
11.42898669934776
11.521284461174117
11.574593444999692
11.7067355629037
11.743790454881193
11.878069338805355
11.887215117840054
11.96569235918513
12.071838420950835
12.07899023072276
12.158782932925316
12.25826420654238
12.291962273634265
12.376179868553491
12.455803476458646
12.502819144179021
12.536869746372636
12.686249215033639
12.77583582242181
12.809516118478257
12.861259003565612
12.984782160218806
13.026175772930879
13.100395312753983
13.188785724523019
13.225200655857416
13.316527618686623
13.334481851577646
13.379780556891346
13.397644161024338
13.52253083026581
13.532967282724655
13.589303703348426
13.642833398153883
13.679397495980336
13.750101515486886
13.811003481263263
13.849202532171727
13.977278297165263
14.017895862350201
14.064804087373785
14.110770528483195
14.176597339965767
14.222282085393765
14.317514222117254
14.355859658411672
14.370569530711366
14.424718820864856
14.429687812316098
14.485625638858599
14.511276899475458
14.53231274238929
14.572459036189578
14.60364581475434
14.65542509257151
14.671977706720469
14.705989694417077
14.74592527076471
14.816147185791124
14.854236677020722
14.925567999934438
14.981007746008219
15.033471519722795
15.082864167252882
15.145949307966935
15.179839107994187
15.221978281491962
15.238644605642955
15.25791743893539
15.306749888083381
15.346973378507403
15.380085341155302
15.456763468360359
15.492597325663109
15.514162967082497
15.562988025594974
15.642063823148039
15.706205309595834
15.807238755009804
15.864479058678237
15.886099786789957
15.93262329266229
15.970634512794522
15.995782371998063
16.02562269732602
16.05506255276983
16.10463259086959
16.165105172002534
16.20806269179622
16.264752311561924
16.276700177249538
16.359983638016132
16.366540873517916
16.380205573333885
16.47402061907894
16.51015756460566
16.534618836852893
16.57871874252911
16.62830880651407
16.651333160159027
16.682801313952876
16.697621995385763
16.75660371259267
16.77094148709082
16.82893780008171
16.869617616331688
16.913629698933768
16.919294334348972
16.964805522462633
16.984936035165326
17.02026794614493
17.067417914294552
17.082285247886208
17.106376361224648
17.138127018498736
17.167662971780892
17.191206046705062
17.22528304710616
17.267435519991917
17.314045952242154
17.3716796341788
17.394643895489
17.431179821074625
17.443195257373375
17.47883297051227
17.529434472062942
17.5437938201434
17.60063953782644
17.644352376790888
17.650429273688047
17.67543036688167
17.69586479271621
17.720689741783847
17.799449913648736
17.83232976316558
17.886287724095823
17.893447140826176
17.927596164856777
18.00240454557637
18.007128636007714
18.06851257184616
18.073716849593364
18.16358053171847
18.16798829208355
18.20613947025778
18.29046467756961
18.318152200523986
18.336395973699823
18.357478608724428
18.364132931315336
18.41056572439247
18.437672486931092
18.516558570311076
18.54798835629423
18.584126869875263
18.59425437335291
18.61827647167669
18.644702682110008
18.662056426549803
18.6975976551623
18.781061838001254
18.808648651677856
18.852739218725013
18.875686314519477
18.879828165036947
18.940898307062064
18.968071282767824
18.989095855090973
19.051308997684682
19.069580586056023
19.137661973591463
19.147885512751614
19.15914845271725
19.21745896969495
19.270866339272775
19.292077310068823
19.304717695177683
19.369829197603867
19.390960297162675
19.41192554825217
19.468883890665964
19.49332414289744
19.54341115137254
19.574495321125987
19.624867377397102
19.658412490685347
19.67404409789122
19.67865163094486
19.69733839385263
19.725789728315824
19.760729851823253
19.809025343551358
19.839503585388815
19.866598265996807
19.903627216866344
19.963393855841396
19.974848933397272
20.045502316085656
20.047591870951702
20.07082926154426
20.12355020657278
20.150962446510473
20.16720647799412
20.21897353190834
20.294398413255035
20.303319211617435
20.308120282184362
20.324881192701465
20.354666845776162
20.400645967881623
20.435748511579337
20.45433932177964
20.500646476967024
20.54142642988023
20.58694749890765
20.592058928688285
20.65085731249449
20.679298668186153
20.708092081350408
20.719330441627115
20.772690114875854
20.79753689909225
20.850125857777513
20.89199749651497
20.908098271606363
20.949919764594473
20.99146472480719
21.029920972465675
21.051119073365662
21.072055320728637
21.10367540821365
21.13051950431348
21.15563145223547
21.23992370604832
21.24973046894682
21.29142473410143
21.321719357892828
21.371809185809273
21.408095330192804
21.44200137120153
21.452514693011324
21.49512740060247
21.53065410074786
21.579775445052636
21.60339114476677
21.63226402266751
21.678767731486232
21.69994142771507
21.732836999193786
21.761703882839303
21.783506206620594
21.81288884832383
21.863443230834132
21.865255926734275
21.915753887201802
21.936838272769993
21.999360035118777
22.030728065155838
22.073498519209725
22.099928348255073
22.14111140846031
22.151419506609002
22.15956882849665
22.180644267190846
22.200806539882073
22.27346044663535
22.314026180300797
22.341867533457332
22.374601864769847
22.451915620568318
22.502205084662254
22.541294376772395
22.56187527370717
22.605877851924593
22.62273151968441
22.669255157655464
22.729581295332572
22.74025916798624
22.760125656412132
22.783459278852497
22.859977705993497
22.87631363652518
22.899018892158637
22.915945062924386
22.929875672071162
23.02336755006325
23.040979493504807
23.065160109527202
23.119065073606674
23.133941307548536
23.187916898072885
23.21863254819659
23.276011986924463
23.30595183942927
23.335607667838417
23.356822762618553
23.398477410531534
23.436064831147803
23.46330278953508
23.48317328912184
23.538731819391746
23.567052424102158
23.62049457129704
23.643050515661457
23.68734311745973
23.719675648979884
23.74112555370258
23.7951247329724
23.827839042737917
23.844524363783975
23.867626622993214
23.932826355536502
23.954788626230357
23.97401088317937
24.028245141099966
24.064224989118983
24.08086755203571
24.095994896709133
24.146356324549725
24.20524845388694
24.237367789730715
24.280115194130445
24.325746267559587
24.365853103987583
24.378467000854982
24.478443174412746
24.490578162577496
24.532459573487458
24.581630117404085
24.598333908747673
24.633963511382422
24.652459344104226
24.689429980555797
24.725894019260934
24.74403575670955
24.784184320153038
24.79144434066109
24.856033302805226
24.888522265917246
24.927872304995653
24.965991347322007
25.01588067170362
25.057489489132553
25.07485719340624
25.11760084647741
25.12885421430095
25.202111495451643
25.223870899526588
25.27420425534352
25.348923142011802
25.379340223962465
25.437280211059125
25.492871076901565
25.53611335865614
25.600339928658762
25.639902891943738
25.64295408249583
25.686271380389616
25.715397780791697
25.752292606102692
25.77670878677548
25.79173942659021
25.800781384258322
25.90047011541513
25.96053225306811
25.989946685422705
26.06636922843026
26.08551669155244
26.14206736111787
26.193025767989266
26.23657870706728
26.25684628225967
26.319916075622064
26.358482411273968
26.4159267706927
26.42293556780867
26.471069065704853
26.533021904471095
26.559583245615812
26.600735453806532
26.621650672518612
26.68196683542815
26.722021510948977
26.760311458920256
26.797737939227893
26.85383507738939
26.8947209275986
26.915660356775717
26.96421258131385
27.008535402465373
27.049627533694178
27.076995480754977
27.100253964207656
27.21058666515533
27.29431521819535
27.349304215101903
27.354392562626344
27.389196429222938
27.423194959852633
27.469554584580926
27.49970402224731
27.539784358592193
27.626626138273288
27.643903211729505
27.671812009182684
27.737796859929656
27.772939040241937
27.825539771027202
27.84510937246649
27.930080324669245
27.95405057347561
28.001961859221044
28.08882954999916
28.14747645060053
28.184173459722448
28.217036873402776
28.26221169423661
28.284758957505492
28.345861505057556
28.421009146260776
28.472744784198337
28.49479133182222
28.546250685004885
28.618260913282423
28.64088485457948
28.677021650978304
28.689773814465585
28.802735416440186
28.886115307490755
28.921367245305863
28.958169572748133
29.0500675803852
29.123256097450234
29.129213794198026
29.186968335209997
29.24766620281225
29.375610067409564
29.418486544840743
29.480811652544286
29.54907695707919
29.57825460168733
29.60904350973848
29.69387385982405
29.73993190877914
29.80161837574904
29.850022826930076
29.91160940484535
30.03353733256042
30.106976659831982
30.15564737275394
30.205414340676814
30.335949677490333
30.371177452520236
30.408558613980357
30.59242420131909
30.696668491535316
30.82365234590095
30.857396901050492
30.880314963188496
30.955988536008565
31.07646570973951
31.14999234148753
31.264990165688296
31.391477896595894
31.509385778065266
31.71731490801851
31.801669970971496
31.840912017834317
31.946374791319048
32.04649138518222
32.105760375436155
32.194693380499885
32.26401635946879
32.29434167113031
32.5106703811184
32.63329487909234
32.80703105662986
32.95732609681543
33.133884008916866
33.40866075914415
33.62842072441882
33.66349911722864
33.686937441714534
33.95662483305523
34.189485648228505
34.33002005905277
34.46172201008499
34.81857117064374
36.376618679796955
