0.7573150605904161
0.8710384028745011
0.9572170995657987
1.0042642994939428
1.1069487354244545
10.704518608465976
10.823362236725147
11.042428042871249
11.168664645008679
11.324565104612333
11.417435776973658
11.43716862585132
11.52936822018203
11.654273646705974
11.702547724516903
11.858104584442666
12.007520118400976
12.03649881943969
12.105939575103276
12.182362989991201
12.265605271471523
12.300641006158147
12.353157098975043
12.37919052595957
12.429068883372073
12.481611696204864
12.517257585146101
12.689248059927982
12.760035976211974
12.806059437450562
12.864377875987715
12.945476315701763
13.030198344409106
13.093692704444722
13.150952970378563
13.182213131978248
13.285786124365409
13.377603697072932
13.428070432661286
13.47576125534374
13.506635371729052
13.554200759268072
13.626316521067693
13.655806613170645
13.674095408160541
13.7476551838438
13.757405258869115
13.855966115308336
13.916074880841654
13.930753954938028
13.980206738373056
14.009126401822982
14.01121328200951
14.198063015506806
14.208609638695318
14.269145717678226
14.293508467269447
14.357152808656394
14.362722522610705
14.40578187695008
14.427759161770645
14.54941203920785
14.576291905027308
14.581305751300507
14.641408348540917
14.6683108790455
14.695150522051657
14.731307646874193
14.781075637639791
14.809739454356254
14.876452141114308
14.902204735248258
14.93238945894533
14.970704792787526
15.051146139180178
15.09965224282682
15.103650668551152
15.145325129475049
15.200740728100774
15.2401114494159
15.2936240499321
15.310808111176437
15.369632487285736
15.405912243195687
15.425560915657803
15.455314419193186
15.47827830210808
15.512462342019473
15.548830517674308
15.56837322112235
15.612294296510603
15.647462718004393
15.73003475210873
15.746174461603601
15.774497358316484
15.855891359928393
15.87439947922701
15.932944188536805
15.947705615895915
16.009552860347384
16.050026901253517
16.118451934022655
16.154808781310567
16.180549082121203
16.213941614626947
16.25924725930444
16.27229838483613
16.295971686332166
16.347290742899112
16.370994017137114
16.399531689477456
16.431384964706172
16.49664034374932
16.551129439093806
16.61476947465467
16.651966741492814
16.673522533144457
16.717163948206657
16.782711023929178
16.79128342721714
16.83809709486287
16.860263728015898
16.93886436212143
16.9681379759988
17.00355791422424
17.026927260221445
17.079199151435283
17.171545696755363
17.18023034642832
17.210382712149556
17.280864166671645
17.33110425091905
17.380967686919092
17.388110731435603
17.402752397030984
17.4567068307721
17.516141416279883
17.54404904172422
17.59806994351896
17.628209922903537
17.640185440165883
17.689968778724857
17.745406063261065
17.781209164071182
17.81171898425823
17.827966226899164
17.85446167678401
17.9050277016238
17.944488959828508
17.97507551383946
18.016199857626745
18.044899487278943
18.12102729164466
18.141393022688973
18.192750588562372
18.203221928986125
18.245663088429538
18.30711973820934
18.31998895443799
18.358720895755173
18.394089706230446
18.413784623852585
18.448074610043328
18.467255294629563
18.49177807401704
18.512811316969174
18.55335596315965
18.602146070721986
18.621560341743017
18.65357397780402
18.690345050261136
18.738381397529373
18.756362641056462
18.780728350019125
18.80575419141204
18.837154699302687
18.855474250116554
18.885871704499163
18.923776539539038
18.94186139228473
18.989705478752594
19.031279468180912
19.046638208635102
19.134644357496896
19.16037249287724
19.19383567838165
19.210498234090466
19.239242397331598
19.27005998522706
19.323302800319276
19.33789766608305
19.38445864634819
19.439724051900622
19.502527886390045
19.517702452295925
19.530149099308716
19.573806346226846
19.602394312519586
19.659460516264485
19.687276953297253
19.704233680953337
19.74573349468104
19.74862868600764
19.778979977320443
19.809107719631626
19.840859513432715
19.864644992638265
19.90945756326728
19.925548454551237
19.96008193208498
19.97552278761908
20.022026472180322
20.047222444209496
20.100457170825422
20.122381852892513
20.13780160103734
20.21314001018889
20.253788196959952
20.269128281509833
20.285540272604987
20.30759780829148
20.338320680004873
20.382048630303526
20.477158198214667
20.49737763078393
20.53281386791773
20.533561666998676
20.570051468446554
20.605466176479855
20.62044617998816
20.65431665802724
20.718156446192594
20.74495978055739
20.757509761439398
20.778327976242497
20.806415602518545
20.860387262245133
20.879142008042603
20.936433677183402
20.975954300948857
21.00961221555465
21.074568835018262
21.079251963892244
21.109448381072745
21.160530926872696
21.198822753849026
21.23838527138917
21.276363374055656
21.31874038000002
21.327487792138637
21.374987929410583
21.393806444620918
21.436498094086645
21.451594919758286
21.496226233374635
21.50446389640683
21.593115239227746
21.615089869706658
21.65448044402044
21.65800136750314
21.738215518282413
21.76035557232781
21.80479355490927
21.82376874815227
21.853506158493616
21.89393065917963
21.910077295943264
21.960096421983994
21.981092628566767
22.00798252519604
22.068299971981034
22.095975612468745
22.11490619258408
22.130979868032437
22.21314813609959
22.24611457752265
22.275598313604945
22.29535302566448
22.348933245976752
22.371315146811494
22.422078761664086
22.448425041680807
22.500745529360863
22.53266980194506
22.548306573468164
22.585747135839778
22.64732401658547
22.6633389715066
22.70059157427095
22.739399884620283
22.76215730068781
22.804931417698143
22.816699217475872
22.851155188115055
22.87930600642146
22.90822938186906
22.942791554297592
22.997304902662336
23.055966910207875
23.101258656145607
23.128795698630018
23.152577263969956
23.22890743422361
23.233079066501745
23.28686653304877
23.290765610955916
23.333954157571206
23.382314515239383
23.413360132638815
23.455891534441186
23.48562041780601
23.523118587326724
23.56551714310608
23.60470362881386
23.648889795633227
23.658599477330966
23.71489498756781
23.795046173024467
23.82288149300297
23.8370982661282
23.880621274794265
23.93822432072377
23.949197298320357
24.00858841005602
24.018082540456057
24.070636957189965
24.111024001175274
24.13369732396157
24.155486012457953
24.24821321204922
24.256739301353765
24.290508998745295
24.31602504903422
24.3654789575265
24.414795251818493
24.44048134429468
24.510267930665492
24.539039693201236
24.556958419477045
24.584200479582044
24.63787027877346
24.68997846203483
24.71716783745618
24.73905812913711
24.816584465459968
24.82658150117804
24.852465586551837
24.900083260186822
24.92412467029227
24.98681726931725
25.007237479020247
25.042564178307565
25.062329167243224
25.0960307271072
25.119241803278996
25.196586923716854
25.208406985698748
25.243206713845286
25.273705015681426
25.294191751527535
25.313876812703374
25.36261203849039
25.38805753925151
25.431533838758472
25.462891564120547
25.555839131904836
25.56988165897702
25.606210235262783
25.647452211369615
25.703310371219423
25.720351748982516
25.73196135157764
25.818018502575008
25.84713436502162
25.880978855946196
25.90977254782431
25.95484563211031
26.05909370817798
26.094513266284938
26.13795554520431
26.20848002953378
26.236204080602146
26.290912386710374
26.3184120532026
26.322588158909234
26.38922397789949
26.420857335114302
26.443144299824905
26.46126574433401
26.56101651151838
26.63145964270067
26.65493084007666
26.676033749747894
26.698902213597556
26.76065892777883
26.83037116157537
26.88300619282914
26.91686688095029
26.94941514723733
27.055362968772425
27.078562981102923
27.11320084888021
27.169815113754385
27.234259668198508
27.27312586343103
27.357914925924387
27.388636490800238
27.454797843683956
27.522974884031086
27.542096198715278
27.554404972984816
27.63028048155965
27.655927647180715
27.698226459001578
27.747967362471552
27.80528271522312
27.820257266990726
27.90078636417815
27.94158691802788
27.976401226605002
28.02498382355479
28.08031277457482
28.13014627084079
28.154933117905802
28.22298969480493
28.258375264738532
28.355604762177254
28.408139985942228
28.478316993447052
28.541948845944074
28.54666780743085
28.656985692549036
28.702679114235398
28.73918839158716
28.82484823779427
28.857599184048556
28.949348688828024
29.072142164956446
29.122746203701308
29.173100605768497
29.19131681034544
29.221900028807575
29.294262519977377
29.307535254410542
29.35001271848486
29.413989765034614
29.42930725875264
29.487122816096367
29.54357964411629
29.56326947280114
29.621752752339876
29.693730073569547
29.7507981683225
29.822916441750944
29.89361053601292
29.98441571476957
29.99610311897648
30.040033903594917
30.109376150152144
30.19211869386278
30.25609949688936
30.272745996825126
30.305085373406314
30.402675603653613
30.47849986866245
30.61029506009684
30.6295905210426
30.653705041808724
30.719949425726625
30.76504375356789
30.861376822036892
30.93055038081735
31.054521938488644
31.096010463850085
31.22018692111175
31.248848362393588
31.27659438371909
31.365667118084886
31.503032585719293
31.577433503454372
31.74334105068051
31.754277335312484
31.79609985226078
31.825065298193483
31.903593096929374
31.956534190443076
32.07230680970499
32.104012998343535
32.28803878284177
32.30583533538891
32.4838385201821
32.553412108461494
32.752217806602786
33.12732179136699
33.27989457758552
33.782768009561345
34.18511534807531
34.28866705992407
35.313808372372975
0.7573150605904161
0.8710384028745011
0.9572170995657987
1.0042642994939428
1.1069487354244545
10.704518608465976
10.823362236725147
11.042428042871249
11.168664645008679
11.324565104612333
11.417435776973658
11.43716862585132
11.52936822018203
11.654273646705974
11.702547724516903
11.858104584442666
12.007520118400976
12.03649881943969
12.105939575103276
12.182362989991201
12.265605271471523
12.300641006158147
12.353157098975043
12.37919052595957
12.429068883372073
12.481611696204864
12.517257585146101
12.689248059927982
12.760035976211974
12.806059437450562
12.864377875987715
12.945476315701763
13.030198344409106
13.093692704444722
13.150952970378563
13.182213131978248
13.285786124365409
13.377603697072932
13.428070432661286
13.47576125534374
13.506635371729052
13.554200759268072
13.626316521067693
13.655806613170645
13.674095408160541
13.7476551838438
13.757405258869115
13.855966115308336
13.916074880841654
13.930753954938028
13.980206738373056
14.009126401822982
14.01121328200951
14.198063015506806
14.208609638695318
14.269145717678226
14.293508467269447
14.357152808656394
14.362722522610705
14.40578187695008
14.427759161770645
14.54941203920785
14.576291905027308
14.581305751300507
14.641408348540917
14.6683108790455
14.695150522051657
14.731307646874193
14.781075637639791
14.809739454356254
14.876452141114308
14.902204735248258
14.93238945894533
14.970704792787526
15.051146139180178
15.09965224282682
15.103650668551152
15.145325129475049
15.200740728100774
15.2401114494159
15.2936240499321
15.310808111176437
15.369632487285736
15.405912243195687
15.425560915657803
15.455314419193186
15.47827830210808
15.512462342019473
15.548830517674308
15.56837322112235
15.612294296510603
15.647462718004393
15.73003475210873
15.746174461603601
15.774497358316484
15.855891359928393
15.87439947922701
15.932944188536805
15.947705615895915
16.009552860347384
16.050026901253517
16.118451934022655
16.154808781310567
16.180549082121203
16.213941614626947
16.25924725930444
16.27229838483613
16.295971686332166
16.347290742899112
16.370994017137114
16.399531689477456
16.431384964706172
16.49664034374932
16.551129439093806
16.61476947465467
16.651966741492814
16.673522533144457
16.717163948206657
16.782711023929178
16.79128342721714
16.83809709486287
16.860263728015898
16.93886436212143
16.9681379759988
17.00355791422424
17.026927260221445
17.079199151435283
17.171545696755363
17.18023034642832
17.210382712149556
17.280864166671645
17.33110425091905
17.380967686919092
17.388110731435603
17.402752397030984
17.4567068307721
17.516141416279883
17.54404904172422
17.59806994351896
17.628209922903537
17.640185440165883
17.689968778724857
17.745406063261065
17.781209164071182
17.81171898425823
17.827966226899164
17.85446167678401
17.9050277016238
17.944488959828508
17.97507551383946
18.016199857626745
18.044899487278943
18.12102729164466
18.141393022688973
18.192750588562372
18.203221928986125
18.245663088429538
18.30711973820934
18.31998895443799
18.358720895755173
18.394089706230446
18.413784623852585
18.448074610043328
18.467255294629563
18.49177807401704
18.512811316969174
18.55335596315965
18.602146070721986
18.621560341743017
18.65357397780402
18.690345050261136
18.738381397529373
18.756362641056462
18.780728350019125
18.80575419141204
18.837154699302687
18.855474250116554
18.885871704499163
18.923776539539038
18.94186139228473
18.989705478752594
19.031279468180912
19.046638208635102
19.134644357496896
19.16037249287724
19.19383567838165
19.210498234090466
19.239242397331598
19.27005998522706
19.323302800319276
19.33789766608305
19.38445864634819
19.439724051900622
19.502527886390045
19.517702452295925
19.530149099308716
19.573806346226846
19.602394312519586
19.659460516264485
19.687276953297253
19.704233680953337
19.74573349468104
19.74862868600764
19.778979977320443
19.809107719631626
19.840859513432715
19.864644992638265
19.90945756326728
19.925548454551237
19.96008193208498
19.97552278761908
20.022026472180322
20.047222444209496
20.100457170825422
20.122381852892513
20.13780160103734
20.21314001018889
20.253788196959952
20.269128281509833
20.285540272604987
20.30759780829148
20.338320680004873
20.382048630303526
20.477158198214667
20.49737763078393
20.53281386791773
20.533561666998676
20.570051468446554
20.605466176479855
20.62044617998816
20.65431665802724
20.718156446192594
20.74495978055739
20.757509761439398
20.778327976242497
20.806415602518545
20.860387262245133
20.879142008042603
20.936433677183402
20.975954300948857
21.00961221555465
21.074568835018262
21.079251963892244
21.109448381072745
21.160530926872696
21.198822753849026
21.23838527138917
21.276363374055656
21.31874038000002
21.327487792138637
21.374987929410583
21.393806444620918
21.436498094086645
21.451594919758286
21.496226233374635
21.50446389640683
21.593115239227746
21.615089869706658
21.65448044402044
21.65800136750314
21.738215518282413
21.76035557232781
21.80479355490927
21.82376874815227
21.853506158493616
21.89393065917963
21.910077295943264
21.960096421983994
21.981092628566767
22.00798252519604
22.068299971981034
22.095975612468745
22.11490619258408
22.130979868032437
22.21314813609959
22.24611457752265
22.275598313604945
22.29535302566448
22.348933245976752
22.371315146811494
22.422078761664086
22.448425041680807
22.500745529360863
22.53266980194506
22.548306573468164
22.585747135839778
22.64732401658547
22.6633389715066
22.70059157427095
22.739399884620283
22.76215730068781
22.804931417698143
22.816699217475872
22.851155188115055
22.87930600642146
22.90822938186906
22.942791554297592
22.997304902662336
23.055966910207875
23.101258656145607
23.128795698630018
23.152577263969956
23.22890743422361
23.233079066501745
23.28686653304877
23.290765610955916
23.333954157571206
23.382314515239383
23.413360132638815
23.455891534441186
23.48562041780601
23.523118587326724
23.56551714310608
23.60470362881386
23.648889795633227
23.658599477330966
23.71489498756781
23.795046173024467
23.82288149300297
23.8370982661282
23.880621274794265
23.93822432072377
23.949197298320357
24.00858841005602
24.018082540456057
24.070636957189965
24.111024001175274
24.13369732396157
24.155486012457953
24.24821321204922
24.256739301353765
24.290508998745295
24.31602504903422
24.3654789575265
24.414795251818493
24.44048134429468
24.510267930665492
24.539039693201236
24.556958419477045
24.584200479582044
24.63787027877346
24.68997846203483
24.71716783745618
24.73905812913711
24.816584465459968
24.82658150117804
24.852465586551837
24.900083260186822
24.92412467029227
24.98681726931725
25.007237479020247
25.042564178307565
25.062329167243224
25.0960307271072
25.119241803278996
25.196586923716854
25.208406985698748
25.243206713845286
25.273705015681426
25.294191751527535
25.313876812703374
25.36261203849039
25.38805753925151
25.431533838758472
25.462891564120547
25.555839131904836
25.56988165897702
25.606210235262783
25.647452211369615
25.703310371219423
25.720351748982516
25.73196135157764
25.818018502575008
25.84713436502162
25.880978855946196
25.90977254782431
25.95484563211031
26.05909370817798
26.094513266284938
26.13795554520431
26.20848002953378
26.236204080602146
26.290912386710374
26.3184120532026
26.322588158909234
26.38922397789949
26.420857335114302
26.443144299824905
26.46126574433401
26.56101651151838
26.63145964270067
26.65493084007666
26.676033749747894
26.698902213597556
26.76065892777883
26.83037116157537
26.88300619282914
26.91686688095029
26.94941514723733
27.055362968772425
27.078562981102923
27.11320084888021
27.169815113754385
27.234259668198508
27.27312586343103
27.357914925924387
27.388636490800238
27.454797843683956
27.522974884031086
27.542096198715278
27.554404972984816
27.63028048155965
27.655927647180715
27.698226459001578
27.747967362471552
27.80528271522312
27.820257266990726
27.90078636417815
27.94158691802788
27.976401226605002
28.02498382355479
28.08031277457482
28.13014627084079
28.154933117905802
28.22298969480493
28.258375264738532
28.355604762177254
28.408139985942228
28.478316993447052
28.541948845944074
28.54666780743085
28.656985692549036
28.702679114235398
28.73918839158716
28.82484823779427
28.857599184048556
28.949348688828024
29.072142164956446
29.122746203701308
29.173100605768497
29.19131681034544
29.221900028807575
29.294262519977377
29.307535254410542
29.35001271848486
29.413989765034614
29.42930725875264
29.487122816096367
29.54357964411629
29.56326947280114
29.621752752339876
29.693730073569547
29.7507981683225
29.822916441750944
29.89361053601292
29.98441571476957
29.99610311897648
30.040033903594917
30.109376150152144
30.19211869386278
30.25609949688936
30.272745996825126
30.305085373406314
30.402675603653613
30.47849986866245
30.61029506009684
30.6295905210426
30.653705041808724
30.719949425726625
30.76504375356789
30.861376822036892
30.93055038081735
31.054521938488644
31.096010463850085
31.22018692111175
31.248848362393588
31.27659438371909
31.365667118084886
31.503032585719293
31.577433503454372
31.74334105068051
31.754277335312484
31.79609985226078
31.825065298193483
31.903593096929374
31.956534190443076
32.07230680970499
32.104012998343535
32.28803878284177
32.30583533538891
32.4838385201821
32.553412108461494
32.752217806602786
33.12732179136699
33.27989457758552
33.782768009561345
34.18511534807531
34.28866705992407
35.313808372372975
