0.7652756512259891
0.876351648481604
0.9207326886541114
1.0207209055385404
1.0584541781333097
8.320903126364222
9.755209208113444
10.617310298177316
10.951519991071379
11.003627267482733
11.304653929495686
11.351859904881104
11.513800999109765
11.575891835297606
11.65101618266691
11.799613910171248
11.907567283313169
11.9875315990125
12.03563722143479
12.110086238498223
12.230679917824462
12.313518152828916
12.425717127517764
12.526984100250182
12.53613125183959
12.69259947438764
12.874965669686214
12.969130143103763
13.027534436905151
13.059830160084704
13.134406978208546
13.179428730038456
13.271962612723748
13.291832767936947
13.334528753934878
13.446470563661773
13.48307811916526
13.507936684618304
13.625942066318395
13.67731037815157
13.73910095364117
13.82075804722039
13.908418503734415
13.929470273998529
13.958150589959674
13.97669491666269
14.021439541279115
14.069489832884779
14.083741325243167
14.134565624296064
14.138975813065192
14.201302397340132
14.27678143346819
14.332480347284323
14.371021118358172
14.43495819277121
14.476811857550338
14.52848746195531
14.579257132047507
14.62748472929668
14.683331409628044
14.70782618681297
14.73128950183331
14.781244499714111
14.79336379777583
14.860354169708943
14.937307861497583
14.989842194595262
15.012849260523177
15.058293878336398
15.101567618371318
15.136156149991912
15.180188191549352
15.189359285855192
15.258550098356519
15.285268324662397
15.328326689112071
15.34086274259306
15.389147630545187
15.442597128541344
15.47680232263159
15.50482448469624
15.525794810753931
15.575057962644758
15.594281288290059
15.632635255872108
15.656333698986076
15.681889222707989
15.740096254746438
15.753697706564605
15.811885827484536
15.858821017513165
15.901855735938714
15.942913208960471
15.955194710922024
16.021928297732526
16.038988336952087
16.07107577923368
16.106894121221742
16.131369829063985
16.192777555986208
16.246972327012045
16.26829691207358
16.311906945527323
16.359685980953167
16.378986312678713
16.38670418311853
16.43757532642064
16.483578918985536
16.52286548585692
16.54284542172311
16.583017994934956
16.598300521931776
16.63571670360617
16.674995591261293
16.70073549169271
16.765340990742757
16.784276806387638
16.824558174144187
16.843762223169886
16.907468450779366
16.986213410671674
17.010470555164133
17.052916918434928
17.073457386584305
17.16325830091812
17.180815668289817
17.20134456069621
17.26579960169376
17.293197321722804
17.324932803603186
17.338735850178388
17.381758558561252
17.430189055143977
17.474073910743382
17.493357731325336
17.51003553871132
17.569441495894534
17.62621904403946
17.657980275704652
17.68040740194763
17.75074321935571
17.78068328773674
17.80589665415368
17.849647907676545
17.86752272585027
17.907730479386867
17.961273813649093
18.016848629447313
18.06088282810575
18.08935883992468
18.13709172009821
18.17358702644181
18.20976415650728
18.217652354845995
18.270772752027018
18.306259295622883
18.330823406111605
18.370343356002458
18.417382103252883
18.43526673332457
18.450905223132406
18.46615978019964
18.505682276897836
18.53287602871048
18.569688091101845
18.583926201216354
18.61701154115129
18.669814868989004
18.69497914048904
18.729698885749723
18.759027512851322
18.78432396958458
18.811294892924973
18.82606521458056
18.86017091652252
18.894782817951675
18.91781178854756
18.955162291604434
18.984733727708587
19.009687253062836
19.03160130756511
19.082309181625078
19.10361629014111
19.152428463624275
19.18033602802853
19.232666484442568
19.265481337619594
19.291712424363745
19.33115423689275
19.35185229470488
19.412436541329477
19.44806034574588
19.487971157377842
19.528415856637682
19.560853926944393
19.64101150225667
19.654263785504554
19.682401071559894
19.71091419908385
19.735774314398085
19.79510333377351
19.81138087008083
19.824065998470267
19.880369595980603
19.900998281442607
19.924460884601785
19.98480264036406
20.02023357666763
20.042477584497572
20.071196648242953
20.080226906998323
20.127759241211933
20.181151897268098
20.215530788948378
20.22701327617801
20.27009664134813
20.3024258891703
20.35382005759303
20.376498760417768
20.425573848439825
20.429450478869686
20.49461100182275
20.5071692330128
20.541081812460764
20.557036543171407
20.580243485117116
20.66316122530399
20.690261408967043
20.7286090079469
20.809502347967
20.820725383083328
20.844050182800412
20.886154714609663
20.89365266064561
20.903806047405816
20.939996995909357
20.99314258528056
21.000638879800068
21.064681287594745
21.072862291717595
21.094645233204798
21.162025496323437
21.22133315940982
21.263036209419514
21.288776976859033
21.305199720630295
21.32919840793869
21.338656939881506
21.409097267821426
21.437168062195536
21.45718421745803
21.482955027011062
21.526895873292478
21.542143883278136
21.578578965379922
21.636887337974102
21.68549386672274
21.708224574696178
21.73713294443069
21.79082713219457
21.824779696550287
21.86404593645396
21.876164455318523
21.892991254190033
21.901691338899436
21.9464479681623
22.011777164024867
22.056324814501146
22.08093997609877
22.13368929787467
22.14312140633934
22.168444972881613
22.200308816319453
22.255356468931456
22.25944931262137
22.30434207548727
22.320779146472834
22.36217105383971
22.403358682347683
22.450019237332185
22.4799367413992
22.50130779179545
22.539209915681855
22.556454225158806
22.576388227043434
22.635768029985318
22.66409365767487
22.690770565682296
22.712280541911134
22.78170112960617
22.835856650246974
22.882212976368088
22.911330536261204
22.948505182741293
22.984195958247177
23.00376237451066
23.032363875620167
23.06043914182006
23.102394813812555
23.10915144811166
23.203375807324704
23.24349340967261
23.26714038599341
23.288222058577293
23.318945065537065
23.3771521657518
23.399098177082504
23.439953039641516
23.457105349534192
23.489086328572252
23.51691513357727
23.538004364585888
23.5782356574029
23.619217845059882
23.63840064025702
23.732051382737065
23.75564233121245
23.76737618519136
23.828250609550526
23.861962230553633
23.870286828277337
23.895199758521557
23.979207417716747
24.020761901339096
24.07622002942853
24.107362323136325
24.153101253105223
24.169419314431213
24.198677166481
24.234104997199143
24.27718813649362
24.310222307557858
24.322863039800854
24.377603168973273
24.434197255662134
24.448006677986427
24.488174973224325
24.53143279052104
24.62204641480265
24.641248177098948
24.68154268041241
24.71067944836231
24.740663428329352
24.805762772004798
24.862915816150768
24.864913624549434
24.90307926473178
24.973523382912198
25.00554734390598
25.02309420087586
25.065385508745436
25.107351311043683
25.11785404941786
25.168652638152423
25.218918458195287
25.271630838018456
25.3026988491396
25.35227834413001
25.371228366480267
25.45332127669373
25.479529313869307
25.50681537194176
25.517128167545128
25.569967647248127
25.58126850667684
25.65433127027465
25.68654936823779
25.722367570632716
25.76050667079619
25.787274559308152
25.846298772240008
25.902177756972367
25.902722423783274
25.989503873388983
26.00502084850871
26.046308988866297
26.07107062371223
26.12286011785225
26.156658050424728
26.227468222473497
26.26040813931837
26.270558808949254
26.305458425867382
26.337824066814413
26.431441687648505
26.46057832478118
26.51003877912858
26.61849536746872
26.673032967054755
26.70933430605603
26.71641880956244
26.81326234690512
26.82531344293436
26.85622565953302
26.884444002383656
26.901181064076468
26.95845377167747
26.969130663105297
27.021833153228826
27.070258429758173
27.121806315073638
27.16348258910578
27.171117606695088
27.235653903691702
27.29196796853878
27.306244447444275
27.34614564740693
27.382552073892047
27.41976455447806
27.463427320895878
27.538718433617486
27.565628481837553
27.59198843419741
27.63214289674066
27.66827679407029
27.747238855483328
27.79306719948009
27.821900372395387
27.84635429579874
27.876347168394354
27.904645023417626
27.942141802059094
27.980058139648406
28.037120372744255
28.095434656863624
28.162657809734217
28.20914443959063
28.258349049156823
28.307154744325743
28.34569607786652
28.38942471631585
28.41594925320205
28.48163840317256
28.52213027412075
28.577507508338357
28.680195314519647
28.694910737787076
28.781338835366316
28.902699930848872
28.939498661859
29.01010951277205
29.02633044685966
29.17280244031169
29.225061505305664
29.2712613126868
29.344004768226476
29.382941382230513
29.540899384211922
29.608111232509813
29.66677473114704
29.73368782251969
29.886001533435056
29.889188882488178
29.971748708917257
29.99992318134034
30.054754001992386
30.145603014039114
30.1939852852269
30.20738776839547
30.242749996012172
30.345303933359062
30.40062663003149
30.435198353057036
30.4867390684139
30.54262613030698
30.589199281281108
30.661713822366643
30.7476258573281
30.878720446165133
30.93497689749487
31.14609732031135
31.326479134514354
31.37802980910447
31.402012687512567
31.416371253668462
31.492137460477093
31.553280186643295
31.676372913151248
31.829770553922295
31.876240853363818
31.988496256860248
32.449496040658616
32.53429986134139
32.63864924181171
32.679873956216674
32.83942297592196
32.962244043474826
33.055925746834916
33.358905013875614
33.40277418446326
33.525783551720856
33.56451971882281
33.7538898945376
34.0117907738131
34.299607731964024
34.356890896057116
34.769917722809744
35.629038370431665
0.7652756512259891
0.876351648481604
0.9207326886541114
1.0207209055385404
1.0584541781333097
8.320903126364222
9.755209208113444
10.617310298177316
10.951519991071379
11.003627267482733
11.304653929495686
11.351859904881104
11.513800999109765
11.575891835297606
11.65101618266691
11.799613910171248
11.907567283313169
11.9875315990125
12.03563722143479
12.110086238498223
12.230679917824462
12.313518152828916
12.425717127517764
12.526984100250182
12.53613125183959
12.69259947438764
12.874965669686214
12.969130143103763
13.027534436905151
13.059830160084704
13.134406978208546
13.179428730038456
13.271962612723748
13.291832767936947
13.334528753934878
13.446470563661773
13.48307811916526
13.507936684618304
13.625942066318395
13.67731037815157
13.73910095364117
13.82075804722039
13.908418503734415
13.929470273998529
13.958150589959674
13.97669491666269
14.021439541279115
14.069489832884779
14.083741325243167
14.134565624296064
14.138975813065192
14.201302397340132
14.27678143346819
14.332480347284323
14.371021118358172
14.43495819277121
14.476811857550338
14.52848746195531
14.579257132047507
14.62748472929668
14.683331409628044
14.70782618681297
14.73128950183331
14.781244499714111
14.79336379777583
14.860354169708943
14.937307861497583
14.989842194595262
15.012849260523177
15.058293878336398
15.101567618371318
15.136156149991912
15.180188191549352
15.189359285855192
15.258550098356519
15.285268324662397
15.328326689112071
15.34086274259306
15.389147630545187
15.442597128541344
15.47680232263159
15.50482448469624
15.525794810753931
15.575057962644758
15.594281288290059
15.632635255872108
15.656333698986076
15.681889222707989
15.740096254746438
15.753697706564605
15.811885827484536
15.858821017513165
15.901855735938714
15.942913208960471
15.955194710922024
16.021928297732526
16.038988336952087
16.07107577923368
16.106894121221742
16.131369829063985
16.192777555986208
16.246972327012045
16.26829691207358
16.311906945527323
16.359685980953167
16.378986312678713
16.38670418311853
16.43757532642064
16.483578918985536
16.52286548585692
16.54284542172311
16.583017994934956
16.598300521931776
16.63571670360617
16.674995591261293
16.70073549169271
16.765340990742757
16.784276806387638
16.824558174144187
16.843762223169886
16.907468450779366
16.986213410671674
17.010470555164133
17.052916918434928
17.073457386584305
17.16325830091812
17.180815668289817
17.20134456069621
17.26579960169376
17.293197321722804
17.324932803603186
17.338735850178388
17.381758558561252
17.430189055143977
17.474073910743382
17.493357731325336
17.51003553871132
17.569441495894534
17.62621904403946
17.657980275704652
17.68040740194763
17.75074321935571
17.78068328773674
17.80589665415368
17.849647907676545
17.86752272585027
17.907730479386867
17.961273813649093
18.016848629447313
18.06088282810575
18.08935883992468
18.13709172009821
18.17358702644181
18.20976415650728
18.217652354845995
18.270772752027018
18.306259295622883
18.330823406111605
18.370343356002458
18.417382103252883
18.43526673332457
18.450905223132406
18.46615978019964
18.505682276897836
18.53287602871048
18.569688091101845
18.583926201216354
18.61701154115129
18.669814868989004
18.69497914048904
18.729698885749723
18.759027512851322
18.78432396958458
18.811294892924973
18.82606521458056
18.86017091652252
18.894782817951675
18.91781178854756
18.955162291604434
18.984733727708587
19.009687253062836
19.03160130756511
19.082309181625078
19.10361629014111
19.152428463624275
19.18033602802853
19.232666484442568
19.265481337619594
19.291712424363745
19.33115423689275
19.35185229470488
19.412436541329477
19.44806034574588
19.487971157377842
19.528415856637682
19.560853926944393
19.64101150225667
19.654263785504554
19.682401071559894
19.71091419908385
19.735774314398085
19.79510333377351
19.81138087008083
19.824065998470267
19.880369595980603
19.900998281442607
19.924460884601785
19.98480264036406
20.02023357666763
20.042477584497572
20.071196648242953
20.080226906998323
20.127759241211933
20.181151897268098
20.215530788948378
20.22701327617801
20.27009664134813
20.3024258891703
20.35382005759303
20.376498760417768
20.425573848439825
20.429450478869686
20.49461100182275
20.5071692330128
20.541081812460764
20.557036543171407
20.580243485117116
20.66316122530399
20.690261408967043
20.7286090079469
20.809502347967
20.820725383083328
20.844050182800412
20.886154714609663
20.89365266064561
20.903806047405816
20.939996995909357
20.99314258528056
21.000638879800068
21.064681287594745
21.072862291717595
21.094645233204798
21.162025496323437
21.22133315940982
21.263036209419514
21.288776976859033
21.305199720630295
21.32919840793869
21.338656939881506
21.409097267821426
21.437168062195536
21.45718421745803
21.482955027011062
21.526895873292478
21.542143883278136
21.578578965379922
21.636887337974102
21.68549386672274
21.708224574696178
21.73713294443069
21.79082713219457
21.824779696550287
21.86404593645396
21.876164455318523
21.892991254190033
21.901691338899436
21.9464479681623
22.011777164024867
22.056324814501146
22.08093997609877
22.13368929787467
22.14312140633934
22.168444972881613
22.200308816319453
22.255356468931456
22.25944931262137
22.30434207548727
22.320779146472834
22.36217105383971
22.403358682347683
22.450019237332185
22.4799367413992
22.50130779179545
22.539209915681855
22.556454225158806
22.576388227043434
22.635768029985318
22.66409365767487
22.690770565682296
22.712280541911134
22.78170112960617
22.835856650246974
22.882212976368088
22.911330536261204
22.948505182741293
22.984195958247177
23.00376237451066
23.032363875620167
23.06043914182006
23.102394813812555
23.10915144811166
23.203375807324704
23.24349340967261
23.26714038599341
23.288222058577293
23.318945065537065
23.3771521657518
23.399098177082504
23.439953039641516
23.457105349534192
23.489086328572252
23.51691513357727
23.538004364585888
23.5782356574029
23.619217845059882
23.63840064025702
23.732051382737065
23.75564233121245
23.76737618519136
23.828250609550526
23.861962230553633
23.870286828277337
23.895199758521557
23.979207417716747
24.020761901339096
24.07622002942853
24.107362323136325
24.153101253105223
24.169419314431213
24.198677166481
24.234104997199143
24.27718813649362
24.310222307557858
24.322863039800854
24.377603168973273
24.434197255662134
24.448006677986427
24.488174973224325
24.53143279052104
24.62204641480265
24.641248177098948
24.68154268041241
24.71067944836231
24.740663428329352
24.805762772004798
24.862915816150768
24.864913624549434
24.90307926473178
24.973523382912198
25.00554734390598
25.02309420087586
25.065385508745436
25.107351311043683
25.11785404941786
25.168652638152423
25.218918458195287
25.271630838018456
25.3026988491396
25.35227834413001
25.371228366480267
25.45332127669373
25.479529313869307
25.50681537194176
25.517128167545128
25.569967647248127
25.58126850667684
25.65433127027465
25.68654936823779
25.722367570632716
25.76050667079619
25.787274559308152
25.846298772240008
25.902177756972367
25.902722423783274
25.989503873388983
26.00502084850871
26.046308988866297
26.07107062371223
26.12286011785225
26.156658050424728
26.227468222473497
26.26040813931837
26.270558808949254
26.305458425867382
26.337824066814413
26.431441687648505
26.46057832478118
26.51003877912858
26.61849536746872
26.673032967054755
26.70933430605603
26.71641880956244
26.81326234690512
26.82531344293436
26.85622565953302
26.884444002383656
26.901181064076468
26.95845377167747
26.969130663105297
27.021833153228826
27.070258429758173
27.121806315073638
27.16348258910578
27.171117606695088
27.235653903691702
27.29196796853878
27.306244447444275
27.34614564740693
27.382552073892047
27.41976455447806
27.463427320895878
27.538718433617486
27.565628481837553
27.59198843419741
27.63214289674066
27.66827679407029
27.747238855483328
27.79306719948009
27.821900372395387
27.84635429579874
27.876347168394354
27.904645023417626
27.942141802059094
27.980058139648406
28.037120372744255
28.095434656863624
28.162657809734217
28.20914443959063
28.258349049156823
28.307154744325743
28.34569607786652
28.38942471631585
28.41594925320205
28.48163840317256
28.52213027412075
28.577507508338357
28.680195314519647
28.694910737787076
28.781338835366316
28.902699930848872
28.939498661859
29.01010951277205
29.02633044685966
29.17280244031169
29.225061505305664
29.2712613126868
29.344004768226476
29.382941382230513
29.540899384211922
29.608111232509813
29.66677473114704
29.73368782251969
29.886001533435056
29.889188882488178
29.971748708917257
29.99992318134034
30.054754001992386
30.145603014039114
30.1939852852269
30.20738776839547
30.242749996012172
30.345303933359062
30.40062663003149
30.435198353057036
30.4867390684139
30.54262613030698
30.589199281281108
30.661713822366643
30.7476258573281
30.878720446165133
30.93497689749487
31.14609732031135
31.326479134514354
31.37802980910447
31.402012687512567
31.416371253668462
31.492137460477093
31.553280186643295
31.676372913151248
31.829770553922295
31.876240853363818
31.988496256860248
32.449496040658616
32.53429986134139
32.63864924181171
32.679873956216674
32.83942297592196
32.962244043474826
33.055925746834916
33.358905013875614
33.40277418446326
33.525783551720856
33.56451971882281
33.7538898945376
34.0117907738131
34.299607731964024
34.356890896057116
34.769917722809744
35.629038370431665
