0.6236491935363464
0.6724644560259255
0.7025112769940133
0.7722658188052812
0.8671701058790651
0.9303888201878839
0.984765413531453
1.0081569607523466
1.114785534533392
3.6269834350069106
3.746528865500498
4.320978689877221
4.5589550076822345
5.118291640645973
5.216686461518189
5.333415699776648
5.375404763230293
5.380864114555868
5.492721582560312
5.608199367082904
5.712980146163472
5.8255421216319965
5.835590751360938
5.879576951779385
5.9231839646909314
6.047177145651725
6.145482414407378
6.167636578364426
6.248378049112789
6.25571154969296
6.302983452777628
6.315281376525378
6.36335164533608
6.473028842217203
6.534678936688308
6.565525276675557
6.6714972912439245
6.688921444381983
6.7053288510434355
6.746747704570578
6.774944768989829
6.831821674158253
6.8714950545716125
6.903198973967478
6.9220903699939385
6.9580035424057805
6.977330712469321
6.997926843150311
7.025516794678884
7.085112018151697
7.10800175443737
7.224775803559494
7.261922121050648
7.288722447882391
7.28948314874996
7.405248755207223
7.4346534788940914
7.509459433395212
7.569012700337847
7.616312870849317
7.6329378991855625
7.663359725584274
7.731297150512204
7.752759748549612
7.776797839893311
7.785577583869062
7.79904618999181
7.862484128695389
7.882672706898593
7.9224804194190614
7.954482211172193
7.991479179887656
8.005333547355244
8.037557186994045
8.05151501935867
8.070473563887827
8.162453399338217
8.193106055170697
8.220627556831717
8.29416282541758
8.318058012786816
8.324833169467656
8.370853954107254
8.389523947608609
8.409758976423474
8.439045841628875
8.469731336323964
8.511177061398532
8.569744453080387
8.606349142639464
8.612093894695619
8.636478905352405
8.673238248571208
8.696585182747642
8.742927138087254
8.781503549050363
8.787725475770532
8.82004629140339
8.870649539109769
8.907127665049362
8.925499603817215
8.946940481853447
8.98345954089918
9.010843537262744
9.018075901388988
9.052781052470177
9.071496993162272
9.085558692239216
9.093955198284448
9.14321984801675
9.177183066735186
9.188562673267406
9.231261605995515
9.26860928608179
9.305194468247713
9.311117217610262
9.318889565767591
9.362650947239056
9.401844120060803
9.445144512822468
9.477454743546991
9.481778595090617
9.505227443289257
9.558575916230508
9.596739633669449
9.619191921647216
9.674265705190216
9.697062767699656
9.72112650410006
9.756493881447339
9.786712795111082
9.810119719924893
9.843083058414257
9.856365199225687
9.863640195677652
9.88796521317202
9.91185604738882
9.950287893859175
9.985106260982551
9.998062473980221
10.037630070074165
10.05327863081405
10.071938847015542
10.129393059597463
10.165154596327236
10.179518723942962
10.204107691386787
10.231040192867042
10.27819660317082
10.288172868586553
10.350651611254369
10.366748789192055
10.391957180796995
10.409935328136878
10.451578694570886
10.49150199485155
10.511449542042772
10.54211515531108
10.569326763483483
10.581572467075757
10.60568434036866
10.647532466114699
10.668315573562925
10.69123165365485
10.717798891526243
10.755930100089104
10.784574802806066
10.8035178797393
10.842840438996811
10.849715085071365
10.882145017018189
10.90516277178211
10.95640314379314
10.971070289776664
10.988442814776658
11.041707537695626
11.064561603074965
11.075120015634091
11.089988879199142
11.118356544864453
11.175515116780154
11.207104861644131
11.230336238310759
11.256039960723026
11.27676798253404
11.28855328780915
11.300113742725472
11.334404284938381
11.352814917898726
11.362889614822647
11.378952615436424
11.404378825228328
11.431008446777646
11.456723600791452
11.478282746949581
11.493437442516985
11.52871645316983
11.550171116961664
11.582195147618105
11.611776132358921
11.62977721872759
11.65493355500921
11.70124118833094
11.71378717537629
11.726746874735374
11.752263430034985
11.758779339084994
11.782373024248685
11.802047307862916
11.821321226528193
11.843298483244604
11.874730806065525
11.892728283517968
11.912564763512547
11.936479480141726
11.980040924771869
12.022632691447557
12.029350103421432
12.050218498094674
12.111461947423814
12.11859277421711
12.150632527589556
12.169946126182646
12.17895233628993
12.210722767706683
12.244085091896327
12.269701895294308
12.301703296556953
12.320361785890265
12.360488217167957
12.384008577471866
12.431472688548963
12.437421464087038
12.475658733527267
12.487661374271196
12.503423765525108
12.538692210551659
12.587434690573323
12.61106502839092
12.623354015273776
12.63773764814089
12.7033483542267
12.714412012034552
12.759095236833332
12.762706462015121
12.792877506688395
12.812613827370381
12.846271206711135
12.862282052117882
12.878191986601177
12.912668128128107
12.936910159502416
12.996311119101756
13.013032435842208
13.04380107049658
13.065497262349453
13.088908513422224
13.112192504905435
13.132133233488338
13.153996698089314
13.185407100922374
13.201213848001528
13.221043939670412
13.260133392249037
13.315466059294073
13.320381578039708
13.375470212935953
13.407300538250217
13.456953272647953
13.462179666280651
13.475223886025422
13.525632658564826
13.54135914493473
13.577873092263458
13.594196216681063
13.612706811167596
13.633806850226584
13.691865088295131
13.73415576480127
13.743147670807287
13.777231244895086
13.78258826355091
13.809752398017455
13.835807899561324
13.867230999108275
13.96254391375159
13.986982793158365
14.020572027238181
14.025083086415302
14.052766894419925
14.067207073173703
14.110220690993803
14.163482488008901
14.233329859147654
14.236584542846106
14.254820073517653
14.263016712764873
14.322255558832685
14.340832270557167
14.34586344868924
14.366351619950184
14.42654464405602
14.4570586586721
14.497057111501343
14.513549363375471
14.536334906816903
14.560510181806642
14.603995969140879
14.643242391798362
14.669265159741402
14.70982342225865
14.724842533627251
14.763300653212552
14.771471855460355
14.828827160492555
14.859738173482933
14.895070157437134
14.926320051559117
14.937399447047277
14.994603341684453
15.010422262548051
15.051565357599873
15.094790640027057
15.106445275818148
15.144487168999818
15.158779888790118
15.179473264422478
15.220634360922642
15.232156540770543
15.26794770661327
15.29729471182261
15.303756200436647
15.318090747683478
15.374144023600246
15.432720575583053
15.468981771452318
15.476213450494868
15.513409387809242
15.555537392922304
15.579065552126385
15.634827689960542
15.655027417061929
15.673845181445449
15.710607009388253
15.752443728656953
15.778784113577212
15.820344140115878
15.86484400275399
15.9124598472676
15.932658965868864
15.961541904832716
15.990172844533832
16.021743696626835
16.04318858154104
16.08351372567352
16.101299730919475
16.189257407220538
16.22087107273503
16.257790997430014
16.290273599152364
16.308670742641787
16.32915177373688
16.33335682564467
16.39818096388927
16.413918087609495
16.45419424455674
16.48079809200006
16.52271670989085
16.558943653873637
16.60417400043351
16.630067649166183
16.677628110341402
16.718035454355487
16.730567566251207
16.765044571197585
16.79425190918146
16.846044987951455
16.882869264246093
16.92124772369728
16.9307665778571
16.98105662183425
17.01438353561381
17.035127873010875
17.092390397142076
17.125273843244244
17.147030059639256
17.20484562002432
17.23411273563131
17.266553372429275
17.300842832051273
17.342630179995624
17.371023916738114
17.413965414919005
17.425070080739193
17.46780349928938
17.48777146947949
17.527122102221043
17.566272199194984
17.593847580394236
17.623708118779575
17.682395602247546
17.71377440466324
17.738947611788348
17.765569147097683
17.813035382893776
17.829280002593674
17.856357450491018
17.91058415074956
17.930812535332887
17.97809033454573
18.02883091525889
18.064111744665063
18.09070087470634
18.165349079758133
18.188743087825685
18.218925754030398
18.281651548751363
18.293616304521297
18.341214403418604
18.41738424928812
18.45186970172288
18.515283867092542
18.585824465256245
18.617009378309813
18.68168763543235
18.70825050067813
18.767215380441463
18.774336224381567
18.841214687446204
18.883531813849714
18.921447073010263
18.95231128517859
19.014759526880216
19.079888168692452
19.118854850995675
19.143888243888163
19.189370223081035
19.248796391064392
19.358795249410868
19.396124518960576
19.42204014271855
19.44798253221441
19.50415201793909
19.5416106458747
19.616927318917522
19.632465810519694
19.74055594440621
19.747359119569197
19.78041061517136
19.874106901616848
19.9089386651745
19.964567680961416
20.019688124089534
20.05242095991913
20.08599976737449
20.132210762878657
20.17043611917898
20.22904417735656
20.288733449182015
20.306304565959163
20.342925705730117
20.441713220253828
20.473953687585123
20.54024198873222
20.60973901122907
20.7274132983075
20.799013581560473
20.828389422573448
20.8838346591498
20.914856606543328
20.994880500219917
21.030604812840657
21.069381296546023
21.188780938563923
21.288028620968284
21.298226085716912
21.346053268472975
21.447271752176643
21.467267832926712
21.56611629456813
21.62622848908605
21.753492815010326
21.853626806391794
21.928442982112294
22.156260338189046
22.292322529329457
22.372133933473002
22.41987164393703
22.487767660659674
22.59125574716718
22.815578697260108
22.837086088581255
23.068776942047794
23.23208312762663
23.583598617759332
23.76208576501791
24.134340521734973
24.9345420718069
26.121176137010714
0.6236491935363464
0.6724644560259255
0.7025112769940133
0.7722658188052812
0.8671701058790651
0.9303888201878839
0.984765413531453
1.0081569607523466
1.114785534533392
3.6269834350069106
3.746528865500498
4.320978689877221
4.5589550076822345
5.118291640645973
5.216686461518189
5.333415699776648
5.375404763230293
5.380864114555868
5.492721582560312
5.608199367082904
5.712980146163472
5.8255421216319965
5.835590751360938
5.879576951779385
5.9231839646909314
6.047177145651725
6.145482414407378
6.167636578364426
6.248378049112789
6.25571154969296
6.302983452777628
6.315281376525378
6.36335164533608
6.473028842217203
6.534678936688308
6.565525276675557
6.6714972912439245
6.688921444381983
6.7053288510434355
6.746747704570578
6.774944768989829
6.831821674158253
6.8714950545716125
6.903198973967478
6.9220903699939385
6.9580035424057805
6.977330712469321
6.997926843150311
7.025516794678884
7.085112018151697
7.10800175443737
7.224775803559494
7.261922121050648
7.288722447882391
7.28948314874996
7.405248755207223
7.4346534788940914
7.509459433395212
7.569012700337847
7.616312870849317
7.6329378991855625
7.663359725584274
7.731297150512204
7.752759748549612
7.776797839893311
7.785577583869062
7.79904618999181
7.862484128695389
7.882672706898593
7.9224804194190614
7.954482211172193
7.991479179887656
8.005333547355244
8.037557186994045
8.05151501935867
8.070473563887827
8.162453399338217
8.193106055170697
8.220627556831717
8.29416282541758
8.318058012786816
8.324833169467656
8.370853954107254
8.389523947608609
8.409758976423474
8.439045841628875
8.469731336323964
8.511177061398532
8.569744453080387
8.606349142639464
8.612093894695619
8.636478905352405
8.673238248571208
8.696585182747642
8.742927138087254
8.781503549050363
8.787725475770532
8.82004629140339
8.870649539109769
8.907127665049362
8.925499603817215
8.946940481853447
8.98345954089918
9.010843537262744
9.018075901388988
9.052781052470177
9.071496993162272
9.085558692239216
9.093955198284448
9.14321984801675
9.177183066735186
9.188562673267406
9.231261605995515
9.26860928608179
9.305194468247713
9.311117217610262
9.318889565767591
9.362650947239056
9.401844120060803
9.445144512822468
9.477454743546991
9.481778595090617
9.505227443289257
9.558575916230508
9.596739633669449
9.619191921647216
9.674265705190216
9.697062767699656
9.72112650410006
9.756493881447339
9.786712795111082
9.810119719924893
9.843083058414257
9.856365199225687
9.863640195677652
9.88796521317202
9.91185604738882
9.950287893859175
9.985106260982551
9.998062473980221
10.037630070074165
10.05327863081405
10.071938847015542
10.129393059597463
10.165154596327236
10.179518723942962
10.204107691386787
10.231040192867042
10.27819660317082
10.288172868586553
10.350651611254369
10.366748789192055
10.391957180796995
10.409935328136878
10.451578694570886
10.49150199485155
10.511449542042772
10.54211515531108
10.569326763483483
10.581572467075757
10.60568434036866
10.647532466114699
10.668315573562925
10.69123165365485
10.717798891526243
10.755930100089104
10.784574802806066
10.8035178797393
10.842840438996811
10.849715085071365
10.882145017018189
10.90516277178211
10.95640314379314
10.971070289776664
10.988442814776658
11.041707537695626
11.064561603074965
11.075120015634091
11.089988879199142
11.118356544864453
11.175515116780154
11.207104861644131
11.230336238310759
11.256039960723026
11.27676798253404
11.28855328780915
11.300113742725472
11.334404284938381
11.352814917898726
11.362889614822647
11.378952615436424
11.404378825228328
11.431008446777646
11.456723600791452
11.478282746949581
11.493437442516985
11.52871645316983
11.550171116961664
11.582195147618105
11.611776132358921
11.62977721872759
11.65493355500921
11.70124118833094
11.71378717537629
11.726746874735374
11.752263430034985
11.758779339084994
11.782373024248685
11.802047307862916
11.821321226528193
11.843298483244604
11.874730806065525
11.892728283517968
11.912564763512547
11.936479480141726
11.980040924771869
12.022632691447557
12.029350103421432
12.050218498094674
12.111461947423814
12.11859277421711
12.150632527589556
12.169946126182646
12.17895233628993
12.210722767706683
12.244085091896327
12.269701895294308
12.301703296556953
12.320361785890265
12.360488217167957
12.384008577471866
12.431472688548963
12.437421464087038
12.475658733527267
12.487661374271196
12.503423765525108
12.538692210551659
12.587434690573323
12.61106502839092
12.623354015273776
12.63773764814089
12.7033483542267
12.714412012034552
12.759095236833332
12.762706462015121
12.792877506688395
12.812613827370381
12.846271206711135
12.862282052117882
12.878191986601177
12.912668128128107
12.936910159502416
12.996311119101756
13.013032435842208
13.04380107049658
13.065497262349453
13.088908513422224
13.112192504905435
13.132133233488338
13.153996698089314
13.185407100922374
13.201213848001528
13.221043939670412
13.260133392249037
13.315466059294073
13.320381578039708
13.375470212935953
13.407300538250217
13.456953272647953
13.462179666280651
13.475223886025422
13.525632658564826
13.54135914493473
13.577873092263458
13.594196216681063
13.612706811167596
13.633806850226584
13.691865088295131
13.73415576480127
13.743147670807287
13.777231244895086
13.78258826355091
13.809752398017455
13.835807899561324
13.867230999108275
13.96254391375159
13.986982793158365
14.020572027238181
14.025083086415302
14.052766894419925
14.067207073173703
14.110220690993803
14.163482488008901
14.233329859147654
14.236584542846106
14.254820073517653
14.263016712764873
14.322255558832685
14.340832270557167
14.34586344868924
14.366351619950184
14.42654464405602
14.4570586586721
14.497057111501343
14.513549363375471
14.536334906816903
14.560510181806642
14.603995969140879
14.643242391798362
14.669265159741402
14.70982342225865
14.724842533627251
14.763300653212552
14.771471855460355
14.828827160492555
14.859738173482933
14.895070157437134
14.926320051559117
14.937399447047277
14.994603341684453
15.010422262548051
15.051565357599873
15.094790640027057
15.106445275818148
15.144487168999818
15.158779888790118
15.179473264422478
15.220634360922642
15.232156540770543
15.26794770661327
15.29729471182261
15.303756200436647
15.318090747683478
15.374144023600246
15.432720575583053
15.468981771452318
15.476213450494868
15.513409387809242
15.555537392922304
15.579065552126385
15.634827689960542
15.655027417061929
15.673845181445449
15.710607009388253
15.752443728656953
15.778784113577212
15.820344140115878
15.86484400275399
15.9124598472676
15.932658965868864
15.961541904832716
15.990172844533832
16.021743696626835
16.04318858154104
16.08351372567352
16.101299730919475
16.189257407220538
16.22087107273503
16.257790997430014
16.290273599152364
16.308670742641787
16.32915177373688
16.33335682564467
16.39818096388927
16.413918087609495
16.45419424455674
16.48079809200006
16.52271670989085
16.558943653873637
16.60417400043351
16.630067649166183
16.677628110341402
16.718035454355487
16.730567566251207
16.765044571197585
16.79425190918146
16.846044987951455
16.882869264246093
16.92124772369728
16.9307665778571
16.98105662183425
17.01438353561381
17.035127873010875
17.092390397142076
17.125273843244244
17.147030059639256
17.20484562002432
17.23411273563131
17.266553372429275
17.300842832051273
17.342630179995624
17.371023916738114
17.413965414919005
17.425070080739193
17.46780349928938
17.48777146947949
17.527122102221043
17.566272199194984
17.593847580394236
17.623708118779575
17.682395602247546
17.71377440466324
17.738947611788348
17.765569147097683
17.813035382893776
17.829280002593674
17.856357450491018
17.91058415074956
17.930812535332887
17.97809033454573
18.02883091525889
18.064111744665063
18.09070087470634
18.165349079758133
18.188743087825685
18.218925754030398
18.281651548751363
18.293616304521297
18.341214403418604
18.41738424928812
18.45186970172288
18.515283867092542
18.585824465256245
18.617009378309813
18.68168763543235
18.70825050067813
18.767215380441463
18.774336224381567
18.841214687446204
18.883531813849714
18.921447073010263
18.95231128517859
19.014759526880216
19.079888168692452
19.118854850995675
19.143888243888163
19.189370223081035
19.248796391064392
19.358795249410868
19.396124518960576
19.42204014271855
19.44798253221441
19.50415201793909
19.5416106458747
19.616927318917522
19.632465810519694
19.74055594440621
19.747359119569197
19.78041061517136
19.874106901616848
19.9089386651745
19.964567680961416
20.019688124089534
20.05242095991913
20.08599976737449
20.132210762878657
20.17043611917898
20.22904417735656
20.288733449182015
20.306304565959163
20.342925705730117
20.441713220253828
20.473953687585123
20.54024198873222
20.60973901122907
20.7274132983075
20.799013581560473
20.828389422573448
20.8838346591498
20.914856606543328
20.994880500219917
21.030604812840657
21.069381296546023
21.188780938563923
21.288028620968284
21.298226085716912
21.346053268472975
21.447271752176643
21.467267832926712
21.56611629456813
21.62622848908605
21.753492815010326
21.853626806391794
21.928442982112294
22.156260338189046
22.292322529329457
22.372133933473002
22.41987164393703
22.487767660659674
22.59125574716718
22.815578697260108
22.837086088581255
23.068776942047794
23.23208312762663
23.583598617759332
23.76208576501791
24.134340521734973
24.9345420718069
26.121176137010714
