0.658029000070381
0.6837273657206071
0.7199810174492266
0.7915812611508678
0.8721868639323626
0.897517245219878
1.013622390218681
1.1101042600956754
1.1776842582660765
5.144889712731768
5.242151000811185
5.309882344191209
5.360593946854901
5.432371501077784
5.448637414541636
5.5362551288055695
5.611330364768407
5.676235701750052
5.718565672988233
5.773097464749132
5.8927213264232465
5.921067837565512
5.991839613761552
6.0208650027259365
6.204170978570688
6.2247720791051355
6.421107248520857
6.4316949375691435
6.475849732188565
6.52379576391912
6.566207542095652
6.5998926035592635
6.638846659255806
6.700953813734053
6.721742619690795
6.754302560108034
6.75655023837211
6.7863845250666435
6.843256165460379
6.919877545809919
6.965250723763379
6.967111601963958
6.99501014504236
7.031014028128181
7.075796891372392
7.087684447972042
7.129536332787509
7.2033635238984886
7.262025849559422
7.279962255910915
7.2923618684739395
7.322868556252434
7.342333715005035
7.399581567175284
7.4318873061920385
7.45101920161285
7.500516891305452
7.50588290324348
7.557765616063785
7.585165397307687
7.602476320734827
7.634045403542491
7.6534000202563375
7.672588256729871
7.6972568663370255
7.7288734387788365
7.766626979433494
7.794681684497331
7.803486802836351
7.847169838199375
7.86207027463457
7.8715505792872875
7.924977513854128
7.942283089682522
7.966098318691975
8.026517831417243
8.049836729098862
8.057347814685354
8.09736395584709
8.116762442618787
8.149855149452796
8.193672628631292
8.207816389520296
8.230189096142249
8.282253299356606
8.30148163271759
8.320762402363036
8.35324955138333
8.369933741711762
8.400028435130068
8.431017241722206
8.463243197758606
8.497520486495462
8.534260753238138
8.552097447229922
8.565390760150837
8.598490778352566
8.618106471098375
8.652276416839001
8.678753742508158
8.699205006795344
8.722933672558728
8.740526516835361
8.806317522705113
8.867531290591367
8.885125053690984
8.920219933924853
8.942236324772624
8.974226112207996
9.019376099466294
9.052594118694335
9.066415941310083
9.102338940636166
9.139172526754155
9.154517131139519
9.19464869689759
9.20126413739965
9.233582497307816
9.260258582448166
9.276378079356522
9.300808322685974
9.34413805727176
9.360343133322807
9.401828623283066
9.474258762835763
9.484242390197867
9.495342916427257
9.498835228257255
9.52994436319991
9.568830675596686
9.606432624197566
9.620803239777967
9.64378473706198
9.664547547765325
9.69226592675798
9.698400920635015
9.724092150660356
9.750059181434285
9.766324462522332
9.774615855109284
9.802006591793377
9.843628791121665
9.86842416069192
9.877766883966654
9.911857931126415
9.947634425173092
9.982994511246563
10.005588467284722
10.03871453840849
10.066898705720526
10.10728816059936
10.124809483731354
10.141509679533804
10.15209555959303
10.175098884256258
10.206751186003789
10.229602462701385
10.269514565698197
10.305803355791609
10.35335550075436
10.383110039643734
10.393339296004568
10.444162993788124
10.46611128332139
10.476112620809056
10.526638237654778
10.559407396432803
10.568586799144924
10.59267813282815
10.618758130599323
10.632461224875238
10.643264586348444
10.669671593332446
10.694977970222807
10.711891909986441
10.782623150694183
10.799399024132024
10.833124734846562
10.837772886320463
10.87590676584001
10.89930204801697
10.926899218446092
10.95929871204062
11.015852249057996
11.04249227650682
11.049096097630814
11.08641962013121
11.098483422531531
11.150979193515242
11.163442648147523
11.199182005323483
11.231456216201341
11.257926626734426
11.283576784619758
11.306654076395498
11.360728538883821
11.374083966130163
11.383976511591298
11.448422421332612
11.468114803000674
11.515151223666924
11.530500125288642
11.563252773450769
11.569163930292508
11.61229878434444
11.647189520171354
11.667418984305492
11.691510765819904
11.726950737690249
11.772863196142247
11.787490619246807
11.799955546621144
11.807634025760128
11.833072312931701
11.855641573847631
11.879334312400397
11.92062962924975
11.965194271709375
11.974552185115945
11.980848933411659
12.026385998044375
12.052839137967638
12.058510557127077
12.085321166165064
12.096634310759509
12.126458500769214
12.155399172855912
12.169105137482633
12.208082880098601
12.243442895330645
12.267975196598242
12.279167599942411
12.306725455281972
12.337211696360024
12.343705290363147
12.370235404119692
12.37895601109556
12.395173573790698
12.409917583213083
12.45337558895233
12.500617010419385
12.529260780058314
12.557743514638632
12.572501183928003
12.595760768687095
12.60643525291019
12.61884021504145
12.677120387937922
12.699375949116407
12.72638810596758
12.755380955132598
12.77932917682335
12.815409094058332
12.838388932619576
12.884847066904314
12.896068424325389
12.919488423913158
12.928808653606676
12.990629554970285
13.015271035868942
13.054620156937714
13.080656309832616
13.097197259932368
13.14024837261773
13.153941461462523
13.180068674707416
13.23742913942731
13.258377122705996
13.283847124055628
13.28949044486617
13.321134394227082
13.347113695116766
13.387287733007673
13.428171846889422
13.443868116163472
13.489677055389201
13.502205586039178
13.524745830632039
13.557256646890918
13.574893906920174
13.610551004186703
13.626252803656723
13.667306513186734
13.690499283499237
13.72320226630228
13.733709151359099
13.778572247921602
13.795375058681419
13.829636778629974
13.845019227521513
13.879930988244961
13.922207798048353
13.9435229167457
13.968959883338739
13.998546751054292
14.079508079296584
14.098697437525074
14.11687731929563
14.137286117195359
14.15757391957578
14.187989474042798
14.212277079664872
14.25705012404608
14.267225192493427
14.297693870061408
14.312679015786856
14.335222545784385
14.388891416346704
14.439557237807286
14.445049532643145
14.48142675760169
14.490496304571403
14.518258489016677
14.549963898629185
14.595526061387448
14.646660907424833
14.650474557550785
14.687406990080104
14.711793929101749
14.722202734097472
14.750684013994698
14.77877932281268
14.81683024577192
14.823418493570859
14.84872900973451
14.86836426048768
14.920338832105742
14.94717479848155
14.970513456571338
15.015186068457044
15.079036108815442
15.091245218819031
15.104467249159688
15.126642327391094
15.160485811703047
15.184390486413823
15.19266722021399
15.201470973804348
15.247663894701258
15.261604176074446
15.310563429259295
15.34012610783598
15.36532029654191
15.37471658983871
15.378524072193926
15.416307980584573
15.432361878284286
15.472604027173176
15.488165505178724
15.509447657080976
15.560153700292572
15.597909900233637
15.61724347841225
15.66709800010838
15.715909566631131
15.775895860229465
15.818590235356357
15.86878170572306
15.876528508612301
15.897072760161835
15.94672003960186
16.010405413225538
16.049630462763336
16.102023426847992
16.17343307680703
16.196932950137448
16.212458690260714
16.24456122444919
16.28015916879891
16.312964091688634
16.317207210208366
16.34991779272808
16.38836192909921
16.432528526482088
16.438772240684838
16.471681411799384
16.485028876389407
16.53441637349282
16.572505281649043
16.606318774860004
16.64978670118374
16.662738774792683
16.716066859367732
16.755544113209897
16.790320543349043
16.790655882519083
16.829098145414676
16.854191614538742
16.915074422532868
16.928141637969112
16.95938987644801
16.995899618977084
17.01631443599799
17.077716430376274
17.108685625140314
17.115528074219412
17.156674307128768
17.19082127675145
17.211951989893283
17.229899610929742
17.272071943605717
17.31107829974275
17.34820790341479
17.376259482850312
17.413939769112343
17.46352343034952
17.476292821363984
17.517682442282947
17.557533048287194
17.601154398196364
17.63779931494856
17.685516269789737
17.714558853180915
17.760096747923896
17.799801060352664
17.880527124688896
17.95547291119417
17.98128923223621
18.028110496367162
18.060854072432804
18.10577424925446
18.150033738671063
18.182746863604365
18.199194535112806
18.232424698518393
18.259415757187995
18.280578803728044
18.325738197671157
18.34873952624163
18.365263258996848
18.408016751789376
18.437660154493823
18.492121121291984
18.572762984987158
18.613169115699915
18.663469632041668
18.73043567138801
18.74586978920569
18.82155097061678
18.870398387881785
18.912275675029704
18.957168983255382
18.962553242861393
19.035111281529634
19.092795354481957
19.175291014662815
19.24137563316821
19.334282557228303
19.36611967262997
19.38428129689125
19.418210390405385
19.455093631566957
19.49746113546514
19.541561307207758
19.60265521180992
19.647774671059803
19.738811426966098
19.78926890708952
19.83883316773937
19.884904240444172
19.957145184055
19.975116405096752
20.056369345852456
20.058283954533184
20.164723273363364
20.194927404657395
20.25119452158588
20.30634420424724
20.32491932757679
20.377716491274242
20.455431896018347
20.573646432592014
20.649268286407953
20.791659915935348
20.84643519708103
20.90640862904768
20.944554602178833
20.99447944394202
21.072448374894794
21.16521352493322
21.2763971869954
21.316853955344595
21.412450724437647
21.472851683828747
21.513898844911893
21.64782315958085
21.768675064873754
21.86922425353375
21.984605826447176
21.99007364548695
22.036253603462516
22.25844356629578
22.311641627504923
22.512666182066166
22.798416615495025
22.891586043617416
23.468124053576293
23.524535717646724
23.713642752309713
0.658029000070381
0.6837273657206071
0.7199810174492266
0.7915812611508678
0.8721868639323626
0.897517245219878
1.013622390218681
1.1101042600956754
1.1776842582660765
5.144889712731768
5.242151000811185
5.309882344191209
5.360593946854901
5.432371501077784
5.448637414541636
5.5362551288055695
5.611330364768407
5.676235701750052
5.718565672988233
5.773097464749132
5.8927213264232465
5.921067837565512
5.991839613761552
6.0208650027259365
6.204170978570688
6.2247720791051355
6.421107248520857
6.4316949375691435
6.475849732188565
6.52379576391912
6.566207542095652
6.5998926035592635
6.638846659255806
6.700953813734053
6.721742619690795
6.754302560108034
6.75655023837211
6.7863845250666435
6.843256165460379
6.919877545809919
6.965250723763379
6.967111601963958
6.99501014504236
7.031014028128181
7.075796891372392
7.087684447972042
7.129536332787509
7.2033635238984886
7.262025849559422
7.279962255910915
7.2923618684739395
7.322868556252434
7.342333715005035
7.399581567175284
7.4318873061920385
7.45101920161285
7.500516891305452
7.50588290324348
7.557765616063785
7.585165397307687
7.602476320734827
7.634045403542491
7.6534000202563375
7.672588256729871
7.6972568663370255
7.7288734387788365
7.766626979433494
7.794681684497331
7.803486802836351
7.847169838199375
7.86207027463457
7.8715505792872875
7.924977513854128
7.942283089682522
7.966098318691975
8.026517831417243
8.049836729098862
8.057347814685354
8.09736395584709
8.116762442618787
8.149855149452796
8.193672628631292
8.207816389520296
8.230189096142249
8.282253299356606
8.30148163271759
8.320762402363036
8.35324955138333
8.369933741711762
8.400028435130068
8.431017241722206
8.463243197758606
8.497520486495462
8.534260753238138
8.552097447229922
8.565390760150837
8.598490778352566
8.618106471098375
8.652276416839001
8.678753742508158
8.699205006795344
8.722933672558728
8.740526516835361
8.806317522705113
8.867531290591367
8.885125053690984
8.920219933924853
8.942236324772624
8.974226112207996
9.019376099466294
9.052594118694335
9.066415941310083
9.102338940636166
9.139172526754155
9.154517131139519
9.19464869689759
9.20126413739965
9.233582497307816
9.260258582448166
9.276378079356522
9.300808322685974
9.34413805727176
9.360343133322807
9.401828623283066
9.474258762835763
9.484242390197867
9.495342916427257
9.498835228257255
9.52994436319991
9.568830675596686
9.606432624197566
9.620803239777967
9.64378473706198
9.664547547765325
9.69226592675798
9.698400920635015
9.724092150660356
9.750059181434285
9.766324462522332
9.774615855109284
9.802006591793377
9.843628791121665
9.86842416069192
9.877766883966654
9.911857931126415
9.947634425173092
9.982994511246563
10.005588467284722
10.03871453840849
10.066898705720526
10.10728816059936
10.124809483731354
10.141509679533804
10.15209555959303
10.175098884256258
10.206751186003789
10.229602462701385
10.269514565698197
10.305803355791609
10.35335550075436
10.383110039643734
10.393339296004568
10.444162993788124
10.46611128332139
10.476112620809056
10.526638237654778
10.559407396432803
10.568586799144924
10.59267813282815
10.618758130599323
10.632461224875238
10.643264586348444
10.669671593332446
10.694977970222807
10.711891909986441
10.782623150694183
10.799399024132024
10.833124734846562
10.837772886320463
10.87590676584001
10.89930204801697
10.926899218446092
10.95929871204062
11.015852249057996
11.04249227650682
11.049096097630814
11.08641962013121
11.098483422531531
11.150979193515242
11.163442648147523
11.199182005323483
11.231456216201341
11.257926626734426
11.283576784619758
11.306654076395498
11.360728538883821
11.374083966130163
11.383976511591298
11.448422421332612
11.468114803000674
11.515151223666924
11.530500125288642
11.563252773450769
11.569163930292508
11.61229878434444
11.647189520171354
11.667418984305492
11.691510765819904
11.726950737690249
11.772863196142247
11.787490619246807
11.799955546621144
11.807634025760128
11.833072312931701
11.855641573847631
11.879334312400397
11.92062962924975
11.965194271709375
11.974552185115945
11.980848933411659
12.026385998044375
12.052839137967638
12.058510557127077
12.085321166165064
12.096634310759509
12.126458500769214
12.155399172855912
12.169105137482633
12.208082880098601
12.243442895330645
12.267975196598242
12.279167599942411
12.306725455281972
12.337211696360024
12.343705290363147
12.370235404119692
12.37895601109556
12.395173573790698
12.409917583213083
12.45337558895233
12.500617010419385
12.529260780058314
12.557743514638632
12.572501183928003
12.595760768687095
12.60643525291019
12.61884021504145
12.677120387937922
12.699375949116407
12.72638810596758
12.755380955132598
12.77932917682335
12.815409094058332
12.838388932619576
12.884847066904314
12.896068424325389
12.919488423913158
12.928808653606676
12.990629554970285
13.015271035868942
13.054620156937714
13.080656309832616
13.097197259932368
13.14024837261773
13.153941461462523
13.180068674707416
13.23742913942731
13.258377122705996
13.283847124055628
13.28949044486617
13.321134394227082
13.347113695116766
13.387287733007673
13.428171846889422
13.443868116163472
13.489677055389201
13.502205586039178
13.524745830632039
13.557256646890918
13.574893906920174
13.610551004186703
13.626252803656723
13.667306513186734
13.690499283499237
13.72320226630228
13.733709151359099
13.778572247921602
13.795375058681419
13.829636778629974
13.845019227521513
13.879930988244961
13.922207798048353
13.9435229167457
13.968959883338739
13.998546751054292
14.079508079296584
14.098697437525074
14.11687731929563
14.137286117195359
14.15757391957578
14.187989474042798
14.212277079664872
14.25705012404608
14.267225192493427
14.297693870061408
14.312679015786856
14.335222545784385
14.388891416346704
14.439557237807286
14.445049532643145
14.48142675760169
14.490496304571403
14.518258489016677
14.549963898629185
14.595526061387448
14.646660907424833
14.650474557550785
14.687406990080104
14.711793929101749
14.722202734097472
14.750684013994698
14.77877932281268
14.81683024577192
14.823418493570859
14.84872900973451
14.86836426048768
14.920338832105742
14.94717479848155
14.970513456571338
15.015186068457044
15.079036108815442
15.091245218819031
15.104467249159688
15.126642327391094
15.160485811703047
15.184390486413823
15.19266722021399
15.201470973804348
15.247663894701258
15.261604176074446
15.310563429259295
15.34012610783598
15.36532029654191
15.37471658983871
15.378524072193926
15.416307980584573
15.432361878284286
15.472604027173176
15.488165505178724
15.509447657080976
15.560153700292572
15.597909900233637
15.61724347841225
15.66709800010838
15.715909566631131
15.775895860229465
15.818590235356357
15.86878170572306
15.876528508612301
15.897072760161835
15.94672003960186
16.010405413225538
16.049630462763336
16.102023426847992
16.17343307680703
16.196932950137448
16.212458690260714
16.24456122444919
16.28015916879891
16.312964091688634
16.317207210208366
16.34991779272808
16.38836192909921
16.432528526482088
16.438772240684838
16.471681411799384
16.485028876389407
16.53441637349282
16.572505281649043
16.606318774860004
16.64978670118374
16.662738774792683
16.716066859367732
16.755544113209897
16.790320543349043
16.790655882519083
16.829098145414676
16.854191614538742
16.915074422532868
16.928141637969112
16.95938987644801
16.995899618977084
17.01631443599799
17.077716430376274
17.108685625140314
17.115528074219412
17.156674307128768
17.19082127675145
17.211951989893283
17.229899610929742
17.272071943605717
17.31107829974275
17.34820790341479
17.376259482850312
17.413939769112343
17.46352343034952
17.476292821363984
17.517682442282947
17.557533048287194
17.601154398196364
17.63779931494856
17.685516269789737
17.714558853180915
17.760096747923896
17.799801060352664
17.880527124688896
17.95547291119417
17.98128923223621
18.028110496367162
18.060854072432804
18.10577424925446
18.150033738671063
18.182746863604365
18.199194535112806
18.232424698518393
18.259415757187995
18.280578803728044
18.325738197671157
18.34873952624163
18.365263258996848
18.408016751789376
18.437660154493823
18.492121121291984
18.572762984987158
18.613169115699915
18.663469632041668
18.73043567138801
18.74586978920569
18.82155097061678
18.870398387881785
18.912275675029704
18.957168983255382
18.962553242861393
19.035111281529634
19.092795354481957
19.175291014662815
19.24137563316821
19.334282557228303
19.36611967262997
19.38428129689125
19.418210390405385
19.455093631566957
19.49746113546514
19.541561307207758
19.60265521180992
19.647774671059803
19.738811426966098
19.78926890708952
19.83883316773937
19.884904240444172
19.957145184055
19.975116405096752
20.056369345852456
20.058283954533184
20.164723273363364
20.194927404657395
20.25119452158588
20.30634420424724
20.32491932757679
20.377716491274242
20.455431896018347
20.573646432592014
20.649268286407953
20.791659915935348
20.84643519708103
20.90640862904768
20.944554602178833
20.99447944394202
21.072448374894794
21.16521352493322
21.2763971869954
21.316853955344595
21.412450724437647
21.472851683828747
21.513898844911893
21.64782315958085
21.768675064873754
21.86922425353375
21.984605826447176
21.99007364548695
22.036253603462516
22.25844356629578
22.311641627504923
22.512666182066166
22.798416615495025
22.891586043617416
23.468124053576293
23.524535717646724
23.713642752309713
