0.5618343485218483
0.6792945216540393
0.707734807956172
0.7437341414813797
0.8128584763042622
0.8715652186399291
0.9127677180894724
0.9736986361741913
1.0355669925286946
4.549232872313521
5.0965669805814935
5.1357570313799
5.192780008663702
5.228163080591796
5.3333772884491415
5.357581653471685
5.577778145560684
5.783662882308935
5.833710942721494
5.863463432763804
5.932624244029183
5.954394790336879
5.96739504459061
6.001895852379729
6.054407595594656
6.064709864494655
6.194551956370778
6.248349798333711
6.278177958858385
6.343153520886049
6.381816870499665
6.458149356865833
6.477178630793042
6.557877293668513
6.638267801398518
6.707230709121246
6.765326112036155
6.868089655603239
6.94342779496291
6.968585464525604
7.023285023871246
7.038072359070814
7.092290754664239
7.109345354541572
7.1242452806407695
7.1959683981934015
7.233020174852091
7.3008576203183235
7.323696110964929
7.3640061793663865
7.412593969411048
7.423548425734678
7.440840391263605
7.457724896635735
7.495912537230579
7.551239945526152
7.585143463130777
7.615871975612802
7.6601281958436545
7.681560585986853
7.7130579706497935
7.752652113135625
7.785221527807088
7.8372728409894306
7.8477347289356025
7.886203037115252
7.905312006755993
7.937936124035658
7.956939533880437
8.001713500496546
8.022297434133048
8.068668986090136
8.109899450813618
8.21350057089744
8.22771677491404
8.271322211917234
8.294127773270757
8.335958020258321
8.35944878085621
8.379030251000447
8.43804418218723
8.454742721569618
8.474403732926621
8.498119440595312
8.51584144974128
8.546725004023571
8.590343764270902
8.627967082966709
8.653057261214032
8.672366700547903
8.694971371032588
8.706540625816018
8.74509654188909
8.772010928802162
8.810627462534018
8.8448834505473
8.877199029005771
8.890716759295536
8.938561160764518
8.968779421354931
8.991744223227343
9.050569453634424
9.079392339378352
9.106318513425846
9.130275779948294
9.154509553700949
9.194955276434511
9.202824559745068
9.239711553827227
9.258180054920834
9.264210411313766
9.279702239618492
9.318005693804125
9.332562568242937
9.35951819374451
9.366723322044308
9.412845894475174
9.41887687001757
9.475240428660497
9.492475807670756
9.532475199642418
9.565141224416957
9.585926839657539
9.598446119661299
9.62994843057963
9.662993204475304
9.688490757627898
9.719400293054532
9.73113329027265
9.757609455254995
9.8044387135504
9.82699573796902
9.855203394647063
9.888727323499682
9.899102397223178
9.942125193283754
9.978542606610052
10.00425118512829
10.049025917377248
10.063973842241388
10.085310289759393
10.100867618975306
10.147419531809717
10.16806552966132
10.178899872225271
10.192193898532786
10.224823237813231
10.246325887030952
10.283219645666335
10.315126421987772
10.324661806010132
10.366193701318238
10.416578359585658
10.446939161530715
10.453196905730456
10.48104409260972
10.517676929775561
10.523558899676583
10.553964385281315
10.575321739703238
10.618535735268912
10.64554381367938
10.692586324720637
10.695106238452157
10.72801246431849
10.755987441917757
10.776678356167467
10.826355345638849
10.84151716692378
10.854592272613774
10.871526402477032
10.889577538601053
10.958698225955894
10.976621561932694
11.012056660561043
11.052954439165523
11.053946216813
11.127663031090316
11.152994477468098
11.165118926180673
11.198067432560832
11.213805652588773
11.267733763907673
11.273696419549438
11.317214643614435
11.352954375840875
11.370002063970794
11.37493744675772
11.400098109018217
11.435144361700901
11.465265849070313
11.492124319845136
11.515505345511551
11.524145586210423
11.555167512809856
11.576899179156076
11.599216299047876
11.625907863872362
11.65527550632074
11.690878963519163
11.713312788646478
11.730604210603708
11.765226566810654
11.793313377243045
11.825344988786853
11.844041528162405
11.86370136490805
11.897376257051903
11.905661398214296
11.952097380713285
11.985412061911193
11.991783390812826
12.0205576363707
12.031635523316652
12.061652776566563
12.080350352543325
12.0972577071214
12.138563579433594
12.151548407087866
12.168198426639737
12.203548056195183
12.240968120205109
12.290974691184028
12.330714359190162
12.358728220489825
12.39844341235856
12.424169328310748
12.466596082969996
12.471463709504318
12.486376880381194
12.52492143294761
12.533486544625644
12.554080107731265
12.592146949197213
12.623022636705233
12.657868783607142
12.678507148886087
12.706240988187075
12.720468532540357
12.741224055427633
12.789215699434122
12.804513930250442
12.816114406402148
12.854416527183908
12.886008815395922
12.908894798505866
12.9611103918993
12.976398588508305
13.003140223613624
13.015511917141962
13.042027210882473
13.075187310730815
13.086195946013689
13.131483471425028
13.145548671170662
13.183900622718438
13.193915229387366
13.24930900317592
13.266964174278408
13.298183350795732
13.310179090843663
13.333495747164422
13.379562999917635
13.395851894185713
13.419290483556768
13.45085392813346
13.494322988485475
13.521095092403025
13.539009348456476
13.5731348301559
13.614311522097388
13.623197482239704
13.684901677700545
13.7259029701994
13.748898097564949
13.769013611958389
13.814676532626352
13.864783028567281
13.879664540842509
13.884851734796511
13.905785647088969
13.926378729493456
13.947182065774829
13.9684003134283
14.010922473123653
14.073243117364598
14.08811982574974
14.119772100824273
14.131694054228769
14.175514220635122
14.205242587007822
14.245351362354931
14.280174063599272
14.290998076298322
14.315957996136857
14.337241329302586
14.390988221728275
14.40028593127189
14.426751628319623
14.440939791613847
14.470082631383043
14.487526462378508
14.526215096895609
14.542813187240233
14.59944440526327
14.638851751937358
14.654748288581377
14.66994229819741
14.682570553537484
14.694611058041449
14.739555928447377
14.783543280112664
14.824616788403997
14.832472520396543
14.870923134389026
14.877860750432845
14.880545970927065
14.940971006676625
14.95376365008495
14.98184344633132
15.063582346112453
15.072830626519808
15.119198394719536
15.16769255063819
15.191343959743913
15.199324133790578
15.228838363748602
15.253014499147518
15.32421617750602
15.331578405593623
15.373586853909996
15.397386825545876
15.412818251921264
15.443478776511055
15.461209510811624
15.475459019817714
15.531036117694246
15.573492543787863
15.590556206860743
15.61862445956546
15.690456720185427
15.71951149933816
15.72386385279687
15.754003917454094
15.790737372438347
15.794590694674035
15.819140760524245
15.856001717446512
15.86735635996357
15.943943539275123
15.963629743247488
15.986004609646349
16.00316613797988
16.09063849964542
16.110193284436168
16.125557884305163
16.15901331424627
16.18617475644937
16.231452342067595
16.279197197274105
16.308802587719843
16.352243901731473
16.391803303445126
16.411567009552407
16.43575936372627
16.43841344562619
16.49450816566234
16.51576954600876
16.570154145665327
16.61322855736528
16.64456798269357
16.697202882247556
16.714012133037112
16.74802499877393
16.78497633098537
16.803760984883297
16.843090995912267
16.88678194285773
16.90323468283572
16.963226020146507
16.97849005968994
17.0206693454606
17.0292222176353
17.060577102701114
17.083547013433876
17.12371989156546
17.146682929492684
17.164869018216272
17.19763773712274
17.245688165522164
17.2637574534228
17.307679157131638
17.312363309593227
17.356981249876352
17.385681879225448
17.425972569886017
17.45291761217139
17.524334132036667
17.568874196195797
17.58068906187093
17.60881000100583
17.680516911088276
17.70946989123559
17.718310838566573
17.769821979591082
17.810931038198703
17.851722449043855
17.897651243878258
17.94551980814774
17.990366440401758
18.01072846121591
18.02150382690962
18.072695548616284
18.120820841421
18.202138718781274
18.21441961939752
18.231436728528
18.28656271311647
18.309894308127454
18.342137731775367
18.381805953684147
18.41011458228228
18.412507078442587
18.465837523621197
18.49220593844743
18.511118734589935
18.536959056041795
18.616009613533514
18.622540887858463
18.655654743864893
18.722291399025867
18.742205649872638
18.76648413147038
18.8041658557076
18.84077410711377
18.882312234435368
18.925933109866577
18.99267793484375
19.01746236303716
19.054765350326463
19.135477731906512
19.14982523907014
19.194744997619722
19.250343390503428
19.283383658086336
19.335996814807345
19.40991449367875
19.481724815611692
19.548391833355304
19.590707650200613
19.681999219463084
19.715499492435022
19.760721201389046
19.80175564560676
19.833993084897457
19.867791368559267
19.89740083450285
19.93920405543391
20.007565775100836
20.042422251726673
20.08893212160224
20.140080242082156
20.19798700072869
20.247875346815565
20.37194534287307
20.393679528539945
20.41707681224499
20.507003701453023
20.69117669876378
20.759431224751328
20.800194894017675
20.81917265864134
20.938743086226776
20.99573460586774
21.077441841324674
21.120162239134608
21.20543408849923
21.348592831879046
21.394617667835032
21.418311956680743
21.465369259758074
21.536281985216615
21.575291931517803
21.61792087143803
21.67973144391671
21.74314160868473
21.871496643257323
21.91994705434769
22.08092962908043
22.13383772341993
22.172414370754257
22.737379945724257
23.29296440609365
23.39588275845681
23.44816208914911
23.59383951415659
23.63346784427019
23.75257857422994
24.16456286471586
0.5618343485218483
0.6792945216540393
0.707734807956172
0.7437341414813797
0.8128584763042622
0.8715652186399291
0.9127677180894724
0.9736986361741913
1.0355669925286946
4.549232872313521
5.0965669805814935
5.1357570313799
5.192780008663702
5.228163080591796
5.3333772884491415
5.357581653471685
5.577778145560684
5.783662882308935
5.833710942721494
5.863463432763804
5.932624244029183
5.954394790336879
5.96739504459061
6.001895852379729
6.054407595594656
6.064709864494655
6.194551956370778
6.248349798333711
6.278177958858385
6.343153520886049
6.381816870499665
6.458149356865833
6.477178630793042
6.557877293668513
6.638267801398518
6.707230709121246
6.765326112036155
6.868089655603239
6.94342779496291
6.968585464525604
7.023285023871246
7.038072359070814
7.092290754664239
7.109345354541572
7.1242452806407695
7.1959683981934015
7.233020174852091
7.3008576203183235
7.323696110964929
7.3640061793663865
7.412593969411048
7.423548425734678
7.440840391263605
7.457724896635735
7.495912537230579
7.551239945526152
7.585143463130777
7.615871975612802
7.6601281958436545
7.681560585986853
7.7130579706497935
7.752652113135625
7.785221527807088
7.8372728409894306
7.8477347289356025
7.886203037115252
7.905312006755993
7.937936124035658
7.956939533880437
8.001713500496546
8.022297434133048
8.068668986090136
8.109899450813618
8.21350057089744
8.22771677491404
8.271322211917234
8.294127773270757
8.335958020258321
8.35944878085621
8.379030251000447
8.43804418218723
8.454742721569618
8.474403732926621
8.498119440595312
8.51584144974128
8.546725004023571
8.590343764270902
8.627967082966709
8.653057261214032
8.672366700547903
8.694971371032588
8.706540625816018
8.74509654188909
8.772010928802162
8.810627462534018
8.8448834505473
8.877199029005771
8.890716759295536
8.938561160764518
8.968779421354931
8.991744223227343
9.050569453634424
9.079392339378352
9.106318513425846
9.130275779948294
9.154509553700949
9.194955276434511
9.202824559745068
9.239711553827227
9.258180054920834
9.264210411313766
9.279702239618492
9.318005693804125
9.332562568242937
9.35951819374451
9.366723322044308
9.412845894475174
9.41887687001757
9.475240428660497
9.492475807670756
9.532475199642418
9.565141224416957
9.585926839657539
9.598446119661299
9.62994843057963
9.662993204475304
9.688490757627898
9.719400293054532
9.73113329027265
9.757609455254995
9.8044387135504
9.82699573796902
9.855203394647063
9.888727323499682
9.899102397223178
9.942125193283754
9.978542606610052
10.00425118512829
10.049025917377248
10.063973842241388
10.085310289759393
10.100867618975306
10.147419531809717
10.16806552966132
10.178899872225271
10.192193898532786
10.224823237813231
10.246325887030952
10.283219645666335
10.315126421987772
10.324661806010132
10.366193701318238
10.416578359585658
10.446939161530715
10.453196905730456
10.48104409260972
10.517676929775561
10.523558899676583
10.553964385281315
10.575321739703238
10.618535735268912
10.64554381367938
10.692586324720637
10.695106238452157
10.72801246431849
10.755987441917757
10.776678356167467
10.826355345638849
10.84151716692378
10.854592272613774
10.871526402477032
10.889577538601053
10.958698225955894
10.976621561932694
11.012056660561043
11.052954439165523
11.053946216813
11.127663031090316
11.152994477468098
11.165118926180673
11.198067432560832
11.213805652588773
11.267733763907673
11.273696419549438
11.317214643614435
11.352954375840875
11.370002063970794
11.37493744675772
11.400098109018217
11.435144361700901
11.465265849070313
11.492124319845136
11.515505345511551
11.524145586210423
11.555167512809856
11.576899179156076
11.599216299047876
11.625907863872362
11.65527550632074
11.690878963519163
11.713312788646478
11.730604210603708
11.765226566810654
11.793313377243045
11.825344988786853
11.844041528162405
11.86370136490805
11.897376257051903
11.905661398214296
11.952097380713285
11.985412061911193
11.991783390812826
12.0205576363707
12.031635523316652
12.061652776566563
12.080350352543325
12.0972577071214
12.138563579433594
12.151548407087866
12.168198426639737
12.203548056195183
12.240968120205109
12.290974691184028
12.330714359190162
12.358728220489825
12.39844341235856
12.424169328310748
12.466596082969996
12.471463709504318
12.486376880381194
12.52492143294761
12.533486544625644
12.554080107731265
12.592146949197213
12.623022636705233
12.657868783607142
12.678507148886087
12.706240988187075
12.720468532540357
12.741224055427633
12.789215699434122
12.804513930250442
12.816114406402148
12.854416527183908
12.886008815395922
12.908894798505866
12.9611103918993
12.976398588508305
13.003140223613624
13.015511917141962
13.042027210882473
13.075187310730815
13.086195946013689
13.131483471425028
13.145548671170662
13.183900622718438
13.193915229387366
13.24930900317592
13.266964174278408
13.298183350795732
13.310179090843663
13.333495747164422
13.379562999917635
13.395851894185713
13.419290483556768
13.45085392813346
13.494322988485475
13.521095092403025
13.539009348456476
13.5731348301559
13.614311522097388
13.623197482239704
13.684901677700545
13.7259029701994
13.748898097564949
13.769013611958389
13.814676532626352
13.864783028567281
13.879664540842509
13.884851734796511
13.905785647088969
13.926378729493456
13.947182065774829
13.9684003134283
14.010922473123653
14.073243117364598
14.08811982574974
14.119772100824273
14.131694054228769
14.175514220635122
14.205242587007822
14.245351362354931
14.280174063599272
14.290998076298322
14.315957996136857
14.337241329302586
14.390988221728275
14.40028593127189
14.426751628319623
14.440939791613847
14.470082631383043
14.487526462378508
14.526215096895609
14.542813187240233
14.59944440526327
14.638851751937358
14.654748288581377
14.66994229819741
14.682570553537484
14.694611058041449
14.739555928447377
14.783543280112664
14.824616788403997
14.832472520396543
14.870923134389026
14.877860750432845
14.880545970927065
14.940971006676625
14.95376365008495
14.98184344633132
15.063582346112453
15.072830626519808
15.119198394719536
15.16769255063819
15.191343959743913
15.199324133790578
15.228838363748602
15.253014499147518
15.32421617750602
15.331578405593623
15.373586853909996
15.397386825545876
15.412818251921264
15.443478776511055
15.461209510811624
15.475459019817714
15.531036117694246
15.573492543787863
15.590556206860743
15.61862445956546
15.690456720185427
15.71951149933816
15.72386385279687
15.754003917454094
15.790737372438347
15.794590694674035
15.819140760524245
15.856001717446512
15.86735635996357
15.943943539275123
15.963629743247488
15.986004609646349
16.00316613797988
16.09063849964542
16.110193284436168
16.125557884305163
16.15901331424627
16.18617475644937
16.231452342067595
16.279197197274105
16.308802587719843
16.352243901731473
16.391803303445126
16.411567009552407
16.43575936372627
16.43841344562619
16.49450816566234
16.51576954600876
16.570154145665327
16.61322855736528
16.64456798269357
16.697202882247556
16.714012133037112
16.74802499877393
16.78497633098537
16.803760984883297
16.843090995912267
16.88678194285773
16.90323468283572
16.963226020146507
16.97849005968994
17.0206693454606
17.0292222176353
17.060577102701114
17.083547013433876
17.12371989156546
17.146682929492684
17.164869018216272
17.19763773712274
17.245688165522164
17.2637574534228
17.307679157131638
17.312363309593227
17.356981249876352
17.385681879225448
17.425972569886017
17.45291761217139
17.524334132036667
17.568874196195797
17.58068906187093
17.60881000100583
17.680516911088276
17.70946989123559
17.718310838566573
17.769821979591082
17.810931038198703
17.851722449043855
17.897651243878258
17.94551980814774
17.990366440401758
18.01072846121591
18.02150382690962
18.072695548616284
18.120820841421
18.202138718781274
18.21441961939752
18.231436728528
18.28656271311647
18.309894308127454
18.342137731775367
18.381805953684147
18.41011458228228
18.412507078442587
18.465837523621197
18.49220593844743
18.511118734589935
18.536959056041795
18.616009613533514
18.622540887858463
18.655654743864893
18.722291399025867
18.742205649872638
18.76648413147038
18.8041658557076
18.84077410711377
18.882312234435368
18.925933109866577
18.99267793484375
19.01746236303716
19.054765350326463
19.135477731906512
19.14982523907014
19.194744997619722
19.250343390503428
19.283383658086336
19.335996814807345
19.40991449367875
19.481724815611692
19.548391833355304
19.590707650200613
19.681999219463084
19.715499492435022
19.760721201389046
19.80175564560676
19.833993084897457
19.867791368559267
19.89740083450285
19.93920405543391
20.007565775100836
20.042422251726673
20.08893212160224
20.140080242082156
20.19798700072869
20.247875346815565
20.37194534287307
20.393679528539945
20.41707681224499
20.507003701453023
20.69117669876378
20.759431224751328
20.800194894017675
20.81917265864134
20.938743086226776
20.99573460586774
21.077441841324674
21.120162239134608
21.20543408849923
21.348592831879046
21.394617667835032
21.418311956680743
21.465369259758074
21.536281985216615
21.575291931517803
21.61792087143803
21.67973144391671
21.74314160868473
21.871496643257323
21.91994705434769
22.08092962908043
22.13383772341993
22.172414370754257
22.737379945724257
23.29296440609365
23.39588275845681
23.44816208914911
23.59383951415659
23.63346784427019
23.75257857422994
24.16456286471586
