0.5516893268842715
0.6977827253726291
0.7290149387104591
0.7691849546091472
0.8297221776223045
0.8628122309254105
0.9907105327252382
1.0242888237937728
1.0845233981478162
4.303880597625262
4.446376291955245
4.49045717963745
4.58164032744454
4.93351319007946
5.096556184749868
5.464025290119451
5.680958046657785
5.710583447569287
6.066107348014273
6.085731740972256
6.127452931536163
6.227215416963585
6.257227013083492
6.262847416731816
6.291920691345166
6.3450962819351675
6.3940518777583195
6.410135151744195
6.423588877308205
6.47116411605091
6.480898308967903
6.50835294834627
6.611124286302559
6.6379154677066765
6.673434540773922
6.6803963361478615
6.708167943589676
6.79853918984889
6.873080462626734
6.9450020028174295
6.955261929710648
6.970000178005572
6.987045247796745
7.032309141972499
7.088054418884175
7.140678273659049
7.191842776906342
7.253259049225244
7.314233856013386
7.317266010463713
7.378292876647406
7.413895345265164
7.4421231187120815
7.467904088264923
7.507021089545509
7.563325043198414
7.593177899339229
7.627845294769976
7.678839461244788
7.689553709305501
7.72118616000206
7.787810005598713
7.808559029589939
7.814531801420469
7.8636331035823375
7.873413181738655
7.907405357056773
7.949257075590537
7.990093817691309
8.013870892201659
8.030385646100404
8.063243160301619
8.076407967610608
8.144069143215164
8.236683299211872
8.252580489471198
8.284367281953054
8.30514746817411
8.325596202864308
8.361785671560057
8.37591522832394
8.387851323846252
8.431147487152817
8.438031999180273
8.463901289251687
8.499912763188116
8.506781831470958
8.55842401101225
8.58251086616008
8.639892414792683
8.662889653697178
8.684506841191324
8.707901744320427
8.743566487887222
8.762189975194191
8.789516696432484
8.815059108690054
8.853083999154652
8.866714035500888
8.88024401928389
8.914382563549454
8.9288776354975
8.963802393684603
8.974699856098619
9.030522182890682
9.04608739829912
9.082245214497322
9.112120254864973
9.152891197235146
9.162522909496097
9.190463868935351
9.226551271389019
9.243240453181523
9.291293790262952
9.338258830033745
9.374852291651097
9.413554818293113
9.463306913066338
9.492583423553556
9.51097141191426
9.540419858477833
9.563557462644672
9.586615573769688
9.600243709625301
9.623542383665878
9.650627028589854
9.668786335050793
9.703909103806815
9.724865258861094
9.774607944256585
9.789920565473055
9.821373686035718
9.830729957136377
9.865072480791815
9.901831018972343
9.954466627067227
9.966371928042312
10.012400906006134
10.025149993656779
10.081931304341598
10.093032148663985
10.10481987049435
10.120788091986102
10.160787923563621
10.206855474457393
10.224171032755782
10.256131818777114
10.266387278718675
10.313732344115165
10.362480157824324
10.372407763385388
10.427085664834076
10.444244934207918
10.462677108548489
10.475056988653343
10.503505861024436
10.526427681568912
10.551431938879158
10.569099210154281
10.612806341636507
10.631839770645339
10.668409402768553
10.680827667012924
10.691810559816055
10.74084890370561
10.747545103240471
10.780490850620543
10.792537814711842
10.827220838552769
10.843548179529867
10.867916140794613
10.891760325549138
10.938046763338987
10.965190697516803
11.010844765541563
11.047154361162177
11.07275180191044
11.0776021658363
11.110148467903343
11.148861460954363
11.154304616261793
11.183424220551192
11.214552545477213
11.226308629332992
11.248538702668492
11.288969508936646
11.3115090303221
11.328561496474194
11.356963753066193
11.381783957466194
11.413241817232503
11.42254588745612
11.464080268768225
11.476196758521397
11.506682875024447
11.517838909049075
11.601987092411276
11.60336540902381
11.65064617080988
11.665263612321091
11.674421932660868
11.702305974616571
11.729409288523717
11.79640180677411
11.810629153263733
11.84116719516283
11.895183933483414
11.910436811332916
11.939874080673343
11.958320470245932
11.989221742127432
12.027807255982252
12.04265866249127
12.105638873838535
12.119573956447915
12.148780311035049
12.160922923606554
12.205188561683805
12.241354006614266
12.250110926805569
12.290133441142068
12.33258830603306
12.36891959233974
12.37567635966684
12.398978633322601
12.410847616945585
12.439734241657503
12.504485536885745
12.524357174957215
12.52832623753988
12.544464111351555
12.576115082149746
12.61409687217754
12.618612195533162
12.664199314619303
12.713039752307933
12.740911964597291
12.778505710174644
12.785608334815231
12.816110433586722
12.838011113235135
12.87673958532973
12.89625360920215
12.967088723103213
12.986110959909967
13.012262355100951
13.022194959938542
13.038821374818967
13.059855547659257
13.109916969126374
13.133638042930011
13.146087234100852
13.174912677226818
13.189347530230979
13.22959753015599
13.255499163917856
13.301157050640674
13.32877906062467
13.369538472840675
13.389048850202764
13.454508216002795
13.467785813954933
13.49021556922048
13.542593460140877
13.552011346517782
13.58530938411187
13.607051611444236
13.634263403318515
13.64606024971156
13.664261787849917
13.703275778135506
13.748864048823764
13.782794279175066
13.825559125458158
13.868843998210494
13.876246772552827
13.905843490889291
13.912328019058219
13.943522243557473
13.958982600167111
14.003913267373086
14.016358150252083
14.024026034801008
14.088363092807695
14.097229267208949
14.15058730481467
14.183036299361076
14.228546548945886
14.245376762493686
14.269329448190874
14.3004023992328
14.353319517826026
14.38313628648988
14.392785216511118
14.429037738904082
14.44879079790969
14.486966543562009
14.531860134265667
14.570466897526936
14.587903608016429
14.66045835562685
14.665853200373354
14.710322376290533
14.725882609341296
14.782101369429324
14.829154181922096
14.837172153963158
14.848817144145464
14.889477511131973
14.900120517044485
14.933386078485084
14.974800687224308
15.011992853715894
15.014956276433761
15.085031104962528
15.10918576176873
15.121562444208712
15.173691397297642
15.188079265433906
15.209646882751418
15.250715987199639
15.258837051567099
15.309930020516328
15.335156667831642
15.363779507089554
15.388417300201706
15.439828066711957
15.456311431789896
15.483305342059767
15.497854243210748
15.516143391517918
15.56873439304341
15.578956800079503
15.617833969793372
15.645170319143139
15.694380543736658
15.713533739082155
15.76993323448807
15.785851038545538
15.821401728210727
15.85279113301052
15.895177531716632
15.910238797434287
15.931824761177788
15.966355889520015
15.973535826171782
16.03407246038075
16.078112678912323
16.089813996542496
16.126323549346974
16.138177396473274
16.175713573012043
16.237520485949265
16.245393265338947
16.27911453073347
16.30729007538163
16.335375608234912
16.362838963507905
16.37446974838986
16.412244582670134
16.434964567545368
16.50429526845548
16.569388275228196
16.593332371291986
16.648183257414217
16.677497668154135
16.703856970557336
16.76148209058363
16.7918203296161
16.8123086399117
16.845566486356212
16.914769199991987
16.927643028001544
16.964774480362305
17.007088863105864
17.022748217001993
17.061214981899692
17.100453788297077
17.12897465585121
17.157954507522046
17.16940867619739
17.231610070506996
17.269956615283945
17.281624971966366
17.30748670962221
17.329928649415137
17.369905133055187
17.3938980403321
17.41559772866877
17.439799496674805
17.475731560931134
17.492839090004594
17.524762411622394
17.556887094824283
17.612557256138814
17.61684701383782
17.64969475283963
17.657842114553702
17.68989480538308
17.732413504728
17.796592335578516
17.831253481149698
17.850225090114044
17.890390859916703
17.955917712119117
17.995083467565358
18.0297190629459
18.068673891815454
18.089660011483378
18.135610598760174
18.213871885553242
18.2470772244991
18.253965483793444
18.326726496621532
18.34237759567385
18.428515700799437
18.456301326914094
18.502219222323863
18.536610066350242
18.58796225656529
18.613669892527625
18.66756731270809
18.712505533651523
18.76882886994299
18.812334078504037
18.881713400049982
18.92655299015444
18.929929526848937
19.023140096754304
19.07741525921334
19.096819833957603
19.11929946402688
19.19325401432578
19.251085055631382
19.265598653836037
19.279393702189697
19.388857212114996
19.434573426412097
19.488866907961206
19.533845664597226
19.57269736218179
19.5824712793464
19.706743645576786
19.713579417869052
19.765591949362854
19.840236352926013
19.87453705424443
19.9043461222022
19.92066540825542
19.95721377928754
20.007673119283595
20.021387658012063
20.103795534893678
20.14737689322006
20.246475620613666
20.25425714248158
20.324231771452872
20.456210589055093
20.483330456974063
20.51551425157456
20.542306008874085
20.58169965299796
20.652071584551706
20.69674936910565
20.81006360746345
20.835564656509085
20.897452414491983
20.97335292081024
21.035309044276026
21.10517579748955
21.16246748810181
21.29945713355596
21.328653399759695
21.421253067364407
21.516756224333857
21.597854958767396
21.656855775132943
21.70258044403461
21.789979453967334
21.84574543977871
21.87882085838595
21.959973306821695
21.99234380853674
22.02044853366528
22.08128825131628
22.11432676724995
22.259968320964003
22.42606797231713
22.470640033219702
22.789720867276174
22.82487402311138
22.889266640021553
23.071246802116956
23.197507818146146
23.529327132119807
23.607711843204974
24.04284844557907
24.23656014373007
24.345608570815358
0.5516893268842715
0.6977827253726291
0.7290149387104591
0.7691849546091472
0.8297221776223045
0.8628122309254105
0.9907105327252382
1.0242888237937728
1.0845233981478162
4.303880597625262
4.446376291955245
4.49045717963745
4.58164032744454
4.93351319007946
5.096556184749868
5.464025290119451
5.680958046657785
5.710583447569287
6.066107348014273
6.085731740972256
6.127452931536163
6.227215416963585
6.257227013083492
6.262847416731816
6.291920691345166
6.3450962819351675
6.3940518777583195
6.410135151744195
6.423588877308205
6.47116411605091
6.480898308967903
6.50835294834627
6.611124286302559
6.6379154677066765
6.673434540773922
6.6803963361478615
6.708167943589676
6.79853918984889
6.873080462626734
6.9450020028174295
6.955261929710648
6.970000178005572
6.987045247796745
7.032309141972499
7.088054418884175
7.140678273659049
7.191842776906342
7.253259049225244
7.314233856013386
7.317266010463713
7.378292876647406
7.413895345265164
7.4421231187120815
7.467904088264923
7.507021089545509
7.563325043198414
7.593177899339229
7.627845294769976
7.678839461244788
7.689553709305501
7.72118616000206
7.787810005598713
7.808559029589939
7.814531801420469
7.8636331035823375
7.873413181738655
7.907405357056773
7.949257075590537
7.990093817691309
8.013870892201659
8.030385646100404
8.063243160301619
8.076407967610608
8.144069143215164
8.236683299211872
8.252580489471198
8.284367281953054
8.30514746817411
8.325596202864308
8.361785671560057
8.37591522832394
8.387851323846252
8.431147487152817
8.438031999180273
8.463901289251687
8.499912763188116
8.506781831470958
8.55842401101225
8.58251086616008
8.639892414792683
8.662889653697178
8.684506841191324
8.707901744320427
8.743566487887222
8.762189975194191
8.789516696432484
8.815059108690054
8.853083999154652
8.866714035500888
8.88024401928389
8.914382563549454
8.9288776354975
8.963802393684603
8.974699856098619
9.030522182890682
9.04608739829912
9.082245214497322
9.112120254864973
9.152891197235146
9.162522909496097
9.190463868935351
9.226551271389019
9.243240453181523
9.291293790262952
9.338258830033745
9.374852291651097
9.413554818293113
9.463306913066338
9.492583423553556
9.51097141191426
9.540419858477833
9.563557462644672
9.586615573769688
9.600243709625301
9.623542383665878
9.650627028589854
9.668786335050793
9.703909103806815
9.724865258861094
9.774607944256585
9.789920565473055
9.821373686035718
9.830729957136377
9.865072480791815
9.901831018972343
9.954466627067227
9.966371928042312
10.012400906006134
10.025149993656779
10.081931304341598
10.093032148663985
10.10481987049435
10.120788091986102
10.160787923563621
10.206855474457393
10.224171032755782
10.256131818777114
10.266387278718675
10.313732344115165
10.362480157824324
10.372407763385388
10.427085664834076
10.444244934207918
10.462677108548489
10.475056988653343
10.503505861024436
10.526427681568912
10.551431938879158
10.569099210154281
10.612806341636507
10.631839770645339
10.668409402768553
10.680827667012924
10.691810559816055
10.74084890370561
10.747545103240471
10.780490850620543
10.792537814711842
10.827220838552769
10.843548179529867
10.867916140794613
10.891760325549138
10.938046763338987
10.965190697516803
11.010844765541563
11.047154361162177
11.07275180191044
11.0776021658363
11.110148467903343
11.148861460954363
11.154304616261793
11.183424220551192
11.214552545477213
11.226308629332992
11.248538702668492
11.288969508936646
11.3115090303221
11.328561496474194
11.356963753066193
11.381783957466194
11.413241817232503
11.42254588745612
11.464080268768225
11.476196758521397
11.506682875024447
11.517838909049075
11.601987092411276
11.60336540902381
11.65064617080988
11.665263612321091
11.674421932660868
11.702305974616571
11.729409288523717
11.79640180677411
11.810629153263733
11.84116719516283
11.895183933483414
11.910436811332916
11.939874080673343
11.958320470245932
11.989221742127432
12.027807255982252
12.04265866249127
12.105638873838535
12.119573956447915
12.148780311035049
12.160922923606554
12.205188561683805
12.241354006614266
12.250110926805569
12.290133441142068
12.33258830603306
12.36891959233974
12.37567635966684
12.398978633322601
12.410847616945585
12.439734241657503
12.504485536885745
12.524357174957215
12.52832623753988
12.544464111351555
12.576115082149746
12.61409687217754
12.618612195533162
12.664199314619303
12.713039752307933
12.740911964597291
12.778505710174644
12.785608334815231
12.816110433586722
12.838011113235135
12.87673958532973
12.89625360920215
12.967088723103213
12.986110959909967
13.012262355100951
13.022194959938542
13.038821374818967
13.059855547659257
13.109916969126374
13.133638042930011
13.146087234100852
13.174912677226818
13.189347530230979
13.22959753015599
13.255499163917856
13.301157050640674
13.32877906062467
13.369538472840675
13.389048850202764
13.454508216002795
13.467785813954933
13.49021556922048
13.542593460140877
13.552011346517782
13.58530938411187
13.607051611444236
13.634263403318515
13.64606024971156
13.664261787849917
13.703275778135506
13.748864048823764
13.782794279175066
13.825559125458158
13.868843998210494
13.876246772552827
13.905843490889291
13.912328019058219
13.943522243557473
13.958982600167111
14.003913267373086
14.016358150252083
14.024026034801008
14.088363092807695
14.097229267208949
14.15058730481467
14.183036299361076
14.228546548945886
14.245376762493686
14.269329448190874
14.3004023992328
14.353319517826026
14.38313628648988
14.392785216511118
14.429037738904082
14.44879079790969
14.486966543562009
14.531860134265667
14.570466897526936
14.587903608016429
14.66045835562685
14.665853200373354
14.710322376290533
14.725882609341296
14.782101369429324
14.829154181922096
14.837172153963158
14.848817144145464
14.889477511131973
14.900120517044485
14.933386078485084
14.974800687224308
15.011992853715894
15.014956276433761
15.085031104962528
15.10918576176873
15.121562444208712
15.173691397297642
15.188079265433906
15.209646882751418
15.250715987199639
15.258837051567099
15.309930020516328
15.335156667831642
15.363779507089554
15.388417300201706
15.439828066711957
15.456311431789896
15.483305342059767
15.497854243210748
15.516143391517918
15.56873439304341
15.578956800079503
15.617833969793372
15.645170319143139
15.694380543736658
15.713533739082155
15.76993323448807
15.785851038545538
15.821401728210727
15.85279113301052
15.895177531716632
15.910238797434287
15.931824761177788
15.966355889520015
15.973535826171782
16.03407246038075
16.078112678912323
16.089813996542496
16.126323549346974
16.138177396473274
16.175713573012043
16.237520485949265
16.245393265338947
16.27911453073347
16.30729007538163
16.335375608234912
16.362838963507905
16.37446974838986
16.412244582670134
16.434964567545368
16.50429526845548
16.569388275228196
16.593332371291986
16.648183257414217
16.677497668154135
16.703856970557336
16.76148209058363
16.7918203296161
16.8123086399117
16.845566486356212
16.914769199991987
16.927643028001544
16.964774480362305
17.007088863105864
17.022748217001993
17.061214981899692
17.100453788297077
17.12897465585121
17.157954507522046
17.16940867619739
17.231610070506996
17.269956615283945
17.281624971966366
17.30748670962221
17.329928649415137
17.369905133055187
17.3938980403321
17.41559772866877
17.439799496674805
17.475731560931134
17.492839090004594
17.524762411622394
17.556887094824283
17.612557256138814
17.61684701383782
17.64969475283963
17.657842114553702
17.68989480538308
17.732413504728
17.796592335578516
17.831253481149698
17.850225090114044
17.890390859916703
17.955917712119117
17.995083467565358
18.0297190629459
18.068673891815454
18.089660011483378
18.135610598760174
18.213871885553242
18.2470772244991
18.253965483793444
18.326726496621532
18.34237759567385
18.428515700799437
18.456301326914094
18.502219222323863
18.536610066350242
18.58796225656529
18.613669892527625
18.66756731270809
18.712505533651523
18.76882886994299
18.812334078504037
18.881713400049982
18.92655299015444
18.929929526848937
19.023140096754304
19.07741525921334
19.096819833957603
19.11929946402688
19.19325401432578
19.251085055631382
19.265598653836037
19.279393702189697
19.388857212114996
19.434573426412097
19.488866907961206
19.533845664597226
19.57269736218179
19.5824712793464
19.706743645576786
19.713579417869052
19.765591949362854
19.840236352926013
19.87453705424443
19.9043461222022
19.92066540825542
19.95721377928754
20.007673119283595
20.021387658012063
20.103795534893678
20.14737689322006
20.246475620613666
20.25425714248158
20.324231771452872
20.456210589055093
20.483330456974063
20.51551425157456
20.542306008874085
20.58169965299796
20.652071584551706
20.69674936910565
20.81006360746345
20.835564656509085
20.897452414491983
20.97335292081024
21.035309044276026
21.10517579748955
21.16246748810181
21.29945713355596
21.328653399759695
21.421253067364407
21.516756224333857
21.597854958767396
21.656855775132943
21.70258044403461
21.789979453967334
21.84574543977871
21.87882085838595
21.959973306821695
21.99234380853674
22.02044853366528
22.08128825131628
22.11432676724995
22.259968320964003
22.42606797231713
22.470640033219702
22.789720867276174
22.82487402311138
22.889266640021553
23.071246802116956
23.197507818146146
23.529327132119807
23.607711843204974
24.04284844557907
24.23656014373007
24.345608570815358
