0.756898686428997
0.8360043757402673
0.9771869019386542
0.9818789838466558
1.0524035614435634
9.381840405504008
10.070420796483697
10.880518710047623
11.269945679520541
11.366797361287514
11.600107410984439
11.619747357225974
11.737377848478472
11.965128001135419
12.000569962454941
12.174768096004597
12.237398379975819
12.295468660299926
12.419665088616375
12.579332857512663
12.600997484527536
12.612668365846085
12.69688093513124
12.730160922944277
12.817618222058265
12.877793158687332
12.924073897422737
12.963988806760891
13.008554036237292
13.100356705163282
13.20189859140465
13.215407848173347
13.267636385944167
13.316500405119953
13.3524589388202
13.493835021986891
13.509522002208884
13.524922311062019
13.583879658570625
13.640063656255418
13.66793351501046
13.704588080293744
13.763816521396215
13.789835468285785
13.822205030864014
13.890483479635249
13.911838039849547
13.974724445874605
14.025507764403015
14.086673508040032
14.119824813464032
14.163668227214686
14.20300243551208
14.233895211697178
14.27319586794383
14.309962120189434
14.372327394158706
14.381745393677376
14.4018139262867
14.431889710771227
14.487548675513084
14.545763662160649
14.562722124923857
14.582871618638325
14.636305997303865
14.641755208919042
14.698398342147854
14.719546889052783
14.804679924850763
14.826006350465644
14.870679284984721
14.898175599232605
14.9768532760176
15.008634894426454
15.100687847193385
15.115939296675768
15.133675278213294
15.183019187980015
15.257006709173504
15.316887365912969
15.337081407229169
15.35267520245591
15.384855393085628
15.436468099467193
15.475918723481978
15.492901430433099
15.60050810012438
15.644078321245825
15.668677871282043
15.684474545835045
15.720382060502912
15.735205809960052
15.783832798084077
15.792534491830278
15.824332715159363
15.825939942334076
15.863205703547806
15.916551063652653
15.94156146997937
16.00557966087522
16.049691105818486
16.07976348326954
16.105227661020088
16.159572309249306
16.17819608150499
16.23975199679589
16.26348114534305
16.270226700185802
16.35206135320802
16.398271283497117
16.419592374282676
16.46739300810833
16.494937334769055
16.5466028169866
16.55837504576231
16.594027912837227
16.62054750108645
16.64158598124337
16.67567044356165
16.7219287321726
16.81899199770681
16.89929926459251
16.904415551271416
16.925696782205094
16.972029497150917
17.03998345531514
17.05543387636289
17.07747508341913
17.162019824323238
17.203900276309458
17.248034272496643
17.259973067380784
17.319321422847416
17.341814609262656
17.37682859284628
17.393190084783967
17.42884077640805
17.44121433472293
17.462035791584846
17.54333124764673
17.56545347018815
17.634952784025554
17.657949410410122
17.663187613298174
17.703173853509938
17.72181293039236
17.756226061479165
17.769882716268757
17.786967379678675
17.831683203929114
17.8743191108981
17.938673594133213
17.955110473077298
17.988928567348037
18.026146790541052
18.059105848993287
18.098436911915304
18.131118942314668
18.158555029710456
18.209051093572715
18.272166337642155
18.307667561734625
18.352509117344106
18.381315442198606
18.43492253052815
18.46116909995291
18.51863709836103
18.55554682712231
18.575743900492082
18.60469626828407
18.647100119066327
18.686225610736486
18.708246786163475
18.734498732711863
18.753724850137164
18.795709555279394
18.86214124808185
18.866527000981478
18.889322972540217
18.917562504637893
18.9894895184332
19.00203708384013
19.01387710440818
19.080391649350048
19.115626006300285
19.144364197263794
19.19001869246473
19.20997942446852
19.238188504823913
19.26736482340276
19.303274555596193
19.361575713124505
19.38984737371275
19.424284167869082
19.452207293565056
19.469892444795406
19.52716388732272
19.57118822900037
19.596456143346796
19.625282864338192
19.66829717557535
19.680794440205457
19.735644210940375
19.767737230838662
19.782071159361514
19.799415942101923
19.852735132072233
19.90463948007957
19.9477203613456
19.969069428393283
19.976474354772588
20.029266156029596
20.045739529065962
20.0895261909953
20.132649288563876
20.147914597796625
20.173857393957007
20.20812056122079
20.251285680209506
20.26787784945831
20.287156823506006
20.333285428496392
20.36815668744575
20.42069320382642
20.45413816421866
20.498045559190984
20.52567868126343
20.542963815884608
20.57619239781086
20.600095202971417
20.626460603863737
20.63530150206315
20.666018685922914
20.717973350268046
20.752480912547405
20.77993975346692
20.84080782250781
20.865443803419303
20.918402866274565
20.97164696430831
20.980994152460088
21.009789228470517
21.06174895379159
21.09902566859759
21.114584642356988
21.12128817110911
21.19631117609077
21.257073670353464
21.26745255307769
21.307713293595576
21.34197350326171
21.36456678489003
21.416960385466343
21.427176501145656
21.451319870141646
21.48264982744752
21.52564451367842
21.574930161136912
21.619343553908475
21.646769886300763
21.683070905392402
21.715060429089853
21.772900779053153
21.788575014336136
21.835824182446267
21.865813764302903
21.919864575239444
21.937228247085198
21.956231037870126
22.019551529204847
22.063607336372797
22.085519032712412
22.118817308451945
22.147856880618146
22.163209983803082
22.21060855430513
22.259542448625616
22.2980298422974
22.313518059573408
22.331124399880004
22.36511863260246
22.39924719533535
22.472784826888702
22.49487739432343
22.541948512391663
22.555873953000948
22.586979205840823
22.628814616622723
22.633916505055574
22.718347598996512
22.75749677724604
22.788418258965
22.797648651213255
22.835804985427888
22.87605607167051
22.89021848437525
22.949520929798048
22.971963176838152
23.024596154934287
23.080263502810336
23.096730136492724
23.12143382292437
23.191782485919845
23.201143449065633
23.256530286921322
23.32157924541724
23.390070325464013
23.408104932953037
23.44342539210822
23.45998876677309
23.503542098290023
23.5126588774735
23.58191508557424
23.596459312525525
23.64015090340896
23.6665494457531
23.71773318798794
23.738057198502613
23.781427346003515
23.80004048337084
23.817254567110428
23.862062146792244
23.94312130103819
23.97723783213811
24.051730362474718
24.064731224730252
24.102735906893106
24.136885661882427
24.178911014733984
24.18811436369048
24.228626400777856
24.268989902677706
24.291201024432066
24.33107077443215
24.35895278509065
24.453800995231894
24.486737820745827
24.502296559933786
24.534164315050912
24.56672401132939
24.621463534633385
24.628851454673935
24.716012532310767
24.759358932139616
24.770957629310686
24.80210405009338
24.86524463011764
24.903956237346055
24.932842344399116
24.97355285086327
25.01145277119342
25.057533036923612
25.07108138438881
25.110642441066656
25.167177909687574
25.254465536320467
25.26335236023489
25.305536002482526
25.37057006792289
25.414064543277814
25.42527739899007
25.438097643998876
25.462242180029396
25.528830755365643
25.591327712251648
25.624029009622834
25.682471706732365
25.71198634471455
25.735783799918817
25.761056096475922
25.80462863674212
25.915038744323127
25.95577074368079
25.96920333853746
26.014161073158686
26.02221215942676
26.081991361810886
26.08739300483024
26.1449864877515
26.165267939586133
26.2118987295163
26.239696533571653
26.278124658811556
26.33392216504728
26.36547656914591
26.38853233586131
26.409975114075507
26.468553773101135
26.502824693316033
26.515009518566654
26.548296507915406
26.60504735775732
26.613678491296255
26.6434705048194
26.717675585590232
26.746811479367484
26.776819667016696
26.801110915242056
26.897904414963406
26.93260245263881
26.991164553607277
27.055670282635724
27.08324835614072
27.17106189977693
27.186163725367024
27.24101422653638
27.29117026610606
27.30877108680738
27.354678791400943
27.454145871000055
27.493912710467296
27.509706986399397
27.53820552038712
27.566959577902285
27.605886325601244
27.685703951963525
27.70813068430521
27.77093413566275
27.794971356390207
27.867444522169894
27.90725371850311
27.939547387261456
28.03647636363372
28.0525568923635
28.10299174602086
28.123929463449855
28.141206940469242
28.2157321343006
28.254987339495393
28.296788118637078
28.412919621983168
28.492996783312538
28.521403961170606
28.54403064266429
28.615874172181258
28.669248238303084
28.755969098493466
28.76517514280095
28.832877692452588
28.875208554400654
28.948576802271933
28.96568245022776
29.041874793901968
29.107666058298555
29.18516056324684
29.195865679172883
29.23171766629725
29.311882568585105
29.34756318765418
29.466144578429603
29.60253432364545
29.67141411284226
29.71931275351966
29.77522233018512
29.87208935118806
29.91597052780555
30.06447362612852
30.091255817690527
30.124184754365736
30.20041793605534
30.250829610699114
30.29868836288906
30.395093678754353
30.515339007236012
30.52596599464161
30.577277976341293
30.63909898492642
30.706778841059965
30.72274841190605
30.86339354294967
30.974227740910923
31.011403007293506
31.20982676103007
31.356449244405923
31.417697625155242
31.54010178437775
31.60434745107168
31.687708750418004
31.79374011936823
31.894510668011158
31.96033934608671
32.02037855155712
32.11415215347271
32.11845691905246
32.20262562075683
32.439164463220095
32.601266023701356
32.85111386603305
33.735440808889706
33.78835029021974
33.819301360845735
33.95445385017565
34.00904565381722
34.35032065669668
34.42206155360448
34.72567495956256
35.9754349505678
36.10634271541577
37.35181284062871
0.756898686428997
0.8360043757402673
0.9771869019386542
0.9818789838466558
1.0524035614435634
9.381840405504008
10.070420796483697
10.880518710047623
11.269945679520541
11.366797361287514
11.600107410984439
11.619747357225974
11.737377848478472
11.965128001135419
12.000569962454941
12.174768096004597
12.237398379975819
12.295468660299926
12.419665088616375
12.579332857512663
12.600997484527536
12.612668365846085
12.69688093513124
12.730160922944277
12.817618222058265
12.877793158687332
12.924073897422737
12.963988806760891
13.008554036237292
13.100356705163282
13.20189859140465
13.215407848173347
13.267636385944167
13.316500405119953
13.3524589388202
13.493835021986891
13.509522002208884
13.524922311062019
13.583879658570625
13.640063656255418
13.66793351501046
13.704588080293744
13.763816521396215
13.789835468285785
13.822205030864014
13.890483479635249
13.911838039849547
13.974724445874605
14.025507764403015
14.086673508040032
14.119824813464032
14.163668227214686
14.20300243551208
14.233895211697178
14.27319586794383
14.309962120189434
14.372327394158706
14.381745393677376
14.4018139262867
14.431889710771227
14.487548675513084
14.545763662160649
14.562722124923857
14.582871618638325
14.636305997303865
14.641755208919042
14.698398342147854
14.719546889052783
14.804679924850763
14.826006350465644
14.870679284984721
14.898175599232605
14.9768532760176
15.008634894426454
15.100687847193385
15.115939296675768
15.133675278213294
15.183019187980015
15.257006709173504
15.316887365912969
15.337081407229169
15.35267520245591
15.384855393085628
15.436468099467193
15.475918723481978
15.492901430433099
15.60050810012438
15.644078321245825
15.668677871282043
15.684474545835045
15.720382060502912
15.735205809960052
15.783832798084077
15.792534491830278
15.824332715159363
15.825939942334076
15.863205703547806
15.916551063652653
15.94156146997937
16.00557966087522
16.049691105818486
16.07976348326954
16.105227661020088
16.159572309249306
16.17819608150499
16.23975199679589
16.26348114534305
16.270226700185802
16.35206135320802
16.398271283497117
16.419592374282676
16.46739300810833
16.494937334769055
16.5466028169866
16.55837504576231
16.594027912837227
16.62054750108645
16.64158598124337
16.67567044356165
16.7219287321726
16.81899199770681
16.89929926459251
16.904415551271416
16.925696782205094
16.972029497150917
17.03998345531514
17.05543387636289
17.07747508341913
17.162019824323238
17.203900276309458
17.248034272496643
17.259973067380784
17.319321422847416
17.341814609262656
17.37682859284628
17.393190084783967
17.42884077640805
17.44121433472293
17.462035791584846
17.54333124764673
17.56545347018815
17.634952784025554
17.657949410410122
17.663187613298174
17.703173853509938
17.72181293039236
17.756226061479165
17.769882716268757
17.786967379678675
17.831683203929114
17.8743191108981
17.938673594133213
17.955110473077298
17.988928567348037
18.026146790541052
18.059105848993287
18.098436911915304
18.131118942314668
18.158555029710456
18.209051093572715
18.272166337642155
18.307667561734625
18.352509117344106
18.381315442198606
18.43492253052815
18.46116909995291
18.51863709836103
18.55554682712231
18.575743900492082
18.60469626828407
18.647100119066327
18.686225610736486
18.708246786163475
18.734498732711863
18.753724850137164
18.795709555279394
18.86214124808185
18.866527000981478
18.889322972540217
18.917562504637893
18.9894895184332
19.00203708384013
19.01387710440818
19.080391649350048
19.115626006300285
19.144364197263794
19.19001869246473
19.20997942446852
19.238188504823913
19.26736482340276
19.303274555596193
19.361575713124505
19.38984737371275
19.424284167869082
19.452207293565056
19.469892444795406
19.52716388732272
19.57118822900037
19.596456143346796
19.625282864338192
19.66829717557535
19.680794440205457
19.735644210940375
19.767737230838662
19.782071159361514
19.799415942101923
19.852735132072233
19.90463948007957
19.9477203613456
19.969069428393283
19.976474354772588
20.029266156029596
20.045739529065962
20.0895261909953
20.132649288563876
20.147914597796625
20.173857393957007
20.20812056122079
20.251285680209506
20.26787784945831
20.287156823506006
20.333285428496392
20.36815668744575
20.42069320382642
20.45413816421866
20.498045559190984
20.52567868126343
20.542963815884608
20.57619239781086
20.600095202971417
20.626460603863737
20.63530150206315
20.666018685922914
20.717973350268046
20.752480912547405
20.77993975346692
20.84080782250781
20.865443803419303
20.918402866274565
20.97164696430831
20.980994152460088
21.009789228470517
21.06174895379159
21.09902566859759
21.114584642356988
21.12128817110911
21.19631117609077
21.257073670353464
21.26745255307769
21.307713293595576
21.34197350326171
21.36456678489003
21.416960385466343
21.427176501145656
21.451319870141646
21.48264982744752
21.52564451367842
21.574930161136912
21.619343553908475
21.646769886300763
21.683070905392402
21.715060429089853
21.772900779053153
21.788575014336136
21.835824182446267
21.865813764302903
21.919864575239444
21.937228247085198
21.956231037870126
22.019551529204847
22.063607336372797
22.085519032712412
22.118817308451945
22.147856880618146
22.163209983803082
22.21060855430513
22.259542448625616
22.2980298422974
22.313518059573408
22.331124399880004
22.36511863260246
22.39924719533535
22.472784826888702
22.49487739432343
22.541948512391663
22.555873953000948
22.586979205840823
22.628814616622723
22.633916505055574
22.718347598996512
22.75749677724604
22.788418258965
22.797648651213255
22.835804985427888
22.87605607167051
22.89021848437525
22.949520929798048
22.971963176838152
23.024596154934287
23.080263502810336
23.096730136492724
23.12143382292437
23.191782485919845
23.201143449065633
23.256530286921322
23.32157924541724
23.390070325464013
23.408104932953037
23.44342539210822
23.45998876677309
23.503542098290023
23.5126588774735
23.58191508557424
23.596459312525525
23.64015090340896
23.6665494457531
23.71773318798794
23.738057198502613
23.781427346003515
23.80004048337084
23.817254567110428
23.862062146792244
23.94312130103819
23.97723783213811
24.051730362474718
24.064731224730252
24.102735906893106
24.136885661882427
24.178911014733984
24.18811436369048
24.228626400777856
24.268989902677706
24.291201024432066
24.33107077443215
24.35895278509065
24.453800995231894
24.486737820745827
24.502296559933786
24.534164315050912
24.56672401132939
24.621463534633385
24.628851454673935
24.716012532310767
24.759358932139616
24.770957629310686
24.80210405009338
24.86524463011764
24.903956237346055
24.932842344399116
24.97355285086327
25.01145277119342
25.057533036923612
25.07108138438881
25.110642441066656
25.167177909687574
25.254465536320467
25.26335236023489
25.305536002482526
25.37057006792289
25.414064543277814
25.42527739899007
25.438097643998876
25.462242180029396
25.528830755365643
25.591327712251648
25.624029009622834
25.682471706732365
25.71198634471455
25.735783799918817
25.761056096475922
25.80462863674212
25.915038744323127
25.95577074368079
25.96920333853746
26.014161073158686
26.02221215942676
26.081991361810886
26.08739300483024
26.1449864877515
26.165267939586133
26.2118987295163
26.239696533571653
26.278124658811556
26.33392216504728
26.36547656914591
26.38853233586131
26.409975114075507
26.468553773101135
26.502824693316033
26.515009518566654
26.548296507915406
26.60504735775732
26.613678491296255
26.6434705048194
26.717675585590232
26.746811479367484
26.776819667016696
26.801110915242056
26.897904414963406
26.93260245263881
26.991164553607277
27.055670282635724
27.08324835614072
27.17106189977693
27.186163725367024
27.24101422653638
27.29117026610606
27.30877108680738
27.354678791400943
27.454145871000055
27.493912710467296
27.509706986399397
27.53820552038712
27.566959577902285
27.605886325601244
27.685703951963525
27.70813068430521
27.77093413566275
27.794971356390207
27.867444522169894
27.90725371850311
27.939547387261456
28.03647636363372
28.0525568923635
28.10299174602086
28.123929463449855
28.141206940469242
28.2157321343006
28.254987339495393
28.296788118637078
28.412919621983168
28.492996783312538
28.521403961170606
28.54403064266429
28.615874172181258
28.669248238303084
28.755969098493466
28.76517514280095
28.832877692452588
28.875208554400654
28.948576802271933
28.96568245022776
29.041874793901968
29.107666058298555
29.18516056324684
29.195865679172883
29.23171766629725
29.311882568585105
29.34756318765418
29.466144578429603
29.60253432364545
29.67141411284226
29.71931275351966
29.77522233018512
29.87208935118806
29.91597052780555
30.06447362612852
30.091255817690527
30.124184754365736
30.20041793605534
30.250829610699114
30.29868836288906
30.395093678754353
30.515339007236012
30.52596599464161
30.577277976341293
30.63909898492642
30.706778841059965
30.72274841190605
30.86339354294967
30.974227740910923
31.011403007293506
31.20982676103007
31.356449244405923
31.417697625155242
31.54010178437775
31.60434745107168
31.687708750418004
31.79374011936823
31.894510668011158
31.96033934608671
32.02037855155712
32.11415215347271
32.11845691905246
32.20262562075683
32.439164463220095
32.601266023701356
32.85111386603305
33.735440808889706
33.78835029021974
33.819301360845735
33.95445385017565
34.00904565381722
34.35032065669668
34.42206155360448
34.72567495956256
35.9754349505678
36.10634271541577
37.35181284062871
