0.7896967384430915
0.8491293037413933
0.9283172301717392
0.9666752545573917
1.114429491377404
9.23865446495567
9.834430890868584
10.143471004293495
10.160809906080587
10.585302040284356
11.315875496853266
11.380184436646239
11.423098664903765
11.513115097322306
11.75571834938693
11.792050592167653
12.008335451996038
12.082707474548531
12.181024794990755
12.238958043616167
12.398931770506923
12.60025544030232
12.614854003697284
12.714495420643381
12.771858340533788
12.832617488001945
13.038148386014921
13.085272404185163
13.18058321366863
13.263040554216865
13.30063966575909
13.358304963475517
13.42005860175569
13.47275282294425
13.489560540903105
13.581719133805821
13.744547640860327
13.783655192914438
13.82657959832229
13.83479898206517
13.881771263004227
13.95287773634018
14.017157986744643
14.026427662916273
14.11139363094594
14.133897724736205
14.175258148413853
14.19123210157914
14.263196713111915
14.321299905104345
14.369596643684195
14.408277214585084
14.443544987699761
14.514157447519517
14.544409405658435
14.58335262024609
14.591900919768452
14.66043072633508
14.725078048793929
14.761778061191112
14.813027887182576
14.86614536367721
14.921053353260472
14.953886924194393
14.981279424392822
15.06912654466282
15.090014626787044
15.108332700263633
15.15697596898768
15.237672972966903
15.293042487695148
15.309869025793386
15.339096874443463
15.377585837862757
15.383524832865973
15.419913616257723
15.499798397599024
15.51210160538317
15.564292373314656
15.625784512759045
15.66960798529006
15.685689067267806
15.69388734364296
15.71278563001862
15.74948514982811
15.78517244575818
15.80158978709237
15.878056197442696
15.899911339631759
15.933851244308089
15.988411403188948
16.01974668707561
16.04915487998337
16.083418213433102
16.105735221290825
16.200580969136876
16.230470267371985
16.293762338311108
16.321721349759134
16.344859954471712
16.374163920953805
16.417193160712184
16.49467317656557
16.534709023141488
16.58244324727544
16.591745099223477
16.66871072299368
16.729425502482297
16.752692227650645
16.78392228622606
16.83532945305226
16.869764353583065
16.880002820298156
16.93619833281967
16.98844426115266
17.02174008929258
17.035238054616453
17.11066401954726
17.145650177256393
17.16780404589491
17.19541446836632
17.217152493503587
17.240931814811606
17.27178775362798
17.31913407581704
17.326634740552553
17.35411314948726
17.396640578741753
17.409083234157887
17.415342876193105
17.510545012306952
17.525910648051035
17.555558499110084
17.63410220229624
17.658626169102224
17.67225160616983
17.689478160141075
17.72871265264022
17.739830254138678
17.787293915383554
17.80840779466493
17.842693933824954
17.8668930048449
17.880008199816476
17.939047436852285
17.988927103033497
18.02147474015884
18.043918396779343
18.093660054567355
18.109501566151415
18.136647371001146
18.191981568101262
18.20320943040599
18.281868941716095
18.316191556742492
18.38186409364171
18.387066771291444
18.433574900044626
18.438601881136602
18.49054720722018
18.539818883337524
18.576262945483627
18.595473120279987
18.62813063473408
18.68686112628905
18.7142774532433
18.722662337632585
18.766676429038174
18.775203634605532
18.799659773290287
18.853625800359094
18.879382396486758
18.916112787045776
18.959743448727078
18.994806771487568
19.047577772717293
19.056972511962105
19.109754232522743
19.1232448487992
19.15353328259315
19.191117648058093
19.21335023121638
19.22381985742524
19.277149494442863
19.29808781119332
19.334215106166244
19.378259482529707
19.458848058402616
19.483552558604377
19.517316289884363
19.56759469812304
19.640497166836393
19.69279253461579
19.72791064567541
19.7345144985922
19.764369697492675
19.794905557825604
19.801467479802266
19.872562930297093
19.878340680205124
19.945396264868442
19.99704314332701
20.012246017487158
20.048137911766673
20.098914956063414
20.123744918862226
20.17221020648181
20.183258304926103
20.255345918171056
20.277169693914725
20.337381367014945
20.35968229670013
20.393090796326156
20.422985544776072
20.44898972534365
20.488706536213687
20.52927403563189
20.553047392105544
20.56069661888929
20.6058752418662
20.626584384312935
20.64320750138907
20.695861507533387
20.723945227025762
20.771129646178277
20.795446302064054
20.807991169213658
20.85699823561861
20.886596781252177
20.905363879090565
20.944650782646903
20.96745386297992
21.025473905761054
21.050152151926156
21.11864956737231
21.162075555085217
21.17153324964185
21.21846314371019
21.269766434688304
21.295077516510077
21.30362760397446
21.317310512906044
21.36613856350014
21.393479539633642
21.4427664017137
21.463711890812355
21.524107555605546
21.55443020536072
21.597678679706206
21.628919295694033
21.664401061497482
21.681805089658113
21.718337402689485
21.741749512007985
21.785027440622667
21.818844228148343
21.862138647581457
21.89031834817047
21.908991777762505
21.91870503333415
21.988985445918622
22.01917141353966
22.057012745121547
22.06118666969208
22.13371195425124
22.164142839212108
22.1796484397358
22.219305589927057
22.276194396296027
22.3071154920494
22.347634331712136
22.373488087421286
22.391583720938165
22.427034791668195
22.484194218128234
22.514975248536896
22.521224547084433
22.564882630425334
22.595683427379683
22.610947616245312
22.672523649509554
22.721371608096753
22.736023185382365
22.754709766998996
22.815927652722465
22.8821768862565
22.905510369796506
22.92278580650992
22.948969027070756
22.966860678454704
23.007178886389323
23.059572176955506
23.096592694562847
23.14179080379989
23.166484181288315
23.180824875740594
23.231453463607302
23.25879008372179
23.29088921046257
23.318855888958407
23.358342386843436
23.41211513702273
23.471702193504417
23.51634551218551
23.555998827896822
23.583813109431237
23.6002501928393
23.645276945880422
23.683528629783627
23.74103772236544
23.75996077718202
23.786919417483553
23.806956742228824
23.85930679153305
23.87551284360067
23.91781302454634
23.97953873208248
24.002692329459208
24.029181612957995
24.066122991659974
24.07805046329964
24.126346031034526
24.191054063097518
24.23783658797992
24.28146966021129
24.302343123986837
24.32911403181248
24.389057843551605
24.428426043970287
24.452648826800804
24.4735505394724
24.49347850482949
24.556168229831602
24.601641488454636
24.634409677569995
24.681459540244568
24.74275225729535
24.775392345021224
24.797395570634688
24.87797573329752
24.902322003409665
24.94154152967518
24.974813910549805
25.008542765512374
25.075958148743325
25.103280484844703
25.192850716332096
25.208218211404304
25.244416030547505
25.27681615722695
25.30592318708811
25.34746571864193
25.372105662940054
25.425809885663302
25.45013535574166
25.486184289009362
25.514887565723534
25.55604922177423
25.566146034996144
25.604270549876833
25.67753770930998
25.68425074110391
25.729168287042597
25.775368073109618
25.807736384301585
25.860181861682683
25.895511729440678
25.90377461054353
25.93074840149572
26.01198486388786
26.03436524270787
26.096095553101424
26.139969820286765
26.16887524496373
26.219422055345905
26.27459557520472
26.298218315025252
26.34882854911358
26.421217317530658
26.478612507726123
26.486943542683118
26.500262365754647
26.55530470888153
26.59908010423561
26.64827889452922
26.690437518415436
26.709570587850774
26.739106051935977
26.791198751294875
26.800042641477837
26.891331151211112
26.921188743044077
26.954006238475472
26.983840971003048
27.089017509512008
27.10177341691457
27.137706083109713
27.189728445843034
27.233473774679364
27.264840410348747
27.310244584098886
27.35269799370134
27.40532210781161
27.446738772906134
27.489432448893435
27.528233083295603
27.563226441008133
27.62544013418994
27.70280625263064
27.738665331865025
27.81315207512832
27.830801081708106
27.843826180144884
27.886915157286367
27.95787410541965
28.049676822391906
28.07912673428205
28.104520417956316
28.17409397605294
28.18674253052168
28.203149837598236
28.226086132234755
28.344920949360944
28.38246280982547
28.441313467706554
28.494343227607963
28.60314184238997
28.630050750548197
28.70811618729957
28.75022904981391
28.92590626394345
28.957439035697746
29.028247098093686
29.05998242081818
29.123967683198394
29.14586408671333
29.17338905245941
29.278914719249208
29.3028047673186
29.353640134011336
29.39667294928426
29.489357948107624
29.529073581048095
29.62566696712708
29.668893524876424
29.702021039199984
29.757242764847945
29.849473558136758
29.949407611370876
30.063632253283707
30.14779730682029
30.1968587914759
30.2595775763219
30.346385264487523
30.39607107006879
30.450276102708667
30.51954699431976
30.598299313719654
30.63738352946673
30.718049081522167
30.797699034721695
30.83932145115248
31.033045917991117
31.067118594278163
31.214987052217065
31.24618063104825
31.284591126813257
31.351205782862866
31.435719289985645
31.591580383092356
31.717840381117338
31.760710511226325
31.892219582499127
31.915155891347585
31.97128585033194
32.1692791464411
32.17218980057877
32.35291396060916
32.418764145429755
32.5534989752532
32.87946314441743
33.1550249499833
33.3721763062692
33.44325110285495
33.508807993498664
33.60955536197375
33.647272895220105
33.79203311626026
33.96554638334045
34.46650369834748
34.58555762065624
34.859868472829845
35.22700939314453
35.23949082198672
35.52434607496654
35.82506617227526
36.124861431298136
36.251945043934924
36.42016238480459
0.7896967384430915
0.8491293037413933
0.9283172301717392
0.9666752545573917
1.114429491377404
9.23865446495567
9.834430890868584
10.143471004293495
10.160809906080587
10.585302040284356
11.315875496853266
11.380184436646239
11.423098664903765
11.513115097322306
11.75571834938693
11.792050592167653
12.008335451996038
12.082707474548531
12.181024794990755
12.238958043616167
12.398931770506923
12.60025544030232
12.614854003697284
12.714495420643381
12.771858340533788
12.832617488001945
13.038148386014921
13.085272404185163
13.18058321366863
13.263040554216865
13.30063966575909
13.358304963475517
13.42005860175569
13.47275282294425
13.489560540903105
13.581719133805821
13.744547640860327
13.783655192914438
13.82657959832229
13.83479898206517
13.881771263004227
13.95287773634018
14.017157986744643
14.026427662916273
14.11139363094594
14.133897724736205
14.175258148413853
14.19123210157914
14.263196713111915
14.321299905104345
14.369596643684195
14.408277214585084
14.443544987699761
14.514157447519517
14.544409405658435
14.58335262024609
14.591900919768452
14.66043072633508
14.725078048793929
14.761778061191112
14.813027887182576
14.86614536367721
14.921053353260472
14.953886924194393
14.981279424392822
15.06912654466282
15.090014626787044
15.108332700263633
15.15697596898768
15.237672972966903
15.293042487695148
15.309869025793386
15.339096874443463
15.377585837862757
15.383524832865973
15.419913616257723
15.499798397599024
15.51210160538317
15.564292373314656
15.625784512759045
15.66960798529006
15.685689067267806
15.69388734364296
15.71278563001862
15.74948514982811
15.78517244575818
15.80158978709237
15.878056197442696
15.899911339631759
15.933851244308089
15.988411403188948
16.01974668707561
16.04915487998337
16.083418213433102
16.105735221290825
16.200580969136876
16.230470267371985
16.293762338311108
16.321721349759134
16.344859954471712
16.374163920953805
16.417193160712184
16.49467317656557
16.534709023141488
16.58244324727544
16.591745099223477
16.66871072299368
16.729425502482297
16.752692227650645
16.78392228622606
16.83532945305226
16.869764353583065
16.880002820298156
16.93619833281967
16.98844426115266
17.02174008929258
17.035238054616453
17.11066401954726
17.145650177256393
17.16780404589491
17.19541446836632
17.217152493503587
17.240931814811606
17.27178775362798
17.31913407581704
17.326634740552553
17.35411314948726
17.396640578741753
17.409083234157887
17.415342876193105
17.510545012306952
17.525910648051035
17.555558499110084
17.63410220229624
17.658626169102224
17.67225160616983
17.689478160141075
17.72871265264022
17.739830254138678
17.787293915383554
17.80840779466493
17.842693933824954
17.8668930048449
17.880008199816476
17.939047436852285
17.988927103033497
18.02147474015884
18.043918396779343
18.093660054567355
18.109501566151415
18.136647371001146
18.191981568101262
18.20320943040599
18.281868941716095
18.316191556742492
18.38186409364171
18.387066771291444
18.433574900044626
18.438601881136602
18.49054720722018
18.539818883337524
18.576262945483627
18.595473120279987
18.62813063473408
18.68686112628905
18.7142774532433
18.722662337632585
18.766676429038174
18.775203634605532
18.799659773290287
18.853625800359094
18.879382396486758
18.916112787045776
18.959743448727078
18.994806771487568
19.047577772717293
19.056972511962105
19.109754232522743
19.1232448487992
19.15353328259315
19.191117648058093
19.21335023121638
19.22381985742524
19.277149494442863
19.29808781119332
19.334215106166244
19.378259482529707
19.458848058402616
19.483552558604377
19.517316289884363
19.56759469812304
19.640497166836393
19.69279253461579
19.72791064567541
19.7345144985922
19.764369697492675
19.794905557825604
19.801467479802266
19.872562930297093
19.878340680205124
19.945396264868442
19.99704314332701
20.012246017487158
20.048137911766673
20.098914956063414
20.123744918862226
20.17221020648181
20.183258304926103
20.255345918171056
20.277169693914725
20.337381367014945
20.35968229670013
20.393090796326156
20.422985544776072
20.44898972534365
20.488706536213687
20.52927403563189
20.553047392105544
20.56069661888929
20.6058752418662
20.626584384312935
20.64320750138907
20.695861507533387
20.723945227025762
20.771129646178277
20.795446302064054
20.807991169213658
20.85699823561861
20.886596781252177
20.905363879090565
20.944650782646903
20.96745386297992
21.025473905761054
21.050152151926156
21.11864956737231
21.162075555085217
21.17153324964185
21.21846314371019
21.269766434688304
21.295077516510077
21.30362760397446
21.317310512906044
21.36613856350014
21.393479539633642
21.4427664017137
21.463711890812355
21.524107555605546
21.55443020536072
21.597678679706206
21.628919295694033
21.664401061497482
21.681805089658113
21.718337402689485
21.741749512007985
21.785027440622667
21.818844228148343
21.862138647581457
21.89031834817047
21.908991777762505
21.91870503333415
21.988985445918622
22.01917141353966
22.057012745121547
22.06118666969208
22.13371195425124
22.164142839212108
22.1796484397358
22.219305589927057
22.276194396296027
22.3071154920494
22.347634331712136
22.373488087421286
22.391583720938165
22.427034791668195
22.484194218128234
22.514975248536896
22.521224547084433
22.564882630425334
22.595683427379683
22.610947616245312
22.672523649509554
22.721371608096753
22.736023185382365
22.754709766998996
22.815927652722465
22.8821768862565
22.905510369796506
22.92278580650992
22.948969027070756
22.966860678454704
23.007178886389323
23.059572176955506
23.096592694562847
23.14179080379989
23.166484181288315
23.180824875740594
23.231453463607302
23.25879008372179
23.29088921046257
23.318855888958407
23.358342386843436
23.41211513702273
23.471702193504417
23.51634551218551
23.555998827896822
23.583813109431237
23.6002501928393
23.645276945880422
23.683528629783627
23.74103772236544
23.75996077718202
23.786919417483553
23.806956742228824
23.85930679153305
23.87551284360067
23.91781302454634
23.97953873208248
24.002692329459208
24.029181612957995
24.066122991659974
24.07805046329964
24.126346031034526
24.191054063097518
24.23783658797992
24.28146966021129
24.302343123986837
24.32911403181248
24.389057843551605
24.428426043970287
24.452648826800804
24.4735505394724
24.49347850482949
24.556168229831602
24.601641488454636
24.634409677569995
24.681459540244568
24.74275225729535
24.775392345021224
24.797395570634688
24.87797573329752
24.902322003409665
24.94154152967518
24.974813910549805
25.008542765512374
25.075958148743325
25.103280484844703
25.192850716332096
25.208218211404304
25.244416030547505
25.27681615722695
25.30592318708811
25.34746571864193
25.372105662940054
25.425809885663302
25.45013535574166
25.486184289009362
25.514887565723534
25.55604922177423
25.566146034996144
25.604270549876833
25.67753770930998
25.68425074110391
25.729168287042597
25.775368073109618
25.807736384301585
25.860181861682683
25.895511729440678
25.90377461054353
25.93074840149572
26.01198486388786
26.03436524270787
26.096095553101424
26.139969820286765
26.16887524496373
26.219422055345905
26.27459557520472
26.298218315025252
26.34882854911358
26.421217317530658
26.478612507726123
26.486943542683118
26.500262365754647
26.55530470888153
26.59908010423561
26.64827889452922
26.690437518415436
26.709570587850774
26.739106051935977
26.791198751294875
26.800042641477837
26.891331151211112
26.921188743044077
26.954006238475472
26.983840971003048
27.089017509512008
27.10177341691457
27.137706083109713
27.189728445843034
27.233473774679364
27.264840410348747
27.310244584098886
27.35269799370134
27.40532210781161
27.446738772906134
27.489432448893435
27.528233083295603
27.563226441008133
27.62544013418994
27.70280625263064
27.738665331865025
27.81315207512832
27.830801081708106
27.843826180144884
27.886915157286367
27.95787410541965
28.049676822391906
28.07912673428205
28.104520417956316
28.17409397605294
28.18674253052168
28.203149837598236
28.226086132234755
28.344920949360944
28.38246280982547
28.441313467706554
28.494343227607963
28.60314184238997
28.630050750548197
28.70811618729957
28.75022904981391
28.92590626394345
28.957439035697746
29.028247098093686
29.05998242081818
29.123967683198394
29.14586408671333
29.17338905245941
29.278914719249208
29.3028047673186
29.353640134011336
29.39667294928426
29.489357948107624
29.529073581048095
29.62566696712708
29.668893524876424
29.702021039199984
29.757242764847945
29.849473558136758
29.949407611370876
30.063632253283707
30.14779730682029
30.1968587914759
30.2595775763219
30.346385264487523
30.39607107006879
30.450276102708667
30.51954699431976
30.598299313719654
30.63738352946673
30.718049081522167
30.797699034721695
30.83932145115248
31.033045917991117
31.067118594278163
31.214987052217065
31.24618063104825
31.284591126813257
31.351205782862866
31.435719289985645
31.591580383092356
31.717840381117338
31.760710511226325
31.892219582499127
31.915155891347585
31.97128585033194
32.1692791464411
32.17218980057877
32.35291396060916
32.418764145429755
32.5534989752532
32.87946314441743
33.1550249499833
33.3721763062692
33.44325110285495
33.508807993498664
33.60955536197375
33.647272895220105
33.79203311626026
33.96554638334045
34.46650369834748
34.58555762065624
34.859868472829845
35.22700939314453
35.23949082198672
35.52434607496654
35.82506617227526
36.124861431298136
36.251945043934924
36.42016238480459
