0.5991148278616054
0.6565959041415595
0.7367857582317182
0.7500594403606317
0.8165623478029603
0.8632351811904262
0.9224647635388094
0.9582398945823916
1.099483265465188
4.412170695278072
4.562816548095482
4.566653423364113
5.244878884496148
5.2856169321535065
5.363841983104482
5.369243672144643
5.383567606022943
5.4656576511549115
5.47860862663027
5.582468610592461
5.649955368262244
5.785868079987688
5.901997770413168
5.930310274486909
5.996973664887468
6.060759096951254
6.074338188275034
6.2209617426112205
6.229903433204433
6.3588933549234135
6.408991747926409
6.526477110948563
6.544441583620251
6.559111969013096
6.650313862316326
6.679560996787647
6.738620570838524
6.780998027619043
6.812283153709509
6.8348417871441915
6.875508103165456
6.919219989574254
6.938668148944095
6.99733677404569
7.05083220040614
7.100538388006817
7.108834396740968
7.140758406446369
7.17180721393209
7.205385890044911
7.222315690539198
7.262189974331523
7.298612626359425
7.330933497815155
7.348471179056369
7.355826157423487
7.382242021388974
7.407580230078888
7.442885368184707
7.457086291013639
7.467404749840308
7.49332529622268
7.579969466134475
7.5869944458466145
7.622823204989369
7.6369824688995305
7.67677793169871
7.693307177596871
7.727940342827636
7.755266091673689
7.805495620229915
7.8460678647481545
7.865265129641983
7.909315190571888
7.953267051715712
8.03169582300757
8.05869429241185
8.091054665731846
8.162757544240248
8.189991467872876
8.206164668242357
8.235330083338624
8.292062358813066
8.304667283348085
8.322701085748694
8.338736162590214
8.367903381507334
8.406674959664121
8.433960976479163
8.458272579429899
8.473235684447463
8.488932521042395
8.521501535836784
8.54994555311393
8.573471953750014
8.596504377386806
8.61380837549537
8.628487722190455
8.65501029007134
8.686617122709544
8.70760311974428
8.722981441054042
8.763383762683203
8.784209938044619
8.824451601359334
8.868968737118434
8.91878052868397
8.952769228193509
8.992743996858321
9.013954152460588
9.046713187944604
9.061836998008058
9.08541240417975
9.10656095109539
9.127045302356889
9.176138218288658
9.263625848532785
9.276940194219467
9.285172872591492
9.32544763350993
9.396582939705956
9.40434555693575
9.432749261922526
9.493156829784077
9.507920451501072
9.541768512553169
9.561829091220035
9.577321766600997
9.596922087139511
9.630223784010361
9.684199835505963
9.697350928575112
9.754056663827825
9.785496929076112
9.79721683309799
9.826368514081882
9.84563540512289
9.871195348638478
9.876156664928608
9.903042784652389
9.943658460870308
9.959781875875917
9.991244469588729
10.0193209351863
10.067688838685283
10.077849943629325
10.12488578132554
10.135935483023284
10.161295210923356
10.174933790814727
10.212438326224907
10.24705787226018
10.253406798789563
10.264832515173312
10.30384080170779
10.338698144318467
10.386454777675684
10.416199758820767
10.460343883912124
10.464310605445789
10.478431512211484
10.487140373613082
10.524644806530684
10.563518170016406
10.570347497872515
10.61719299182823
10.643138615978964
10.662091679514761
10.672453377371934
10.702296559063328
10.749412049760675
10.781805944742091
10.797687454373738
10.819309482557095
10.8671786332997
10.904373577749748
10.928790569205539
10.937097278579902
10.947388700361262
10.969408735758478
11.014100592607486
11.063813300429652
11.085904713013067
11.098588132125288
11.101022142067768
11.14195833936628
11.17660938600476
11.189981688731372
11.207073137201364
11.258385977036005
11.26154477156211
11.320677430933854
11.3587572575287
11.391789256380413
11.398093131112233
11.425175286103062
11.481628243840944
11.49149801514837
11.51239859248013
11.530080189248244
11.598408431765316
11.615501463838033
11.628360547285983
11.662418756534498
11.699641974917094
11.730738957985897
11.742802529370595
11.778975575807916
11.798086013627609
11.817935538902496
11.833035231856712
11.854189826133164
11.865727391276895
11.91398423365919
11.920174775682783
11.957228765399153
11.972614040243993
12.009548283204381
12.033677176380511
12.06206864267708
12.077631967304102
12.140320632997351
12.146485247362094
12.159508014311426
12.188805781110236
12.202907886323548
12.223128258027158
12.26763135003904
12.281868404871775
12.289677190057407
12.323787172562513
12.329366928734533
12.36207460557634
12.391077333196364
12.399271410790835
12.416923380921682
12.440191538585355
12.47576387207453
12.51070340030363
12.530744775049984
12.55581017166365
12.567047746612532
12.618282620407086
12.649686570654849
12.654503349860626
12.690683759944996
12.700899719686282
12.755741297885082
12.78049221279813
12.811662297041698
12.84050961585707
12.877079447267997
12.89378453304108
12.939756307430907
12.9824495441937
13.034440989521618
13.065299389448626
13.074818343117629
13.118529066692759
13.171418880587812
13.178147198004858
13.190308456136611
13.236499203173171
13.273535357758742
13.301979691210569
13.314755761351073
13.334362858851701
13.398153553039158
13.409941064443204
13.419395592034562
13.495860717198209
13.514237635182816
13.52462132442693
13.533046588817268
13.55711634476802
13.592985760033697
13.631055169142838
13.659015866583829
13.69214266791014
13.746774639417186
13.760976950483302
13.817285870214036
13.836359653895892
13.85321744611707
13.889091150998603
13.915485593234687
13.928891223734128
13.965044024838635
13.978523074321389
13.983738704026802
14.000412202909885
14.034703682276456
14.084297807814908
14.11086212174134
14.137773550669728
14.162263999085505
14.18577682055688
14.215609156907687
14.236530448317941
14.256733262860084
14.288245992399295
14.307596633046694
14.327762448754854
14.363791351714008
14.378183539164318
14.422402392863441
14.4518219394415
14.48328826296622
14.514263165894905
14.550995649218953
14.57777719533147
14.611543606197628
14.654746680032867
14.687334147477104
14.742209637005573
14.784708034138342
14.806802559554104
14.832171125443313
14.871719114018534
14.883206538162153
14.906646127880007
14.933688356234578
14.958114095564847
14.97295604113616
15.009730881704186
15.012973758567995
15.041159838847717
15.06374383294522
15.108825941208314
15.12441446848878
15.156688811373185
15.177750349747429
15.230983695251139
15.250231572376078
15.272558200942996
15.315111209241962
15.32260071754916
15.378251897146004
15.404229805294438
15.426527261412454
15.457610277320052
15.490076918817628
15.52750189555068
15.549525978396895
15.567882640817201
15.611864840672927
15.632100506190177
15.678720542948202
15.724580956166424
15.762167283978547
15.779082803987123
15.824656805029663
15.850834289666151
15.938234559091702
15.955684238179474
16.007535331196745
16.030540086640556
16.06792956122617
16.070194966341553
16.112140423306894
16.174481994687444
16.197827047194075
16.247188841710816
16.25673835159192
16.25931704034023
16.291923952587066
16.326923358678936
16.35806295079327
16.410750146298863
16.41263268747185
16.4292270553018
16.465927599573117
16.47975627146538
16.520132817253792
16.555998087759153
16.585761216199106
16.62937937387689
16.664502734225422
16.694372407805186
16.740934785930918
16.774563986679482
16.817864623438336
16.856846990376855
16.877952162140467
16.910698370188413
16.938066381266392
17.01219128063246
17.04602956795023
17.074944426224263
17.10015371982115
17.16846760135844
17.192550885664716
17.195878532321725
17.22396202361371
17.252012642406694
17.304494226685122
17.32797620550466
17.349488988002914
17.374896501348818
17.406180733652086
17.452444175352873
17.502340932049517
17.539983277517543
17.582181642018472
17.610851941454722
17.645623349509364
17.706194126874244
17.716727393487567
17.735615202892248
17.806059262015854
17.81643100115154
17.851648317947497
17.929700263003994
17.946726370500077
17.976075218130713
18.015327487749456
18.08428700925183
18.119667589929087
18.145528003836773
18.19246094408134
18.19785566365081
18.269983625581006
18.295509074836787
18.35808634770773
18.37097880803171
18.426477264189163
18.430621836792096
18.491527477115543
18.560106721110714
18.6061396582482
18.62727071299329
18.653848841319824
18.681701633480007
18.72995463739424
18.761779037217593
18.80054580875244
18.828960867094416
18.913022774743784
18.951901754711134
19.00707562393419
19.064269623263495
19.094719941638335
19.119495083142983
19.162287355694588
19.168044691631227
19.2025463619
19.240284266270866
19.29115901422047
19.31064056320613
19.371193127133903
19.426474973013082
19.47535318011662
19.568103977030518
19.661086188417638
19.68053158320528
19.709646432070095
19.755914621885523
19.764921181066136
19.885450336918854
19.90787690949616
20.01719432042073
20.062233578717905
20.126362735480605
20.17138088495389
20.212973566343457
20.277172130857892
20.33905942995508
20.381534533606175
20.42380955394783
20.445942765322325
20.486386976530802
20.50476851508007
20.638609026429386
20.679156586796456
20.788783822545827
20.835515444665525
20.890930784778106
20.92152391678054
20.98512226376576
21.11379869013116
21.17199285554209
21.20128779495753
21.257863409693677
21.300503389690558
21.447107914995822
21.48223593230474
21.732594012213863
21.762664036084125
21.90240682445395
21.91996059922684
22.065696522426915
22.26841484884457
22.294272261084245
22.398643888507404
22.593592006818547
23.28143692758775
23.53186912090393
23.92581858732899
25.198751712892587
0.5991148278616054
0.6565959041415595
0.7367857582317182
0.7500594403606317
0.8165623478029603
0.8632351811904262
0.9224647635388094
0.9582398945823916
1.099483265465188
4.412170695278072
4.562816548095482
4.566653423364113
5.244878884496148
5.2856169321535065
5.363841983104482
5.369243672144643
5.383567606022943
5.4656576511549115
5.47860862663027
5.582468610592461
5.649955368262244
5.785868079987688
5.901997770413168
5.930310274486909
5.996973664887468
6.060759096951254
6.074338188275034
6.2209617426112205
6.229903433204433
6.3588933549234135
6.408991747926409
6.526477110948563
6.544441583620251
6.559111969013096
6.650313862316326
6.679560996787647
6.738620570838524
6.780998027619043
6.812283153709509
6.8348417871441915
6.875508103165456
6.919219989574254
6.938668148944095
6.99733677404569
7.05083220040614
7.100538388006817
7.108834396740968
7.140758406446369
7.17180721393209
7.205385890044911
7.222315690539198
7.262189974331523
7.298612626359425
7.330933497815155
7.348471179056369
7.355826157423487
7.382242021388974
7.407580230078888
7.442885368184707
7.457086291013639
7.467404749840308
7.49332529622268
7.579969466134475
7.5869944458466145
7.622823204989369
7.6369824688995305
7.67677793169871
7.693307177596871
7.727940342827636
7.755266091673689
7.805495620229915
7.8460678647481545
7.865265129641983
7.909315190571888
7.953267051715712
8.03169582300757
8.05869429241185
8.091054665731846
8.162757544240248
8.189991467872876
8.206164668242357
8.235330083338624
8.292062358813066
8.304667283348085
8.322701085748694
8.338736162590214
8.367903381507334
8.406674959664121
8.433960976479163
8.458272579429899
8.473235684447463
8.488932521042395
8.521501535836784
8.54994555311393
8.573471953750014
8.596504377386806
8.61380837549537
8.628487722190455
8.65501029007134
8.686617122709544
8.70760311974428
8.722981441054042
8.763383762683203
8.784209938044619
8.824451601359334
8.868968737118434
8.91878052868397
8.952769228193509
8.992743996858321
9.013954152460588
9.046713187944604
9.061836998008058
9.08541240417975
9.10656095109539
9.127045302356889
9.176138218288658
9.263625848532785
9.276940194219467
9.285172872591492
9.32544763350993
9.396582939705956
9.40434555693575
9.432749261922526
9.493156829784077
9.507920451501072
9.541768512553169
9.561829091220035
9.577321766600997
9.596922087139511
9.630223784010361
9.684199835505963
9.697350928575112
9.754056663827825
9.785496929076112
9.79721683309799
9.826368514081882
9.84563540512289
9.871195348638478
9.876156664928608
9.903042784652389
9.943658460870308
9.959781875875917
9.991244469588729
10.0193209351863
10.067688838685283
10.077849943629325
10.12488578132554
10.135935483023284
10.161295210923356
10.174933790814727
10.212438326224907
10.24705787226018
10.253406798789563
10.264832515173312
10.30384080170779
10.338698144318467
10.386454777675684
10.416199758820767
10.460343883912124
10.464310605445789
10.478431512211484
10.487140373613082
10.524644806530684
10.563518170016406
10.570347497872515
10.61719299182823
10.643138615978964
10.662091679514761
10.672453377371934
10.702296559063328
10.749412049760675
10.781805944742091
10.797687454373738
10.819309482557095
10.8671786332997
10.904373577749748
10.928790569205539
10.937097278579902
10.947388700361262
10.969408735758478
11.014100592607486
11.063813300429652
11.085904713013067
11.098588132125288
11.101022142067768
11.14195833936628
11.17660938600476
11.189981688731372
11.207073137201364
11.258385977036005
11.26154477156211
11.320677430933854
11.3587572575287
11.391789256380413
11.398093131112233
11.425175286103062
11.481628243840944
11.49149801514837
11.51239859248013
11.530080189248244
11.598408431765316
11.615501463838033
11.628360547285983
11.662418756534498
11.699641974917094
11.730738957985897
11.742802529370595
11.778975575807916
11.798086013627609
11.817935538902496
11.833035231856712
11.854189826133164
11.865727391276895
11.91398423365919
11.920174775682783
11.957228765399153
11.972614040243993
12.009548283204381
12.033677176380511
12.06206864267708
12.077631967304102
12.140320632997351
12.146485247362094
12.159508014311426
12.188805781110236
12.202907886323548
12.223128258027158
12.26763135003904
12.281868404871775
12.289677190057407
12.323787172562513
12.329366928734533
12.36207460557634
12.391077333196364
12.399271410790835
12.416923380921682
12.440191538585355
12.47576387207453
12.51070340030363
12.530744775049984
12.55581017166365
12.567047746612532
12.618282620407086
12.649686570654849
12.654503349860626
12.690683759944996
12.700899719686282
12.755741297885082
12.78049221279813
12.811662297041698
12.84050961585707
12.877079447267997
12.89378453304108
12.939756307430907
12.9824495441937
13.034440989521618
13.065299389448626
13.074818343117629
13.118529066692759
13.171418880587812
13.178147198004858
13.190308456136611
13.236499203173171
13.273535357758742
13.301979691210569
13.314755761351073
13.334362858851701
13.398153553039158
13.409941064443204
13.419395592034562
13.495860717198209
13.514237635182816
13.52462132442693
13.533046588817268
13.55711634476802
13.592985760033697
13.631055169142838
13.659015866583829
13.69214266791014
13.746774639417186
13.760976950483302
13.817285870214036
13.836359653895892
13.85321744611707
13.889091150998603
13.915485593234687
13.928891223734128
13.965044024838635
13.978523074321389
13.983738704026802
14.000412202909885
14.034703682276456
14.084297807814908
14.11086212174134
14.137773550669728
14.162263999085505
14.18577682055688
14.215609156907687
14.236530448317941
14.256733262860084
14.288245992399295
14.307596633046694
14.327762448754854
14.363791351714008
14.378183539164318
14.422402392863441
14.4518219394415
14.48328826296622
14.514263165894905
14.550995649218953
14.57777719533147
14.611543606197628
14.654746680032867
14.687334147477104
14.742209637005573
14.784708034138342
14.806802559554104
14.832171125443313
14.871719114018534
14.883206538162153
14.906646127880007
14.933688356234578
14.958114095564847
14.97295604113616
15.009730881704186
15.012973758567995
15.041159838847717
15.06374383294522
15.108825941208314
15.12441446848878
15.156688811373185
15.177750349747429
15.230983695251139
15.250231572376078
15.272558200942996
15.315111209241962
15.32260071754916
15.378251897146004
15.404229805294438
15.426527261412454
15.457610277320052
15.490076918817628
15.52750189555068
15.549525978396895
15.567882640817201
15.611864840672927
15.632100506190177
15.678720542948202
15.724580956166424
15.762167283978547
15.779082803987123
15.824656805029663
15.850834289666151
15.938234559091702
15.955684238179474
16.007535331196745
16.030540086640556
16.06792956122617
16.070194966341553
16.112140423306894
16.174481994687444
16.197827047194075
16.247188841710816
16.25673835159192
16.25931704034023
16.291923952587066
16.326923358678936
16.35806295079327
16.410750146298863
16.41263268747185
16.4292270553018
16.465927599573117
16.47975627146538
16.520132817253792
16.555998087759153
16.585761216199106
16.62937937387689
16.664502734225422
16.694372407805186
16.740934785930918
16.774563986679482
16.817864623438336
16.856846990376855
16.877952162140467
16.910698370188413
16.938066381266392
17.01219128063246
17.04602956795023
17.074944426224263
17.10015371982115
17.16846760135844
17.192550885664716
17.195878532321725
17.22396202361371
17.252012642406694
17.304494226685122
17.32797620550466
17.349488988002914
17.374896501348818
17.406180733652086
17.452444175352873
17.502340932049517
17.539983277517543
17.582181642018472
17.610851941454722
17.645623349509364
17.706194126874244
17.716727393487567
17.735615202892248
17.806059262015854
17.81643100115154
17.851648317947497
17.929700263003994
17.946726370500077
17.976075218130713
18.015327487749456
18.08428700925183
18.119667589929087
18.145528003836773
18.19246094408134
18.19785566365081
18.269983625581006
18.295509074836787
18.35808634770773
18.37097880803171
18.426477264189163
18.430621836792096
18.491527477115543
18.560106721110714
18.6061396582482
18.62727071299329
18.653848841319824
18.681701633480007
18.72995463739424
18.761779037217593
18.80054580875244
18.828960867094416
18.913022774743784
18.951901754711134
19.00707562393419
19.064269623263495
19.094719941638335
19.119495083142983
19.162287355694588
19.168044691631227
19.2025463619
19.240284266270866
19.29115901422047
19.31064056320613
19.371193127133903
19.426474973013082
19.47535318011662
19.568103977030518
19.661086188417638
19.68053158320528
19.709646432070095
19.755914621885523
19.764921181066136
19.885450336918854
19.90787690949616
20.01719432042073
20.062233578717905
20.126362735480605
20.17138088495389
20.212973566343457
20.277172130857892
20.33905942995508
20.381534533606175
20.42380955394783
20.445942765322325
20.486386976530802
20.50476851508007
20.638609026429386
20.679156586796456
20.788783822545827
20.835515444665525
20.890930784778106
20.92152391678054
20.98512226376576
21.11379869013116
21.17199285554209
21.20128779495753
21.257863409693677
21.300503389690558
21.447107914995822
21.48223593230474
21.732594012213863
21.762664036084125
21.90240682445395
21.91996059922684
22.065696522426915
22.26841484884457
22.294272261084245
22.398643888507404
22.593592006818547
23.28143692758775
23.53186912090393
23.92581858732899
25.198751712892587
