0.7129056659298552
0.7465670983711931
0.8152384904545267
0.8624383800723566
0.9075913916224135
0.9637543366424797
0.990031550966385
1.0496255984738934
1.2205279556780988
4.08182204158103
4.325612861690844
4.466214060675952
4.545292399634995
4.7654321253222065
5.17676504017514
5.2949502954555
5.485974906452394
5.614874789774371
5.723148518832228
5.760812861501259
5.794046460166872
5.8279505362806825
5.8860387421172895
5.928727129706502
6.068397352418314
6.194232493018977
6.205104969855848
6.243676618956713
6.2889179532579655
6.37595211022184
6.50202608186409
6.542533259018124
6.568514904317872
6.58088587474997
6.640743962620643
6.700550796101749
6.7284326332458155
6.810726643312486
6.814459653845197
6.856270697558916
6.88313360406846
6.936732603164941
6.985967418275699
7.023789600947004
7.0545777834895445
7.088349244649147
7.138141155578602
7.162188747493732
7.177907264143339
7.221871476997507
7.245989826517683
7.284162916163104
7.31642666074241
7.362782100206031
7.379391820114669
7.41260650719061
7.434387433747893
7.435675769012055
7.468543467339072
7.4977927812878775
7.563091889430728
7.579027709491458
7.607043111985787
7.642149546031501
7.667437770912766
7.700370117200864
7.728756750868349
7.750954704610411
7.769751767571631
7.812996648837707
7.847852857036593
7.863765004287716
7.9201595034781995
7.934876057491276
7.953388937440132
7.974947582772286
8.014996294519493
8.061806701900325
8.099693936114951
8.118628740770893
8.151102538071708
8.170309463358272
8.219160583006428
8.238301366505434
8.270290623397875
8.292793296895708
8.357703272319846
8.398570025495209
8.437805927816617
8.444218219078033
8.477908022748426
8.501888999216845
8.511086271294799
8.549468072252983
8.567997519861425
8.574110620601619
8.615077106059836
8.647214466809416
8.6828627093396
8.70785574354856
8.761755299519367
8.785635483384937
8.830384126822034
8.88115408059952
8.919658653070444
8.933368870212325
8.944186945407733
8.98139652429431
9.023645705873056
9.033019640572007
9.061241937759522
9.073925805031827
9.091949724879909
9.125192729112605
9.139807138881213
9.159386265489104
9.18442874610239
9.200023325017286
9.249340439757242
9.258263550121361
9.321315748058472
9.372832174046964
9.394362639622717
9.416850702611375
9.4296080539046
9.45600089768229
9.495540813394992
9.526720734819373
9.534928187395987
9.605021363569113
9.62368763591185
9.645191597424814
9.674699552667938
9.703652756707
9.717228366670652
9.761016884744988
9.783768772448054
9.856298231863843
9.900061333138511
9.933522831666233
9.964591393032848
10.000655769851122
10.023854392283635
10.034965475940767
10.048466235349956
10.096165076270752
10.110804019698008
10.14180542439281
10.154034360620956
10.176004038440166
10.191064706596004
10.222661353230503
10.241209663419676
10.271288791647848
10.27778002528738
10.322314379327487
10.339785928818404
10.378743530144684
10.412565977097696
10.443970083310019
10.449142078029713
10.492691312434777
10.519071185699103
10.539433603168007
10.554379532186779
10.564895427494683
10.60096027864686
10.626139529899902
10.678307799035366
10.702663245307413
10.739191537954044
10.779971073560272
10.798838498591632
10.819289084417413
10.843648076742047
10.87734768616211
10.907262183762755
10.945853351166216
10.990591388199526
10.996670685232809
11.013997314181443
11.019603852617198
11.082670769619815
11.091666147411168
11.10209699607375
11.112715670338366
11.151197451842389
11.195908472237157
11.240238178485052
11.263946517168412
11.267554879486019
11.340243563178927
11.368297783104412
11.387756504266124
11.423765269282049
11.445842345618322
11.471510463916237
11.501146935254644
11.547802444993563
11.582511390561635
11.611082120278583
11.634695410615619
11.652943594302613
11.709216959670817
11.713591081992822
11.764232945674149
11.781179941898761
11.801712371028376
11.827455898917071
11.843233996927657
11.88685065230021
11.900348594032593
11.938356852582347
11.962009299764988
11.973792260063718
11.985580121867828
12.061328483064155
12.067118355746004
12.076755645003319
12.134591206085064
12.154219362443335
12.167164265426765
12.189844069397905
12.200490825988762
12.233637326478023
12.244014777668562
12.282754103893495
12.339991756843038
12.378593328144534
12.389737447639765
12.42871681248235
12.43427009063976
12.474054683799075
12.516669520193213
12.554271167354202
12.569669205642397
12.59782101972633
12.61557196410896
12.642547650952604
12.686607523036443
12.747591143635372
12.767831477417129
12.782207699365511
12.810862290873397
12.819924948345246
12.852670657125634
12.871966107958366
12.88773244935587
12.919841676009014
12.955015231631071
12.999875511073887
13.00519060888531
13.027473296840158
13.047659427048236
13.079702424275705
13.133754158065397
13.150704582584666
13.165349782284412
13.21612374042591
13.235741417045283
13.24343020074143
13.294611998613176
13.302314642097043
13.313487463867084
13.350140428014466
13.38381684688143
13.43178450137395
13.459255374145078
13.474730926873619
13.483127518135623
13.52093962934497
13.543647887118144
13.560460468215174
13.627016947778559
13.63500041558378
13.689006645109998
13.698247456207016
13.705314185679978
13.733165993960137
13.777238517459539
13.800260289757572
13.818119449149977
13.87293200313904
13.88502958313441
13.894798820026974
13.927257274538652
13.958864077080307
13.999256976753122
14.029640124241215
14.055255060359663
14.099948809892483
14.113363258965096
14.17515956062792
14.209235401706371
14.224732591008442
14.232557131232188
14.27123614315096
14.307010409634652
14.333987835835158
14.35965530931294
14.378911829629873
14.42431195102426
14.432847012450866
14.486267808737717
14.495563406083525
14.53202292301165
14.55204489938033
14.626579180887516
14.64017314170112
14.652645495343036
14.685386112598879
14.700141518013591
14.763184419441393
14.787469731310575
14.811122292621873
14.833135412192076
14.860382192104645
14.925509088509083
14.945631836306633
14.959647468061425
14.987109711487662
15.03714533767292
15.050115677795935
15.0931188661012
15.120435225406222
15.141274577858091
15.18444294167093
15.193609043703265
15.232844465141312
15.24763371968845
15.272241070368912
15.314812924258138
15.344565601489233
15.39081484269658
15.417584940587421
15.476962488016872
15.502847328500525
15.525937011971617
15.535917637714693
15.61277026515423
15.625708551787728
15.66012519549475
15.679630044382254
15.717597310409172
15.731400076310795
15.776121777292637
15.78411030324601
15.832464870052423
15.86290191126544
15.927458282404826
15.935339742019535
15.954986645463299
15.968030494443106
15.983567653401455
16.044739819094612
16.077697435201664
16.114484665078866
16.176360294448983
16.18756789053061
16.221336357026807
16.24928336238706
16.27036152854949
16.312254265699906
16.314836023291054
16.343449006347253
16.378618337080546
16.438552023533422
16.490177279994757
16.50112098739768
16.554271012027566
16.600201316531596
16.62558043855389
16.655043628709215
16.693273356024278
16.701324225093543
16.74778670997246
16.775092143130315
16.784463679763736
16.83997997492165
16.878338548265674
16.916988712139787
16.963642206586467
16.97645109993077
17.03657874260708
17.10857660471611
17.155427994749463
17.17391783494833
17.23129427254266
17.25360740232192
17.286045796980442
17.314682092433195
17.33259564596353
17.363822360023175
17.409574301452604
17.45293950739669
17.49612750581234
17.511139681373727
17.539977532360208
17.5886785768257
17.634083414096555
17.673921552580616
17.757213901463302
17.75909271645801
17.811080430088726
17.874977501412847
17.895131424627404
17.928620325326538
17.9852344699806
18.036612984571075
18.069324479796702
18.08422470841466
18.092101564364885
18.113823381978875
18.157881076889733
18.204644268668964
18.223770551442552
18.249427020215155
18.267626467831796
18.300728681722006
18.35151314506251
18.392121696757265
18.441165765524566
18.48559779786004
18.527178579343712
18.537816167649883
18.6028028338886
18.63902308384952
18.707064647798408
18.710763296609947
18.743426750908576
18.780169930884583
18.837305721520778
18.885083673549197
18.930876747120134
18.95767656374402
19.027380492895553
19.03525740671242
19.099904644234922
19.181263811640406
19.2239498348977
19.26659540960585
19.287545106093333
19.29776164375803
19.337844158808046
19.34702089706346
19.429284099238814
19.528624296961596
19.53793355207609
19.64424191082623
19.666790702555
19.699767807833688
19.723195532972056
19.820793450132243
19.892771517625278
19.951869516929584
19.98213989122122
20.100111610747376
20.133893145080652
20.22739943958048
20.24660380167419
20.2992384120947
20.336594642933093
20.41514056235572
20.463419477625322
20.59915045791938
20.71700558464092
20.731876027305816
20.752243346498688
20.787586777783915
20.818026948162405
20.886267576598886
20.99020950378979
21.147329114888294
21.18458880728367
21.31810991261277
21.37282914315932
21.475407162528505
21.506015725495264
21.582906791450448
21.692369336014487
21.739927053228865
21.81017273193533
21.90160447920233
22.00442260246857
22.043841271077955
22.27053977521897
22.30544532298441
22.36835503151467
22.582008899008812
22.727530584212346
22.81164271820489
23.003066561481237
23.19178595494729
23.21376596660746
23.280863368421286
23.929385165901735
24.153683901530727
24.340544713152678
25.818968361583348
0.7129056659298552
0.7465670983711931
0.8152384904545267
0.8624383800723566
0.9075913916224135
0.9637543366424797
0.990031550966385
1.0496255984738934
1.2205279556780988
4.08182204158103
4.325612861690844
4.466214060675952
4.545292399634995
4.7654321253222065
5.17676504017514
5.2949502954555
5.485974906452394
5.614874789774371
5.723148518832228
5.760812861501259
5.794046460166872
5.8279505362806825
5.8860387421172895
5.928727129706502
6.068397352418314
6.194232493018977
6.205104969855848
6.243676618956713
6.2889179532579655
6.37595211022184
6.50202608186409
6.542533259018124
6.568514904317872
6.58088587474997
6.640743962620643
6.700550796101749
6.7284326332458155
6.810726643312486
6.814459653845197
6.856270697558916
6.88313360406846
6.936732603164941
6.985967418275699
7.023789600947004
7.0545777834895445
7.088349244649147
7.138141155578602
7.162188747493732
7.177907264143339
7.221871476997507
7.245989826517683
7.284162916163104
7.31642666074241
7.362782100206031
7.379391820114669
7.41260650719061
7.434387433747893
7.435675769012055
7.468543467339072
7.4977927812878775
7.563091889430728
7.579027709491458
7.607043111985787
7.642149546031501
7.667437770912766
7.700370117200864
7.728756750868349
7.750954704610411
7.769751767571631
7.812996648837707
7.847852857036593
7.863765004287716
7.9201595034781995
7.934876057491276
7.953388937440132
7.974947582772286
8.014996294519493
8.061806701900325
8.099693936114951
8.118628740770893
8.151102538071708
8.170309463358272
8.219160583006428
8.238301366505434
8.270290623397875
8.292793296895708
8.357703272319846
8.398570025495209
8.437805927816617
8.444218219078033
8.477908022748426
8.501888999216845
8.511086271294799
8.549468072252983
8.567997519861425
8.574110620601619
8.615077106059836
8.647214466809416
8.6828627093396
8.70785574354856
8.761755299519367
8.785635483384937
8.830384126822034
8.88115408059952
8.919658653070444
8.933368870212325
8.944186945407733
8.98139652429431
9.023645705873056
9.033019640572007
9.061241937759522
9.073925805031827
9.091949724879909
9.125192729112605
9.139807138881213
9.159386265489104
9.18442874610239
9.200023325017286
9.249340439757242
9.258263550121361
9.321315748058472
9.372832174046964
9.394362639622717
9.416850702611375
9.4296080539046
9.45600089768229
9.495540813394992
9.526720734819373
9.534928187395987
9.605021363569113
9.62368763591185
9.645191597424814
9.674699552667938
9.703652756707
9.717228366670652
9.761016884744988
9.783768772448054
9.856298231863843
9.900061333138511
9.933522831666233
9.964591393032848
10.000655769851122
10.023854392283635
10.034965475940767
10.048466235349956
10.096165076270752
10.110804019698008
10.14180542439281
10.154034360620956
10.176004038440166
10.191064706596004
10.222661353230503
10.241209663419676
10.271288791647848
10.27778002528738
10.322314379327487
10.339785928818404
10.378743530144684
10.412565977097696
10.443970083310019
10.449142078029713
10.492691312434777
10.519071185699103
10.539433603168007
10.554379532186779
10.564895427494683
10.60096027864686
10.626139529899902
10.678307799035366
10.702663245307413
10.739191537954044
10.779971073560272
10.798838498591632
10.819289084417413
10.843648076742047
10.87734768616211
10.907262183762755
10.945853351166216
10.990591388199526
10.996670685232809
11.013997314181443
11.019603852617198
11.082670769619815
11.091666147411168
11.10209699607375
11.112715670338366
11.151197451842389
11.195908472237157
11.240238178485052
11.263946517168412
11.267554879486019
11.340243563178927
11.368297783104412
11.387756504266124
11.423765269282049
11.445842345618322
11.471510463916237
11.501146935254644
11.547802444993563
11.582511390561635
11.611082120278583
11.634695410615619
11.652943594302613
11.709216959670817
11.713591081992822
11.764232945674149
11.781179941898761
11.801712371028376
11.827455898917071
11.843233996927657
11.88685065230021
11.900348594032593
11.938356852582347
11.962009299764988
11.973792260063718
11.985580121867828
12.061328483064155
12.067118355746004
12.076755645003319
12.134591206085064
12.154219362443335
12.167164265426765
12.189844069397905
12.200490825988762
12.233637326478023
12.244014777668562
12.282754103893495
12.339991756843038
12.378593328144534
12.389737447639765
12.42871681248235
12.43427009063976
12.474054683799075
12.516669520193213
12.554271167354202
12.569669205642397
12.59782101972633
12.61557196410896
12.642547650952604
12.686607523036443
12.747591143635372
12.767831477417129
12.782207699365511
12.810862290873397
12.819924948345246
12.852670657125634
12.871966107958366
12.88773244935587
12.919841676009014
12.955015231631071
12.999875511073887
13.00519060888531
13.027473296840158
13.047659427048236
13.079702424275705
13.133754158065397
13.150704582584666
13.165349782284412
13.21612374042591
13.235741417045283
13.24343020074143
13.294611998613176
13.302314642097043
13.313487463867084
13.350140428014466
13.38381684688143
13.43178450137395
13.459255374145078
13.474730926873619
13.483127518135623
13.52093962934497
13.543647887118144
13.560460468215174
13.627016947778559
13.63500041558378
13.689006645109998
13.698247456207016
13.705314185679978
13.733165993960137
13.777238517459539
13.800260289757572
13.818119449149977
13.87293200313904
13.88502958313441
13.894798820026974
13.927257274538652
13.958864077080307
13.999256976753122
14.029640124241215
14.055255060359663
14.099948809892483
14.113363258965096
14.17515956062792
14.209235401706371
14.224732591008442
14.232557131232188
14.27123614315096
14.307010409634652
14.333987835835158
14.35965530931294
14.378911829629873
14.42431195102426
14.432847012450866
14.486267808737717
14.495563406083525
14.53202292301165
14.55204489938033
14.626579180887516
14.64017314170112
14.652645495343036
14.685386112598879
14.700141518013591
14.763184419441393
14.787469731310575
14.811122292621873
14.833135412192076
14.860382192104645
14.925509088509083
14.945631836306633
14.959647468061425
14.987109711487662
15.03714533767292
15.050115677795935
15.0931188661012
15.120435225406222
15.141274577858091
15.18444294167093
15.193609043703265
15.232844465141312
15.24763371968845
15.272241070368912
15.314812924258138
15.344565601489233
15.39081484269658
15.417584940587421
15.476962488016872
15.502847328500525
15.525937011971617
15.535917637714693
15.61277026515423
15.625708551787728
15.66012519549475
15.679630044382254
15.717597310409172
15.731400076310795
15.776121777292637
15.78411030324601
15.832464870052423
15.86290191126544
15.927458282404826
15.935339742019535
15.954986645463299
15.968030494443106
15.983567653401455
16.044739819094612
16.077697435201664
16.114484665078866
16.176360294448983
16.18756789053061
16.221336357026807
16.24928336238706
16.27036152854949
16.312254265699906
16.314836023291054
16.343449006347253
16.378618337080546
16.438552023533422
16.490177279994757
16.50112098739768
16.554271012027566
16.600201316531596
16.62558043855389
16.655043628709215
16.693273356024278
16.701324225093543
16.74778670997246
16.775092143130315
16.784463679763736
16.83997997492165
16.878338548265674
16.916988712139787
16.963642206586467
16.97645109993077
17.03657874260708
17.10857660471611
17.155427994749463
17.17391783494833
17.23129427254266
17.25360740232192
17.286045796980442
17.314682092433195
17.33259564596353
17.363822360023175
17.409574301452604
17.45293950739669
17.49612750581234
17.511139681373727
17.539977532360208
17.5886785768257
17.634083414096555
17.673921552580616
17.757213901463302
17.75909271645801
17.811080430088726
17.874977501412847
17.895131424627404
17.928620325326538
17.9852344699806
18.036612984571075
18.069324479796702
18.08422470841466
18.092101564364885
18.113823381978875
18.157881076889733
18.204644268668964
18.223770551442552
18.249427020215155
18.267626467831796
18.300728681722006
18.35151314506251
18.392121696757265
18.441165765524566
18.48559779786004
18.527178579343712
18.537816167649883
18.6028028338886
18.63902308384952
18.707064647798408
18.710763296609947
18.743426750908576
18.780169930884583
18.837305721520778
18.885083673549197
18.930876747120134
18.95767656374402
19.027380492895553
19.03525740671242
19.099904644234922
19.181263811640406
19.2239498348977
19.26659540960585
19.287545106093333
19.29776164375803
19.337844158808046
19.34702089706346
19.429284099238814
19.528624296961596
19.53793355207609
19.64424191082623
19.666790702555
19.699767807833688
19.723195532972056
19.820793450132243
19.892771517625278
19.951869516929584
19.98213989122122
20.100111610747376
20.133893145080652
20.22739943958048
20.24660380167419
20.2992384120947
20.336594642933093
20.41514056235572
20.463419477625322
20.59915045791938
20.71700558464092
20.731876027305816
20.752243346498688
20.787586777783915
20.818026948162405
20.886267576598886
20.99020950378979
21.147329114888294
21.18458880728367
21.31810991261277
21.37282914315932
21.475407162528505
21.506015725495264
21.582906791450448
21.692369336014487
21.739927053228865
21.81017273193533
21.90160447920233
22.00442260246857
22.043841271077955
22.27053977521897
22.30544532298441
22.36835503151467
22.582008899008812
22.727530584212346
22.81164271820489
23.003066561481237
23.19178595494729
23.21376596660746
23.280863368421286
23.929385165901735
24.153683901530727
24.340544713152678
25.818968361583348
