0.7098813403904716
0.7590885883291245
0.8168653523030406
0.8869843727001966
0.8999624897438441
9.267321058358014
10.008338431745752
10.128667682981364
10.395585212984033
10.620856599581796
10.758839178522061
10.83629546792102
11.033299889125123
11.14824636741034
11.425284104700708
11.56348575610172
11.809272266056144
12.085658530379582
12.093657748966418
12.137572149251763
12.151439097028417
12.236076498168858
12.313586431378603
12.423967597364312
12.487513364478913
12.528070213872631
12.547183990452115
12.642212440494612
12.685712352494916
12.833084344728617
12.92926903877781
12.947438452559505
12.971151034102808
13.008198136265904
13.032147806475262
13.138366461479716
13.144687103211057
13.194864178721952
13.312433684058691
13.349416972253326
13.376380100091755
13.490891093060762
13.543607347144414
13.568085702316354
13.61220088492936
13.653447830157875
13.692898703100658
13.759478508170202
13.806770726063293
13.836972600997786
13.895263673560748
13.96264327735028
14.002409213802673
14.087941160217005
14.114697653635544
14.144910668251978
14.157337056564279
14.17734569186031
14.266616348378337
14.29229941573163
14.422275311878819
14.447576573475965
14.483030078659057
14.528027315389673
14.566453645809302
14.656840680470056
14.68132705607606
14.70085280584184
14.720565952451558
14.756268318718567
14.798131365372088
14.820325624145458
14.853232495065868
14.876379509415301
14.951498473912523
14.975247354529612
15.007348798941047
15.06582595265855
15.090070315920816
15.121085044522156
15.208311815969221
15.24256325480021
15.320479467192573
15.358617696492557
15.392808249354426
15.422960995417867
15.491994972148664
15.502560455293306
15.536193857038453
15.602225545199966
15.631214956523234
15.661589592932827
15.703979050062499
15.765966714087787
15.777155385571088
15.821551454466862
15.882013069463024
15.905579838075543
15.953516305332606
15.985912660948118
16.003032561515134
16.03300865409621
16.074718516851714
16.08146086365141
16.099957339448743
16.135433486174637
16.154092661165286
16.225047840967466
16.248296542383056
16.261342960896883
16.30648762998894
16.389487234613828
16.392671093234824
16.43001074889142
16.464242840933387
16.479565192485865
16.529072496563316
16.559654855514264
16.585509849311396
16.63831187075113
16.68432456485191
16.703490441619486
16.766232154678207
16.811156956917916
16.834969680367575
16.866399493274915
16.896545528312867
16.95397456853625
17.003414639090387
17.034060635666396
17.055188907371896
17.073834266822892
17.168917847077875
17.1754036165165
17.206578514417
17.25544320199838
17.268370917787017
17.305459977324833
17.34939577688673
17.39545994644206
17.443671914421127
17.471300290803903
17.522808476932354
17.554622618360632
17.60564504590281
17.64052299077187
17.681122601938906
17.721062007104365
17.75269486831806
17.771976710016407
17.8108286428735
17.826014231635398
17.87926799374941
17.892212568278556
17.976601561593526
17.985127115075986
18.00841495889908
18.044182152726922
18.10401224592539
18.130828850611707
18.165699322548303
18.217606519417256
18.250062812611272
18.26339742240209
18.30652287062854
18.317045160790776
18.353973097613736
18.377691145553733
18.446639348468633
18.458297566256572
18.496291794573462
18.562681279595925
18.581653583736074
18.63032147710808
18.66525100823506
18.68518781923815
18.722588899220337
18.771037450835163
18.801338018844675
18.850067236436878
18.910918450106834
18.932575201006305
18.956234434863777
19.005135131129954
19.029306492899522
19.044411737721074
19.050788686376574
19.11721466416379
19.141417182745517
19.192886555485263
19.226656167363124
19.270289675046154
19.30278254624051
19.366315415682777
19.38323878754917
19.415533393668394
19.433681300695515
19.481146850668072
19.532903580717264
19.5468205664609
19.60995516797782
19.621962069520325
19.69333756278185
19.71187800053664
19.725817382509454
19.775097865908034
19.78511539814545
19.82175696621083
19.844303747724098
19.887468015202476
19.911837638451725
19.953399095517845
20.006338007035712
20.02650712743353
20.040055106076263
20.079936666002705
20.14026517323028
20.185133373662755
20.192898814929148
20.225306329737137
20.2593188437729
20.321286905100017
20.34110042253421
20.410143509528385
20.499250533160797
20.51783392770139
20.521149566843956
20.573331435911463
20.62095509115485
20.630779685185917
20.635461993243222
20.724117927429724
20.734611042641383
20.771220078389128
20.799039455304825
20.83179966870558
20.895723665565715
20.913523400781862
20.964663851815267
20.99819813993144
21.011579354787607
21.035357222233962
21.099168088952503
21.133707374892587
21.150085129748785
21.21995606564561
21.237185059534315
21.24542060819181
21.28118312252614
21.302006857124073
21.34419969919349
21.36178421834992
21.419611986581437
21.440695728854347
21.455336396061824
21.492736132065875
21.527337303978932
21.55482832656473
21.583663384425886
21.634092686268737
21.72333950091788
21.747728535352934
21.769822776421403
21.835659828684154
21.866550296441414
21.913223535375224
21.957946707679596
21.962907359531002
21.995717489741924
22.009966640098273
22.05065817857874
22.090974147057675
22.11547353149344
22.156768211972977
22.188834728328224
22.255579835327897
22.280931160733093
22.311116872532104
22.329623169372304
22.349107158213712
22.381158788804793
22.41759198292561
22.464396665957196
22.54635859853636
22.549897868810426
22.588604011218468
22.610153297732502
22.636113958028705
22.64376634074677
22.690206990507694
22.738046314820526
22.76696001217346
22.796492381509246
22.816891959454658
22.85840097161487
22.899288695060893
22.967307529879818
22.9876832630397
23.013605656174644
23.073652741819497
23.10290391699308
23.109494401120333
23.160820210355677
23.164044910914523
23.19783252077049
23.273916968025226
23.307670458791424
23.3275332201833
23.346031750815026
23.386329570939257
23.431768372654528
23.494865259877045
23.559064472714827
23.57777462846957
23.626855405091934
23.64822276188843
23.70209232851939
23.73279196358557
23.79721145186069
23.84070796652129
23.881437609955782
23.91264914015555
23.962859341977296
23.96885985754068
24.021743256928826
24.046879925951927
24.0898710151227
24.142227085446446
24.1733129148601
24.20351169353867
24.239535506905817
24.273983112941668
24.32606952521563
24.345613462047147
24.37780434222695
24.39735022987435
24.443941180271953
24.475666398661932
24.509506041454696
24.53739507299598
24.575360946064794
24.610364261184973
24.648242351616563
24.682664483828567
24.747066138173295
24.78018857811438
24.801543892913955
24.84489690061676
24.888371144097672
24.915112714702744
24.94421847688597
24.969959322470004
24.972540658663497
25.049132965769342
25.0543036385049
25.130872122387554
25.170689321838754
25.23903564343133
25.25004883098215
25.30935390874095
25.35387396130293
25.383374679507344
25.428447901500594
25.440415354694068
25.490925212780063
25.5065664965278
25.575977835931237
25.622756872232003
25.680270302381558
25.725128604642673
25.76183855981739
25.798371369225436
25.821732665731034
25.90743617622123
25.95198576683689
25.966940868036694
26.022535782792122
26.102452090436493
26.143269371119708
26.1779511160772
26.220164151093748
26.262811532636075
26.303318607545776
26.32972070874445
26.379162730599116
26.42828217345638
26.511020385897318
26.514371492665425
26.577496834189173
26.66884560626272
26.679412226808687
26.715304706966823
26.776598872685415
26.815701232456497
26.885934490192117
26.921556673419158
26.940737435245968
26.945693673100077
27.01697670904283
27.054860432794154
27.116304461816146
27.183919047547516
27.21842958622976
27.285022684734574
27.323921411008826
27.33938160168589
27.376904248000958
27.38863804274391
27.459852848183523
27.49647901433583
27.554580041803135
27.565339844369884
27.636030050381258
27.665138510839295
27.712474120122046
27.797460201681695
27.87214645579308
27.891500235325058
27.940947407448867
28.00429339606011
28.032617309464772
28.130379576324877
28.217905691229628
28.229158168102458
28.290543368606073
28.30014635503589
28.381055910288676
28.455831428957634
28.557461398168922
28.586625460999663
28.64809367824582
28.720107927172595
28.7586858966673
28.79449261576915
28.931967955417097
28.936192206233798
29.0039674924601
29.04262750466993
29.099378095740935
29.121155061892708
29.167486015504924
29.246142273054758
29.297847668291247
29.32415015676575
29.374441045766677
29.439846843616724
29.502476305815726
29.51590003212493
29.543510106437026
29.625316943333043
29.669177816844787
29.70873375577391
29.82059035820667
29.85941151881425
29.8791273084357
29.990781419215296
30.048142962127972
30.16022419183692
30.20936641933884
30.2709620170135
30.31782361588595
30.36589333390976
30.39177708440982
30.537898606951288
30.59660879882528
30.623824530343125
30.668439094000547
30.74528995401992
30.89617406278344
30.968171653167182
31.134932717487935
31.200685384982197
31.300353290611216
31.403291569800043
31.474102599500934
31.601583870049538
31.697184616915422
31.781609884520744
31.80496877915544
31.84048267131765
32.011472852985605
32.06337845403663
32.17198888728249
32.28611774941236
32.429248662303195
32.72551071986354
32.83780870039844
32.89873147758005
33.18597829729325
33.275491766127324
33.297225841797925
33.345775205576984
33.73325548292037
33.749199967803456
33.877288580858334
34.29973029490653
35.080793411384676
35.27389784193418
35.40226707934413
0.7098813403904716
0.7590885883291245
0.8168653523030406
0.8869843727001966
0.8999624897438441
9.267321058358014
10.008338431745752
10.128667682981364
10.395585212984033
10.620856599581796
10.758839178522061
10.83629546792102
11.033299889125123
11.14824636741034
11.425284104700708
11.56348575610172
11.809272266056144
12.085658530379582
12.093657748966418
12.137572149251763
12.151439097028417
12.236076498168858
12.313586431378603
12.423967597364312
12.487513364478913
12.528070213872631
12.547183990452115
12.642212440494612
12.685712352494916
12.833084344728617
12.92926903877781
12.947438452559505
12.971151034102808
13.008198136265904
13.032147806475262
13.138366461479716
13.144687103211057
13.194864178721952
13.312433684058691
13.349416972253326
13.376380100091755
13.490891093060762
13.543607347144414
13.568085702316354
13.61220088492936
13.653447830157875
13.692898703100658
13.759478508170202
13.806770726063293
13.836972600997786
13.895263673560748
13.96264327735028
14.002409213802673
14.087941160217005
14.114697653635544
14.144910668251978
14.157337056564279
14.17734569186031
14.266616348378337
14.29229941573163
14.422275311878819
14.447576573475965
14.483030078659057
14.528027315389673
14.566453645809302
14.656840680470056
14.68132705607606
14.70085280584184
14.720565952451558
14.756268318718567
14.798131365372088
14.820325624145458
14.853232495065868
14.876379509415301
14.951498473912523
14.975247354529612
15.007348798941047
15.06582595265855
15.090070315920816
15.121085044522156
15.208311815969221
15.24256325480021
15.320479467192573
15.358617696492557
15.392808249354426
15.422960995417867
15.491994972148664
15.502560455293306
15.536193857038453
15.602225545199966
15.631214956523234
15.661589592932827
15.703979050062499
15.765966714087787
15.777155385571088
15.821551454466862
15.882013069463024
15.905579838075543
15.953516305332606
15.985912660948118
16.003032561515134
16.03300865409621
16.074718516851714
16.08146086365141
16.099957339448743
16.135433486174637
16.154092661165286
16.225047840967466
16.248296542383056
16.261342960896883
16.30648762998894
16.389487234613828
16.392671093234824
16.43001074889142
16.464242840933387
16.479565192485865
16.529072496563316
16.559654855514264
16.585509849311396
16.63831187075113
16.68432456485191
16.703490441619486
16.766232154678207
16.811156956917916
16.834969680367575
16.866399493274915
16.896545528312867
16.95397456853625
17.003414639090387
17.034060635666396
17.055188907371896
17.073834266822892
17.168917847077875
17.1754036165165
17.206578514417
17.25544320199838
17.268370917787017
17.305459977324833
17.34939577688673
17.39545994644206
17.443671914421127
17.471300290803903
17.522808476932354
17.554622618360632
17.60564504590281
17.64052299077187
17.681122601938906
17.721062007104365
17.75269486831806
17.771976710016407
17.8108286428735
17.826014231635398
17.87926799374941
17.892212568278556
17.976601561593526
17.985127115075986
18.00841495889908
18.044182152726922
18.10401224592539
18.130828850611707
18.165699322548303
18.217606519417256
18.250062812611272
18.26339742240209
18.30652287062854
18.317045160790776
18.353973097613736
18.377691145553733
18.446639348468633
18.458297566256572
18.496291794573462
18.562681279595925
18.581653583736074
18.63032147710808
18.66525100823506
18.68518781923815
18.722588899220337
18.771037450835163
18.801338018844675
18.850067236436878
18.910918450106834
18.932575201006305
18.956234434863777
19.005135131129954
19.029306492899522
19.044411737721074
19.050788686376574
19.11721466416379
19.141417182745517
19.192886555485263
19.226656167363124
19.270289675046154
19.30278254624051
19.366315415682777
19.38323878754917
19.415533393668394
19.433681300695515
19.481146850668072
19.532903580717264
19.5468205664609
19.60995516797782
19.621962069520325
19.69333756278185
19.71187800053664
19.725817382509454
19.775097865908034
19.78511539814545
19.82175696621083
19.844303747724098
19.887468015202476
19.911837638451725
19.953399095517845
20.006338007035712
20.02650712743353
20.040055106076263
20.079936666002705
20.14026517323028
20.185133373662755
20.192898814929148
20.225306329737137
20.2593188437729
20.321286905100017
20.34110042253421
20.410143509528385
20.499250533160797
20.51783392770139
20.521149566843956
20.573331435911463
20.62095509115485
20.630779685185917
20.635461993243222
20.724117927429724
20.734611042641383
20.771220078389128
20.799039455304825
20.83179966870558
20.895723665565715
20.913523400781862
20.964663851815267
20.99819813993144
21.011579354787607
21.035357222233962
21.099168088952503
21.133707374892587
21.150085129748785
21.21995606564561
21.237185059534315
21.24542060819181
21.28118312252614
21.302006857124073
21.34419969919349
21.36178421834992
21.419611986581437
21.440695728854347
21.455336396061824
21.492736132065875
21.527337303978932
21.55482832656473
21.583663384425886
21.634092686268737
21.72333950091788
21.747728535352934
21.769822776421403
21.835659828684154
21.866550296441414
21.913223535375224
21.957946707679596
21.962907359531002
21.995717489741924
22.009966640098273
22.05065817857874
22.090974147057675
22.11547353149344
22.156768211972977
22.188834728328224
22.255579835327897
22.280931160733093
22.311116872532104
22.329623169372304
22.349107158213712
22.381158788804793
22.41759198292561
22.464396665957196
22.54635859853636
22.549897868810426
22.588604011218468
22.610153297732502
22.636113958028705
22.64376634074677
22.690206990507694
22.738046314820526
22.76696001217346
22.796492381509246
22.816891959454658
22.85840097161487
22.899288695060893
22.967307529879818
22.9876832630397
23.013605656174644
23.073652741819497
23.10290391699308
23.109494401120333
23.160820210355677
23.164044910914523
23.19783252077049
23.273916968025226
23.307670458791424
23.3275332201833
23.346031750815026
23.386329570939257
23.431768372654528
23.494865259877045
23.559064472714827
23.57777462846957
23.626855405091934
23.64822276188843
23.70209232851939
23.73279196358557
23.79721145186069
23.84070796652129
23.881437609955782
23.91264914015555
23.962859341977296
23.96885985754068
24.021743256928826
24.046879925951927
24.0898710151227
24.142227085446446
24.1733129148601
24.20351169353867
24.239535506905817
24.273983112941668
24.32606952521563
24.345613462047147
24.37780434222695
24.39735022987435
24.443941180271953
24.475666398661932
24.509506041454696
24.53739507299598
24.575360946064794
24.610364261184973
24.648242351616563
24.682664483828567
24.747066138173295
24.78018857811438
24.801543892913955
24.84489690061676
24.888371144097672
24.915112714702744
24.94421847688597
24.969959322470004
24.972540658663497
25.049132965769342
25.0543036385049
25.130872122387554
25.170689321838754
25.23903564343133
25.25004883098215
25.30935390874095
25.35387396130293
25.383374679507344
25.428447901500594
25.440415354694068
25.490925212780063
25.5065664965278
25.575977835931237
25.622756872232003
25.680270302381558
25.725128604642673
25.76183855981739
25.798371369225436
25.821732665731034
25.90743617622123
25.95198576683689
25.966940868036694
26.022535782792122
26.102452090436493
26.143269371119708
26.1779511160772
26.220164151093748
26.262811532636075
26.303318607545776
26.32972070874445
26.379162730599116
26.42828217345638
26.511020385897318
26.514371492665425
26.577496834189173
26.66884560626272
26.679412226808687
26.715304706966823
26.776598872685415
26.815701232456497
26.885934490192117
26.921556673419158
26.940737435245968
26.945693673100077
27.01697670904283
27.054860432794154
27.116304461816146
27.183919047547516
27.21842958622976
27.285022684734574
27.323921411008826
27.33938160168589
27.376904248000958
27.38863804274391
27.459852848183523
27.49647901433583
27.554580041803135
27.565339844369884
27.636030050381258
27.665138510839295
27.712474120122046
27.797460201681695
27.87214645579308
27.891500235325058
27.940947407448867
28.00429339606011
28.032617309464772
28.130379576324877
28.217905691229628
28.229158168102458
28.290543368606073
28.30014635503589
28.381055910288676
28.455831428957634
28.557461398168922
28.586625460999663
28.64809367824582
28.720107927172595
28.7586858966673
28.79449261576915
28.931967955417097
28.936192206233798
29.0039674924601
29.04262750466993
29.099378095740935
29.121155061892708
29.167486015504924
29.246142273054758
29.297847668291247
29.32415015676575
29.374441045766677
29.439846843616724
29.502476305815726
29.51590003212493
29.543510106437026
29.625316943333043
29.669177816844787
29.70873375577391
29.82059035820667
29.85941151881425
29.8791273084357
29.990781419215296
30.048142962127972
30.16022419183692
30.20936641933884
30.2709620170135
30.31782361588595
30.36589333390976
30.39177708440982
30.537898606951288
30.59660879882528
30.623824530343125
30.668439094000547
30.74528995401992
30.89617406278344
30.968171653167182
31.134932717487935
31.200685384982197
31.300353290611216
31.403291569800043
31.474102599500934
31.601583870049538
31.697184616915422
31.781609884520744
31.80496877915544
31.84048267131765
32.011472852985605
32.06337845403663
32.17198888728249
32.28611774941236
32.429248662303195
32.72551071986354
32.83780870039844
32.89873147758005
33.18597829729325
33.275491766127324
33.297225841797925
33.345775205576984
33.73325548292037
33.749199967803456
33.877288580858334
34.29973029490653
35.080793411384676
35.27389784193418
35.40226707934413
