0.6932593627091806
0.7083658921706628
0.7637521863311423
0.8283187349204275
0.8434836334022958
0.9161939520619251
1.0603850257647793
1.133004416992033
1.1517566107206534
4.255059709900713
4.349595658585766
4.865266513126771
5.006165349632217
5.196012220865677
5.22206271457306
5.474134923565223
5.637107269334145
5.716028710304404
5.75598410521773
5.904670497295053
5.934293798394498
5.94284532505262
5.988933659144938
6.033656937016709
6.095934973720411
6.18104595212759
6.223121648163168
6.257390572055185
6.294271110015832
6.356411940424501
6.393673752690715
6.407999984258241
6.4702180752616805
6.518494383782337
6.535252406062863
6.59856769984813
6.655548676755385
6.7497872308126565
6.765720213909728
6.778468415462185
6.8113825822833896
6.877174228677252
6.912518515522075
6.979978127986199
7.001865516212926
7.015150724329384
7.043922586943354
7.06054446682998
7.079180909972471
7.113768413815474
7.160136762851561
7.223243297186967
7.2452407412404165
7.285102365359408
7.292627927280735
7.355303614855394
7.362794236576338
7.403395840783964
7.421867230815167
7.459065485514084
7.483199824962349
7.513072960943377
7.5399751853597605
7.552008954655652
7.6124425460299445
7.629153408891168
7.657811839871952
7.689489049148554
7.710153827553398
7.748494609506328
7.777857388875914
7.811121281949077
7.886381886177285
7.897333661443984
7.9444256877218615
7.966906401885985
8.042028935898026
8.076158703651226
8.082219214492593
8.117839018714927
8.127339418859004
8.202439600054308
8.205097025544514
8.264587729155839
8.275315884841845
8.31041565761828
8.336318057763282
8.351179862635178
8.36327669873237
8.425883083220384
8.462431078436067
8.483126784063472
8.495067891862467
8.52570430594043
8.547607893436151
8.560350596908535
8.599288642400396
8.603776835815648
8.62273951155834
8.648231326047025
8.679513899246615
8.72344466569745
8.748558850697622
8.770811924209315
8.791725480889518
8.83294041468039
8.858156982969128
8.897871414893181
8.906778472461454
8.921610950088583
8.980529840818074
9.00511993755168
9.068560086446588
9.09774516246926
9.116016060781009
9.138077615722391
9.156208035445735
9.182023465627566
9.188169121790759
9.224287006098784
9.258581184513538
9.298331837173109
9.30911116770237
9.35915547991358
9.390844559455623
9.42224719719239
9.45929588451394
9.474098691943572
9.476293386479265
9.521249944867177
9.52586828686552
9.547708590153194
9.556830510862099
9.614306861483936
9.632431775559882
9.650151725402518
9.693700196312337
9.706641307463293
9.720439331703018
9.743066116546022
9.75714108182253
9.816023132902492
9.85872066282909
9.876243792358931
9.917618877538118
9.940291529066213
9.967079935221065
9.9848148552085
9.986150683340451
10.015894433168496
10.077883298522934
10.099356439041312
10.140380750997684
10.159060369947653
10.171432236805218
10.189058803463718
10.207288923251062
10.27016807681936
10.273512391738649
10.307897579072272
10.339261022998757
10.349673973695662
10.37261302599497
10.405826534960676
10.41823067624719
10.432917672452545
10.467523479152458
10.496164938642321
10.502396076379243
10.551105838600277
10.578985267521734
10.589049619276803
10.601773090677838
10.640004622774786
10.66100811319551
10.699524514255705
10.75737165569949
10.77926480101747
10.79225735337782
10.835670409332874
10.861797706162134
10.91985215678641
10.922470608824721
10.941893885886174
10.968746261387707
11.029883847219217
11.060126633948137
11.062919362691838
11.111714132250311
11.121383880523856
11.149158488759937
11.179129935577231
11.210548064958427
11.218437820563027
11.23510307854219
11.269546625085468
11.28640593060588
11.31538641089775
11.36086668567648
11.383823627742741
11.397225283339061
11.42077865069605
11.460704934564252
11.513443911479062
11.536042262746843
11.555403726302215
11.57794649345236
11.592962657579012
11.604561496470362
11.635042612787037
11.652288719521007
11.65570267293262
11.684044537044931
11.738400108428031
11.74863473321501
11.768085312113492
11.781167731040329
11.79157218247298
11.814120822063895
11.868439033774063
11.886490798480237
11.914914020996463
11.950105531688468
11.980732831263444
11.98905055966998
12.007148660666267
12.034599699447124
12.063937293217156
12.087410202063452
12.151887020499906
12.191100615601554
12.206501807974554
12.220113563554664
12.232309534848717
12.26208663390052
12.264222501592768
12.333916831819664
12.390783801379538
12.406721147098718
12.461549155229509
12.47055420676065
12.510695367473545
12.526066807190611
12.551045721012361
12.557344188376048
12.59121909333676
12.643590116577293
12.660037585836958
12.717453489376371
12.739038670940195
12.745605889832712
12.802482376722917
12.840046354132026
12.842709598095949
12.886719111793408
12.92223490606359
12.945576678573957
12.969065551965139
12.996104423737238
13.019738791603755
13.027325174844457
13.12306902426853
13.130654627492659
13.155720501005122
13.176281261564935
13.204458480712093
13.217952817416595
13.251676375105989
13.26744304738917
13.291644287584027
13.348609551570432
13.372922094192994
13.402958911713945
13.441389237657038
13.457374473501789
13.460624261138815
13.489856548609845
13.500987869274276
13.515019513448465
13.562319262126556
13.582350668190022
13.59930792885759
13.65315045917943
13.680284304660871
13.700032752763237
13.712118381355085
13.751561228785642
13.778044855330785
13.82054512697078
13.842661474237522
13.877885390364513
13.880788720015074
13.9355183774354
13.938741770349832
13.984152345871133
14.026256819494488
14.068884552805038
14.076876379185192
14.09474206430122
14.118046211468332
14.135865792830042
14.148705435577432
14.189303422866308
14.2251027692628
14.245430303194299
14.259192008954328
14.294193507376994
14.338178488941658
14.359298563254418
14.388536834316819
14.43693787689996
14.45441026030845
14.492146121685654
14.542261442315109
14.617577141200286
14.624692568127205
14.698308376930418
14.717089235621707
14.756945384386983
14.757237336740713
14.789980371789573
14.803582415858605
14.881713633729166
14.912947059409811
14.928897549801604
14.937103061403407
14.976515612953554
15.00375924625082
15.046442308176346
15.059720716112158
15.10933826665361
15.147387830215061
15.178968576471659
15.220864612620163
15.248425242338346
15.309988211309545
15.319395408298972
15.333649151050565
15.371806533108131
15.402141872617216
15.431753724064043
15.447205315973994
15.490007394493421
15.501046580210895
15.516447646697076
15.548147224368064
15.571058322734384
15.614776863418168
15.644005264751868
15.674007837449775
15.728539487696535
15.737363812022245
15.781925370867945
15.80917030121008
15.82635258834237
15.870607934521455
15.913046658855997
15.93510664029359
15.970241743630954
15.999792903216434
16.00057481991249
16.07806362688282
16.11309844505675
16.162691201784998
16.16401860748278
16.192653338672184
16.21015613130016
16.267139983196085
16.284987602563017
16.318633878009194
16.35695122873505
16.37483623914819
16.448057323354693
16.466313884123885
16.48576994124014
16.52946043090136
16.54897408141361
16.582039288917994
16.631106373204222
16.662359035558215
16.72509595031111
16.762126501515596
16.783277156986347
16.81121985424763
16.81720546629392
16.873084053428467
16.883834463184122
16.938114670596452
16.95783227949162
17.013373835740385
17.026499768627907
17.07087675827765
17.104843441372314
17.131481443256614
17.18881043554319
17.245358977160823
17.267661917920964
17.316961172831302
17.32276817925204
17.379641120193114
17.399817896653946
17.439726306208993
17.481985458399038
17.509931472803512
17.55729859113127
17.610394404793823
17.63016474038909
17.65735609321654
17.70471166998136
17.754888114648583
17.77666988185305
17.814400582866448
17.86833003721038
17.92767646643236
17.968256702822785
17.994773590824153
18.012626382880235
18.105853637027206
18.13163400770274
18.15069553467809
18.182483993205896
18.220650240370862
18.28369087947997
18.305063373470833
18.33497253263079
18.386855036189274
18.50589594066469
18.5251315207378
18.547432930232354
18.624567926887398
18.68014442247338
18.696006611191816
18.761684614962284
18.807519938767122
18.849715126376573
18.88338427093873
18.951336038753062
18.975022112042637
19.03232595422699
19.05282290665258
19.055598515056094
19.140481930902904
19.22910520761059
19.30482307642778
19.342516167674738
19.42064740774208
19.474287206288363
19.53240536580505
19.562534137925347
19.598031840255477
19.635035329043735
19.72604956586892
19.750819898637364
19.830349947006805
19.865884970740584
19.903507294779544
19.95762669923445
19.96478396854622
20.034991203203493
20.06410787356642
20.078610952525068
20.140025343649178
20.183201615778795
20.253046915539777
20.325765495440844
20.362200497108287
20.424191493523985
20.47410025737235
20.504572560338417
20.604769098417602
20.824509818371368
20.847320082598202
20.925442195112087
20.958362156033065
21.025362338574592
21.120127977170036
21.236499086221283
21.358188929338453
21.3984622737797
21.536722123931035
21.724128693190096
21.78403672734021
21.88609283404554
21.93252730451281
21.9969156137088
22.283369178190338
22.302520057790453
22.34021987213946
22.385704730408467
22.55946122121142
22.575353408295367
22.8174294652041
22.90883566041486
23.41719020069903
23.49161910370016
23.700165285716093
24.20544761301726
24.763653029370882
24.924950814753785
0.6932593627091806
0.7083658921706628
0.7637521863311423
0.8283187349204275
0.8434836334022958
0.9161939520619251
1.0603850257647793
1.133004416992033
1.1517566107206534
4.255059709900713
4.349595658585766
4.865266513126771
5.006165349632217
5.196012220865677
5.22206271457306
5.474134923565223
5.637107269334145
5.716028710304404
5.75598410521773
5.904670497295053
5.934293798394498
5.94284532505262
5.988933659144938
6.033656937016709
6.095934973720411
6.18104595212759
6.223121648163168
6.257390572055185
6.294271110015832
6.356411940424501
6.393673752690715
6.407999984258241
6.4702180752616805
6.518494383782337
6.535252406062863
6.59856769984813
6.655548676755385
6.7497872308126565
6.765720213909728
6.778468415462185
6.8113825822833896
6.877174228677252
6.912518515522075
6.979978127986199
7.001865516212926
7.015150724329384
7.043922586943354
7.06054446682998
7.079180909972471
7.113768413815474
7.160136762851561
7.223243297186967
7.2452407412404165
7.285102365359408
7.292627927280735
7.355303614855394
7.362794236576338
7.403395840783964
7.421867230815167
7.459065485514084
7.483199824962349
7.513072960943377
7.5399751853597605
7.552008954655652
7.6124425460299445
7.629153408891168
7.657811839871952
7.689489049148554
7.710153827553398
7.748494609506328
7.777857388875914
7.811121281949077
7.886381886177285
7.897333661443984
7.9444256877218615
7.966906401885985
8.042028935898026
8.076158703651226
8.082219214492593
8.117839018714927
8.127339418859004
8.202439600054308
8.205097025544514
8.264587729155839
8.275315884841845
8.31041565761828
8.336318057763282
8.351179862635178
8.36327669873237
8.425883083220384
8.462431078436067
8.483126784063472
8.495067891862467
8.52570430594043
8.547607893436151
8.560350596908535
8.599288642400396
8.603776835815648
8.62273951155834
8.648231326047025
8.679513899246615
8.72344466569745
8.748558850697622
8.770811924209315
8.791725480889518
8.83294041468039
8.858156982969128
8.897871414893181
8.906778472461454
8.921610950088583
8.980529840818074
9.00511993755168
9.068560086446588
9.09774516246926
9.116016060781009
9.138077615722391
9.156208035445735
9.182023465627566
9.188169121790759
9.224287006098784
9.258581184513538
9.298331837173109
9.30911116770237
9.35915547991358
9.390844559455623
9.42224719719239
9.45929588451394
9.474098691943572
9.476293386479265
9.521249944867177
9.52586828686552
9.547708590153194
9.556830510862099
9.614306861483936
9.632431775559882
9.650151725402518
9.693700196312337
9.706641307463293
9.720439331703018
9.743066116546022
9.75714108182253
9.816023132902492
9.85872066282909
9.876243792358931
9.917618877538118
9.940291529066213
9.967079935221065
9.9848148552085
9.986150683340451
10.015894433168496
10.077883298522934
10.099356439041312
10.140380750997684
10.159060369947653
10.171432236805218
10.189058803463718
10.207288923251062
10.27016807681936
10.273512391738649
10.307897579072272
10.339261022998757
10.349673973695662
10.37261302599497
10.405826534960676
10.41823067624719
10.432917672452545
10.467523479152458
10.496164938642321
10.502396076379243
10.551105838600277
10.578985267521734
10.589049619276803
10.601773090677838
10.640004622774786
10.66100811319551
10.699524514255705
10.75737165569949
10.77926480101747
10.79225735337782
10.835670409332874
10.861797706162134
10.91985215678641
10.922470608824721
10.941893885886174
10.968746261387707
11.029883847219217
11.060126633948137
11.062919362691838
11.111714132250311
11.121383880523856
11.149158488759937
11.179129935577231
11.210548064958427
11.218437820563027
11.23510307854219
11.269546625085468
11.28640593060588
11.31538641089775
11.36086668567648
11.383823627742741
11.397225283339061
11.42077865069605
11.460704934564252
11.513443911479062
11.536042262746843
11.555403726302215
11.57794649345236
11.592962657579012
11.604561496470362
11.635042612787037
11.652288719521007
11.65570267293262
11.684044537044931
11.738400108428031
11.74863473321501
11.768085312113492
11.781167731040329
11.79157218247298
11.814120822063895
11.868439033774063
11.886490798480237
11.914914020996463
11.950105531688468
11.980732831263444
11.98905055966998
12.007148660666267
12.034599699447124
12.063937293217156
12.087410202063452
12.151887020499906
12.191100615601554
12.206501807974554
12.220113563554664
12.232309534848717
12.26208663390052
12.264222501592768
12.333916831819664
12.390783801379538
12.406721147098718
12.461549155229509
12.47055420676065
12.510695367473545
12.526066807190611
12.551045721012361
12.557344188376048
12.59121909333676
12.643590116577293
12.660037585836958
12.717453489376371
12.739038670940195
12.745605889832712
12.802482376722917
12.840046354132026
12.842709598095949
12.886719111793408
12.92223490606359
12.945576678573957
12.969065551965139
12.996104423737238
13.019738791603755
13.027325174844457
13.12306902426853
13.130654627492659
13.155720501005122
13.176281261564935
13.204458480712093
13.217952817416595
13.251676375105989
13.26744304738917
13.291644287584027
13.348609551570432
13.372922094192994
13.402958911713945
13.441389237657038
13.457374473501789
13.460624261138815
13.489856548609845
13.500987869274276
13.515019513448465
13.562319262126556
13.582350668190022
13.59930792885759
13.65315045917943
13.680284304660871
13.700032752763237
13.712118381355085
13.751561228785642
13.778044855330785
13.82054512697078
13.842661474237522
13.877885390364513
13.880788720015074
13.9355183774354
13.938741770349832
13.984152345871133
14.026256819494488
14.068884552805038
14.076876379185192
14.09474206430122
14.118046211468332
14.135865792830042
14.148705435577432
14.189303422866308
14.2251027692628
14.245430303194299
14.259192008954328
14.294193507376994
14.338178488941658
14.359298563254418
14.388536834316819
14.43693787689996
14.45441026030845
14.492146121685654
14.542261442315109
14.617577141200286
14.624692568127205
14.698308376930418
14.717089235621707
14.756945384386983
14.757237336740713
14.789980371789573
14.803582415858605
14.881713633729166
14.912947059409811
14.928897549801604
14.937103061403407
14.976515612953554
15.00375924625082
15.046442308176346
15.059720716112158
15.10933826665361
15.147387830215061
15.178968576471659
15.220864612620163
15.248425242338346
15.309988211309545
15.319395408298972
15.333649151050565
15.371806533108131
15.402141872617216
15.431753724064043
15.447205315973994
15.490007394493421
15.501046580210895
15.516447646697076
15.548147224368064
15.571058322734384
15.614776863418168
15.644005264751868
15.674007837449775
15.728539487696535
15.737363812022245
15.781925370867945
15.80917030121008
15.82635258834237
15.870607934521455
15.913046658855997
15.93510664029359
15.970241743630954
15.999792903216434
16.00057481991249
16.07806362688282
16.11309844505675
16.162691201784998
16.16401860748278
16.192653338672184
16.21015613130016
16.267139983196085
16.284987602563017
16.318633878009194
16.35695122873505
16.37483623914819
16.448057323354693
16.466313884123885
16.48576994124014
16.52946043090136
16.54897408141361
16.582039288917994
16.631106373204222
16.662359035558215
16.72509595031111
16.762126501515596
16.783277156986347
16.81121985424763
16.81720546629392
16.873084053428467
16.883834463184122
16.938114670596452
16.95783227949162
17.013373835740385
17.026499768627907
17.07087675827765
17.104843441372314
17.131481443256614
17.18881043554319
17.245358977160823
17.267661917920964
17.316961172831302
17.32276817925204
17.379641120193114
17.399817896653946
17.439726306208993
17.481985458399038
17.509931472803512
17.55729859113127
17.610394404793823
17.63016474038909
17.65735609321654
17.70471166998136
17.754888114648583
17.77666988185305
17.814400582866448
17.86833003721038
17.92767646643236
17.968256702822785
17.994773590824153
18.012626382880235
18.105853637027206
18.13163400770274
18.15069553467809
18.182483993205896
18.220650240370862
18.28369087947997
18.305063373470833
18.33497253263079
18.386855036189274
18.50589594066469
18.5251315207378
18.547432930232354
18.624567926887398
18.68014442247338
18.696006611191816
18.761684614962284
18.807519938767122
18.849715126376573
18.88338427093873
18.951336038753062
18.975022112042637
19.03232595422699
19.05282290665258
19.055598515056094
19.140481930902904
19.22910520761059
19.30482307642778
19.342516167674738
19.42064740774208
19.474287206288363
19.53240536580505
19.562534137925347
19.598031840255477
19.635035329043735
19.72604956586892
19.750819898637364
19.830349947006805
19.865884970740584
19.903507294779544
19.95762669923445
19.96478396854622
20.034991203203493
20.06410787356642
20.078610952525068
20.140025343649178
20.183201615778795
20.253046915539777
20.325765495440844
20.362200497108287
20.424191493523985
20.47410025737235
20.504572560338417
20.604769098417602
20.824509818371368
20.847320082598202
20.925442195112087
20.958362156033065
21.025362338574592
21.120127977170036
21.236499086221283
21.358188929338453
21.3984622737797
21.536722123931035
21.724128693190096
21.78403672734021
21.88609283404554
21.93252730451281
21.9969156137088
22.283369178190338
22.302520057790453
22.34021987213946
22.385704730408467
22.55946122121142
22.575353408295367
22.8174294652041
22.90883566041486
23.41719020069903
23.49161910370016
23.700165285716093
24.20544761301726
24.763653029370882
24.924950814753785
