0.6040587369797775
0.7206263253871623
0.7994157481295047
0.8148530126981561
0.8662296485540685
0.904370412821113
0.9644468384025056
1.0477515676736318
1.0887803915587513
1.7921872369998821
4.196674179489042
4.269191341745353
4.538474225614053
4.557240139479018
4.950668860314915
5.270562026256412
5.545302242816115
5.712641316212993
5.882219983428157
5.938129427509081
6.031546019737417
6.07320999585255
6.17642310544261
6.199440851484058
6.234507836120835
6.270705052516632
6.295873346638705
6.357558278374068
6.49739032841947
6.517545838226013
6.59039363384533
6.65407033022749
6.663418463358942
6.734186452544109
6.738954954265778
6.754923206342863
6.782419497308523
6.816265745295435
6.887155018648145
6.957368423297562
6.999783189152845
7.035288017122011
7.061922573945214
7.090041182112209
7.114996876535832
7.136438958045125
7.166544171313216
7.229325505354033
7.246493859277422
7.281908056785078
7.34636826713835
7.365826336573446
7.423689187047119
7.460484678218859
7.494711803914301
7.513415058448779
7.5729625879423486
7.588127850834989
7.636791431163796
7.658725355477865
7.674993372888681
7.717504052181681
7.755952509235949
7.819627475929751
7.842150713405808
7.875107959984629
7.9135140003283615
7.9427450755753854
7.981189480031888
8.000110505115973
8.00432890615547
8.02706652795497
8.083679268355485
8.111576841385519
8.151572459597634
8.198641498183136
8.213742423051881
8.2713982823939
8.302824876570627
8.317946038352368
8.333626663777526
8.36202142191995
8.40728576292111
8.435577292846052
8.470160512850885
8.485986782633153
8.506192183880431
8.532026530959037
8.569595797823384
8.5984644946048
8.622289491618794
8.647425398451484
8.67374979693464
8.70297227401721
8.715116859474593
8.737668468311302
8.787136177754299
8.805865421724244
8.871740348987744
8.912687855544453
8.937423509443013
8.99090062807048
9.006301183160693
9.034265902293154
9.053478071561583
9.073821596291692
9.089680725715256
9.118551031656247
9.145311960089419
9.174768937657975
9.188320321242664
9.261170039298609
9.284829020346832
9.29802957896644
9.319635914189263
9.35703084067343
9.385914381574384
9.417964234168245
9.460332168641518
9.498862127887215
9.519456221913265
9.574433414913917
9.578156456687259
9.594116247248833
9.626782876580865
9.639684303371435
9.655670871915992
9.6982289725615
9.72693719273924
9.742169013761115
9.759617076527649
9.785021821425632
9.858275528397856
9.862729971120748
9.909076275697485
9.915627438749482
9.958764710723235
9.978621762581012
9.997694936426127
10.025201149052732
10.043578793960638
10.062731771623739
10.101503703886886
10.142173803308065
10.153102367238567
10.182872083525801
10.223834199284388
10.274942280994216
10.305759190982176
10.338918434863183
10.354822827045986
10.398693635601845
10.410728310731693
10.441595239824531
10.471904383406823
10.510520394563002
10.554295371121256
10.596656199813536
10.630309283684094
10.658380050401608
10.675436627368573
10.680511517208167
10.69303041335987
10.749298260708999
10.772259204840207
10.811390396829154
10.847887570959164
10.868435872822907
10.893814483086008
10.904778035716141
10.942759540287614
10.966851634402262
10.979414124249848
11.014823469213884
11.024366240111432
11.077680083515963
11.087204257933578
11.115206342028985
11.136018665558781
11.152091320452838
11.21281034611251
11.27287721059504
11.306026033460896
11.314629215476504
11.336308214720429
11.337775118614596
11.357190481711363
11.400967242224647
11.428386666152
11.450074446880434
11.466503476835161
11.499731322740683
11.55213597167221
11.591995087238672
11.602668210935734
11.642534805210927
11.654001135812324
11.675293440654878
11.697143116184714
11.71955597180205
11.73106948135994
11.80200282939357
11.844833435580023
11.866163296646564
11.88762223161677
11.930923487091906
11.937198330350581
11.951409593618768
12.001482477344513
12.04751920570607
12.055933368789939
12.091014005051678
12.115383647089386
12.13907287358893
12.16111908543898
12.171989625095883
12.1990896072553
12.21038564117468
12.236002601440754
12.277990007404764
12.29276772789475
12.32001814371702
12.327228725022316
12.386122704696955
12.411901879489658
12.417061752113877
12.459246417514809
12.468592556232354
12.481610231917914
12.497681067119569
12.532468496107718
12.595841809988702
12.626630962894566
12.652377191502152
12.669932509242928
12.691336869779661
12.707550571213762
12.768774857108495
12.809681750205385
12.834675927905769
12.843448986342237
12.88993091848132
12.908355771471431
12.928749248976644
12.944639844479461
12.955541704185725
12.976493012751042
13.033655983503373
13.04511253183168
13.076316207494509
13.097776727623645
13.124331267806284
13.170904042052609
13.20933365596221
13.243740176923591
13.270841006833448
13.289334411290046
13.313048564540093
13.338232395715828
13.355303903184778
13.360641206329143
13.40985157119619
13.431734402693474
13.454973310902654
13.503346656444451
13.526178817461146
13.539465474200043
13.57957326795322
13.599044288220913
13.62056146739595
13.651335037698635
13.67648059602554
13.714828145324299
13.741968340665302
13.763787751994228
13.786435512136892
13.813768009429005
13.846854754893487
13.883439752844174
13.890466257225007
13.913854928032357
13.949361927337279
13.986601197387825
14.01253348891897
14.067613906255696
14.108706555547329
14.110836982593053
14.147119993543917
14.178291318095422
14.190391040961714
14.20456624054781
14.223930090259557
14.256163109675917
14.274301581241113
14.301613658929119
14.344181819456846
14.354799787251558
14.39865606403538
14.435017120351013
14.451022002927003
14.477996999801311
14.528300848652956
14.54739149459446
14.593857266456636
14.622658417285505
14.649586890121512
14.693636340531109
14.709527274658647
14.72490296637916
14.756483935472406
14.776063084337576
14.8216669969782
14.869581735861182
14.93889549198234
14.953895652375081
15.000965002266586
15.013613447321966
15.017883853553432
15.064203607103536
15.106077898366323
15.120229350956944
15.134255598698683
15.147279116652378
15.218831141583946
15.236830627288818
15.263128430980196
15.287062992378017
15.303840228117583
15.329404044986731
15.344755213675073
15.37618483062982
15.393819083781262
15.455798614999486
15.494274025537505
15.525005856405974
15.535172661642001
15.56620174292418
15.59690829480061
15.65884465657676
15.679265233832576
15.759768914375698
15.77106573948767
15.814400003421186
15.831058449875366
15.840148227394923
15.875913684563201
15.928758836813689
15.982396235312162
16.008488156614224
16.038618805762734
16.114606975959383
16.1199510945618
16.141750454057853
16.16365753252295
16.168399610355447
16.234081207144193
16.241679829266026
16.284234306707518
16.305510767152015
16.334548261651005
16.38099384415926
16.442886878743458
16.46798716156597
16.4917577043058
16.510622970978634
16.53661966238388
16.602729622999068
16.63918590399603
16.673174801752875
16.71937720598652
16.72798340481856
16.808448358188926
16.834033263962525
16.875100481987463
16.90535717347822
16.949440359212627
16.957137103551585
16.98923465634624
17.04231776367391
17.05883332729289
17.088394957882024
17.09757560479263
17.126855083068122
17.17091527753905
17.184128779045842
17.22209840568419
17.2879713085986
17.332838584657374
17.356851096431544
17.39366432618765
17.401877075334625
17.44005935779217
17.499511078296933
17.53758197555089
17.64247631190466
17.67208940393777
17.699458498357476
17.716837660820342
17.771101002356335
17.850238663188044
17.853483224347
17.877249868268223
17.896375312078277
17.93758700579795
17.953888089744634
17.982246411422857
18.019819003540178
18.06125795420112
18.111572430894668
18.140118964448774
18.193507881647857
18.227699949859787
18.243224544503942
18.271749905141178
18.32551927336784
18.36127433642228
18.393860901676753
18.414516008047894
18.470025785021303
18.491513448262587
18.53120190325333
18.62149307840486
18.662517935131202
18.66565832917049
18.704869864026644
18.779008857904056
18.80159536720743
18.839476716901398
18.936510669766566
18.944251042037955
18.96222334596543
18.97001012208204
19.06659996704241
19.123881066049943
19.212701289249985
19.225556079428227
19.30768843123272
19.354235792490364
19.367072214592675
19.437162557370442
19.473580374214542
19.59551222847379
19.632492725730025
19.647977924906908
19.694078060080983
19.721973851671635
19.80772543511922
19.860963765745122
19.917980016725018
20.038824342810425
20.09960956584831
20.144856942424735
20.182922319556575
20.22646238785539
20.249580816708402
20.29323796314571
20.369168580606477
20.461557865435115
20.542295414592903
20.629319273303985
20.66381942192241
20.752506807124313
20.784200808042108
20.853066451396145
21.04705629450783
21.109860677715236
21.197756434745255
21.283294623910365
21.35987758062681
21.39369839984817
21.426880505568498
21.42944371407793
21.465914801422343
21.50448010680642
21.6671911685882
21.690485521357868
21.845688997213337
21.90040176414258
21.945833114906563
22.084984034155074
22.143827188099298
22.193294381889466
22.29645456068728
22.48433447978954
22.622354231855322
22.922522208337003
22.99938772828235
23.148939501282495
23.27701125331818
23.522803813877672
23.716113553316355
23.919288982201657
24.036681139368316
24.301507349168904
24.440622314290607
24.765449019298977
24.830155084851786
24.875826566712487
25.062168602429818
0.6040587369797775
0.7206263253871623
0.7994157481295047
0.8148530126981561
0.8662296485540685
0.904370412821113
0.9644468384025056
1.0477515676736318
1.0887803915587513
1.7921872369998821
4.196674179489042
4.269191341745353
4.538474225614053
4.557240139479018
4.950668860314915
5.270562026256412
5.545302242816115
5.712641316212993
5.882219983428157
5.938129427509081
6.031546019737417
6.07320999585255
6.17642310544261
6.199440851484058
6.234507836120835
6.270705052516632
6.295873346638705
6.357558278374068
6.49739032841947
6.517545838226013
6.59039363384533
6.65407033022749
6.663418463358942
6.734186452544109
6.738954954265778
6.754923206342863
6.782419497308523
6.816265745295435
6.887155018648145
6.957368423297562
6.999783189152845
7.035288017122011
7.061922573945214
7.090041182112209
7.114996876535832
7.136438958045125
7.166544171313216
7.229325505354033
7.246493859277422
7.281908056785078
7.34636826713835
7.365826336573446
7.423689187047119
7.460484678218859
7.494711803914301
7.513415058448779
7.5729625879423486
7.588127850834989
7.636791431163796
7.658725355477865
7.674993372888681
7.717504052181681
7.755952509235949
7.819627475929751
7.842150713405808
7.875107959984629
7.9135140003283615
7.9427450755753854
7.981189480031888
8.000110505115973
8.00432890615547
8.02706652795497
8.083679268355485
8.111576841385519
8.151572459597634
8.198641498183136
8.213742423051881
8.2713982823939
8.302824876570627
8.317946038352368
8.333626663777526
8.36202142191995
8.40728576292111
8.435577292846052
8.470160512850885
8.485986782633153
8.506192183880431
8.532026530959037
8.569595797823384
8.5984644946048
8.622289491618794
8.647425398451484
8.67374979693464
8.70297227401721
8.715116859474593
8.737668468311302
8.787136177754299
8.805865421724244
8.871740348987744
8.912687855544453
8.937423509443013
8.99090062807048
9.006301183160693
9.034265902293154
9.053478071561583
9.073821596291692
9.089680725715256
9.118551031656247
9.145311960089419
9.174768937657975
9.188320321242664
9.261170039298609
9.284829020346832
9.29802957896644
9.319635914189263
9.35703084067343
9.385914381574384
9.417964234168245
9.460332168641518
9.498862127887215
9.519456221913265
9.574433414913917
9.578156456687259
9.594116247248833
9.626782876580865
9.639684303371435
9.655670871915992
9.6982289725615
9.72693719273924
9.742169013761115
9.759617076527649
9.785021821425632
9.858275528397856
9.862729971120748
9.909076275697485
9.915627438749482
9.958764710723235
9.978621762581012
9.997694936426127
10.025201149052732
10.043578793960638
10.062731771623739
10.101503703886886
10.142173803308065
10.153102367238567
10.182872083525801
10.223834199284388
10.274942280994216
10.305759190982176
10.338918434863183
10.354822827045986
10.398693635601845
10.410728310731693
10.441595239824531
10.471904383406823
10.510520394563002
10.554295371121256
10.596656199813536
10.630309283684094
10.658380050401608
10.675436627368573
10.680511517208167
10.69303041335987
10.749298260708999
10.772259204840207
10.811390396829154
10.847887570959164
10.868435872822907
10.893814483086008
10.904778035716141
10.942759540287614
10.966851634402262
10.979414124249848
11.014823469213884
11.024366240111432
11.077680083515963
11.087204257933578
11.115206342028985
11.136018665558781
11.152091320452838
11.21281034611251
11.27287721059504
11.306026033460896
11.314629215476504
11.336308214720429
11.337775118614596
11.357190481711363
11.400967242224647
11.428386666152
11.450074446880434
11.466503476835161
11.499731322740683
11.55213597167221
11.591995087238672
11.602668210935734
11.642534805210927
11.654001135812324
11.675293440654878
11.697143116184714
11.71955597180205
11.73106948135994
11.80200282939357
11.844833435580023
11.866163296646564
11.88762223161677
11.930923487091906
11.937198330350581
11.951409593618768
12.001482477344513
12.04751920570607
12.055933368789939
12.091014005051678
12.115383647089386
12.13907287358893
12.16111908543898
12.171989625095883
12.1990896072553
12.21038564117468
12.236002601440754
12.277990007404764
12.29276772789475
12.32001814371702
12.327228725022316
12.386122704696955
12.411901879489658
12.417061752113877
12.459246417514809
12.468592556232354
12.481610231917914
12.497681067119569
12.532468496107718
12.595841809988702
12.626630962894566
12.652377191502152
12.669932509242928
12.691336869779661
12.707550571213762
12.768774857108495
12.809681750205385
12.834675927905769
12.843448986342237
12.88993091848132
12.908355771471431
12.928749248976644
12.944639844479461
12.955541704185725
12.976493012751042
13.033655983503373
13.04511253183168
13.076316207494509
13.097776727623645
13.124331267806284
13.170904042052609
13.20933365596221
13.243740176923591
13.270841006833448
13.289334411290046
13.313048564540093
13.338232395715828
13.355303903184778
13.360641206329143
13.40985157119619
13.431734402693474
13.454973310902654
13.503346656444451
13.526178817461146
13.539465474200043
13.57957326795322
13.599044288220913
13.62056146739595
13.651335037698635
13.67648059602554
13.714828145324299
13.741968340665302
13.763787751994228
13.786435512136892
13.813768009429005
13.846854754893487
13.883439752844174
13.890466257225007
13.913854928032357
13.949361927337279
13.986601197387825
14.01253348891897
14.067613906255696
14.108706555547329
14.110836982593053
14.147119993543917
14.178291318095422
14.190391040961714
14.20456624054781
14.223930090259557
14.256163109675917
14.274301581241113
14.301613658929119
14.344181819456846
14.354799787251558
14.39865606403538
14.435017120351013
14.451022002927003
14.477996999801311
14.528300848652956
14.54739149459446
14.593857266456636
14.622658417285505
14.649586890121512
14.693636340531109
14.709527274658647
14.72490296637916
14.756483935472406
14.776063084337576
14.8216669969782
14.869581735861182
14.93889549198234
14.953895652375081
15.000965002266586
15.013613447321966
15.017883853553432
15.064203607103536
15.106077898366323
15.120229350956944
15.134255598698683
15.147279116652378
15.218831141583946
15.236830627288818
15.263128430980196
15.287062992378017
15.303840228117583
15.329404044986731
15.344755213675073
15.37618483062982
15.393819083781262
15.455798614999486
15.494274025537505
15.525005856405974
15.535172661642001
15.56620174292418
15.59690829480061
15.65884465657676
15.679265233832576
15.759768914375698
15.77106573948767
15.814400003421186
15.831058449875366
15.840148227394923
15.875913684563201
15.928758836813689
15.982396235312162
16.008488156614224
16.038618805762734
16.114606975959383
16.1199510945618
16.141750454057853
16.16365753252295
16.168399610355447
16.234081207144193
16.241679829266026
16.284234306707518
16.305510767152015
16.334548261651005
16.38099384415926
16.442886878743458
16.46798716156597
16.4917577043058
16.510622970978634
16.53661966238388
16.602729622999068
16.63918590399603
16.673174801752875
16.71937720598652
16.72798340481856
16.808448358188926
16.834033263962525
16.875100481987463
16.90535717347822
16.949440359212627
16.957137103551585
16.98923465634624
17.04231776367391
17.05883332729289
17.088394957882024
17.09757560479263
17.126855083068122
17.17091527753905
17.184128779045842
17.22209840568419
17.2879713085986
17.332838584657374
17.356851096431544
17.39366432618765
17.401877075334625
17.44005935779217
17.499511078296933
17.53758197555089
17.64247631190466
17.67208940393777
17.699458498357476
17.716837660820342
17.771101002356335
17.850238663188044
17.853483224347
17.877249868268223
17.896375312078277
17.93758700579795
17.953888089744634
17.982246411422857
18.019819003540178
18.06125795420112
18.111572430894668
18.140118964448774
18.193507881647857
18.227699949859787
18.243224544503942
18.271749905141178
18.32551927336784
18.36127433642228
18.393860901676753
18.414516008047894
18.470025785021303
18.491513448262587
18.53120190325333
18.62149307840486
18.662517935131202
18.66565832917049
18.704869864026644
18.779008857904056
18.80159536720743
18.839476716901398
18.936510669766566
18.944251042037955
18.96222334596543
18.97001012208204
19.06659996704241
19.123881066049943
19.212701289249985
19.225556079428227
19.30768843123272
19.354235792490364
19.367072214592675
19.437162557370442
19.473580374214542
19.59551222847379
19.632492725730025
19.647977924906908
19.694078060080983
19.721973851671635
19.80772543511922
19.860963765745122
19.917980016725018
20.038824342810425
20.09960956584831
20.144856942424735
20.182922319556575
20.22646238785539
20.249580816708402
20.29323796314571
20.369168580606477
20.461557865435115
20.542295414592903
20.629319273303985
20.66381942192241
20.752506807124313
20.784200808042108
20.853066451396145
21.04705629450783
21.109860677715236
21.197756434745255
21.283294623910365
21.35987758062681
21.39369839984817
21.426880505568498
21.42944371407793
21.465914801422343
21.50448010680642
21.6671911685882
21.690485521357868
21.845688997213337
21.90040176414258
21.945833114906563
22.084984034155074
22.143827188099298
22.193294381889466
22.29645456068728
22.48433447978954
22.622354231855322
22.922522208337003
22.99938772828235
23.148939501282495
23.27701125331818
23.522803813877672
23.716113553316355
23.919288982201657
24.036681139368316
24.301507349168904
24.440622314290607
24.765449019298977
24.830155084851786
24.875826566712487
25.062168602429818
