0.6838756578365046
0.7532910870589745
0.8089450289146031
0.9141922087155301
0.9725505467559785
1.0385345949767895
1.0877821268109684
1.1714528016653303
1.2388244383978948
3.6632217984699644
4.335872242103884
4.516593992502106
5.189743245190607
5.254692135825802
5.335889507907293
5.411902111557864
5.65710720779562
5.776995055739445
5.79035198747039
5.819971719345296
5.87621479562342
5.968447094710886
6.0448906130359195
6.106447334714988
6.17886538077169
6.240889310598588
6.275849839473278
6.345670771498782
6.405291390523194
6.444556604615341
6.4628891543313625
6.7015773479486676
6.762105188694905
6.806548660622467
6.863198066559642
6.944054467624779
6.993730047684361
7.0298617885426555
7.0493664603214485
7.079122973492336
7.088155418016837
7.148200857926317
7.167584013464502
7.193991218701849
7.254909325362634
7.290959472286257
7.360141153908235
7.445323110148311
7.462265271672558
7.485371578147503
7.52064978793837
7.569109248611086
7.608007883510327
7.63195524344043
7.683111850171829
7.709967384941695
7.7319313466849575
7.817233970340216
7.87007128212818
7.902075771812481
7.9147458348395645
7.928857630905019
7.980654810398921
8.011459811242096
8.023823861724207
8.05176559807013
8.10881967540908
8.141897020650436
8.156389709741852
8.187889124265096
8.238021565315451
8.270645168000105
8.303379448500317
8.322878675476757
8.366455772921718
8.383806579539215
8.4268959446319
8.43752297729101
8.475846048850316
8.500434720389963
8.5067953841372
8.521639543808984
8.570020613357379
8.59338769405861
8.609847790231283
8.622506708885142
8.660722925814788
8.688748901328502
8.735744051320076
8.7635681616927
8.806141323218402
8.840518078965871
8.8611292647936
8.872780078022998
8.899560439177286
8.95047798420156
8.968064244519248
8.999408592829377
9.019652423353959
9.07767053259564
9.098259274213904
9.10190477024966
9.129917402793764
9.137862902233847
9.152094972477759
9.196555547956727
9.211225943929461
9.2711533039163
9.30687641908333
9.312047673329708
9.382487652612829
9.402168740147061
9.438005695058822
9.471770829082379
9.50094124063646
9.538209468555602
9.548528060278683
9.58089237434156
9.608765061862853
9.6528269859036
9.672906608705276
9.696125113934118
9.717635213925774
9.768618175426175
9.819676908233747
9.846253655026905
9.89827789517348
9.937784037904171
9.966894850290512
10.014764716176332
10.023468789238695
10.038546865837455
10.087275263362788
10.099282411964017
10.128904620529989
10.152167491012609
10.174647149095387
10.22279364766895
10.238378750361836
10.258683832503287
10.266495610931036
10.325391124721726
10.344620888176218
10.375100306763969
10.391193245493284
10.428834598812568
10.464762259350278
10.512683724032495
10.53111643366412
10.580001024513985
10.587267052795662
10.635666633032404
10.647340923354413
10.700087502016725
10.724433045504346
10.733711473507269
10.762899691446227
10.776620449488947
10.823281214873152
10.859893293930453
10.882951271281344
10.936272242064907
10.947491470210432
10.966256589027644
10.977608111739626
11.000650644904844
11.04423690285219
11.052056201559202
11.077866255793678
11.09057266810723
11.12602484720953
11.169866047505934
11.212772024352743
11.228955245085249
11.289022311090923
11.320498386712659
11.355317615534734
11.373065997392994
11.418003769917924
11.430848271647394
11.490605218113712
11.504611692598894
11.518728572673279
11.547333472748173
11.572035926597696
11.604974895657325
11.642966630960302
11.673334216000121
11.696172794230886
11.743227889840462
11.777590314298081
11.78747423504391
11.801890044694808
11.80557314596551
11.842821362767666
11.918812524218223
11.943551338834796
11.952051745663438
11.993491417778683
12.003973909949142
12.027037537784455
12.03665047774238
12.06898933212825
12.110431794796739
12.130005987807543
12.143988312915896
12.158971186213112
12.183607515337599
12.23957830845413
12.249690944955855
12.2829055772691
12.311749232297972
12.32482353838741
12.342386557710814
12.390270367260383
12.41015798882339
12.43916894214307
12.45740552725484
12.481982449591513
12.513143766365927
12.538013556906332
12.577314665540811
12.582872677240518
12.624690502851049
12.650945333056047
12.70892817596851
12.743379792673444
12.753180355421584
12.789678078433212
12.798787619441796
12.826085088636987
12.836028832702873
12.857608222972734
12.897041428949237
12.954214155796757
12.982808310475983
12.989741884493009
13.024050533318931
13.028207938633576
13.080472861666511
13.133926957738217
13.17325395555338
13.18219463651952
13.215045366997144
13.259312463555434
13.271232336122893
13.29040867498121
13.306142875848478
13.346645619146093
13.387356728462636
13.413884882547693
13.443372988299814
13.529326324679404
13.530615492556247
13.55315533233526
13.584575138763697
13.616167229976748
13.65933416355839
13.683049259337526
13.69837179579373
13.72531877664495
13.76459750161419
13.777899272642914
13.799907330941421
13.835170221253252
13.853321831937597
13.895283341295777
13.911556450779408
13.937091990306493
13.941186771792395
14.003030235769456
14.02689385544747
14.046564808356433
14.076928110164294
14.087298522963433
14.113707520071562
14.158292513549721
14.162615097960588
14.215627497017367
14.237577327681596
14.25247683592444
14.266867508452012
14.338601590699508
14.347161704312697
14.368050114890684
14.411470678985845
14.42122498137712
14.437955700734301
14.46066155816458
14.497077660046067
14.530502594901703
14.564266712026898
14.598516175516615
14.646355250684401
14.671618491720901
14.687176140488145
14.754387104988878
14.779475748157092
14.802930999931855
14.857095914137727
14.883107490982287
14.894584469091951
14.931086584903808
14.96491360012407
15.01342839364345
15.019193801515158
15.054255228793151
15.071045798692742
15.088047216866098
15.124335814234879
15.143404471800444
15.184509215753383
15.216402621623898
15.253968289638614
15.275562455831729
15.30740357670427
15.3507254813407
15.356919231227877
15.39376200678585
15.40756246073216
15.413736333919934
15.43330950582434
15.492625415728932
15.513774616880212
15.548525037818818
15.580614105934155
15.615478747260017
15.638877801522733
15.671021729965092
15.680604016057808
15.723883563738552
15.738053566327162
15.805641550132007
15.813946945191628
15.833917839743354
15.893128990369927
15.93252437799334
15.941492365942393
15.969386022634737
16.018445818310827
16.03821913688794
16.040605312204107
16.069054206500493
16.152403748636008
16.171006252295236
16.21718942688115
16.25964419121367
16.275301665515872
16.312828435381498
16.329138803936775
16.349414710382423
16.39209677713891
16.441740130968995
16.471477952263296
16.496527350536596
16.528935743096955
16.564389822404525
16.5859762817594
16.613258693061976
16.65395433800949
16.67615415407613
16.699483741898362
16.74008315284307
16.79145184676727
16.80945937621425
16.86264757344724
16.882706571628667
16.925282735996447
16.944637596841776
16.958442768206496
17.000612479627183
17.040015252446054
17.05903139482474
17.114528445484048
17.15119902890873
17.19542902741058
17.25731499782265
17.275099200375216
17.324654771124212
17.363332645036472
17.375489202045365
17.395567601197882
17.452647705585527
17.49164912259172
17.549669389651466
17.57508322039934
17.594485915487848
17.634035544901177
17.664462104080844
17.708263149062898
17.714863307049594
17.727967112648184
17.764155640914083
17.808080444281558
17.838251496747255
17.85778389611648
17.89924942754544
17.93400953305523
17.94977013626949
17.99004043040776
18.04382234546172
18.11036877237111
18.127009885813795
18.150068557403117
18.172264920283872
18.237669984798508
18.282131371950463
18.291800375195344
18.316515263478575
18.383191385396028
18.392011551720504
18.456693369385075
18.482201831670654
18.505372811786778
18.527377177903087
18.54088050640119
18.564950933102704
18.61315900240352
18.645716390008605
18.725343846626696
18.76986093281797
18.80533275797109
18.82412789323535
18.900596133466127
18.928126091752638
19.004441449319692
19.04633573610756
19.087169789291217
19.113230378304404
19.139151235490292
19.174416578576764
19.21608581881836
19.228941749455192
19.289560780815997
19.3641063060739
19.377433349450413
19.440792638550402
19.473717593502524
19.553268538371423
19.59304641628639
19.621513279843562
19.670416647052956
19.717886117295404
19.843265101848253
19.866255017121336
19.92878097258349
19.977007140558328
20.05101930798823
20.112009874974014
20.16251734528674
20.212714207546135
20.256469349773106
20.349451305385248
20.40173647133548
20.41907825332813
20.450241008571265
20.503972950406403
20.54303545896298
20.58113015434411
20.658731491891274
20.69765814811231
20.724472309327908
20.78837238884193
20.8000634221463
20.88758577046156
20.93739218174639
21.05902954933667
21.108930721851106
21.18580075901028
21.235384886217116
21.27293737813101
21.344883271535693
21.42210401499448
21.518547331651614
21.569771032889722
21.6205824451765
21.70065057383965
21.733821231055952
21.76186611713643
21.89283937513085
22.015583318337782
22.037765768034372
22.17585221977283
22.229040857450133
22.28492190524744
22.382323190899125
22.412375977079854
22.568677298208762
22.62343527723967
22.66283640518799
22.70648982113628
22.825284772404082
22.870923392425055
23.120044708785883
23.623345042544628
23.724111327607606
23.812797794548224
24.047610888448617
24.40529678573943
0.6838756578365046
0.7532910870589745
0.8089450289146031
0.9141922087155301
0.9725505467559785
1.0385345949767895
1.0877821268109684
1.1714528016653303
1.2388244383978948
3.6632217984699644
4.335872242103884
4.516593992502106
5.189743245190607
5.254692135825802
5.335889507907293
5.411902111557864
5.65710720779562
5.776995055739445
5.79035198747039
5.819971719345296
5.87621479562342
5.968447094710886
6.0448906130359195
6.106447334714988
6.17886538077169
6.240889310598588
6.275849839473278
6.345670771498782
6.405291390523194
6.444556604615341
6.4628891543313625
6.7015773479486676
6.762105188694905
6.806548660622467
6.863198066559642
6.944054467624779
6.993730047684361
7.0298617885426555
7.0493664603214485
7.079122973492336
7.088155418016837
7.148200857926317
7.167584013464502
7.193991218701849
7.254909325362634
7.290959472286257
7.360141153908235
7.445323110148311
7.462265271672558
7.485371578147503
7.52064978793837
7.569109248611086
7.608007883510327
7.63195524344043
7.683111850171829
7.709967384941695
7.7319313466849575
7.817233970340216
7.87007128212818
7.902075771812481
7.9147458348395645
7.928857630905019
7.980654810398921
8.011459811242096
8.023823861724207
8.05176559807013
8.10881967540908
8.141897020650436
8.156389709741852
8.187889124265096
8.238021565315451
8.270645168000105
8.303379448500317
8.322878675476757
8.366455772921718
8.383806579539215
8.4268959446319
8.43752297729101
8.475846048850316
8.500434720389963
8.5067953841372
8.521639543808984
8.570020613357379
8.59338769405861
8.609847790231283
8.622506708885142
8.660722925814788
8.688748901328502
8.735744051320076
8.7635681616927
8.806141323218402
8.840518078965871
8.8611292647936
8.872780078022998
8.899560439177286
8.95047798420156
8.968064244519248
8.999408592829377
9.019652423353959
9.07767053259564
9.098259274213904
9.10190477024966
9.129917402793764
9.137862902233847
9.152094972477759
9.196555547956727
9.211225943929461
9.2711533039163
9.30687641908333
9.312047673329708
9.382487652612829
9.402168740147061
9.438005695058822
9.471770829082379
9.50094124063646
9.538209468555602
9.548528060278683
9.58089237434156
9.608765061862853
9.6528269859036
9.672906608705276
9.696125113934118
9.717635213925774
9.768618175426175
9.819676908233747
9.846253655026905
9.89827789517348
9.937784037904171
9.966894850290512
10.014764716176332
10.023468789238695
10.038546865837455
10.087275263362788
10.099282411964017
10.128904620529989
10.152167491012609
10.174647149095387
10.22279364766895
10.238378750361836
10.258683832503287
10.266495610931036
10.325391124721726
10.344620888176218
10.375100306763969
10.391193245493284
10.428834598812568
10.464762259350278
10.512683724032495
10.53111643366412
10.580001024513985
10.587267052795662
10.635666633032404
10.647340923354413
10.700087502016725
10.724433045504346
10.733711473507269
10.762899691446227
10.776620449488947
10.823281214873152
10.859893293930453
10.882951271281344
10.936272242064907
10.947491470210432
10.966256589027644
10.977608111739626
11.000650644904844
11.04423690285219
11.052056201559202
11.077866255793678
11.09057266810723
11.12602484720953
11.169866047505934
11.212772024352743
11.228955245085249
11.289022311090923
11.320498386712659
11.355317615534734
11.373065997392994
11.418003769917924
11.430848271647394
11.490605218113712
11.504611692598894
11.518728572673279
11.547333472748173
11.572035926597696
11.604974895657325
11.642966630960302
11.673334216000121
11.696172794230886
11.743227889840462
11.777590314298081
11.78747423504391
11.801890044694808
11.80557314596551
11.842821362767666
11.918812524218223
11.943551338834796
11.952051745663438
11.993491417778683
12.003973909949142
12.027037537784455
12.03665047774238
12.06898933212825
12.110431794796739
12.130005987807543
12.143988312915896
12.158971186213112
12.183607515337599
12.23957830845413
12.249690944955855
12.2829055772691
12.311749232297972
12.32482353838741
12.342386557710814
12.390270367260383
12.41015798882339
12.43916894214307
12.45740552725484
12.481982449591513
12.513143766365927
12.538013556906332
12.577314665540811
12.582872677240518
12.624690502851049
12.650945333056047
12.70892817596851
12.743379792673444
12.753180355421584
12.789678078433212
12.798787619441796
12.826085088636987
12.836028832702873
12.857608222972734
12.897041428949237
12.954214155796757
12.982808310475983
12.989741884493009
13.024050533318931
13.028207938633576
13.080472861666511
13.133926957738217
13.17325395555338
13.18219463651952
13.215045366997144
13.259312463555434
13.271232336122893
13.29040867498121
13.306142875848478
13.346645619146093
13.387356728462636
13.413884882547693
13.443372988299814
13.529326324679404
13.530615492556247
13.55315533233526
13.584575138763697
13.616167229976748
13.65933416355839
13.683049259337526
13.69837179579373
13.72531877664495
13.76459750161419
13.777899272642914
13.799907330941421
13.835170221253252
13.853321831937597
13.895283341295777
13.911556450779408
13.937091990306493
13.941186771792395
14.003030235769456
14.02689385544747
14.046564808356433
14.076928110164294
14.087298522963433
14.113707520071562
14.158292513549721
14.162615097960588
14.215627497017367
14.237577327681596
14.25247683592444
14.266867508452012
14.338601590699508
14.347161704312697
14.368050114890684
14.411470678985845
14.42122498137712
14.437955700734301
14.46066155816458
14.497077660046067
14.530502594901703
14.564266712026898
14.598516175516615
14.646355250684401
14.671618491720901
14.687176140488145
14.754387104988878
14.779475748157092
14.802930999931855
14.857095914137727
14.883107490982287
14.894584469091951
14.931086584903808
14.96491360012407
15.01342839364345
15.019193801515158
15.054255228793151
15.071045798692742
15.088047216866098
15.124335814234879
15.143404471800444
15.184509215753383
15.216402621623898
15.253968289638614
15.275562455831729
15.30740357670427
15.3507254813407
15.356919231227877
15.39376200678585
15.40756246073216
15.413736333919934
15.43330950582434
15.492625415728932
15.513774616880212
15.548525037818818
15.580614105934155
15.615478747260017
15.638877801522733
15.671021729965092
15.680604016057808
15.723883563738552
15.738053566327162
15.805641550132007
15.813946945191628
15.833917839743354
15.893128990369927
15.93252437799334
15.941492365942393
15.969386022634737
16.018445818310827
16.03821913688794
16.040605312204107
16.069054206500493
16.152403748636008
16.171006252295236
16.21718942688115
16.25964419121367
16.275301665515872
16.312828435381498
16.329138803936775
16.349414710382423
16.39209677713891
16.441740130968995
16.471477952263296
16.496527350536596
16.528935743096955
16.564389822404525
16.5859762817594
16.613258693061976
16.65395433800949
16.67615415407613
16.699483741898362
16.74008315284307
16.79145184676727
16.80945937621425
16.86264757344724
16.882706571628667
16.925282735996447
16.944637596841776
16.958442768206496
17.000612479627183
17.040015252446054
17.05903139482474
17.114528445484048
17.15119902890873
17.19542902741058
17.25731499782265
17.275099200375216
17.324654771124212
17.363332645036472
17.375489202045365
17.395567601197882
17.452647705585527
17.49164912259172
17.549669389651466
17.57508322039934
17.594485915487848
17.634035544901177
17.664462104080844
17.708263149062898
17.714863307049594
17.727967112648184
17.764155640914083
17.808080444281558
17.838251496747255
17.85778389611648
17.89924942754544
17.93400953305523
17.94977013626949
17.99004043040776
18.04382234546172
18.11036877237111
18.127009885813795
18.150068557403117
18.172264920283872
18.237669984798508
18.282131371950463
18.291800375195344
18.316515263478575
18.383191385396028
18.392011551720504
18.456693369385075
18.482201831670654
18.505372811786778
18.527377177903087
18.54088050640119
18.564950933102704
18.61315900240352
18.645716390008605
18.725343846626696
18.76986093281797
18.80533275797109
18.82412789323535
18.900596133466127
18.928126091752638
19.004441449319692
19.04633573610756
19.087169789291217
19.113230378304404
19.139151235490292
19.174416578576764
19.21608581881836
19.228941749455192
19.289560780815997
19.3641063060739
19.377433349450413
19.440792638550402
19.473717593502524
19.553268538371423
19.59304641628639
19.621513279843562
19.670416647052956
19.717886117295404
19.843265101848253
19.866255017121336
19.92878097258349
19.977007140558328
20.05101930798823
20.112009874974014
20.16251734528674
20.212714207546135
20.256469349773106
20.349451305385248
20.40173647133548
20.41907825332813
20.450241008571265
20.503972950406403
20.54303545896298
20.58113015434411
20.658731491891274
20.69765814811231
20.724472309327908
20.78837238884193
20.8000634221463
20.88758577046156
20.93739218174639
21.05902954933667
21.108930721851106
21.18580075901028
21.235384886217116
21.27293737813101
21.344883271535693
21.42210401499448
21.518547331651614
21.569771032889722
21.6205824451765
21.70065057383965
21.733821231055952
21.76186611713643
21.89283937513085
22.015583318337782
22.037765768034372
22.17585221977283
22.229040857450133
22.28492190524744
22.382323190899125
22.412375977079854
22.568677298208762
22.62343527723967
22.66283640518799
22.70648982113628
22.825284772404082
22.870923392425055
23.120044708785883
23.623345042544628
23.724111327607606
23.812797794548224
24.047610888448617
24.40529678573943
