0.6703653381320234
0.7002334001074746
0.8171697471633484
0.8499126290956767
0.8786117351382455
0.9284464758145679
0.9517941805570217
1.0837149176645209
1.2493792241665402
3.646329373032701
4.958695720047342
5.236239426205535
5.310187732670507
5.348491892704402
5.364613769967203
5.404773516539036
5.6890538027045485
5.7229972979951285
5.7548429729859345
5.872893684584395
5.907229675149759
6.017201566697743
6.117929241466705
6.123218084817578
6.160116446902447
6.2579419420309925
6.290567059591285
6.3212781420481745
6.32663393961729
6.342422975565607
6.430095142080584
6.48885852540705
6.509110426670522
6.591481602114371
6.665477066493953
6.713447388208546
6.756660644694637
6.784487489748624
6.857399935887722
6.892439782207879
6.95406732726479
6.9998149155782805
7.02348010711631
7.050618471447688
7.082224659285745
7.094440924591143
7.185995325547482
7.201516614310906
7.2156558632204515
7.2799857318624825
7.321913783469668
7.336079657419513
7.386977860006543
7.423140832594169
7.4664363893468995
7.503016530269905
7.517529112014567
7.559502320045393
7.592216684130944
7.596354739689081
7.635259142092943
7.664471906228565
7.6842081848613875
7.736847677057565
7.781930926520491
7.806197108513945
7.826659031496737
7.8787303272575375
7.892871268147717
7.938931231887145
7.956133038111747
8.05717293122672
8.116756022716704
8.141904424327707
8.185298432384856
8.22883307973102
8.23902784122394
8.263779301824869
8.285834299417708
8.302356229169263
8.347592219308584
8.409891348758663
8.449702606909783
8.467912914873901
8.482009733674483
8.50844841494291
8.5576409939464
8.588563278262733
8.621784645379872
8.6314454091926
8.660093289664948
8.733033078647962
8.767088768746543
8.785953109112404
8.797051113380936
8.831348972733318
8.876465145916217
8.89622058660843
8.924403414517249
8.928528647485516
8.949561907603044
8.967277908913138
9.028170444748488
9.030664031997194
9.087475642235011
9.10780015785133
9.137242061026502
9.163159147369129
9.185619815401717
9.21362775405936
9.220595307762647
9.268435645575538
9.294342905691057
9.335912137684163
9.369261802864093
9.40940423010846
9.427136533084077
9.452820345572064
9.483936799406825
9.504978981466094
9.545160319451233
9.587883420831949
9.614162757065252
9.666438941965959
9.68113616421881
9.701642037883081
9.75718259936458
9.773698765569605
9.807438137564247
9.81293557662442
9.870442102155948
9.88503503706597
9.93189482405306
9.973758290601126
9.995398702344222
10.00692966603642
10.027489732381481
10.068961804271114
10.077660670284358
10.102448691669725
10.134724771297785
10.161154048495368
10.166106106747316
10.187105864419495
10.229979557229282
10.236066975714673
10.269020380049323
10.287753744203684
10.326960685230299
10.351462606171895
10.374203106028245
10.435199755251029
10.459800715653202
10.484035281272051
10.516963963162533
10.550668773074166
10.571589221098554
10.584332246405731
10.633149632113414
10.653056204536384
10.70404081824904
10.73560523871568
10.768551541691247
10.821298949146037
10.851266518517885
10.861426567260244
10.892911825721265
10.906063800190914
10.916315337812685
10.958215197880115
11.033874379084383
11.041537638016202
11.07749573083892
11.095350386858756
11.141429734082891
11.15788275223183
11.179026101539584
11.214635828118766
11.236008632795928
11.25145996624356
11.292368968842657
11.34422428754489
11.353185490765703
11.38156315797774
11.393715694246133
11.431809982585163
11.45900754438134
11.489192523823302
11.50005486134553
11.509700934312225
11.570246967152727
11.609584321143771
11.625367933168416
11.64454043324894
11.660833706999162
11.713336847269204
11.73886950322504
11.74850042363954
11.762973006389384
11.792828530154473
11.831827813979091
11.843598950634261
11.855680499907619
11.890771511393885
11.916779223930272
11.937998317108798
11.973371106649665
12.008183021207433
12.038413363888948
12.065874966819278
12.081028531971157
12.116802791987933
12.14216512023016
12.162832068048047
12.185140569832143
12.214638095980954
12.253636368518203
12.272220694631613
12.32764289722487
12.345981938304263
12.358887429452095
12.367987696877414
12.398081430327428
12.440127490279353
12.471490496443629
12.479259741812875
12.507141874003619
12.551501418860358
12.559877384387402
12.598842162880375
12.623023372998091
12.675376580428635
12.696951654632517
12.705281031308164
12.741425623073805
12.768078738382497
12.798892297171976
12.810914336266741
12.842172381327225
12.873108606518523
12.907315361966315
12.928393676719681
12.952593403009612
12.987474160171198
13.015435279562034
13.049168659955642
13.057442978219811
13.097569916998795
13.123636593703347
13.142217202076715
13.179041352104594
13.203330081522585
13.204486251257569
13.250669897598534
13.270884898478505
13.288708922779106
13.304696164847522
13.334791180635502
13.362565188298042
13.397199916439444
13.444361114766634
13.461371797663535
13.498734431415102
13.506648583951744
13.540069333804798
13.547604929584557
13.553348290570522
13.581496760000359
13.632384817257988
13.649673457695245
13.70792604407632
13.719662150093226
13.747543995386849
13.77140013940164
13.804021424685535
13.823010501130922
13.859192663950951
13.874207315409633
13.90010342044509
13.971250709439524
13.98588947127383
14.030463876386962
14.062974537999462
14.097576636029528
14.116319897101018
14.128333747753183
14.160881860029152
14.212857123683039
14.250858424832229
14.272054121401746
14.29072262639671
14.331038010541777
14.358830058532087
14.393626135573331
14.414441231687599
14.424549178933285
14.482692546066659
14.555965269441923
14.58552490760563
14.618688983987363
14.643129742696349
14.6648173105843
14.69212608927707
14.713159849344505
14.72864238170495
14.768400176609994
14.809466855138952
14.878362563370304
14.88467209543848
14.91943194037329
14.93104227793243
14.954362154142657
15.014613586146336
15.016620951359423
15.030584668662867
15.045101421586
15.098375893405164
15.125817873336786
15.156936100194093
15.179748556399401
15.202567293756967
15.248387025790773
15.293380474062744
15.308180213068137
15.324180992053906
15.351190669360578
15.377362245023651
15.383197198349238
15.425649911408563
15.481574775129955
15.524983966343642
15.567589235226684
15.583953415146498
15.602206155003339
15.625802249730203
15.66323855510652
15.703468979869296
15.731556931613788
15.768546920123306
15.821765724660267
15.838942814670672
15.849453398172043
15.853509136285481
15.913118749225456
15.922390364592896
15.951808619101303
16.000604845997724
16.038381359175037
16.06332582297316
16.08688443914766
16.123137046628713
16.15285734603269
16.17048593184392
16.218299938378234
16.27589692584966
16.280884082872745
16.337573381299478
16.350040521346422
16.372179045554358
16.417395607388176
16.443516487277336
16.518882461982713
16.52348243004183
16.576981945630248
16.604124588481895
16.62719393428252
16.655492724265322
16.70739632411192
16.74214620971232
16.782477804787405
16.796455060801854
16.829896290556906
16.891036754562307
16.899572644184765
16.934086386212282
16.960244271353844
16.97988618845245
17.053155738847558
17.10330675142604
17.134874501131993
17.14297072275664
17.202170187905136
17.236465530531
17.25762808252267
17.2847773571221
17.312075206256207
17.346440328397996
17.36441395741536
17.411498656267106
17.41939584266422
17.444631475651025
17.514503301230903
17.54802400303801
17.59510359879964
17.656577945512193
17.733436985990267
17.76379610417176
17.77284222038881
17.819581176562927
17.832329520327306
17.897158794649776
17.924642192694076
17.954697861067807
18.02403542083748
18.05519842687435
18.097219004575575
18.136255383465645
18.169378402985526
18.171971818722113
18.20310146402734
18.236108070227953
18.267209615175812
18.34832678824843
18.382655815049958
18.4646698280712
18.481684718517442
18.547756338666932
18.57610239069719
18.59831582709647
18.657736644154838
18.667079673324906
18.7165546614651
18.74064479553553
18.750596180048603
18.77482090116449
18.79551038988545
18.86775410777092
18.9159168665463
18.94383968747733
19.00122246310965
19.02804814318466
19.06015537574613
19.155732380185793
19.209825808604222
19.234410185557017
19.291562909646306
19.34024891046505
19.38176047089302
19.389853601116112
19.48502854551242
19.5490782875964
19.594235686850453
19.688530760280614
19.798465682856655
19.820874803830968
19.838879335947265
19.86062227077923
19.91804355538647
19.989627064805255
20.048204912080323
20.063181270724414
20.12245065099222
20.19097095523312
20.237626928663488
20.259973153489575
20.325880325006306
20.33929292533419
20.49894651653347
20.51192353444452
20.54935041198193
20.562163898157507
20.641857458784592
20.64716352440495
20.737195933975073
20.788643371104122
20.872286024619065
20.91227877388538
21.041512799616648
21.095740903804973
21.199019993787882
21.230538829535984
21.2923819050428
21.31112374270404
21.394088901374932
21.461789200940792
21.478338179249604
21.540508713331242
21.610311966171977
21.656985566920827
21.781433838483345
21.870775560310975
21.900577517297645
22.13439871047251
22.218108219875386
22.29729582617408
22.583634087541625
22.72145625959437
22.729223211131117
22.949743679574457
23.02370707895862
23.222864586758018
23.33236969827359
23.56352470962269
23.685963549083333
23.879703075329207
24.193876417558723
25.12936356327427
25.15224483646518
25.284838918910793
0.6703653381320234
0.7002334001074746
0.8171697471633484
0.8499126290956767
0.8786117351382455
0.9284464758145679
0.9517941805570217
1.0837149176645209
1.2493792241665402
3.646329373032701
4.958695720047342
5.236239426205535
5.310187732670507
5.348491892704402
5.364613769967203
5.404773516539036
5.6890538027045485
5.7229972979951285
5.7548429729859345
5.872893684584395
5.907229675149759
6.017201566697743
6.117929241466705
6.123218084817578
6.160116446902447
6.2579419420309925
6.290567059591285
6.3212781420481745
6.32663393961729
6.342422975565607
6.430095142080584
6.48885852540705
6.509110426670522
6.591481602114371
6.665477066493953
6.713447388208546
6.756660644694637
6.784487489748624
6.857399935887722
6.892439782207879
6.95406732726479
6.9998149155782805
7.02348010711631
7.050618471447688
7.082224659285745
7.094440924591143
7.185995325547482
7.201516614310906
7.2156558632204515
7.2799857318624825
7.321913783469668
7.336079657419513
7.386977860006543
7.423140832594169
7.4664363893468995
7.503016530269905
7.517529112014567
7.559502320045393
7.592216684130944
7.596354739689081
7.635259142092943
7.664471906228565
7.6842081848613875
7.736847677057565
7.781930926520491
7.806197108513945
7.826659031496737
7.8787303272575375
7.892871268147717
7.938931231887145
7.956133038111747
8.05717293122672
8.116756022716704
8.141904424327707
8.185298432384856
8.22883307973102
8.23902784122394
8.263779301824869
8.285834299417708
8.302356229169263
8.347592219308584
8.409891348758663
8.449702606909783
8.467912914873901
8.482009733674483
8.50844841494291
8.5576409939464
8.588563278262733
8.621784645379872
8.6314454091926
8.660093289664948
8.733033078647962
8.767088768746543
8.785953109112404
8.797051113380936
8.831348972733318
8.876465145916217
8.89622058660843
8.924403414517249
8.928528647485516
8.949561907603044
8.967277908913138
9.028170444748488
9.030664031997194
9.087475642235011
9.10780015785133
9.137242061026502
9.163159147369129
9.185619815401717
9.21362775405936
9.220595307762647
9.268435645575538
9.294342905691057
9.335912137684163
9.369261802864093
9.40940423010846
9.427136533084077
9.452820345572064
9.483936799406825
9.504978981466094
9.545160319451233
9.587883420831949
9.614162757065252
9.666438941965959
9.68113616421881
9.701642037883081
9.75718259936458
9.773698765569605
9.807438137564247
9.81293557662442
9.870442102155948
9.88503503706597
9.93189482405306
9.973758290601126
9.995398702344222
10.00692966603642
10.027489732381481
10.068961804271114
10.077660670284358
10.102448691669725
10.134724771297785
10.161154048495368
10.166106106747316
10.187105864419495
10.229979557229282
10.236066975714673
10.269020380049323
10.287753744203684
10.326960685230299
10.351462606171895
10.374203106028245
10.435199755251029
10.459800715653202
10.484035281272051
10.516963963162533
10.550668773074166
10.571589221098554
10.584332246405731
10.633149632113414
10.653056204536384
10.70404081824904
10.73560523871568
10.768551541691247
10.821298949146037
10.851266518517885
10.861426567260244
10.892911825721265
10.906063800190914
10.916315337812685
10.958215197880115
11.033874379084383
11.041537638016202
11.07749573083892
11.095350386858756
11.141429734082891
11.15788275223183
11.179026101539584
11.214635828118766
11.236008632795928
11.25145996624356
11.292368968842657
11.34422428754489
11.353185490765703
11.38156315797774
11.393715694246133
11.431809982585163
11.45900754438134
11.489192523823302
11.50005486134553
11.509700934312225
11.570246967152727
11.609584321143771
11.625367933168416
11.64454043324894
11.660833706999162
11.713336847269204
11.73886950322504
11.74850042363954
11.762973006389384
11.792828530154473
11.831827813979091
11.843598950634261
11.855680499907619
11.890771511393885
11.916779223930272
11.937998317108798
11.973371106649665
12.008183021207433
12.038413363888948
12.065874966819278
12.081028531971157
12.116802791987933
12.14216512023016
12.162832068048047
12.185140569832143
12.214638095980954
12.253636368518203
12.272220694631613
12.32764289722487
12.345981938304263
12.358887429452095
12.367987696877414
12.398081430327428
12.440127490279353
12.471490496443629
12.479259741812875
12.507141874003619
12.551501418860358
12.559877384387402
12.598842162880375
12.623023372998091
12.675376580428635
12.696951654632517
12.705281031308164
12.741425623073805
12.768078738382497
12.798892297171976
12.810914336266741
12.842172381327225
12.873108606518523
12.907315361966315
12.928393676719681
12.952593403009612
12.987474160171198
13.015435279562034
13.049168659955642
13.057442978219811
13.097569916998795
13.123636593703347
13.142217202076715
13.179041352104594
13.203330081522585
13.204486251257569
13.250669897598534
13.270884898478505
13.288708922779106
13.304696164847522
13.334791180635502
13.362565188298042
13.397199916439444
13.444361114766634
13.461371797663535
13.498734431415102
13.506648583951744
13.540069333804798
13.547604929584557
13.553348290570522
13.581496760000359
13.632384817257988
13.649673457695245
13.70792604407632
13.719662150093226
13.747543995386849
13.77140013940164
13.804021424685535
13.823010501130922
13.859192663950951
13.874207315409633
13.90010342044509
13.971250709439524
13.98588947127383
14.030463876386962
14.062974537999462
14.097576636029528
14.116319897101018
14.128333747753183
14.160881860029152
14.212857123683039
14.250858424832229
14.272054121401746
14.29072262639671
14.331038010541777
14.358830058532087
14.393626135573331
14.414441231687599
14.424549178933285
14.482692546066659
14.555965269441923
14.58552490760563
14.618688983987363
14.643129742696349
14.6648173105843
14.69212608927707
14.713159849344505
14.72864238170495
14.768400176609994
14.809466855138952
14.878362563370304
14.88467209543848
14.91943194037329
14.93104227793243
14.954362154142657
15.014613586146336
15.016620951359423
15.030584668662867
15.045101421586
15.098375893405164
15.125817873336786
15.156936100194093
15.179748556399401
15.202567293756967
15.248387025790773
15.293380474062744
15.308180213068137
15.324180992053906
15.351190669360578
15.377362245023651
15.383197198349238
15.425649911408563
15.481574775129955
15.524983966343642
15.567589235226684
15.583953415146498
15.602206155003339
15.625802249730203
15.66323855510652
15.703468979869296
15.731556931613788
15.768546920123306
15.821765724660267
15.838942814670672
15.849453398172043
15.853509136285481
15.913118749225456
15.922390364592896
15.951808619101303
16.000604845997724
16.038381359175037
16.06332582297316
16.08688443914766
16.123137046628713
16.15285734603269
16.17048593184392
16.218299938378234
16.27589692584966
16.280884082872745
16.337573381299478
16.350040521346422
16.372179045554358
16.417395607388176
16.443516487277336
16.518882461982713
16.52348243004183
16.576981945630248
16.604124588481895
16.62719393428252
16.655492724265322
16.70739632411192
16.74214620971232
16.782477804787405
16.796455060801854
16.829896290556906
16.891036754562307
16.899572644184765
16.934086386212282
16.960244271353844
16.97988618845245
17.053155738847558
17.10330675142604
17.134874501131993
17.14297072275664
17.202170187905136
17.236465530531
17.25762808252267
17.2847773571221
17.312075206256207
17.346440328397996
17.36441395741536
17.411498656267106
17.41939584266422
17.444631475651025
17.514503301230903
17.54802400303801
17.59510359879964
17.656577945512193
17.733436985990267
17.76379610417176
17.77284222038881
17.819581176562927
17.832329520327306
17.897158794649776
17.924642192694076
17.954697861067807
18.02403542083748
18.05519842687435
18.097219004575575
18.136255383465645
18.169378402985526
18.171971818722113
18.20310146402734
18.236108070227953
18.267209615175812
18.34832678824843
18.382655815049958
18.4646698280712
18.481684718517442
18.547756338666932
18.57610239069719
18.59831582709647
18.657736644154838
18.667079673324906
18.7165546614651
18.74064479553553
18.750596180048603
18.77482090116449
18.79551038988545
18.86775410777092
18.9159168665463
18.94383968747733
19.00122246310965
19.02804814318466
19.06015537574613
19.155732380185793
19.209825808604222
19.234410185557017
19.291562909646306
19.34024891046505
19.38176047089302
19.389853601116112
19.48502854551242
19.5490782875964
19.594235686850453
19.688530760280614
19.798465682856655
19.820874803830968
19.838879335947265
19.86062227077923
19.91804355538647
19.989627064805255
20.048204912080323
20.063181270724414
20.12245065099222
20.19097095523312
20.237626928663488
20.259973153489575
20.325880325006306
20.33929292533419
20.49894651653347
20.51192353444452
20.54935041198193
20.562163898157507
20.641857458784592
20.64716352440495
20.737195933975073
20.788643371104122
20.872286024619065
20.91227877388538
21.041512799616648
21.095740903804973
21.199019993787882
21.230538829535984
21.2923819050428
21.31112374270404
21.394088901374932
21.461789200940792
21.478338179249604
21.540508713331242
21.610311966171977
21.656985566920827
21.781433838483345
21.870775560310975
21.900577517297645
22.13439871047251
22.218108219875386
22.29729582617408
22.583634087541625
22.72145625959437
22.729223211131117
22.949743679574457
23.02370707895862
23.222864586758018
23.33236969827359
23.56352470962269
23.685963549083333
23.879703075329207
24.193876417558723
25.12936356327427
25.15224483646518
25.284838918910793
