0.645697186295563
0.7540653549780982
0.8644687595466589
0.9984580834187132
1.0960326751686285
9.64904826617019
9.926866997956134
10.498822264250729
10.534507825390316
10.817918184867533
10.847637621821853
11.074739634695714
11.232913830656983
11.561885860287624
11.604132766741019
11.693718312950386
11.775686120416134
11.921894679709393
11.924835257591159
11.995947088499594
12.12133019390278
12.176454392981563
12.202783307158203
12.259726403891777
12.286240886132282
12.36145818632906
12.635535670735631
12.649214864381495
12.724798717373314
12.760173498503736
12.792974824755058
12.824615547142013
12.888608576410217
12.937599467273055
13.047323807569585
13.143153565438702
13.157305540893915
13.188860903021787
13.376165326804482
13.414864586065496
13.438142335434863
13.482445430873769
13.508483091456595
13.545089974630365
13.60202793659885
13.640909268766446
13.701629686527005
13.756015727847325
13.797728988412937
13.858154956458062
13.990640605120795
14.026556064955384
14.106262123320644
14.124860283082898
14.143482651976006
14.18376843294441
14.402182750419033
14.446295277733869
14.487227148791503
14.54385395075178
14.571906194813305
14.611833974489032
14.623372748423556
14.65477498637802
14.714333632811345
14.744122445933941
14.77683521298332
14.807980551900146
14.845520952720811
14.923649128891968
14.953384854960548
14.994701967446503
15.02685046154192
15.08799034880937
15.096580808836785
15.155519160873904
15.182182019438871
15.219614264438595
15.276733103904627
15.317546959052073
15.351974296682146
15.393605336924486
15.41759369016014
15.464162179279278
15.531692161270007
15.54981160950569
15.573340979735237
15.628881882495703
15.66765067248805
15.759978256087761
15.773123196577137
15.800523107197565
15.852862912048135
15.88437349859384
15.924996028502047
15.931391930118988
15.985755184359766
16.01915275282825
16.051682589586868
16.090403607822054
16.120087655099447
16.144870130655704
16.175637961860318
16.2075485816433
16.274034982103085
16.322531525109824
16.369800805845166
16.426119618930684
16.429745707977016
16.46917613799542
16.50729567349223
16.544769139035886
16.555676225819262
16.59376498763276
16.624529505876204
16.687111160322313
16.72705828518848
16.76480681828333
16.784891615961666
16.813453859703404
16.840891339072037
16.877440008719493
16.906094624899897
16.9230564481313
16.95031961970421
17.013677688669567
17.030345219407522
17.061501489529643
17.13605408715038
17.1564477467498
17.188713337558205
17.203680578179856
17.229421581171493
17.249039258092928
17.275599449960026
17.326727922410985
17.37219813449584
17.422959443536154
17.460996072574726
17.486580017874253
17.534318100633456
17.558346501449588
17.57203262973817
17.595475740266274
17.636071784136384
17.700789491515067
17.704631046531844
17.761027512267567
17.792363072626117
17.86051033139674
17.918199602904785
17.953078869284166
17.99531816330009
17.998658009192145
18.02552559255352
18.056556407562965
18.080282372304232
18.124651359591617
18.175651536069903
18.217088257871826
18.25335649050439
18.28187194552273
18.314781507534132
18.356547189778816
18.393815033749984
18.432793064684837
18.489779414534667
18.496832311276037
18.51498870858122
18.528610748665013
18.568932025066275
18.603833420402736
18.631352966241877
18.708159271629683
18.716389634565704
18.74218736557314
18.81411040922135
18.876871912974426
18.908860021895233
18.955578327233702
18.96645196890859
19.000481302394302
19.04481488792298
19.07665259867549
19.106120263870093
19.152255637397037
19.19731964947475
19.209446679026854
19.245425394932404
19.29284245142045
19.33477801209361
19.359198157938884
19.395446785113684
19.414065166391357
19.46111268723371
19.474999451898473
19.48408929882381
19.511654027757686
19.55481814792924
19.5658365022432
19.607810085817363
19.665525233651106
19.671955885987085
19.686442642180786
19.712420987332116
19.77845303225297
19.83051977109471
19.892471838646482
19.949269967100847
19.98711134884295
20.01399439515979
20.041918564687343
20.098288507575383
20.10874496192988
20.162457518801844
20.16958103325591
20.181688705159267
20.210198941577573
20.273574088764402
20.314603190880554
20.324925856605514
20.372002990149827
20.417213969522333
20.469024600990643
20.474104040061203
20.516753609213943
20.543096191647763
20.574885278932374
20.60915173480788
20.70202895688996
20.728491786955775
20.76716446449642
20.796444113746166
20.8404432956088
20.88669747046822
20.89746595747764
20.902273034470802
20.939144757818177
21.001638858114042
21.03951137879447
21.073756812545486
21.12990655947469
21.157136874030584
21.171346143753542
21.21230894847888
21.2316211381839
21.263100359028865
21.30377959271248
21.35431927846913
21.391791031195723
21.415330115561844
21.44942672099618
21.467128366961617
21.48848140263127
21.51841734965698
21.564862002950264
21.600049311331745
21.616030354082394
21.668921293877098
21.709902814845567
21.728094316506844
21.799945142832698
21.831776786811705
21.864097956747987
21.899248722368576
21.972345344067794
22.008844330752215
22.05735008345809
22.084605509992464
22.106683256907463
22.132161422119413
22.204581037377462
22.236220489728918
22.274201662002998
22.293223130888094
22.30624234401011
22.33408138550769
22.38403648482305
22.425563108667863
22.477201265640772
22.496671878025605
22.544325556607802
22.55838879021682
22.59211772469054
22.657141868704077
22.686718903847442
22.730968910209068
22.76602116148773
22.802206179120194
22.820032369220502
22.848281782826675
22.87465528987575
22.946122565379408
22.95674168812888
22.974981277077557
23.000814166746746
23.047931337571743
23.05924864760292
23.102409435705557
23.14722117258704
23.169379597103937
23.21926387376824
23.236999018297343
23.29957136651028
23.340046188861802
23.35201775630409
23.379280691748725
23.416999442664945
23.43462301312485
23.483797155899595
23.507076180576757
23.55320784651498
23.557972968890443
23.587483893974383
23.637518710577123
23.68361575715821
23.713120530212027
23.752489658498412
23.82332083259898
23.854963330469765
23.878919010503157
23.903146206619432
23.942199293506956
23.96756674300951
24.02175791280331
24.02495145973417
24.08507936808044
24.11820505440003
24.144719141559044
24.176713432262243
24.24905863401707
24.26664948861844
24.30857958539891
24.339461867614094
24.370271917361173
24.395175360673417
24.43252302607377
24.467548892924356
24.519196504801958
24.55698851439998
24.598906967052542
24.607324936865375
24.695061521569027
24.71968991049433
24.76591040354681
24.796500778194805
24.830979103969526
24.85009317842569
24.885532027554852
24.90763184242587
24.95018459916867
24.96577870820443
25.021792968735802
25.036024003897545
25.079156076823146
25.107394014988408
25.145453304098268
25.205204814467304
25.266353064940553
25.314304585198464
25.339885215025078
25.385671969310575
25.48097213740826
25.492063979826735
25.561768562934258
25.621464919006574
25.640664866857705
25.664852159279643
25.771559718216654
25.811734933885187
25.824996977221893
25.890859891600503
25.907171087554413
25.923191002772267
25.973432186795833
26.001902510533682
26.08454582007812
26.105399993829177
26.15646730560466
26.164885029490154
26.19481752422122
26.22307253837008
26.281486871525946
26.320478379791112
26.376000362983284
26.41052544579748
26.457175332991284
26.507236174571524
26.55472382050613
26.560208190658877
26.602337862590172
26.631789963830435
26.723171701853456
26.73305430239921
26.7906509776915
26.840547925831352
26.867700934399306
26.94436907584638
26.983306226634987
27.00930368980908
27.05683869816348
27.088036067381662
27.165008661708075
27.219154461708445
27.261550703601824
27.281377357292612
27.334970946358027
27.392160493457496
27.469832460562326
27.492994370062906
27.601372732789287
27.61462052959195
27.652866096201393
27.698061923393418
27.756466886835618
27.82617722560972
27.857363164331446
27.927058827880003
27.934055880615155
27.996273307236414
28.03497054590784
28.07680758532852
28.113595253242575
28.2076813517252
28.230790934134475
28.263623121010763
28.29029024681035
28.35266253612123
28.447561324275622
28.453660363858464
28.516156196293117
28.599690053745068
28.63457486923218
28.661976650850665
28.713334202753327
28.750244682703155
28.810630830986554
28.864277300227414
28.956359868922437
29.021605679614165
29.050722934930565
29.09290250261983
29.109686377623472
29.152799583506276
29.216773986608153
29.282224877455512
29.28974668405756
29.408854285526907
29.490518179198045
29.538975570297314
29.630480325188103
29.664651483010708
29.70844333924198
29.78371826409743
29.845723859317697
29.864219413922434
29.89580549170323
29.9382589255497
29.960521770112635
30.10431078482507
30.169626642843593
30.21987783058686
30.222394129153425
30.282091424462795
30.374972981391235
30.406864780757857
30.449714631843374
30.634653531488123
30.670178127916873
30.844739919228484
30.905052299857083
30.932130037887458
30.954201061564728
31.061527754826614
31.083449223936636
31.168659582338478
31.268359226952633
31.324948303283715
31.38988099472855
31.504771861195835
31.584666549318356
31.753989548686537
31.848202386602665
31.86677923473904
31.914939026359107
31.980654655780995
32.076422848120664
32.20490857805451
32.372524775159064
32.592946771554494
32.662854395779654
32.81663287201233
32.93203990025927
33.03653823781548
33.20360843611654
33.641618412278405
33.73859563696668
33.81080645683467
33.97500324275079
0.645697186295563
0.7540653549780982
0.8644687595466589
0.9984580834187132
1.0960326751686285
9.64904826617019
9.926866997956134
10.498822264250729
10.534507825390316
10.817918184867533
10.847637621821853
11.074739634695714
11.232913830656983
11.561885860287624
11.604132766741019
11.693718312950386
11.775686120416134
11.921894679709393
11.924835257591159
11.995947088499594
12.12133019390278
12.176454392981563
12.202783307158203
12.259726403891777
12.286240886132282
12.36145818632906
12.635535670735631
12.649214864381495
12.724798717373314
12.760173498503736
12.792974824755058
12.824615547142013
12.888608576410217
12.937599467273055
13.047323807569585
13.143153565438702
13.157305540893915
13.188860903021787
13.376165326804482
13.414864586065496
13.438142335434863
13.482445430873769
13.508483091456595
13.545089974630365
13.60202793659885
13.640909268766446
13.701629686527005
13.756015727847325
13.797728988412937
13.858154956458062
13.990640605120795
14.026556064955384
14.106262123320644
14.124860283082898
14.143482651976006
14.18376843294441
14.402182750419033
14.446295277733869
14.487227148791503
14.54385395075178
14.571906194813305
14.611833974489032
14.623372748423556
14.65477498637802
14.714333632811345
14.744122445933941
14.77683521298332
14.807980551900146
14.845520952720811
14.923649128891968
14.953384854960548
14.994701967446503
15.02685046154192
15.08799034880937
15.096580808836785
15.155519160873904
15.182182019438871
15.219614264438595
15.276733103904627
15.317546959052073
15.351974296682146
15.393605336924486
15.41759369016014
15.464162179279278
15.531692161270007
15.54981160950569
15.573340979735237
15.628881882495703
15.66765067248805
15.759978256087761
15.773123196577137
15.800523107197565
15.852862912048135
15.88437349859384
15.924996028502047
15.931391930118988
15.985755184359766
16.01915275282825
16.051682589586868
16.090403607822054
16.120087655099447
16.144870130655704
16.175637961860318
16.2075485816433
16.274034982103085
16.322531525109824
16.369800805845166
16.426119618930684
16.429745707977016
16.46917613799542
16.50729567349223
16.544769139035886
16.555676225819262
16.59376498763276
16.624529505876204
16.687111160322313
16.72705828518848
16.76480681828333
16.784891615961666
16.813453859703404
16.840891339072037
16.877440008719493
16.906094624899897
16.9230564481313
16.95031961970421
17.013677688669567
17.030345219407522
17.061501489529643
17.13605408715038
17.1564477467498
17.188713337558205
17.203680578179856
17.229421581171493
17.249039258092928
17.275599449960026
17.326727922410985
17.37219813449584
17.422959443536154
17.460996072574726
17.486580017874253
17.534318100633456
17.558346501449588
17.57203262973817
17.595475740266274
17.636071784136384
17.700789491515067
17.704631046531844
17.761027512267567
17.792363072626117
17.86051033139674
17.918199602904785
17.953078869284166
17.99531816330009
17.998658009192145
18.02552559255352
18.056556407562965
18.080282372304232
18.124651359591617
18.175651536069903
18.217088257871826
18.25335649050439
18.28187194552273
18.314781507534132
18.356547189778816
18.393815033749984
18.432793064684837
18.489779414534667
18.496832311276037
18.51498870858122
18.528610748665013
18.568932025066275
18.603833420402736
18.631352966241877
18.708159271629683
18.716389634565704
18.74218736557314
18.81411040922135
18.876871912974426
18.908860021895233
18.955578327233702
18.96645196890859
19.000481302394302
19.04481488792298
19.07665259867549
19.106120263870093
19.152255637397037
19.19731964947475
19.209446679026854
19.245425394932404
19.29284245142045
19.33477801209361
19.359198157938884
19.395446785113684
19.414065166391357
19.46111268723371
19.474999451898473
19.48408929882381
19.511654027757686
19.55481814792924
19.5658365022432
19.607810085817363
19.665525233651106
19.671955885987085
19.686442642180786
19.712420987332116
19.77845303225297
19.83051977109471
19.892471838646482
19.949269967100847
19.98711134884295
20.01399439515979
20.041918564687343
20.098288507575383
20.10874496192988
20.162457518801844
20.16958103325591
20.181688705159267
20.210198941577573
20.273574088764402
20.314603190880554
20.324925856605514
20.372002990149827
20.417213969522333
20.469024600990643
20.474104040061203
20.516753609213943
20.543096191647763
20.574885278932374
20.60915173480788
20.70202895688996
20.728491786955775
20.76716446449642
20.796444113746166
20.8404432956088
20.88669747046822
20.89746595747764
20.902273034470802
20.939144757818177
21.001638858114042
21.03951137879447
21.073756812545486
21.12990655947469
21.157136874030584
21.171346143753542
21.21230894847888
21.2316211381839
21.263100359028865
21.30377959271248
21.35431927846913
21.391791031195723
21.415330115561844
21.44942672099618
21.467128366961617
21.48848140263127
21.51841734965698
21.564862002950264
21.600049311331745
21.616030354082394
21.668921293877098
21.709902814845567
21.728094316506844
21.799945142832698
21.831776786811705
21.864097956747987
21.899248722368576
21.972345344067794
22.008844330752215
22.05735008345809
22.084605509992464
22.106683256907463
22.132161422119413
22.204581037377462
22.236220489728918
22.274201662002998
22.293223130888094
22.30624234401011
22.33408138550769
22.38403648482305
22.425563108667863
22.477201265640772
22.496671878025605
22.544325556607802
22.55838879021682
22.59211772469054
22.657141868704077
22.686718903847442
22.730968910209068
22.76602116148773
22.802206179120194
22.820032369220502
22.848281782826675
22.87465528987575
22.946122565379408
22.95674168812888
22.974981277077557
23.000814166746746
23.047931337571743
23.05924864760292
23.102409435705557
23.14722117258704
23.169379597103937
23.21926387376824
23.236999018297343
23.29957136651028
23.340046188861802
23.35201775630409
23.379280691748725
23.416999442664945
23.43462301312485
23.483797155899595
23.507076180576757
23.55320784651498
23.557972968890443
23.587483893974383
23.637518710577123
23.68361575715821
23.713120530212027
23.752489658498412
23.82332083259898
23.854963330469765
23.878919010503157
23.903146206619432
23.942199293506956
23.96756674300951
24.02175791280331
24.02495145973417
24.08507936808044
24.11820505440003
24.144719141559044
24.176713432262243
24.24905863401707
24.26664948861844
24.30857958539891
24.339461867614094
24.370271917361173
24.395175360673417
24.43252302607377
24.467548892924356
24.519196504801958
24.55698851439998
24.598906967052542
24.607324936865375
24.695061521569027
24.71968991049433
24.76591040354681
24.796500778194805
24.830979103969526
24.85009317842569
24.885532027554852
24.90763184242587
24.95018459916867
24.96577870820443
25.021792968735802
25.036024003897545
25.079156076823146
25.107394014988408
25.145453304098268
25.205204814467304
25.266353064940553
25.314304585198464
25.339885215025078
25.385671969310575
25.48097213740826
25.492063979826735
25.561768562934258
25.621464919006574
25.640664866857705
25.664852159279643
25.771559718216654
25.811734933885187
25.824996977221893
25.890859891600503
25.907171087554413
25.923191002772267
25.973432186795833
26.001902510533682
26.08454582007812
26.105399993829177
26.15646730560466
26.164885029490154
26.19481752422122
26.22307253837008
26.281486871525946
26.320478379791112
26.376000362983284
26.41052544579748
26.457175332991284
26.507236174571524
26.55472382050613
26.560208190658877
26.602337862590172
26.631789963830435
26.723171701853456
26.73305430239921
26.7906509776915
26.840547925831352
26.867700934399306
26.94436907584638
26.983306226634987
27.00930368980908
27.05683869816348
27.088036067381662
27.165008661708075
27.219154461708445
27.261550703601824
27.281377357292612
27.334970946358027
27.392160493457496
27.469832460562326
27.492994370062906
27.601372732789287
27.61462052959195
27.652866096201393
27.698061923393418
27.756466886835618
27.82617722560972
27.857363164331446
27.927058827880003
27.934055880615155
27.996273307236414
28.03497054590784
28.07680758532852
28.113595253242575
28.2076813517252
28.230790934134475
28.263623121010763
28.29029024681035
28.35266253612123
28.447561324275622
28.453660363858464
28.516156196293117
28.599690053745068
28.63457486923218
28.661976650850665
28.713334202753327
28.750244682703155
28.810630830986554
28.864277300227414
28.956359868922437
29.021605679614165
29.050722934930565
29.09290250261983
29.109686377623472
29.152799583506276
29.216773986608153
29.282224877455512
29.28974668405756
29.408854285526907
29.490518179198045
29.538975570297314
29.630480325188103
29.664651483010708
29.70844333924198
29.78371826409743
29.845723859317697
29.864219413922434
29.89580549170323
29.9382589255497
29.960521770112635
30.10431078482507
30.169626642843593
30.21987783058686
30.222394129153425
30.282091424462795
30.374972981391235
30.406864780757857
30.449714631843374
30.634653531488123
30.670178127916873
30.844739919228484
30.905052299857083
30.932130037887458
30.954201061564728
31.061527754826614
31.083449223936636
31.168659582338478
31.268359226952633
31.324948303283715
31.38988099472855
31.504771861195835
31.584666549318356
31.753989548686537
31.848202386602665
31.86677923473904
31.914939026359107
31.980654655780995
32.076422848120664
32.20490857805451
32.372524775159064
32.592946771554494
32.662854395779654
32.81663287201233
32.93203990025927
33.03653823781548
33.20360843611654
33.641618412278405
33.73859563696668
33.81080645683467
33.97500324275079
