0.7733455799374566
0.8362195326558329
0.904683251943902
0.9305284263034933
1.0746784162752292
8.396207859596455
10.82061106136111
11.49783679967543
11.868448549861323
11.977878354229313
12.017069698087303
12.051411642477973
12.077122693514603
12.140677042877014
12.210372163738517
12.291964247392201
12.439425701760998
12.4464568144072
12.483741756549934
12.580118117376033
12.603287063826382
12.607602193092468
12.72290706102918
12.760072161794948
12.83734125792595
12.875554248348806
13.035273272768832
13.075065003719871
13.091874772372718
13.150102884430803
13.208706109102812
13.261861417905997
13.282253874467548
13.3469086109912
13.370015737684344
13.485109149982774
13.517593723140058
13.614764125865255
13.666322283846146
13.688504566032002
13.71873962675608
13.748127775092794
13.838259990258821
13.92093246599972
13.969929227326842
14.086746079575581
14.152876605413313
14.175323977094628
14.180679357844525
14.214855026359603
14.268294874054222
14.314906361600357
14.327360160080303
14.383782876098982
14.425189188819465
14.450938315589633
14.485373367763287
14.52959933850186
14.562646531774805
14.674692829941835
14.691244823701608
14.743007524136384
14.785054148069259
14.869222575030154
14.88884533901289
14.918577352591209
14.976711849882378
15.004984960842673
15.033384187773807
15.060887863890617
15.079519768745847
15.10248241786619
15.157605034796113
15.164598628909376
15.21191690029432
15.249894495662875
15.318383489436322
15.3279032497697
15.387079609755686
15.404095354951998
15.49033186279658
15.516152893319108
15.594792304372621
15.598107827070988
15.645079947916159
15.681733188563001
15.740393508895503
15.7570755913295
15.863509999173832
15.872787078495026
15.948386824116465
16.005181530117312
16.03297328496806
16.05564421668884
16.079300715594677
16.13279027500587
16.18552118742083
16.19242300082801
16.231119312975643
16.252996581252553
16.297971133056087
16.329267667722277
16.34027780254028
16.406773519476367
16.42242189370657
16.435053082911846
16.473078436815435
16.49378623693156
16.52356586229526
16.58276298500125
16.594674886418815
16.609359341729782
16.643221596772833
16.727550389847416
16.757088324499254
16.78748988363027
16.790907611575598
16.87433958183086
16.934657791247478
16.993175896391158
17.02014523680002
17.028786132456343
17.05399735511369
17.13466213854184
17.179396953187666
17.188558033748674
17.259993464212926
17.287019792380747
17.310913312188443
17.35449427243415
17.371116425312493
17.403148076490442
17.45798685798129
17.46700205733444
17.503098533878717
17.550596927632824
17.56266081032004
17.593348711947385
17.63521453744592
17.649568892827695
17.70487634040716
17.719981122663516
17.744796964851833
17.78610587777492
17.832639595428102
17.85496147154936
17.89164936470986
17.91130922348626
17.95983818080616
17.999416582163825
18.020746357362345
18.046614950470648
18.08108612884804
18.106822862049384
18.170678524618673
18.20627355135558
18.247503777162244
18.279075497370513
18.308389908162628
18.335479022885877
18.355518739872423
18.400192641452055
18.41776195168588
18.43120046253957
18.46388823121759
18.49385904592903
18.50968502411245
18.56348332452276
18.598314777633984
18.638214029121308
18.667029176412356
18.689283479296233
18.736087519942195
18.750019048650124
18.77200603642756
18.79868838578729
18.835608242754393
18.88408762396529
18.93705443842185
18.947120811390196
18.99356340975605
19.01636413052855
19.062747406729752
19.12617339364293
19.13491373075872
19.21241326483064
19.25016956504284
19.30211471788894
19.344445048475304
19.366166259773316
19.43439273651659
19.474288085735186
19.49015926928287
19.511326341857455
19.541961131832796
19.56269268482384
19.59620154347732
19.664530568419224
19.682961060440867
19.716634503094276
19.744817021670467
19.757587649784647
19.783676825134737
19.848932228427174
19.897061564690826
19.935525007712176
19.981740027149623
19.991706447783805
20.081118500537524
20.142674777325837
20.152399954713427
20.16391157451801
20.18083733346648
20.19794946013538
20.26030411350439
20.28014899348622
20.321377265695997
20.357788280024504
20.412464762088078
20.443650294973104
20.460786827449727
20.489006253456434
20.541118612556485
20.56105730062728
20.59828337295892
20.616747883707255
20.633855537397597
20.658812664805076
20.705256194685717
20.74571483982998
20.806635069192073
20.82913948473576
20.886612654387395
20.920096845175824
20.936312016003633
20.95564838968618
21.00272064012887
21.043728505082328
21.08954392650857
21.09368440413343
21.191213767603863
21.230684133927845
21.23838771996836
21.275391568182776
21.285691757884674
21.33476982877033
21.38825773523714
21.406351710441317
21.464821045829062
21.484287572774406
21.545551216591008
21.566012897005287
21.60943153746335
21.613617923058335
21.64996343021185
21.68356463062659
21.73651444270214
21.738781208108207
21.761808600389
21.84809179802107
21.892296260148385
21.90740117831072
21.92562703130019
21.98125570666742
22.008790310300498
22.046444017216402
22.09719769293272
22.122466889498984
22.17652727572548
22.20830917398936
22.22871900556748
22.241810566704164
22.290180499485565
22.342049403633396
22.34773067744379
22.407558180834265
22.42825624672016
22.50530422287206
22.51200972747247
22.552122207908525
22.61560363123627
22.6601708783031
22.687769333734742
22.694859273027685
22.737651732497064
22.81213964036437
22.82320676211914
22.862700991052293
22.883339973453378
22.892508895742473
22.935857298032353
22.961763605215396
23.04135990564263
23.08340268128932
23.11108819032181
23.177846621204353
23.212351087576373
23.225985168006062
23.236801050993062
23.308443211158913
23.352401211802032
23.391209946554536
23.404399468192718
23.413173088145587
23.446366041050883
23.485833993453877
23.509435641598103
23.61507186474532
23.637620723179914
23.671454111491407
23.743107352063927
23.74635057449635
23.79903820405381
23.81201581748467
23.84254969525236
23.851316381370438
23.86594919432636
23.90855846659479
23.95750937427844
24.008691392073857
24.05391183208109
24.10042641493575
24.148365021963713
24.16136355443364
24.208447708300294
24.265471256303737
24.27202568808704
24.337126076252233
24.365412575747445
24.384455830876643
24.446424284283243
24.491421872935707
24.498971687335555
24.530817679270815
24.559264403023125
24.62198313945796
24.63085173030972
24.69357872165744
24.706842118728453
24.78955749146896
24.865631596077872
24.885338755563588
24.92438432473961
24.931746089733025
24.959429016065585
24.995999250537217
25.056941627603432
25.08467024092059
25.09995440850845
25.12046195805052
25.182327567732006
25.195450485879142
25.298963690864564
25.33217126652559
25.360919949722778
25.422966715260248
25.443879971702355
25.507157333957988
25.51507711371909
25.563232499035486
25.60535180146624
25.65324491669324
25.6771844683036
25.694635502212083
25.71441343552646
25.80859588602749
25.821706084387664
25.947881529541423
25.95804403039831
25.960546179213097
26.005954100153584
26.053242702117515
26.07086703789791
26.11527354712792
26.149021811205692
26.169793696959797
26.209068654097784
26.217296538679573
26.318987462943642
26.345065723320403
26.359610517275577
26.415659251036587
26.498029631677333
26.50347652938306
26.53193578346757
26.581519610448478
26.583616912918746
26.654105125169462
26.667972930969107
26.713901546230296
26.823718302380833
26.850591673304695
26.899405341411796
26.966481411654318
27.020796819944778
27.07982857365519
27.152756030804994
27.185739369443173
27.248839956625485
27.25224161591445
27.31623814237905
27.362380776287612
27.385003201865537
27.492497694261075
27.532027930300462
27.58843806567854
27.613185177569296
27.659249985020548
27.749034647455307
27.75618321964005
27.793343397002403
27.805919907736893
27.880112187745734
27.939281577774874
27.996325961948795
28.0936979077258
28.14276209382697
28.166652433510368
28.26616100231088
28.297016814567826
28.347790835557856
28.40829854512336
28.451457740345305
28.50279143376526
28.526095357452675
28.569311521327755
28.62636258632862
28.653971441585423
28.704135973505526
28.752865094790362
28.797128205195794
28.84813467150041
28.90538952436967
28.96628261055706
29.020004967132753
29.067109077188274
29.153576223723732
29.172997453153183
29.22813389043718
29.296561256452243
29.345861435269697
29.403438193003492
29.491716820472664
29.502703253228272
29.5866980362068
29.612395842311997
29.706473957139043
29.762295610812735
29.88304680478741
29.96254160005949
29.99092388807741
30.08912399364554
30.14158344323181
30.286611309002076
30.346862303863332
30.38933643947582
30.419767794147834
30.459880961240515
30.51004211634741
30.533190477471244
30.57879629780487
30.64125719613989
30.722283774566893
30.874946461690712
30.971237477561708
31.089524621400763
31.12104775168793
31.166983341488642
31.206832262654267
31.240224999040723
31.34360565564917
31.467555345424667
31.579333693110858
31.645294557628443
31.794742318424895
31.82443796335956
31.985467677483086
32.127351617578775
32.23590817628866
32.34387624811158
32.40057824530745
32.49595849275185
32.65686765338631
32.80991489773522
32.957736709851254
33.052993910172944
33.104006138214864
33.31591236898901
33.37944988525427
33.42599848183082
33.46418512110506
33.62246197473567
33.80075055933296
33.86757308606751
34.032888231898355
34.61471405832784
34.9585976111435
35.017335258512794
35.77898178958902
0.7733455799374566
0.8362195326558329
0.904683251943902
0.9305284263034933
1.0746784162752292
8.396207859596455
10.82061106136111
11.49783679967543
11.868448549861323
11.977878354229313
12.017069698087303
12.051411642477973
12.077122693514603
12.140677042877014
12.210372163738517
12.291964247392201
12.439425701760998
12.4464568144072
12.483741756549934
12.580118117376033
12.603287063826382
12.607602193092468
12.72290706102918
12.760072161794948
12.83734125792595
12.875554248348806
13.035273272768832
13.075065003719871
13.091874772372718
13.150102884430803
13.208706109102812
13.261861417905997
13.282253874467548
13.3469086109912
13.370015737684344
13.485109149982774
13.517593723140058
13.614764125865255
13.666322283846146
13.688504566032002
13.71873962675608
13.748127775092794
13.838259990258821
13.92093246599972
13.969929227326842
14.086746079575581
14.152876605413313
14.175323977094628
14.180679357844525
14.214855026359603
14.268294874054222
14.314906361600357
14.327360160080303
14.383782876098982
14.425189188819465
14.450938315589633
14.485373367763287
14.52959933850186
14.562646531774805
14.674692829941835
14.691244823701608
14.743007524136384
14.785054148069259
14.869222575030154
14.88884533901289
14.918577352591209
14.976711849882378
15.004984960842673
15.033384187773807
15.060887863890617
15.079519768745847
15.10248241786619
15.157605034796113
15.164598628909376
15.21191690029432
15.249894495662875
15.318383489436322
15.3279032497697
15.387079609755686
15.404095354951998
15.49033186279658
15.516152893319108
15.594792304372621
15.598107827070988
15.645079947916159
15.681733188563001
15.740393508895503
15.7570755913295
15.863509999173832
15.872787078495026
15.948386824116465
16.005181530117312
16.03297328496806
16.05564421668884
16.079300715594677
16.13279027500587
16.18552118742083
16.19242300082801
16.231119312975643
16.252996581252553
16.297971133056087
16.329267667722277
16.34027780254028
16.406773519476367
16.42242189370657
16.435053082911846
16.473078436815435
16.49378623693156
16.52356586229526
16.58276298500125
16.594674886418815
16.609359341729782
16.643221596772833
16.727550389847416
16.757088324499254
16.78748988363027
16.790907611575598
16.87433958183086
16.934657791247478
16.993175896391158
17.02014523680002
17.028786132456343
17.05399735511369
17.13466213854184
17.179396953187666
17.188558033748674
17.259993464212926
17.287019792380747
17.310913312188443
17.35449427243415
17.371116425312493
17.403148076490442
17.45798685798129
17.46700205733444
17.503098533878717
17.550596927632824
17.56266081032004
17.593348711947385
17.63521453744592
17.649568892827695
17.70487634040716
17.719981122663516
17.744796964851833
17.78610587777492
17.832639595428102
17.85496147154936
17.89164936470986
17.91130922348626
17.95983818080616
17.999416582163825
18.020746357362345
18.046614950470648
18.08108612884804
18.106822862049384
18.170678524618673
18.20627355135558
18.247503777162244
18.279075497370513
18.308389908162628
18.335479022885877
18.355518739872423
18.400192641452055
18.41776195168588
18.43120046253957
18.46388823121759
18.49385904592903
18.50968502411245
18.56348332452276
18.598314777633984
18.638214029121308
18.667029176412356
18.689283479296233
18.736087519942195
18.750019048650124
18.77200603642756
18.79868838578729
18.835608242754393
18.88408762396529
18.93705443842185
18.947120811390196
18.99356340975605
19.01636413052855
19.062747406729752
19.12617339364293
19.13491373075872
19.21241326483064
19.25016956504284
19.30211471788894
19.344445048475304
19.366166259773316
19.43439273651659
19.474288085735186
19.49015926928287
19.511326341857455
19.541961131832796
19.56269268482384
19.59620154347732
19.664530568419224
19.682961060440867
19.716634503094276
19.744817021670467
19.757587649784647
19.783676825134737
19.848932228427174
19.897061564690826
19.935525007712176
19.981740027149623
19.991706447783805
20.081118500537524
20.142674777325837
20.152399954713427
20.16391157451801
20.18083733346648
20.19794946013538
20.26030411350439
20.28014899348622
20.321377265695997
20.357788280024504
20.412464762088078
20.443650294973104
20.460786827449727
20.489006253456434
20.541118612556485
20.56105730062728
20.59828337295892
20.616747883707255
20.633855537397597
20.658812664805076
20.705256194685717
20.74571483982998
20.806635069192073
20.82913948473576
20.886612654387395
20.920096845175824
20.936312016003633
20.95564838968618
21.00272064012887
21.043728505082328
21.08954392650857
21.09368440413343
21.191213767603863
21.230684133927845
21.23838771996836
21.275391568182776
21.285691757884674
21.33476982877033
21.38825773523714
21.406351710441317
21.464821045829062
21.484287572774406
21.545551216591008
21.566012897005287
21.60943153746335
21.613617923058335
21.64996343021185
21.68356463062659
21.73651444270214
21.738781208108207
21.761808600389
21.84809179802107
21.892296260148385
21.90740117831072
21.92562703130019
21.98125570666742
22.008790310300498
22.046444017216402
22.09719769293272
22.122466889498984
22.17652727572548
22.20830917398936
22.22871900556748
22.241810566704164
22.290180499485565
22.342049403633396
22.34773067744379
22.407558180834265
22.42825624672016
22.50530422287206
22.51200972747247
22.552122207908525
22.61560363123627
22.6601708783031
22.687769333734742
22.694859273027685
22.737651732497064
22.81213964036437
22.82320676211914
22.862700991052293
22.883339973453378
22.892508895742473
22.935857298032353
22.961763605215396
23.04135990564263
23.08340268128932
23.11108819032181
23.177846621204353
23.212351087576373
23.225985168006062
23.236801050993062
23.308443211158913
23.352401211802032
23.391209946554536
23.404399468192718
23.413173088145587
23.446366041050883
23.485833993453877
23.509435641598103
23.61507186474532
23.637620723179914
23.671454111491407
23.743107352063927
23.74635057449635
23.79903820405381
23.81201581748467
23.84254969525236
23.851316381370438
23.86594919432636
23.90855846659479
23.95750937427844
24.008691392073857
24.05391183208109
24.10042641493575
24.148365021963713
24.16136355443364
24.208447708300294
24.265471256303737
24.27202568808704
24.337126076252233
24.365412575747445
24.384455830876643
24.446424284283243
24.491421872935707
24.498971687335555
24.530817679270815
24.559264403023125
24.62198313945796
24.63085173030972
24.69357872165744
24.706842118728453
24.78955749146896
24.865631596077872
24.885338755563588
24.92438432473961
24.931746089733025
24.959429016065585
24.995999250537217
25.056941627603432
25.08467024092059
25.09995440850845
25.12046195805052
25.182327567732006
25.195450485879142
25.298963690864564
25.33217126652559
25.360919949722778
25.422966715260248
25.443879971702355
25.507157333957988
25.51507711371909
25.563232499035486
25.60535180146624
25.65324491669324
25.6771844683036
25.694635502212083
25.71441343552646
25.80859588602749
25.821706084387664
25.947881529541423
25.95804403039831
25.960546179213097
26.005954100153584
26.053242702117515
26.07086703789791
26.11527354712792
26.149021811205692
26.169793696959797
26.209068654097784
26.217296538679573
26.318987462943642
26.345065723320403
26.359610517275577
26.415659251036587
26.498029631677333
26.50347652938306
26.53193578346757
26.581519610448478
26.583616912918746
26.654105125169462
26.667972930969107
26.713901546230296
26.823718302380833
26.850591673304695
26.899405341411796
26.966481411654318
27.020796819944778
27.07982857365519
27.152756030804994
27.185739369443173
27.248839956625485
27.25224161591445
27.31623814237905
27.362380776287612
27.385003201865537
27.492497694261075
27.532027930300462
27.58843806567854
27.613185177569296
27.659249985020548
27.749034647455307
27.75618321964005
27.793343397002403
27.805919907736893
27.880112187745734
27.939281577774874
27.996325961948795
28.0936979077258
28.14276209382697
28.166652433510368
28.26616100231088
28.297016814567826
28.347790835557856
28.40829854512336
28.451457740345305
28.50279143376526
28.526095357452675
28.569311521327755
28.62636258632862
28.653971441585423
28.704135973505526
28.752865094790362
28.797128205195794
28.84813467150041
28.90538952436967
28.96628261055706
29.020004967132753
29.067109077188274
29.153576223723732
29.172997453153183
29.22813389043718
29.296561256452243
29.345861435269697
29.403438193003492
29.491716820472664
29.502703253228272
29.5866980362068
29.612395842311997
29.706473957139043
29.762295610812735
29.88304680478741
29.96254160005949
29.99092388807741
30.08912399364554
30.14158344323181
30.286611309002076
30.346862303863332
30.38933643947582
30.419767794147834
30.459880961240515
30.51004211634741
30.533190477471244
30.57879629780487
30.64125719613989
30.722283774566893
30.874946461690712
30.971237477561708
31.089524621400763
31.12104775168793
31.166983341488642
31.206832262654267
31.240224999040723
31.34360565564917
31.467555345424667
31.579333693110858
31.645294557628443
31.794742318424895
31.82443796335956
31.985467677483086
32.127351617578775
32.23590817628866
32.34387624811158
32.40057824530745
32.49595849275185
32.65686765338631
32.80991489773522
32.957736709851254
33.052993910172944
33.104006138214864
33.31591236898901
33.37944988525427
33.42599848183082
33.46418512110506
33.62246197473567
33.80075055933296
33.86757308606751
34.032888231898355
34.61471405832784
34.9585976111435
35.017335258512794
35.77898178958902
