0.6634898377822547
0.7560832863331479
0.7991337877338635
0.8564217251012991
0.9078423613380227
0.9440144126665634
1.0190586150609766
1.1248090476463672
1.1745430437101758
3.4976379004512927
4.4026738456634344
4.423513081456767
4.531656931459136
5.009832365041975
5.089921017472061
5.114215700822896
5.205211795304324
5.314912881095366
5.527209763411958
5.732984802941478
5.849536517761744
5.932601814274399
5.973170900519356
5.990499800034538
6.10537195888516
6.160353609915019
6.169153398703515
6.195277688028333
6.211800304327747
6.263214201987011
6.295256586738212
6.424091399968491
6.438678826656151
6.521963797667127
6.603622343141989
6.612321048090131
6.631529809035678
6.719178151789611
6.726372900777491
6.765464108373651
6.796313476360805
6.811389995396671
6.8477487903844585
6.924416043919004
6.974804488132084
6.990693448473653
7.05495531431676
7.096106254167797
7.1353616009844085
7.1604071842527945
7.208049093489263
7.24553103010169
7.252334264612163
7.275103573428231
7.354299393043945
7.377248585608792
7.4183304050018695
7.438673065887101
7.449026134313692
7.480726068159769
7.492423408565721
7.540095599765997
7.561718331205506
7.594497646816942
7.614447134269502
7.636801877211225
7.68605968163386
7.725837439820413
7.772415814949921
7.7868026279103555
7.809492077377143
7.839983636867469
7.886189030875245
7.928626523558535
7.975369805332454
7.993461826028555
8.028176558306695
8.04616102437477
8.096963282876425
8.124049253657056
8.150126173742052
8.176036511975664
8.212192301122252
8.231558346918218
8.297688032545143
8.316591122851603
8.334674210192368
8.34190227408583
8.38503432080144
8.41065292439254
8.429966062675588
8.439699826143498
8.473016097558537
8.497546891075526
8.516554767258842
8.557203454458833
8.570386049046045
8.594080883465764
8.637536115913028
8.658022028819389
8.694016424239486
8.707109012901915
8.717399448163894
8.754508006959137
8.801915257840289
8.804755117892507
8.831130010321624
8.851855393956193
8.887537175017483
8.904186424924404
8.921786336959068
8.96346493371647
8.97747082171893
9.019830699987859
9.080897731973131
9.112813316895755
9.141209281571186
9.151206484634086
9.221101571112346
9.229336158452304
9.271698444600458
9.292118739497694
9.308090643355417
9.350249723429995
9.40044053493379
9.430551469663655
9.448281819767004
9.468213082125496
9.492132758542603
9.534061562390072
9.55239239886185
9.569833759351441
9.614259711784499
9.653400514392242
9.67479704959441
9.693849057228789
9.767107614451714
9.777918136768353
9.801647718300517
9.835893390978667
9.863740227040944
9.882478492904953
9.914917042162296
9.94030327209467
9.986672106200913
10.017493151006354
10.034127617288714
10.065539989892018
10.0713776737293
10.11046270231352
10.133694293125936
10.195641296188343
10.237508235596666
10.238703280602442
10.275984391019891
10.283046161889189
10.31513067699838
10.343619581293762
10.353425324621389
10.362085209375682
10.392785418087197
10.431227407412777
10.437045919789632
10.469825074407083
10.504986192444212
10.538714144963626
10.567113224975916
10.574140938209174
10.621586383520722
10.640289956277137
10.654648523154146
10.698467182199979
10.714298760312442
10.742530808388569
10.765523904493177
10.782735453604024
10.800699656195487
10.810007152931421
10.831842080349
10.871186054385152
10.894903180789656
10.929157993976391
10.947223013331564
10.996715289835196
11.048154349644129
11.07164831570017
11.088469658351045
11.122196814736721
11.152785072741482
11.176329911249894
11.20177957039603
11.257932060345151
11.287173223739648
11.310484634877136
11.346709859815418
11.377503507764663
11.389320498064441
11.433133958163399
11.459478315807525
11.472938406816178
11.495409761723877
11.548993375970394
11.568326379435632
11.60077575020129
11.62458023798485
11.665048146346393
11.684299787236506
11.723991359584446
11.786351092415526
11.808325409637105
11.83179742880272
11.839152285570435
11.858244056213064
11.885697384504677
11.917645971538086
11.922031609306062
11.982857316903118
11.99641560068569
12.0345210953738
12.058266287858595
12.074825671707051
12.097319050680593
12.134785470436338
12.142099303491499
12.176003941403245
12.20438443666318
12.218857904771964
12.243607566217376
12.26187270310028
12.29001547057107
12.367471133357467
12.400757220611231
12.411276902317425
12.437165288566483
12.451340549018864
12.45965390189429
12.51085724171362
12.547562649954866
12.549255903616661
12.564130816734584
12.57427719690192
12.612282412970774
12.617041654378141
12.65469098333948
12.684273347309833
12.739782271841891
12.776759828543277
12.787267226138741
12.818836827813815
12.860818236242626
12.865998687225384
12.893410352045981
12.903950379566863
12.917828395298384
12.976678999877269
13.003684407694461
13.03810614487432
13.06888301667599
13.098693703505536
13.121542164747977
13.145845503787031
13.177426936903782
13.195417353792424
13.21836922969176
13.247909598087878
13.268635973742333
13.292941348110347
13.373647112856059
13.398448915402845
13.429955001597456
13.487062104224167
13.513546315697607
13.53451670337811
13.596684757345017
13.613722988181372
13.627996670845794
13.639647558309488
13.68590598552657
13.737041174994273
13.760247853702543
13.81421262852909
13.826709869615279
13.87284549628404
13.887233668871895
13.898587562932677
13.939673245469896
13.980316373675473
14.00891421923866
14.027065292079222
14.05998247695651
14.072309850478357
14.113178181864377
14.117358295209506
14.181430820274114
14.193986749631133
14.213443808931952
14.236932328557375
14.272260801188171
14.288818088750842
14.361726591057456
14.385440555284159
14.399527412807664
14.443404626170532
14.46715206276179
14.51134734829861
14.515337629252773
14.552340013307518
14.582893758194107
14.626314167924605
14.674585644565422
14.694521639080062
14.714868622285392
14.731613173901286
14.763302353787493
14.776955424617825
14.8255796226526
14.875326015246495
14.90097805680237
14.933982502245973
14.955789628126254
15.017959137306681
15.042985737671124
15.058352705441386
15.094054893711029
15.122573260034876
15.152858959461666
15.194158015488444
15.201874964297495
15.23637799661561
15.276859026427509
15.295860048766066
15.320890945106697
15.34377253356853
15.399975899335534
15.40822566094979
15.453869612012841
15.50255857967072
15.52980609297177
15.537559864270937
15.592401621131485
15.62958242316175
15.65482145127312
15.691055810985869
15.728351163542202
15.736151422352194
15.78331906306496
15.796211504492108
15.832732410806187
15.8813794483253
15.899488893725325
15.934116365086503
16.028296351442258
16.053180715819543
16.06520955837311
16.077504441046
16.144252821511493
16.156146485155006
16.193941825725204
16.23280520608124
16.255284161065212
16.300393291583422
16.314731521034034
16.351250002190593
16.411531562784216
16.459917966461628
16.471274359725584
16.503561866400354
16.529822430829846
16.56881987893535
16.635789030232626
16.637475159368158
16.683606173286506
16.689941588369724
16.71712383826676
16.760087234082334
16.78173286501173
16.851723489183197
16.88229778060095
16.93522537190567
16.977384118327702
17.00093657103177
17.10626870725913
17.133772543430414
17.154722466258388
17.190895202824535
17.203797159125664
17.224220036839423
17.3047185693286
17.327671989369314
17.379024508615046
17.39275141355232
17.399909002613857
17.46042535321953
17.47410172022373
17.498509956655525
17.552020078002
17.571356142916454
17.58155955807419
17.61222267840868
17.681954163720764
17.72783028672516
17.785798464804454
17.805982187133033
17.838325392832978
17.881103643536008
17.90167393947792
17.92083859673836
17.991319509581807
18.029900146716333
18.08868064132819
18.1210250467037
18.130264532824665
18.17841319488727
18.1881611829053
18.235164503553193
18.256894909364373
18.28287455557678
18.348664226205912
18.37585218817184
18.392098659678958
18.446588046073888
18.465071365775923
18.517655286548496
18.531419542340778
18.582841713504017
18.648805688073757
18.649361348510002
18.665633390874614
18.7532586546697
18.80387462205638
18.81737725737317
18.851892133059504
18.906350980846028
18.973232047752045
19.027578230364075
19.03514384429599
19.103535108438024
19.139046754396958
19.181650069531788
19.20450896621882
19.24070586146783
19.2733461128027
19.329736834618572
19.366018337469328
19.451052881272915
19.46962413334433
19.516642644580102
19.54865875860721
19.667032625325497
19.69481009667302
19.721247776989543
19.740237567260664
19.809084839023445
19.91181585718243
19.949441046366587
19.984125421935765
20.06820612613925
20.084132494234645
20.130806173325404
20.215797153379484
20.241746494794167
20.283090259482375
20.387729799428886
20.419294451190584
20.46339089872407
20.47400177557509
20.596521742286505
20.6419759807932
20.725745934588037
20.806079747157515
20.865441405562077
20.892782650607813
20.97898323591985
21.01681307781442
21.106588833614726
21.210992147031714
21.291701519528427
21.31847116554909
21.46874106496759
21.528113940301083
21.642287369630164
21.715017601698232
21.78652088885068
21.807519568988496
21.849042591380805
21.97709898388933
22.048340331956595
22.154207571415235
22.31050821181183
22.489869933961113
22.514655928762735
23.022418016168295
23.02543189937472
23.43545279368437
23.70054843718849
23.86943450777532
24.520089966632195
24.82022800595487
25.8332829504886
0.6634898377822547
0.7560832863331479
0.7991337877338635
0.8564217251012991
0.9078423613380227
0.9440144126665634
1.0190586150609766
1.1248090476463672
1.1745430437101758
3.4976379004512927
4.4026738456634344
4.423513081456767
4.531656931459136
5.009832365041975
5.089921017472061
5.114215700822896
5.205211795304324
5.314912881095366
5.527209763411958
5.732984802941478
5.849536517761744
5.932601814274399
5.973170900519356
5.990499800034538
6.10537195888516
6.160353609915019
6.169153398703515
6.195277688028333
6.211800304327747
6.263214201987011
6.295256586738212
6.424091399968491
6.438678826656151
6.521963797667127
6.603622343141989
6.612321048090131
6.631529809035678
6.719178151789611
6.726372900777491
6.765464108373651
6.796313476360805
6.811389995396671
6.8477487903844585
6.924416043919004
6.974804488132084
6.990693448473653
7.05495531431676
7.096106254167797
7.1353616009844085
7.1604071842527945
7.208049093489263
7.24553103010169
7.252334264612163
7.275103573428231
7.354299393043945
7.377248585608792
7.4183304050018695
7.438673065887101
7.449026134313692
7.480726068159769
7.492423408565721
7.540095599765997
7.561718331205506
7.594497646816942
7.614447134269502
7.636801877211225
7.68605968163386
7.725837439820413
7.772415814949921
7.7868026279103555
7.809492077377143
7.839983636867469
7.886189030875245
7.928626523558535
7.975369805332454
7.993461826028555
8.028176558306695
8.04616102437477
8.096963282876425
8.124049253657056
8.150126173742052
8.176036511975664
8.212192301122252
8.231558346918218
8.297688032545143
8.316591122851603
8.334674210192368
8.34190227408583
8.38503432080144
8.41065292439254
8.429966062675588
8.439699826143498
8.473016097558537
8.497546891075526
8.516554767258842
8.557203454458833
8.570386049046045
8.594080883465764
8.637536115913028
8.658022028819389
8.694016424239486
8.707109012901915
8.717399448163894
8.754508006959137
8.801915257840289
8.804755117892507
8.831130010321624
8.851855393956193
8.887537175017483
8.904186424924404
8.921786336959068
8.96346493371647
8.97747082171893
9.019830699987859
9.080897731973131
9.112813316895755
9.141209281571186
9.151206484634086
9.221101571112346
9.229336158452304
9.271698444600458
9.292118739497694
9.308090643355417
9.350249723429995
9.40044053493379
9.430551469663655
9.448281819767004
9.468213082125496
9.492132758542603
9.534061562390072
9.55239239886185
9.569833759351441
9.614259711784499
9.653400514392242
9.67479704959441
9.693849057228789
9.767107614451714
9.777918136768353
9.801647718300517
9.835893390978667
9.863740227040944
9.882478492904953
9.914917042162296
9.94030327209467
9.986672106200913
10.017493151006354
10.034127617288714
10.065539989892018
10.0713776737293
10.11046270231352
10.133694293125936
10.195641296188343
10.237508235596666
10.238703280602442
10.275984391019891
10.283046161889189
10.31513067699838
10.343619581293762
10.353425324621389
10.362085209375682
10.392785418087197
10.431227407412777
10.437045919789632
10.469825074407083
10.504986192444212
10.538714144963626
10.567113224975916
10.574140938209174
10.621586383520722
10.640289956277137
10.654648523154146
10.698467182199979
10.714298760312442
10.742530808388569
10.765523904493177
10.782735453604024
10.800699656195487
10.810007152931421
10.831842080349
10.871186054385152
10.894903180789656
10.929157993976391
10.947223013331564
10.996715289835196
11.048154349644129
11.07164831570017
11.088469658351045
11.122196814736721
11.152785072741482
11.176329911249894
11.20177957039603
11.257932060345151
11.287173223739648
11.310484634877136
11.346709859815418
11.377503507764663
11.389320498064441
11.433133958163399
11.459478315807525
11.472938406816178
11.495409761723877
11.548993375970394
11.568326379435632
11.60077575020129
11.62458023798485
11.665048146346393
11.684299787236506
11.723991359584446
11.786351092415526
11.808325409637105
11.83179742880272
11.839152285570435
11.858244056213064
11.885697384504677
11.917645971538086
11.922031609306062
11.982857316903118
11.99641560068569
12.0345210953738
12.058266287858595
12.074825671707051
12.097319050680593
12.134785470436338
12.142099303491499
12.176003941403245
12.20438443666318
12.218857904771964
12.243607566217376
12.26187270310028
12.29001547057107
12.367471133357467
12.400757220611231
12.411276902317425
12.437165288566483
12.451340549018864
12.45965390189429
12.51085724171362
12.547562649954866
12.549255903616661
12.564130816734584
12.57427719690192
12.612282412970774
12.617041654378141
12.65469098333948
12.684273347309833
12.739782271841891
12.776759828543277
12.787267226138741
12.818836827813815
12.860818236242626
12.865998687225384
12.893410352045981
12.903950379566863
12.917828395298384
12.976678999877269
13.003684407694461
13.03810614487432
13.06888301667599
13.098693703505536
13.121542164747977
13.145845503787031
13.177426936903782
13.195417353792424
13.21836922969176
13.247909598087878
13.268635973742333
13.292941348110347
13.373647112856059
13.398448915402845
13.429955001597456
13.487062104224167
13.513546315697607
13.53451670337811
13.596684757345017
13.613722988181372
13.627996670845794
13.639647558309488
13.68590598552657
13.737041174994273
13.760247853702543
13.81421262852909
13.826709869615279
13.87284549628404
13.887233668871895
13.898587562932677
13.939673245469896
13.980316373675473
14.00891421923866
14.027065292079222
14.05998247695651
14.072309850478357
14.113178181864377
14.117358295209506
14.181430820274114
14.193986749631133
14.213443808931952
14.236932328557375
14.272260801188171
14.288818088750842
14.361726591057456
14.385440555284159
14.399527412807664
14.443404626170532
14.46715206276179
14.51134734829861
14.515337629252773
14.552340013307518
14.582893758194107
14.626314167924605
14.674585644565422
14.694521639080062
14.714868622285392
14.731613173901286
14.763302353787493
14.776955424617825
14.8255796226526
14.875326015246495
14.90097805680237
14.933982502245973
14.955789628126254
15.017959137306681
15.042985737671124
15.058352705441386
15.094054893711029
15.122573260034876
15.152858959461666
15.194158015488444
15.201874964297495
15.23637799661561
15.276859026427509
15.295860048766066
15.320890945106697
15.34377253356853
15.399975899335534
15.40822566094979
15.453869612012841
15.50255857967072
15.52980609297177
15.537559864270937
15.592401621131485
15.62958242316175
15.65482145127312
15.691055810985869
15.728351163542202
15.736151422352194
15.78331906306496
15.796211504492108
15.832732410806187
15.8813794483253
15.899488893725325
15.934116365086503
16.028296351442258
16.053180715819543
16.06520955837311
16.077504441046
16.144252821511493
16.156146485155006
16.193941825725204
16.23280520608124
16.255284161065212
16.300393291583422
16.314731521034034
16.351250002190593
16.411531562784216
16.459917966461628
16.471274359725584
16.503561866400354
16.529822430829846
16.56881987893535
16.635789030232626
16.637475159368158
16.683606173286506
16.689941588369724
16.71712383826676
16.760087234082334
16.78173286501173
16.851723489183197
16.88229778060095
16.93522537190567
16.977384118327702
17.00093657103177
17.10626870725913
17.133772543430414
17.154722466258388
17.190895202824535
17.203797159125664
17.224220036839423
17.3047185693286
17.327671989369314
17.379024508615046
17.39275141355232
17.399909002613857
17.46042535321953
17.47410172022373
17.498509956655525
17.552020078002
17.571356142916454
17.58155955807419
17.61222267840868
17.681954163720764
17.72783028672516
17.785798464804454
17.805982187133033
17.838325392832978
17.881103643536008
17.90167393947792
17.92083859673836
17.991319509581807
18.029900146716333
18.08868064132819
18.1210250467037
18.130264532824665
18.17841319488727
18.1881611829053
18.235164503553193
18.256894909364373
18.28287455557678
18.348664226205912
18.37585218817184
18.392098659678958
18.446588046073888
18.465071365775923
18.517655286548496
18.531419542340778
18.582841713504017
18.648805688073757
18.649361348510002
18.665633390874614
18.7532586546697
18.80387462205638
18.81737725737317
18.851892133059504
18.906350980846028
18.973232047752045
19.027578230364075
19.03514384429599
19.103535108438024
19.139046754396958
19.181650069531788
19.20450896621882
19.24070586146783
19.2733461128027
19.329736834618572
19.366018337469328
19.451052881272915
19.46962413334433
19.516642644580102
19.54865875860721
19.667032625325497
19.69481009667302
19.721247776989543
19.740237567260664
19.809084839023445
19.91181585718243
19.949441046366587
19.984125421935765
20.06820612613925
20.084132494234645
20.130806173325404
20.215797153379484
20.241746494794167
20.283090259482375
20.387729799428886
20.419294451190584
20.46339089872407
20.47400177557509
20.596521742286505
20.6419759807932
20.725745934588037
20.806079747157515
20.865441405562077
20.892782650607813
20.97898323591985
21.01681307781442
21.106588833614726
21.210992147031714
21.291701519528427
21.31847116554909
21.46874106496759
21.528113940301083
21.642287369630164
21.715017601698232
21.78652088885068
21.807519568988496
21.849042591380805
21.97709898388933
22.048340331956595
22.154207571415235
22.31050821181183
22.489869933961113
22.514655928762735
23.022418016168295
23.02543189937472
23.43545279368437
23.70054843718849
23.86943450777532
24.520089966632195
24.82022800595487
25.8332829504886
