0.5626060402330334
0.6704728094901125
0.7648111523782912
0.7778047678004039
0.8037140254980942
0.9083742950027761
0.930070618656359
1.0112545220739422
1.118378010394537
3.63171531554853
4.900829869723016
5.078294630516537
5.2250873893501915
5.263033979264509
5.567471654572397
5.640240357788147
5.686866787293884
5.7205254015724405
5.803238259447026
5.831080466674867
5.87070137145834
5.904727128060509
5.933962461061451
5.970080432935179
5.999823126437642
6.029783245040897
6.049679007990144
6.136238695377708
6.167271596162882
6.28782418682575
6.3552879063808385
6.3797556884933115
6.444267866131479
6.481237936464442
6.513801969049509
6.539942060376004
6.563861338389327
6.582328237429709
6.599774132623929
6.641962229693562
6.699444885222089
6.710429365733758
6.739919418557103
6.765699795391171
6.834925217297432
6.937353330715105
7.0318101790159355
7.048501605075442
7.092801390718419
7.152435103823119
7.199797845875029
7.230989932909855
7.2818026892995125
7.360935955581701
7.369972841967563
7.411851755736266
7.466483878589628
7.485350509059168
7.529129885374844
7.539981100776578
7.5708117905572605
7.600069868451279
7.642541806347921
7.6639742057655305
7.674724601494338
7.708645893276018
7.729213480887064
7.753162998408151
7.789769936670138
7.813683694660528
7.849533190882107
7.872897317262293
7.899293272957385
7.9409389738897485
7.986218353734745
8.004574973492618
8.027595788352667
8.043818790100254
8.084856586296107
8.13324244148101
8.153272549222168
8.176550255831913
8.214872357774206
8.21918088072793
8.238129839784184
8.290520049193258
8.30653008121356
8.361549598451266
8.402498682295453
8.411697143186295
8.416980648807497
8.452760215152523
8.472632421666138
8.518996472230333
8.56597969584776
8.568929743635577
8.61295496552416
8.644772855660792
8.662959184016886
8.692734454321272
8.715993113376955
8.750112424443707
8.798148597883763
8.810050047266031
8.850700315158994
8.865546258688662
8.884322912483368
8.914149417969494
8.920471167416826
8.970363837097416
8.992467305519218
9.048671614263279
9.075525933636508
9.093149897211868
9.146905801561896
9.161334662915634
9.170348917808546
9.24026949676911
9.264927054955583
9.293663743022186
9.312005764639526
9.3274128735845
9.353183627720275
9.371141792203888
9.409337354820886
9.463346048576735
9.541372560602913
9.548429669976194
9.557806858348513
9.619007540373234
9.653353260420495
9.685915680090249
9.695775166395004
9.727029041973493
9.757565405280285
9.799950822966675
9.808203586381795
9.819563213832454
9.831355027708664
9.87493056240714
9.89903248325968
9.911691218150454
9.97253481870913
9.997439593892864
10.01520326884476
10.041018734279715
10.061476588742678
10.097181094574134
10.105063828456654
10.130578316825869
10.1577408268996
10.166614940208103
10.203705474051414
10.230130534649104
10.271289998285365
10.297792329835328
10.318297478915238
10.323261346665928
10.346147925255382
10.36388625637395
10.412744141357726
10.435266915296692
10.47584827610143
10.489226917254726
10.507588936199774
10.547605797198644
10.576677689490001
10.595894414976502
10.628073192829516
10.667177601939295
10.695496617472795
10.722835713149157
10.743051625422577
10.800419960626355
10.809607343727585
10.84881144598256
10.850761040671026
10.854897176701202
10.887877330004692
10.944230559066497
10.982981801434324
11.003030455448608
11.03318478566701
11.047898062674276
11.066351214215889
11.095730930843557
11.119029626067498
11.141657302996453
11.167764828159267
11.191163880884458
11.211852245317656
11.242550647011274
11.272560423533138
11.294450600086206
11.303019610795793
11.331465810454532
11.351851634494388
11.392259388230956
11.418000143443026
11.433400554911072
11.46173021339058
11.46939965324742
11.492223805316186
11.511415112338097
11.539528086548057
11.554905504265047
11.574191412756445
11.605595195703668
11.635756234590286
11.65361939632414
11.687475571143429
11.711407242000364
11.756500903904572
11.76764664085481
11.822044053393968
11.830720338349241
11.86230438444435
11.879006891660461
11.923252196936359
11.934314519492863
11.951499644198757
11.99326478030855
12.021185409007371
12.03866529509768
12.051107355987074
12.076618673867548
12.100693358710595
12.1471581238438
12.16832865360114
12.21824036448457
12.236946386152924
12.254315286606362
12.256526892471443
12.291457723787714
12.315643965141204
12.336564382037267
12.357393342729978
12.379736654132918
12.394784988180731
12.406527118238293
12.436786606119291
12.462033289915079
12.49520237661661
12.531187047679891
12.561626608258612
12.604504907269229
12.63373034162437
12.67876337029355
12.69526448020923
12.733928179610125
12.781469304440423
12.79631153231295
12.841273633855346
12.85508563080003
12.87867660022949
12.907698580841272
12.944583081177232
12.95255802281839
12.996311040808775
13.019622402822252
13.045766630259441
13.07640177177404
13.09566412060733
13.1112538048818
13.160435535018122
13.186506745914105
13.23589644798074
13.270786550587388
13.288243912049412
13.331299019041857
13.354037654385092
13.383373717027556
13.403740727134933
13.449955984351808
13.485194855563988
13.522720023634903
13.548690755041372
13.565133777799339
13.604163140482884
13.632041861822717
13.65478644973056
13.672836023947019
13.705181256290192
13.728339787337939
13.792128046112826
13.833410694022946
13.849436851077213
13.868807279170381
13.89293968804126
13.922182352047924
13.964506429995868
14.012612081018748
14.03939636450606
14.052978685854391
14.080530756328514
14.14965062712535
14.160530393350559
14.204625620371342
14.217399807473797
14.245412224077612
14.266789671785228
14.302324750565589
14.333242132519265
14.355849506912117
14.381521591090001
14.399805681086557
14.415757086941033
14.429315278350192
14.477883567933276
14.522021112561825
14.5252181385906
14.559802319463468
14.579924054345044
14.621429511096089
14.655700104717507
14.6716571590479
14.719875861389632
14.735715536131258
14.758020878382867
14.77731992331202
14.804080224845508
14.820542977853528
14.865778468974405
14.89180453482682
14.908205586663362
14.943705841657241
14.9646454968324
15.002136751964665
15.01875472670143
15.061482001708862
15.071070947304618
15.11833565477749
15.140651527270684
15.16630769020393
15.18236872831398
15.2472525053168
15.272686271167247
15.31004054750875
15.320467002585929
15.340556101020987
15.363450321590232
15.40592146915098
15.441214827236447
15.477817565696329
15.50689768418334
15.520003982547614
15.569532418812152
15.600532582618408
15.61854492099961
15.632982751774401
15.650414222863082
15.708450772210895
15.72981420500205
15.783598255530224
15.789682855429303
15.828982836576722
15.850249803088937
15.901686910385505
15.941342571150667
15.970788039387195
15.980916883121255
16.073711202190555
16.092224593788938
16.112026128170275
16.119427189238536
16.159202442560776
16.22752971837723
16.25630508635859
16.269696223449692
16.310234351009814
16.33874491594398
16.376010205539345
16.378061040950186
16.426501329794647
16.463061723952578
16.525889074343855
16.55381461318002
16.590103359443418
16.622623729475087
16.648931439369196
16.699793482880438
16.72207138176247
16.747384066192776
16.792830601779727
16.809560603975015
16.842826277084296
16.88268664005369
16.92150601136695
16.947988165872882
16.988360023711643
17.003825799247394
17.01161710146023
17.04940694716558
17.124781054715708
17.156004266275495
17.1865841455475
17.2041709999203
17.260373659923676
17.27805288304416
17.322309581526596
17.370719463894016
17.399542306493814
17.427760377380977
17.432881389071238
17.480058751374
17.499851297818267
17.570472150334528
17.597951854104952
17.62860992625253
17.669419003346356
17.701608941067125
17.77544427106677
17.795348761998078
17.83620824104557
17.87252466550151
17.926152530526377
17.93926174703798
17.976272139778708
17.986726796755697
18.012701485277592
18.10306689312093
18.11181262025355
18.151314137958494
18.157719175004146
18.244173247567865
18.276167817589528
18.325186154657153
18.34783527015785
18.38830646905529
18.406882512321978
18.473038569741686
18.52256129561624
18.54143952387973
18.5949683714844
18.663750107462945
18.67690488152509
18.690249283719954
18.71108447566653
18.784009829574234
18.831951824032664
18.917012536990445
18.96893001519546
18.985593711250488
19.068047999262845
19.111695915023198
19.14984562970068
19.18813456037469
19.204279060580202
19.232238861039434
19.305126041717248
19.340992913953222
19.36507751621479
19.43418549779324
19.474501288643946
19.501886289948757
19.534238970615068
19.56603569195827
19.647029530666874
19.694186627324612
19.748166724092226
19.790001557598142
19.819519832014947
19.970267176540094
20.010514740223673
20.02625184121615
20.081967411009057
20.212480535448062
20.29450780626358
20.31451950496485
20.363506955959704
20.44039353629302
20.52984337267311
20.539777108359637
20.56743970387284
20.69316346120384
20.755773381006424
20.85560978648894
20.86368165911731
20.894755267035297
21.121983065308154
21.127780514673937
21.15979345372757
21.24314726753877
21.30105865743785
21.371744963331853
21.50216220817249
21.698766971507837
21.824453274025437
21.876794787572276
22.024435186728073
22.11209248570552
22.32905855796755
22.675471500295874
22.77164199711816
23.032192559105777
23.19135633366489
23.427519120929208
23.555679603813182
24.265272478661227
0.5626060402330334
0.6704728094901125
0.7648111523782912
0.7778047678004039
0.8037140254980942
0.9083742950027761
0.930070618656359
1.0112545220739422
1.118378010394537
3.63171531554853
4.900829869723016
5.078294630516537
5.2250873893501915
5.263033979264509
5.567471654572397
5.640240357788147
5.686866787293884
5.7205254015724405
5.803238259447026
5.831080466674867
5.87070137145834
5.904727128060509
5.933962461061451
5.970080432935179
5.999823126437642
6.029783245040897
6.049679007990144
6.136238695377708
6.167271596162882
6.28782418682575
6.3552879063808385
6.3797556884933115
6.444267866131479
6.481237936464442
6.513801969049509
6.539942060376004
6.563861338389327
6.582328237429709
6.599774132623929
6.641962229693562
6.699444885222089
6.710429365733758
6.739919418557103
6.765699795391171
6.834925217297432
6.937353330715105
7.0318101790159355
7.048501605075442
7.092801390718419
7.152435103823119
7.199797845875029
7.230989932909855
7.2818026892995125
7.360935955581701
7.369972841967563
7.411851755736266
7.466483878589628
7.485350509059168
7.529129885374844
7.539981100776578
7.5708117905572605
7.600069868451279
7.642541806347921
7.6639742057655305
7.674724601494338
7.708645893276018
7.729213480887064
7.753162998408151
7.789769936670138
7.813683694660528
7.849533190882107
7.872897317262293
7.899293272957385
7.9409389738897485
7.986218353734745
8.004574973492618
8.027595788352667
8.043818790100254
8.084856586296107
8.13324244148101
8.153272549222168
8.176550255831913
8.214872357774206
8.21918088072793
8.238129839784184
8.290520049193258
8.30653008121356
8.361549598451266
8.402498682295453
8.411697143186295
8.416980648807497
8.452760215152523
8.472632421666138
8.518996472230333
8.56597969584776
8.568929743635577
8.61295496552416
8.644772855660792
8.662959184016886
8.692734454321272
8.715993113376955
8.750112424443707
8.798148597883763
8.810050047266031
8.850700315158994
8.865546258688662
8.884322912483368
8.914149417969494
8.920471167416826
8.970363837097416
8.992467305519218
9.048671614263279
9.075525933636508
9.093149897211868
9.146905801561896
9.161334662915634
9.170348917808546
9.24026949676911
9.264927054955583
9.293663743022186
9.312005764639526
9.3274128735845
9.353183627720275
9.371141792203888
9.409337354820886
9.463346048576735
9.541372560602913
9.548429669976194
9.557806858348513
9.619007540373234
9.653353260420495
9.685915680090249
9.695775166395004
9.727029041973493
9.757565405280285
9.799950822966675
9.808203586381795
9.819563213832454
9.831355027708664
9.87493056240714
9.89903248325968
9.911691218150454
9.97253481870913
9.997439593892864
10.01520326884476
10.041018734279715
10.061476588742678
10.097181094574134
10.105063828456654
10.130578316825869
10.1577408268996
10.166614940208103
10.203705474051414
10.230130534649104
10.271289998285365
10.297792329835328
10.318297478915238
10.323261346665928
10.346147925255382
10.36388625637395
10.412744141357726
10.435266915296692
10.47584827610143
10.489226917254726
10.507588936199774
10.547605797198644
10.576677689490001
10.595894414976502
10.628073192829516
10.667177601939295
10.695496617472795
10.722835713149157
10.743051625422577
10.800419960626355
10.809607343727585
10.84881144598256
10.850761040671026
10.854897176701202
10.887877330004692
10.944230559066497
10.982981801434324
11.003030455448608
11.03318478566701
11.047898062674276
11.066351214215889
11.095730930843557
11.119029626067498
11.141657302996453
11.167764828159267
11.191163880884458
11.211852245317656
11.242550647011274
11.272560423533138
11.294450600086206
11.303019610795793
11.331465810454532
11.351851634494388
11.392259388230956
11.418000143443026
11.433400554911072
11.46173021339058
11.46939965324742
11.492223805316186
11.511415112338097
11.539528086548057
11.554905504265047
11.574191412756445
11.605595195703668
11.635756234590286
11.65361939632414
11.687475571143429
11.711407242000364
11.756500903904572
11.76764664085481
11.822044053393968
11.830720338349241
11.86230438444435
11.879006891660461
11.923252196936359
11.934314519492863
11.951499644198757
11.99326478030855
12.021185409007371
12.03866529509768
12.051107355987074
12.076618673867548
12.100693358710595
12.1471581238438
12.16832865360114
12.21824036448457
12.236946386152924
12.254315286606362
12.256526892471443
12.291457723787714
12.315643965141204
12.336564382037267
12.357393342729978
12.379736654132918
12.394784988180731
12.406527118238293
12.436786606119291
12.462033289915079
12.49520237661661
12.531187047679891
12.561626608258612
12.604504907269229
12.63373034162437
12.67876337029355
12.69526448020923
12.733928179610125
12.781469304440423
12.79631153231295
12.841273633855346
12.85508563080003
12.87867660022949
12.907698580841272
12.944583081177232
12.95255802281839
12.996311040808775
13.019622402822252
13.045766630259441
13.07640177177404
13.09566412060733
13.1112538048818
13.160435535018122
13.186506745914105
13.23589644798074
13.270786550587388
13.288243912049412
13.331299019041857
13.354037654385092
13.383373717027556
13.403740727134933
13.449955984351808
13.485194855563988
13.522720023634903
13.548690755041372
13.565133777799339
13.604163140482884
13.632041861822717
13.65478644973056
13.672836023947019
13.705181256290192
13.728339787337939
13.792128046112826
13.833410694022946
13.849436851077213
13.868807279170381
13.89293968804126
13.922182352047924
13.964506429995868
14.012612081018748
14.03939636450606
14.052978685854391
14.080530756328514
14.14965062712535
14.160530393350559
14.204625620371342
14.217399807473797
14.245412224077612
14.266789671785228
14.302324750565589
14.333242132519265
14.355849506912117
14.381521591090001
14.399805681086557
14.415757086941033
14.429315278350192
14.477883567933276
14.522021112561825
14.5252181385906
14.559802319463468
14.579924054345044
14.621429511096089
14.655700104717507
14.6716571590479
14.719875861389632
14.735715536131258
14.758020878382867
14.77731992331202
14.804080224845508
14.820542977853528
14.865778468974405
14.89180453482682
14.908205586663362
14.943705841657241
14.9646454968324
15.002136751964665
15.01875472670143
15.061482001708862
15.071070947304618
15.11833565477749
15.140651527270684
15.16630769020393
15.18236872831398
15.2472525053168
15.272686271167247
15.31004054750875
15.320467002585929
15.340556101020987
15.363450321590232
15.40592146915098
15.441214827236447
15.477817565696329
15.50689768418334
15.520003982547614
15.569532418812152
15.600532582618408
15.61854492099961
15.632982751774401
15.650414222863082
15.708450772210895
15.72981420500205
15.783598255530224
15.789682855429303
15.828982836576722
15.850249803088937
15.901686910385505
15.941342571150667
15.970788039387195
15.980916883121255
16.073711202190555
16.092224593788938
16.112026128170275
16.119427189238536
16.159202442560776
16.22752971837723
16.25630508635859
16.269696223449692
16.310234351009814
16.33874491594398
16.376010205539345
16.378061040950186
16.426501329794647
16.463061723952578
16.525889074343855
16.55381461318002
16.590103359443418
16.622623729475087
16.648931439369196
16.699793482880438
16.72207138176247
16.747384066192776
16.792830601779727
16.809560603975015
16.842826277084296
16.88268664005369
16.92150601136695
16.947988165872882
16.988360023711643
17.003825799247394
17.01161710146023
17.04940694716558
17.124781054715708
17.156004266275495
17.1865841455475
17.2041709999203
17.260373659923676
17.27805288304416
17.322309581526596
17.370719463894016
17.399542306493814
17.427760377380977
17.432881389071238
17.480058751374
17.499851297818267
17.570472150334528
17.597951854104952
17.62860992625253
17.669419003346356
17.701608941067125
17.77544427106677
17.795348761998078
17.83620824104557
17.87252466550151
17.926152530526377
17.93926174703798
17.976272139778708
17.986726796755697
18.012701485277592
18.10306689312093
18.11181262025355
18.151314137958494
18.157719175004146
18.244173247567865
18.276167817589528
18.325186154657153
18.34783527015785
18.38830646905529
18.406882512321978
18.473038569741686
18.52256129561624
18.54143952387973
18.5949683714844
18.663750107462945
18.67690488152509
18.690249283719954
18.71108447566653
18.784009829574234
18.831951824032664
18.917012536990445
18.96893001519546
18.985593711250488
19.068047999262845
19.111695915023198
19.14984562970068
19.18813456037469
19.204279060580202
19.232238861039434
19.305126041717248
19.340992913953222
19.36507751621479
19.43418549779324
19.474501288643946
19.501886289948757
19.534238970615068
19.56603569195827
19.647029530666874
19.694186627324612
19.748166724092226
19.790001557598142
19.819519832014947
19.970267176540094
20.010514740223673
20.02625184121615
20.081967411009057
20.212480535448062
20.29450780626358
20.31451950496485
20.363506955959704
20.44039353629302
20.52984337267311
20.539777108359637
20.56743970387284
20.69316346120384
20.755773381006424
20.85560978648894
20.86368165911731
20.894755267035297
21.121983065308154
21.127780514673937
21.15979345372757
21.24314726753877
21.30105865743785
21.371744963331853
21.50216220817249
21.698766971507837
21.824453274025437
21.876794787572276
22.024435186728073
22.11209248570552
22.32905855796755
22.675471500295874
22.77164199711816
23.032192559105777
23.19135633366489
23.427519120929208
23.555679603813182
24.265272478661227
