0.6344345974752933
0.6873153380337781
0.7565800164145555
0.7762541575130247
0.8713738328053159
0.9447764559670767
1.0365149262998996
1.0501049158031648
1.1939192863227726
2.8186661916105624
3.6111251378394673
4.38904768039191
4.513506349471927
4.871214117907753
5.01484869526107
5.066480720098986
5.086600638688239
5.211347244624084
5.248505210207926
5.527074436567195
5.682939619833267
5.838047712930493
5.851411780889517
5.899848863317025
6.039715779499235
6.156087370957394
6.175388962577956
6.182301726427587
6.23755073675668
6.42800925663943
6.459018452800338
6.564417508214882
6.629760040102889
6.67951446074767
6.69308131266558
6.725810734919843
6.803546085283662
6.8309058789132875
6.874584759055476
6.90590937121452
6.984610613700879
7.010602795310181
7.047878499306992
7.06204000952084
7.101703335194789
7.129354806306488
7.144396793561002
7.238251147371951
7.265869769220107
7.289564783829939
7.331742472373639
7.364237220372527
7.382938360376612
7.415825599670827
7.465383973492203
7.493321338428493
7.508526080147295
7.519855583625678
7.553123668767883
7.594301975925766
7.602846025321111
7.659588811209708
7.704187424234493
7.7410955508770956
7.745716106194799
7.796785237534719
7.812865834178062
7.874050688101235
7.909271703844234
7.935015086956148
7.956853031372225
7.970484534511714
7.982312929191235
7.995787221982003
8.051149592444403
8.096462794687074
8.134824386630886
8.154524457236038
8.19047311731787
8.203067945618319
8.232751445029455
8.28470435606855
8.312053522982485
8.321944645192012
8.3435730134291
8.385466445844774
8.404556399348214
8.430235229763975
8.4830254178726
8.552639500379064
8.569883401582159
8.60162919214423
8.644285753417945
8.646766239623256
8.68059516878664
8.715652757704184
8.75049621571159
8.773393738940907
8.805871364587354
8.819166059538507
8.835669527818807
8.849233126854925
8.903932251599711
8.916583941699313
8.945259725972354
8.953743820141074
8.991842968682324
9.013913794903969
9.041500667862834
9.079029188225956
9.103901879957062
9.14616209942922
9.15535858341047
9.180665585628057
9.191972314928186
9.219265424972217
9.250758720390936
9.263832334750708
9.278707664064646
9.303845536522093
9.332756042418822
9.370704993659393
9.415626303792163
9.449534280337076
9.476784110816851
9.483808351518778
9.520751597283006
9.546342393362657
9.57438153802236
9.59791490871847
9.610907748351398
9.640587863398409
9.6600273659636
9.694279720365166
9.720845289840323
9.729603431585412
9.77903483890133
9.821369731909803
9.862724012727409
9.884683796494622
9.925273853415568
9.946284681673546
9.976383466571844
9.983396813702754
10.039252060945211
10.087058317509468
10.111762184740435
10.14934180140587
10.165051345629692
10.228704354521051
10.247339026886825
10.267135212345538
10.304281679715388
10.331047423618926
10.34638502407883
10.38603460812022
10.394870565965775
10.44462191492227
10.467794492458031
10.499175744402844
10.52050067100929
10.569615541814773
10.60955373310854
10.622325187980953
10.651628147369829
10.675405029107981
10.6958118812195
10.73362937818987
10.751279298214099
10.772762131638707
10.803357569850657
10.827444577129944
10.859313142884563
10.895275292768098
10.915851958090515
10.922341099272844
10.93835393333671
10.968543680525057
10.988852757597185
11.032954211775994
11.05215753755318
11.074377900468791
11.099698656193741
11.144829778782075
11.159929404341206
11.208176737002256
11.217142894159881
11.235072432610664
11.240722478086486
11.259107292295633
11.291207863562844
11.300542106267091
11.36439158276347
11.376129606889544
11.416101035964205
11.425116986398264
11.435371850845353
11.473840073765626
11.478690337570617
11.516635056485566
11.58527268108736
11.593925214167138
11.631743067689015
11.642871459635995
11.685083522989933
11.699571976786109
11.727695779133533
11.762427580055334
11.795818267223158
11.808113569003389
11.82749362399134
11.840322837787339
11.857868804740757
11.860785531189224
11.900286548077199
11.93431727666013
11.95347293348241
11.962548064042808
11.990640280139637
12.035652092796782
12.050174698743541
12.056670021671522
12.092207308337711
12.124066420077584
12.153622518431243
12.181347348558745
12.20210396246725
12.224702172318793
12.263405800009389
12.283900738387583
12.320139628497358
12.344968252699998
12.375574313423904
12.406280962863535
12.433183152139867
12.445131543638004
12.48416419706632
12.505550607363402
12.537085818316546
12.550951193443577
12.567920114611276
12.630823550418965
12.642614003258494
12.672865288503926
12.700844537306137
12.74525306937585
12.75975307706753
12.787268027705114
12.793564305132573
12.832598046826853
12.861627871044684
12.891261034310634
12.896893034016678
12.915570883199745
12.930596133880815
12.93368288890473
12.97375107903201
13.041496895527548
13.056905464259884
13.110049551279564
13.116847808000601
13.153045141491093
13.190379123953404
13.213577169969065
13.230762262582495
13.28683869897442
13.296802328818472
13.343724777592442
13.3630378885127
13.383594725355051
13.408398232903076
13.418035093788122
13.450934463794487
13.462530815042843
13.50022591434137
13.526083749504624
13.551171089208038
13.572667458118945
13.581800305123984
13.679425164741705
13.703724811642525
13.719977723775875
13.735670706871439
13.749596259737492
13.796256575346462
13.854432350709732
13.858400056179734
13.866594145956132
13.889095654624697
13.953374248070563
13.972816488891933
14.002667072906123
14.023611006276337
14.11504780045182
14.13686464778045
14.148280337977177
14.193963302744402
14.206963212788214
14.22001674871684
14.24220503221528
14.293885285058273
14.305774108590123
14.322928288888374
14.365938904332625
14.381094051752191
14.417500226290244
14.443764045446319
14.449794102758078
14.503568021886265
14.516503942793033
14.537038368966634
14.58203820349152
14.591913152421755
14.628073661780135
14.706493345846521
14.714846385273741
14.785739384813262
14.799659969066383
14.819191193704016
14.85745532357504
14.9028735701759
14.943334407194648
14.987071405376929
15.006539084930067
15.01720844961033
15.034907426523837
15.077282769135639
15.12403977242028
15.143295071822202
15.165986952536885
15.214415926174496
15.264734897441738
15.281465687011826
15.33739898889068
15.37154815146315
15.425360886524457
15.443415211074136
15.469261717537393
15.504810180064103
15.507244241918839
15.536999603753118
15.547629726106111
15.581860102077872
15.594025210295042
15.628700885005724
15.660111100837614
15.698778721807706
15.726431172590683
15.772019536372659
15.783777415341081
15.826220365921847
15.841836010933767
15.886287666958008
15.890559889503342
15.94436804225148
15.963009743457107
15.983725166214727
16.028273899963622
16.031247991130716
16.07923022182584
16.112599774341287
16.1336306316883
16.181143324153787
16.229198230174138
16.24445860046197
16.304675157930703
16.322553538706124
16.346120487050836
16.37912967382533
16.394428117842363
16.450472589937007
16.464738682975465
16.486521861382137
16.519368251672827
16.523638059220072
16.57732038318101
16.592451984303153
16.60291552855729
16.69459312825915
16.707683825694623
16.74067576922078
16.79178969569035
16.819449837307417
16.85137250365053
16.892252356734378
16.918448188099486
16.939138254124874
16.98035335187676
17.005529454609885
17.04707961797039
17.0988422252357
17.141871948512538
17.16094213886068
17.208978129509113
17.24106986154253
17.311085401373454
17.37493025537168
17.391797839873977
17.42562157790222
17.463503088831324
17.520256969997135
17.534311545259914
17.57493544656544
17.666387560574723
17.680976991450883
17.714524322054913
17.787295978917246
17.81388243109184
17.847784148070282
17.859944950943813
17.90964898598801
17.937184727744267
17.960130969157365
17.983122158433787
17.991682064896487
18.061179736495113
18.077877855772247
18.1827720763787
18.21580636710648
18.248152260797667
18.2732945166012
18.323751748676973
18.360946247680207
18.42683432288973
18.4387173292475
18.456564924491225
18.496642778843626
18.502766860666163
18.5590173716213
18.592568907927213
18.64485397701826
18.733419593998605
18.737135001817382
18.751476492995845
18.782029459067708
18.834523836055574
18.908004144623618
18.924726549325786
18.936045256650754
19.106224142914343
19.129996048424424
19.146831020217917
19.18014688356282
19.26133392805331
19.333461104821748
19.348778304657426
19.40032131022897
19.437243231753776
19.523715049213244
19.53647169306675
19.57604905168685
19.601655548284203
19.663281735410802
19.72812026855609
19.844883750158214
19.900603018275895
19.940079433766616
20.021771429874132
20.080445009080826
20.142714072489564
20.17405588528327
20.22801362008751
20.327696964224103
20.339086835622556
20.4110234571225
20.423645074033786
20.466296048388248
20.50302055731103
20.620507527399777
20.678211976462862
20.734440656870696
20.752539994084326
20.845645459407258
20.96209279163991
20.965208154182985
21.061898141668834
21.151214753701577
21.210490710555472
21.36118019384057
21.497410795609593
21.55669273132664
21.637192101496804
21.832225546020453
21.909525362157364
22.12240123081327
22.339124542667697
22.852701040202245
22.85816454829388
22.903499396620237
22.98971766649259
23.111220953632465
23.141619456323703
23.346989644740358
23.473983278767875
23.635440211800905
23.68354366272017
23.839645930742957
24.098099187751497
24.710245000947396
0.6344345974752933
0.6873153380337781
0.7565800164145555
0.7762541575130247
0.8713738328053159
0.9447764559670767
1.0365149262998996
1.0501049158031648
1.1939192863227726
2.8186661916105624
3.6111251378394673
4.38904768039191
4.513506349471927
4.871214117907753
5.01484869526107
5.066480720098986
5.086600638688239
5.211347244624084
5.248505210207926
5.527074436567195
5.682939619833267
5.838047712930493
5.851411780889517
5.899848863317025
6.039715779499235
6.156087370957394
6.175388962577956
6.182301726427587
6.23755073675668
6.42800925663943
6.459018452800338
6.564417508214882
6.629760040102889
6.67951446074767
6.69308131266558
6.725810734919843
6.803546085283662
6.8309058789132875
6.874584759055476
6.90590937121452
6.984610613700879
7.010602795310181
7.047878499306992
7.06204000952084
7.101703335194789
7.129354806306488
7.144396793561002
7.238251147371951
7.265869769220107
7.289564783829939
7.331742472373639
7.364237220372527
7.382938360376612
7.415825599670827
7.465383973492203
7.493321338428493
7.508526080147295
7.519855583625678
7.553123668767883
7.594301975925766
7.602846025321111
7.659588811209708
7.704187424234493
7.7410955508770956
7.745716106194799
7.796785237534719
7.812865834178062
7.874050688101235
7.909271703844234
7.935015086956148
7.956853031372225
7.970484534511714
7.982312929191235
7.995787221982003
8.051149592444403
8.096462794687074
8.134824386630886
8.154524457236038
8.19047311731787
8.203067945618319
8.232751445029455
8.28470435606855
8.312053522982485
8.321944645192012
8.3435730134291
8.385466445844774
8.404556399348214
8.430235229763975
8.4830254178726
8.552639500379064
8.569883401582159
8.60162919214423
8.644285753417945
8.646766239623256
8.68059516878664
8.715652757704184
8.75049621571159
8.773393738940907
8.805871364587354
8.819166059538507
8.835669527818807
8.849233126854925
8.903932251599711
8.916583941699313
8.945259725972354
8.953743820141074
8.991842968682324
9.013913794903969
9.041500667862834
9.079029188225956
9.103901879957062
9.14616209942922
9.15535858341047
9.180665585628057
9.191972314928186
9.219265424972217
9.250758720390936
9.263832334750708
9.278707664064646
9.303845536522093
9.332756042418822
9.370704993659393
9.415626303792163
9.449534280337076
9.476784110816851
9.483808351518778
9.520751597283006
9.546342393362657
9.57438153802236
9.59791490871847
9.610907748351398
9.640587863398409
9.6600273659636
9.694279720365166
9.720845289840323
9.729603431585412
9.77903483890133
9.821369731909803
9.862724012727409
9.884683796494622
9.925273853415568
9.946284681673546
9.976383466571844
9.983396813702754
10.039252060945211
10.087058317509468
10.111762184740435
10.14934180140587
10.165051345629692
10.228704354521051
10.247339026886825
10.267135212345538
10.304281679715388
10.331047423618926
10.34638502407883
10.38603460812022
10.394870565965775
10.44462191492227
10.467794492458031
10.499175744402844
10.52050067100929
10.569615541814773
10.60955373310854
10.622325187980953
10.651628147369829
10.675405029107981
10.6958118812195
10.73362937818987
10.751279298214099
10.772762131638707
10.803357569850657
10.827444577129944
10.859313142884563
10.895275292768098
10.915851958090515
10.922341099272844
10.93835393333671
10.968543680525057
10.988852757597185
11.032954211775994
11.05215753755318
11.074377900468791
11.099698656193741
11.144829778782075
11.159929404341206
11.208176737002256
11.217142894159881
11.235072432610664
11.240722478086486
11.259107292295633
11.291207863562844
11.300542106267091
11.36439158276347
11.376129606889544
11.416101035964205
11.425116986398264
11.435371850845353
11.473840073765626
11.478690337570617
11.516635056485566
11.58527268108736
11.593925214167138
11.631743067689015
11.642871459635995
11.685083522989933
11.699571976786109
11.727695779133533
11.762427580055334
11.795818267223158
11.808113569003389
11.82749362399134
11.840322837787339
11.857868804740757
11.860785531189224
11.900286548077199
11.93431727666013
11.95347293348241
11.962548064042808
11.990640280139637
12.035652092796782
12.050174698743541
12.056670021671522
12.092207308337711
12.124066420077584
12.153622518431243
12.181347348558745
12.20210396246725
12.224702172318793
12.263405800009389
12.283900738387583
12.320139628497358
12.344968252699998
12.375574313423904
12.406280962863535
12.433183152139867
12.445131543638004
12.48416419706632
12.505550607363402
12.537085818316546
12.550951193443577
12.567920114611276
12.630823550418965
12.642614003258494
12.672865288503926
12.700844537306137
12.74525306937585
12.75975307706753
12.787268027705114
12.793564305132573
12.832598046826853
12.861627871044684
12.891261034310634
12.896893034016678
12.915570883199745
12.930596133880815
12.93368288890473
12.97375107903201
13.041496895527548
13.056905464259884
13.110049551279564
13.116847808000601
13.153045141491093
13.190379123953404
13.213577169969065
13.230762262582495
13.28683869897442
13.296802328818472
13.343724777592442
13.3630378885127
13.383594725355051
13.408398232903076
13.418035093788122
13.450934463794487
13.462530815042843
13.50022591434137
13.526083749504624
13.551171089208038
13.572667458118945
13.581800305123984
13.679425164741705
13.703724811642525
13.719977723775875
13.735670706871439
13.749596259737492
13.796256575346462
13.854432350709732
13.858400056179734
13.866594145956132
13.889095654624697
13.953374248070563
13.972816488891933
14.002667072906123
14.023611006276337
14.11504780045182
14.13686464778045
14.148280337977177
14.193963302744402
14.206963212788214
14.22001674871684
14.24220503221528
14.293885285058273
14.305774108590123
14.322928288888374
14.365938904332625
14.381094051752191
14.417500226290244
14.443764045446319
14.449794102758078
14.503568021886265
14.516503942793033
14.537038368966634
14.58203820349152
14.591913152421755
14.628073661780135
14.706493345846521
14.714846385273741
14.785739384813262
14.799659969066383
14.819191193704016
14.85745532357504
14.9028735701759
14.943334407194648
14.987071405376929
15.006539084930067
15.01720844961033
15.034907426523837
15.077282769135639
15.12403977242028
15.143295071822202
15.165986952536885
15.214415926174496
15.264734897441738
15.281465687011826
15.33739898889068
15.37154815146315
15.425360886524457
15.443415211074136
15.469261717537393
15.504810180064103
15.507244241918839
15.536999603753118
15.547629726106111
15.581860102077872
15.594025210295042
15.628700885005724
15.660111100837614
15.698778721807706
15.726431172590683
15.772019536372659
15.783777415341081
15.826220365921847
15.841836010933767
15.886287666958008
15.890559889503342
15.94436804225148
15.963009743457107
15.983725166214727
16.028273899963622
16.031247991130716
16.07923022182584
16.112599774341287
16.1336306316883
16.181143324153787
16.229198230174138
16.24445860046197
16.304675157930703
16.322553538706124
16.346120487050836
16.37912967382533
16.394428117842363
16.450472589937007
16.464738682975465
16.486521861382137
16.519368251672827
16.523638059220072
16.57732038318101
16.592451984303153
16.60291552855729
16.69459312825915
16.707683825694623
16.74067576922078
16.79178969569035
16.819449837307417
16.85137250365053
16.892252356734378
16.918448188099486
16.939138254124874
16.98035335187676
17.005529454609885
17.04707961797039
17.0988422252357
17.141871948512538
17.16094213886068
17.208978129509113
17.24106986154253
17.311085401373454
17.37493025537168
17.391797839873977
17.42562157790222
17.463503088831324
17.520256969997135
17.534311545259914
17.57493544656544
17.666387560574723
17.680976991450883
17.714524322054913
17.787295978917246
17.81388243109184
17.847784148070282
17.859944950943813
17.90964898598801
17.937184727744267
17.960130969157365
17.983122158433787
17.991682064896487
18.061179736495113
18.077877855772247
18.1827720763787
18.21580636710648
18.248152260797667
18.2732945166012
18.323751748676973
18.360946247680207
18.42683432288973
18.4387173292475
18.456564924491225
18.496642778843626
18.502766860666163
18.5590173716213
18.592568907927213
18.64485397701826
18.733419593998605
18.737135001817382
18.751476492995845
18.782029459067708
18.834523836055574
18.908004144623618
18.924726549325786
18.936045256650754
19.106224142914343
19.129996048424424
19.146831020217917
19.18014688356282
19.26133392805331
19.333461104821748
19.348778304657426
19.40032131022897
19.437243231753776
19.523715049213244
19.53647169306675
19.57604905168685
19.601655548284203
19.663281735410802
19.72812026855609
19.844883750158214
19.900603018275895
19.940079433766616
20.021771429874132
20.080445009080826
20.142714072489564
20.17405588528327
20.22801362008751
20.327696964224103
20.339086835622556
20.4110234571225
20.423645074033786
20.466296048388248
20.50302055731103
20.620507527399777
20.678211976462862
20.734440656870696
20.752539994084326
20.845645459407258
20.96209279163991
20.965208154182985
21.061898141668834
21.151214753701577
21.210490710555472
21.36118019384057
21.497410795609593
21.55669273132664
21.637192101496804
21.832225546020453
21.909525362157364
22.12240123081327
22.339124542667697
22.852701040202245
22.85816454829388
22.903499396620237
22.98971766649259
23.111220953632465
23.141619456323703
23.346989644740358
23.473983278767875
23.635440211800905
23.68354366272017
23.839645930742957
24.098099187751497
24.710245000947396
