0.4976157118205997
0.6747149620724109
0.7610483123086667
0.8421803944531411
1.0242194378025857
10.198523321481055
10.459794354971347
10.661815389810698
10.820548550418001
11.005841231484538
11.330039701046179
11.462626673326401
11.609503255984833
11.825323060274995
11.999284534660635
12.027625926692599
12.058790496704294
12.147325857405955
12.176844785956714
12.27224186777387
12.321549452383097
12.34177789613751
12.518907335030331
12.61699503260638
12.63293615254045
12.666406689763845
12.86640734931195
12.910249608167728
12.973230919633771
13.061031181743159
13.075528500392151
13.122363835930962
13.174934652367941
13.18387689775821
13.240209831774864
13.284057690526154
13.299624395238574
13.349809864507563
13.39467519890356
13.450669193798458
13.558592373790121
13.580661949138833
13.622187891999445
13.710134612205456
13.713394341020804
13.746735933103736
13.786629808403163
13.804473323688343
13.824073420424291
13.872794991902584
13.912460207135451
13.956628907741605
13.964595181522068
14.063881121432747
14.076672489727756
14.124459811342371
14.14817250858448
14.199904972870344
14.211357877880321
14.269485487797716
14.316947237234182
14.347796426806054
14.37728847299414
14.454214825292429
14.47444451720394
14.520868037933152
14.551464348292019
14.601004205781926
14.608503507530804
14.64844469330584
14.679715128068704
14.77025584321134
14.774403859992859
14.82167364745969
14.849426834132768
14.883913260873397
14.905618265848263
14.953251982234692
15.017330549178158
15.092004759837188
15.189921328862958
15.250287917362753
15.266297132549278
15.293365484316292
15.318858642242965
15.37030004713474
15.429324574752716
15.461537468199728
15.486853837881524
15.534571288942558
15.568313962212287
15.612663047643704
15.634312082668801
15.659838309838133
15.665763273465767
15.730928301671353
15.743085137853006
15.791626934132585
15.862784989503348
15.896604786723959
15.944890544262956
15.981970965707271
16.06379181710082
16.109714573526382
16.11404500627857
16.185438381630217
16.22348971967148
16.239970277233496
16.31619866061658
16.32014568262402
16.37600252517421
16.40866420292409
16.448198501140407
16.476333391707627
16.484644012604353
16.525952682811837
16.58577276605464
16.640886790546894
16.653924164333617
16.703032306050048
16.733594650427474
16.76401999115411
16.80896739880264
16.836352032004783
16.853101628350256
16.877903640173876
16.919352830998992
16.973167976102346
16.98259922810002
17.032566229427072
17.073469218778182
17.120256698165953
17.15059724930806
17.158122763830566
17.208904593460968
17.231331985466774
17.24616031849153
17.28886466638935
17.338974609222085
17.39573920813475
17.433918370355254
17.44099388429346
17.481618719104336
17.501386136247277
17.51402919424737
17.53964966833111
17.592985804259484
17.609478312783377
17.682670932739427
17.70068741726014
17.748312056907753
17.783883499470893
17.796400080252063
17.844429076140763
17.884437640296373
17.93104517423525
17.980767412060914
18.0049934271057
18.03778016596534
18.060942779096923
18.1051628883663
18.1476300373468
18.171406096750733
18.194200272014317
18.25492942019746
18.264730783265236
18.298642842107874
18.347180954395085
18.372499351848617
18.399192436880544
18.419316523171105
18.452113433325295
18.47982637443996
18.520317553305837
18.54183745388286
18.558517428828335
18.648307373079437
18.75485411088248
18.7717132438902
18.792578625870707
18.80835825083725
18.816912559658885
18.84671075936577
18.94015535220694
18.95424012303456
18.975694627485105
18.991276458443796
19.017743558406664
19.119940541603967
19.13735136705665
19.161226084717434
19.192108474098692
19.216235678197517
19.277823367673232
19.2896331705915
19.34898240601054
19.362566868843636
19.41606150891376
19.443871554647274
19.48791046440531
19.52611209481297
19.561097578535257
19.585315897112043
19.635015207850767
19.68904652706869
19.694653365930964
19.72299569582105
19.788896365765307
19.80926571668775
19.83711895807956
19.880731785745883
19.91729905609717
19.974031515790976
20.00215822154883
20.034028217692107
20.068425915418583
20.075248932227968
20.096784021761984
20.12534994749112
20.15786978481154
20.223538159648864
20.246603999239024
20.279231135305032
20.33805289531703
20.34851093964818
20.37368995438555
20.395944633081076
20.438546464504334
20.476622061246033
20.497953742498407
20.515240770258526
20.533297944859466
20.541766367370226
20.606719430141485
20.64030438218862
20.676202047434153
20.683273523792156
20.727205646619574
20.754632394755795
20.763417702137836
20.822481843929246
20.847478389872805
20.87831444179105
20.92604887236696
20.930690512611616
20.996872219973028
21.040891693552027
21.0581968886616
21.0995294903361
21.127023227002244
21.155248950783644
21.166930263294127
21.18786024574508
21.22288676408547
21.242470291074238
21.313689937239293
21.380252240075706
21.413375247546387
21.467903730783227
21.479787969008132
21.530228567566613
21.551521885609397
21.599233864980327
21.657204007252993
21.677492823975236
21.743029000856612
21.773460999693523
21.799807904884844
21.80431383586354
21.885915183178668
21.958723989896534
21.983128414242305
22.00380302399865
22.045292353328602
22.064204411001207
22.09603881385972
22.168823415490635
22.20724678063389
22.255699272075596
22.273115577675267
22.319080040842707
22.3654763938327
22.37178783858116
22.387949100687727
22.403804395128283
22.458677162733093
22.55251203886072
22.5659159338756
22.630802120789287
22.655007545787303
22.708447293555473
22.741310931991094
22.75072524203224
22.807025954593566
22.82294158106731
22.859027751052952
22.891828939728054
22.915318553784974
22.94644227453871
22.99979793570819
23.01548363077034
23.063566010224008
23.097135137717522
23.117329761127728
23.160891813318827
23.181187387283078
23.209169465639622
23.279058662085724
23.302543013847565
23.32446054882682
23.3549770541289
23.43009301290544
23.50754312110878
23.529296775427827
23.566590764740475
23.57388078702781
23.591342329859618
23.632742388736244
23.676849894071918
23.705755594534327
23.727631065514824
23.7862268670691
23.81146428155373
23.855237650719268
23.863090545143447
23.902321233310126
23.91081684986453
23.942723262448798
23.967073986239715
24.011984079820024
24.079787551899702
24.15077364408972
24.188079870895447
24.220045619603685
24.243013794854686
24.281903561282842
24.32039394843155
24.378186798988157
24.400608874095504
24.468977235165493
24.506310820572356
24.525818818608027
24.561396324909154
24.60774176914259
24.62559785351506
24.670255415639247
24.707203846931645
24.741536446035205
24.761114631287274
24.81394441428113
24.873180926653344
24.893247499305737
24.980753395732126
25.05342023293228
25.10541333876044
25.149159125114053
25.173498134171624
25.218573018143903
25.24409308290081
25.278655879417332
25.295841280292777
25.36651890268911
25.415038115765817
25.473307947780636
25.50223019520598
25.525646731709262
25.547907527079577
25.600785554813672
25.672445068502842
25.704772012743593
25.73280095971878
25.805341267984037
25.81825046093485
25.829778238220868
25.937896087164713
25.960279470715562
25.988175213345944
26.03275986462022
26.06416342786695
26.10329433754299
26.157550031747537
26.19138939492999
26.248414374642365
26.303916373313452
26.330597504109846
26.34476236186221
26.424095056644585
26.462678459082063
26.482206440868207
26.523377550981046
26.615665589151664
26.63946271263613
26.665064884242067
26.721294970593135
26.77518783883414
26.872946218601186
26.907811797214812
26.95153309533283
27.03850476400638
27.12824435645097
27.147968542583282
27.162115555268613
27.194934370909447
27.243213357864047
27.280919177877973
27.33737013105598
27.388848298784655
27.438592366849637
27.485767273323845
27.51792401074438
27.57080173895651
27.619942969129156
27.688812194790952
27.696337364600748
27.72875154408753
27.853011746426557
27.931168418487264
27.9768599482732
28.01512511755001
28.0642919103413
28.129947546453167
28.141614771622123
28.17659792420556
28.21748413014725
28.253391131102845
28.29376540816864
28.307614917257386
28.364899899608176
28.41284581379466
28.437252795589327
28.47435736901315
28.52790307924387
28.605266180609256
28.662537183622177
28.780152398128937
28.789604771345374
28.832039427070956
28.905141905156725
28.979570730835956
29.043776394806894
29.116678982496428
29.167084738291475
29.190430478007954
29.321692234235986
29.35393051189098
29.41690140679189
29.431170218921775
29.46364254583044
29.537949667950596
29.584683278420638
29.638618121075893
29.703459427313327
29.758569539264936
29.783495248341968
29.840198484031344
29.968141282170738
30.033339276680056
30.065836274331758
30.12664986816133
30.23976674498892
30.33841519787177
30.41524018169896
30.448981992460325
30.59346057429998
30.716361751514995
30.775045125148836
30.888614422356046
30.901191591751576
30.974002832994152
30.99413558226425
31.040379074389843
31.110214269081336
31.16497744085088
31.386822015726793
31.410029573431565
31.457714942891467
31.74658792097001
31.827164136013796
31.94653399066106
32.164492839812105
32.369033810285565
32.45229532555726
32.53664612825772
32.76681421197034
32.91655026491667
33.059049447293496
33.06998513744507
33.08920994144116
33.14482911183914
33.16907693326757
33.22020066546304
33.31252699644514
33.729698483882
34.261294988348986
34.444306137750615
34.90569350979541
34.93554646389769
35.2173641064886
35.391830382721906
0.4976157118205997
0.6747149620724109
0.7610483123086667
0.8421803944531411
1.0242194378025857
10.198523321481055
10.459794354971347
10.661815389810698
10.820548550418001
11.005841231484538
11.330039701046179
11.462626673326401
11.609503255984833
11.825323060274995
11.999284534660635
12.027625926692599
12.058790496704294
12.147325857405955
12.176844785956714
12.27224186777387
12.321549452383097
12.34177789613751
12.518907335030331
12.61699503260638
12.63293615254045
12.666406689763845
12.86640734931195
12.910249608167728
12.973230919633771
13.061031181743159
13.075528500392151
13.122363835930962
13.174934652367941
13.18387689775821
13.240209831774864
13.284057690526154
13.299624395238574
13.349809864507563
13.39467519890356
13.450669193798458
13.558592373790121
13.580661949138833
13.622187891999445
13.710134612205456
13.713394341020804
13.746735933103736
13.786629808403163
13.804473323688343
13.824073420424291
13.872794991902584
13.912460207135451
13.956628907741605
13.964595181522068
14.063881121432747
14.076672489727756
14.124459811342371
14.14817250858448
14.199904972870344
14.211357877880321
14.269485487797716
14.316947237234182
14.347796426806054
14.37728847299414
14.454214825292429
14.47444451720394
14.520868037933152
14.551464348292019
14.601004205781926
14.608503507530804
14.64844469330584
14.679715128068704
14.77025584321134
14.774403859992859
14.82167364745969
14.849426834132768
14.883913260873397
14.905618265848263
14.953251982234692
15.017330549178158
15.092004759837188
15.189921328862958
15.250287917362753
15.266297132549278
15.293365484316292
15.318858642242965
15.37030004713474
15.429324574752716
15.461537468199728
15.486853837881524
15.534571288942558
15.568313962212287
15.612663047643704
15.634312082668801
15.659838309838133
15.665763273465767
15.730928301671353
15.743085137853006
15.791626934132585
15.862784989503348
15.896604786723959
15.944890544262956
15.981970965707271
16.06379181710082
16.109714573526382
16.11404500627857
16.185438381630217
16.22348971967148
16.239970277233496
16.31619866061658
16.32014568262402
16.37600252517421
16.40866420292409
16.448198501140407
16.476333391707627
16.484644012604353
16.525952682811837
16.58577276605464
16.640886790546894
16.653924164333617
16.703032306050048
16.733594650427474
16.76401999115411
16.80896739880264
16.836352032004783
16.853101628350256
16.877903640173876
16.919352830998992
16.973167976102346
16.98259922810002
17.032566229427072
17.073469218778182
17.120256698165953
17.15059724930806
17.158122763830566
17.208904593460968
17.231331985466774
17.24616031849153
17.28886466638935
17.338974609222085
17.39573920813475
17.433918370355254
17.44099388429346
17.481618719104336
17.501386136247277
17.51402919424737
17.53964966833111
17.592985804259484
17.609478312783377
17.682670932739427
17.70068741726014
17.748312056907753
17.783883499470893
17.796400080252063
17.844429076140763
17.884437640296373
17.93104517423525
17.980767412060914
18.0049934271057
18.03778016596534
18.060942779096923
18.1051628883663
18.1476300373468
18.171406096750733
18.194200272014317
18.25492942019746
18.264730783265236
18.298642842107874
18.347180954395085
18.372499351848617
18.399192436880544
18.419316523171105
18.452113433325295
18.47982637443996
18.520317553305837
18.54183745388286
18.558517428828335
18.648307373079437
18.75485411088248
18.7717132438902
18.792578625870707
18.80835825083725
18.816912559658885
18.84671075936577
18.94015535220694
18.95424012303456
18.975694627485105
18.991276458443796
19.017743558406664
19.119940541603967
19.13735136705665
19.161226084717434
19.192108474098692
19.216235678197517
19.277823367673232
19.2896331705915
19.34898240601054
19.362566868843636
19.41606150891376
19.443871554647274
19.48791046440531
19.52611209481297
19.561097578535257
19.585315897112043
19.635015207850767
19.68904652706869
19.694653365930964
19.72299569582105
19.788896365765307
19.80926571668775
19.83711895807956
19.880731785745883
19.91729905609717
19.974031515790976
20.00215822154883
20.034028217692107
20.068425915418583
20.075248932227968
20.096784021761984
20.12534994749112
20.15786978481154
20.223538159648864
20.246603999239024
20.279231135305032
20.33805289531703
20.34851093964818
20.37368995438555
20.395944633081076
20.438546464504334
20.476622061246033
20.497953742498407
20.515240770258526
20.533297944859466
20.541766367370226
20.606719430141485
20.64030438218862
20.676202047434153
20.683273523792156
20.727205646619574
20.754632394755795
20.763417702137836
20.822481843929246
20.847478389872805
20.87831444179105
20.92604887236696
20.930690512611616
20.996872219973028
21.040891693552027
21.0581968886616
21.0995294903361
21.127023227002244
21.155248950783644
21.166930263294127
21.18786024574508
21.22288676408547
21.242470291074238
21.313689937239293
21.380252240075706
21.413375247546387
21.467903730783227
21.479787969008132
21.530228567566613
21.551521885609397
21.599233864980327
21.657204007252993
21.677492823975236
21.743029000856612
21.773460999693523
21.799807904884844
21.80431383586354
21.885915183178668
21.958723989896534
21.983128414242305
22.00380302399865
22.045292353328602
22.064204411001207
22.09603881385972
22.168823415490635
22.20724678063389
22.255699272075596
22.273115577675267
22.319080040842707
22.3654763938327
22.37178783858116
22.387949100687727
22.403804395128283
22.458677162733093
22.55251203886072
22.5659159338756
22.630802120789287
22.655007545787303
22.708447293555473
22.741310931991094
22.75072524203224
22.807025954593566
22.82294158106731
22.859027751052952
22.891828939728054
22.915318553784974
22.94644227453871
22.99979793570819
23.01548363077034
23.063566010224008
23.097135137717522
23.117329761127728
23.160891813318827
23.181187387283078
23.209169465639622
23.279058662085724
23.302543013847565
23.32446054882682
23.3549770541289
23.43009301290544
23.50754312110878
23.529296775427827
23.566590764740475
23.57388078702781
23.591342329859618
23.632742388736244
23.676849894071918
23.705755594534327
23.727631065514824
23.7862268670691
23.81146428155373
23.855237650719268
23.863090545143447
23.902321233310126
23.91081684986453
23.942723262448798
23.967073986239715
24.011984079820024
24.079787551899702
24.15077364408972
24.188079870895447
24.220045619603685
24.243013794854686
24.281903561282842
24.32039394843155
24.378186798988157
24.400608874095504
24.468977235165493
24.506310820572356
24.525818818608027
24.561396324909154
24.60774176914259
24.62559785351506
24.670255415639247
24.707203846931645
24.741536446035205
24.761114631287274
24.81394441428113
24.873180926653344
24.893247499305737
24.980753395732126
25.05342023293228
25.10541333876044
25.149159125114053
25.173498134171624
25.218573018143903
25.24409308290081
25.278655879417332
25.295841280292777
25.36651890268911
25.415038115765817
25.473307947780636
25.50223019520598
25.525646731709262
25.547907527079577
25.600785554813672
25.672445068502842
25.704772012743593
25.73280095971878
25.805341267984037
25.81825046093485
25.829778238220868
25.937896087164713
25.960279470715562
25.988175213345944
26.03275986462022
26.06416342786695
26.10329433754299
26.157550031747537
26.19138939492999
26.248414374642365
26.303916373313452
26.330597504109846
26.34476236186221
26.424095056644585
26.462678459082063
26.482206440868207
26.523377550981046
26.615665589151664
26.63946271263613
26.665064884242067
26.721294970593135
26.77518783883414
26.872946218601186
26.907811797214812
26.95153309533283
27.03850476400638
27.12824435645097
27.147968542583282
27.162115555268613
27.194934370909447
27.243213357864047
27.280919177877973
27.33737013105598
27.388848298784655
27.438592366849637
27.485767273323845
27.51792401074438
27.57080173895651
27.619942969129156
27.688812194790952
27.696337364600748
27.72875154408753
27.853011746426557
27.931168418487264
27.9768599482732
28.01512511755001
28.0642919103413
28.129947546453167
28.141614771622123
28.17659792420556
28.21748413014725
28.253391131102845
28.29376540816864
28.307614917257386
28.364899899608176
28.41284581379466
28.437252795589327
28.47435736901315
28.52790307924387
28.605266180609256
28.662537183622177
28.780152398128937
28.789604771345374
28.832039427070956
28.905141905156725
28.979570730835956
29.043776394806894
29.116678982496428
29.167084738291475
29.190430478007954
29.321692234235986
29.35393051189098
29.41690140679189
29.431170218921775
29.46364254583044
29.537949667950596
29.584683278420638
29.638618121075893
29.703459427313327
29.758569539264936
29.783495248341968
29.840198484031344
29.968141282170738
30.033339276680056
30.065836274331758
30.12664986816133
30.23976674498892
30.33841519787177
30.41524018169896
30.448981992460325
30.59346057429998
30.716361751514995
30.775045125148836
30.888614422356046
30.901191591751576
30.974002832994152
30.99413558226425
31.040379074389843
31.110214269081336
31.16497744085088
31.386822015726793
31.410029573431565
31.457714942891467
31.74658792097001
31.827164136013796
31.94653399066106
32.164492839812105
32.369033810285565
32.45229532555726
32.53664612825772
32.76681421197034
32.91655026491667
33.059049447293496
33.06998513744507
33.08920994144116
33.14482911183914
33.16907693326757
33.22020066546304
33.31252699644514
33.729698483882
34.261294988348986
34.444306137750615
34.90569350979541
34.93554646389769
35.2173641064886
35.391830382721906
