0.6899907346854625
0.7025378733427348
0.7570864207585765
0.9031946573754319
0.9542695142207834
1.0025016306642118
1.0349753096652472
1.1365599936401358
1.1553123106965746
4.205104663637895
4.296216701188729
4.469705383222273
4.601239325886098
4.935984619257415
4.958498774380612
5.169360213252641
5.262946986070279
5.313289140559804
5.522266717592992
5.529478522031797
5.563675482193925
5.782246830802399
5.82687782635385
5.8746127945314335
6.031183750092523
6.069989206351377
6.104754614424183
6.136313743576821
6.198018402340843
6.242298968735051
6.320671911280612
6.373319564895102
6.386791527561006
6.469957670090205
6.488273740042483
6.562891077950413
6.592951885709835
6.616192219412094
6.647191597067161
6.6723997889341495
6.696647752578972
6.753396222816783
6.780618543729274
6.806040483960827
6.839425459236705
6.865139947618851
6.880904619985153
6.911379142316431
6.9590180151654994
6.990143288449333
7.043763259916003
7.081680823235253
7.093726362089979
7.1402886187365295
7.153829225423332
7.190927711899183
7.2268653422517595
7.232956405236592
7.269769208730082
7.296119618730316
7.304166653031582
7.348532827634604
7.398466482376535
7.476464543221231
7.518382027396337
7.574141119675653
7.593427169552018
7.62147452530461
7.633362314464225
7.708040785393488
7.7276658921928485
7.738102977445187
7.784588917648016
7.830819500398875
7.850472957679446
7.885728029387841
7.920059278006996
7.959431665742982
8.019978899976683
8.081279082285617
8.096089614702546
8.109340181015273
8.135811868987556
8.174533431633124
8.19147029273302
8.254270114888904
8.276856024751552
8.313912422599387
8.334962684185506
8.341468248832458
8.362965995481785
8.41550689175734
8.454520903739454
8.490804607744224
8.503362555503458
8.527592153911005
8.595647969997472
8.618368222619054
8.670899077692258
8.68518783002344
8.725599634171271
8.790853834898885
8.837090093620295
8.84315692777539
8.861678525281679
8.904804405394659
8.927647267696937
8.961057413858775
8.977737487685735
8.995889921290381
9.024423313009422
9.038782563241712
9.103224299602305
9.114860477264628
9.13545146451405
9.15687924028341
9.192265316253286
9.227957738237405
9.257033660382605
9.287225995406393
9.305884598358187
9.310517368159996
9.34275209494846
9.357259468511158
9.369744744968612
9.406610480378504
9.432926975404438
9.449343656347724
9.486849473287295
9.503616239710961
9.531861157358389
9.553395618288528
9.571835177122294
9.591391215539657
9.64062906147442
9.668602075391366
9.689415117300348
9.713414976576754
9.752338339952354
9.794093651838512
9.799161064403842
9.858885294448394
9.88992492324976
9.901517222123852
9.934004557443973
9.948755402326261
10.00368951445073
10.029852701193553
10.051362190204584
10.074032699679329
10.101676506780745
10.123882128477879
10.144472806213065
10.156983980016555
10.210700590253023
10.233531657092291
10.258923840529787
10.314725450974521
10.336306080262903
10.37136130870659
10.376223480109482
10.41986534937754
10.448140852797321
10.47263261136735
10.504031761322988
10.547800075299037
10.565225909274336
10.608754234680548
10.634689456302565
10.67134182029177
10.691059388887785
10.748813963937
10.761867970788849
10.790326549254262
10.816163410403133
10.848220527827042
10.855618676571565
10.869347568191985
10.87273785657254
10.933892885393767
10.963765035918907
10.984475130842256
10.999614000604131
11.021102149318388
11.05615401691722
11.075622888037879
11.136615848274475
11.140870513380063
11.153279526751485
11.170872165500846
11.200857765333383
11.216401502915945
11.242658830653218
11.26298161500118
11.29624938536237
11.333075205256247
11.356535613396218
11.381219381825586
11.413224758186573
11.442551533431585
11.50975106367886
11.523784176688455
11.54110971412886
11.580408455116348
11.611482420908949
11.653912714469035
11.661256571156526
11.709445852766324
11.72126027148345
11.744263667571799
11.763003800243952
11.789278172788864
11.802153534404882
11.843459966928055
11.948758576215361
11.950963703815125
11.993984671577781
12.005560092847052
12.01328306446234
12.035136916320239
12.093843721425142
12.105177707773924
12.150165023263455
12.178431896121921
12.194266130966074
12.209947744340703
12.229730384786405
12.24411560500976
12.337242629309225
12.363426316635138
12.376500189662966
12.389455300161892
12.411734780524105
12.444410857765552
12.456808898657803
12.485018592903165
12.54324209285427
12.57653346273025
12.598231168920705
12.607759503874362
12.654103092899076
12.670086485968325
12.695730085525199
12.727949168345464
12.77333794371753
12.791679516591705
12.838950643866983
12.85560718727494
12.898870681615758
12.901563754689736
12.935999433209096
12.967645999501896
13.005773905969098
13.03316428332748
13.04658481064012
13.07405887163099
13.08497280734606
13.101159128985458
13.127833785286606
13.189508203446955
13.20502342836586
13.235800422349001
13.240303861106975
13.255893874514603
13.30250372835479
13.327173973120752
13.36804770813039
13.371973776907783
13.400293287213936
13.419766811800379
13.49277935818516
13.528756321556287
13.545308262839885
13.571527478467493
13.586602235622012
13.623854197925125
13.640661957436617
13.679235632052754
13.730721375577867
13.744982205019937
13.790398723383866
13.793279235508559
13.82871210221836
13.854243880456117
13.874567775998838
13.883618242688607
13.939896929839723
13.972212798456953
14.023160735782621
14.049403298533303
14.057584648813675
14.064798233315814
14.09533100555899
14.162121073393905
14.176161135916159
14.232410047669088
14.254284044172232
14.267847335254732
14.324710818502806
14.342074760950132
14.366875185293651
14.39787313755534
14.433860431262056
14.448932727024339
14.485559495289753
14.502765883998917
14.53301004875343
14.575611435630766
14.612532303046065
14.633752793157973
14.656856789533666
14.69948061728289
14.713251541353252
14.734012771920108
14.791393104148169
14.823011321416612
14.87083940960906
14.894287538599153
14.936545060370603
14.952119782612279
14.961241956578577
15.007620195890714
15.053292897062926
15.07423281069299
15.111347522224257
15.121850590343415
15.181126039260498
15.192850865124255
15.203879107848259
15.222555534875651
15.28608166477967
15.300769775553496
15.349263841901202
15.354633407404052
15.391523263113234
15.455066680938726
15.458535374744434
15.491245119301265
15.548178634201099
15.565175865220198
15.60647279848567
15.635410765166652
15.650913352963258
15.663730540754873
15.698065907064414
15.701830094436517
15.73818542085116
15.754737402663801
15.801390621014246
15.83669933473386
15.846767239298536
15.883613359174257
15.950080393997368
15.967384747348964
16.004967122092168
16.022103189409393
16.03618024473983
16.0843285504381
16.104219145286176
16.161276805687653
16.198491672277022
16.237007477733087
16.255571191353386
16.282727533611332
16.36184310912549
16.40000652009558
16.44519182853662
16.472115281764637
16.48819945589217
16.50376229557555
16.515242359255577
16.561664616650773
16.642638192156593
16.656905234508432
16.69411386645679
16.740106491856814
16.766945158867568
16.83375064952718
16.849888048866422
16.89178783708779
16.966985190303618
16.97735878572775
17.027302069520964
17.07835948015561
17.097995593612698
17.10782990550113
17.13629067908698
17.208937760899833
17.276495098811555
17.31998728302359
17.35886841003173
17.370032071194174
17.412676544982673
17.52140746956989
17.54569231870779
17.557255064441254
17.574846216094674
17.648861462642433
17.66114635299842
17.691920523047685
17.730067832136875
17.7635827596893
17.831513443570387
17.857867609676653
17.89015287091645
17.96706297168578
18.000873427766553
18.021490661782906
18.03392558434667
18.045393615292284
18.14575649178235
18.227524871623423
18.24682929896914
18.302098321535066
18.349672348678755
18.389222051362474
18.405976932485757
18.47369429798078
18.485128551941212
18.55190560114825
18.576654590428035
18.58710211234826
18.619261228378893
18.66624697366284
18.685439299723637
18.697608508266075
18.770153272414838
18.80694825578998
18.827444749459627
18.88866292772792
18.938381345250292
18.94145458013144
18.997633083025303
19.02310166124009
19.061166896636472
19.116642229632646
19.13084903779949
19.18288797597153
19.218433333593232
19.258246318215527
19.279105092177684
19.31472743034032
19.453980694534444
19.474590562398024
19.498984510644096
19.580161009877155
19.616121908690673
19.69234611097951
19.69915276510438
19.740578689870837
19.79868370458298
19.861736556156842
19.932236840418874
19.974014282847396
20.025753138543397
20.075503150719097
20.13968863310077
20.184032693054206
20.269191047769567
20.339774621518277
20.37999727136004
20.386032027237324
20.490480378244413
20.541012725929995
20.55923688134515
20.582638754671105
20.704129439462847
20.752488892497887
20.812753791206188
20.945031258678817
20.97888760776458
21.007688296726187
21.03597444800388
21.172594606669758
21.180232345556895
21.243505490322132
21.372125676826858
21.536512219830886
21.61941764145135
21.71825649476418
21.75220880941832
21.847509553712552
21.938096912372576
22.06336690150631
22.146857088560328
22.224243540097856
22.313446435413972
22.376584245306145
22.438585523676725
22.50343924110896
22.74150765630869
23.02514198294707
23.488974024257146
23.63219148734019
24.177351677411558
24.493368517696954
24.84569845635617
25.226264668075633
26.004571978978113
0.6899907346854625
0.7025378733427348
0.7570864207585765
0.9031946573754319
0.9542695142207834
1.0025016306642118
1.0349753096652472
1.1365599936401358
1.1553123106965746
4.205104663637895
4.296216701188729
4.469705383222273
4.601239325886098
4.935984619257415
4.958498774380612
5.169360213252641
5.262946986070279
5.313289140559804
5.522266717592992
5.529478522031797
5.563675482193925
5.782246830802399
5.82687782635385
5.8746127945314335
6.031183750092523
6.069989206351377
6.104754614424183
6.136313743576821
6.198018402340843
6.242298968735051
6.320671911280612
6.373319564895102
6.386791527561006
6.469957670090205
6.488273740042483
6.562891077950413
6.592951885709835
6.616192219412094
6.647191597067161
6.6723997889341495
6.696647752578972
6.753396222816783
6.780618543729274
6.806040483960827
6.839425459236705
6.865139947618851
6.880904619985153
6.911379142316431
6.9590180151654994
6.990143288449333
7.043763259916003
7.081680823235253
7.093726362089979
7.1402886187365295
7.153829225423332
7.190927711899183
7.2268653422517595
7.232956405236592
7.269769208730082
7.296119618730316
7.304166653031582
7.348532827634604
7.398466482376535
7.476464543221231
7.518382027396337
7.574141119675653
7.593427169552018
7.62147452530461
7.633362314464225
7.708040785393488
7.7276658921928485
7.738102977445187
7.784588917648016
7.830819500398875
7.850472957679446
7.885728029387841
7.920059278006996
7.959431665742982
8.019978899976683
8.081279082285617
8.096089614702546
8.109340181015273
8.135811868987556
8.174533431633124
8.19147029273302
8.254270114888904
8.276856024751552
8.313912422599387
8.334962684185506
8.341468248832458
8.362965995481785
8.41550689175734
8.454520903739454
8.490804607744224
8.503362555503458
8.527592153911005
8.595647969997472
8.618368222619054
8.670899077692258
8.68518783002344
8.725599634171271
8.790853834898885
8.837090093620295
8.84315692777539
8.861678525281679
8.904804405394659
8.927647267696937
8.961057413858775
8.977737487685735
8.995889921290381
9.024423313009422
9.038782563241712
9.103224299602305
9.114860477264628
9.13545146451405
9.15687924028341
9.192265316253286
9.227957738237405
9.257033660382605
9.287225995406393
9.305884598358187
9.310517368159996
9.34275209494846
9.357259468511158
9.369744744968612
9.406610480378504
9.432926975404438
9.449343656347724
9.486849473287295
9.503616239710961
9.531861157358389
9.553395618288528
9.571835177122294
9.591391215539657
9.64062906147442
9.668602075391366
9.689415117300348
9.713414976576754
9.752338339952354
9.794093651838512
9.799161064403842
9.858885294448394
9.88992492324976
9.901517222123852
9.934004557443973
9.948755402326261
10.00368951445073
10.029852701193553
10.051362190204584
10.074032699679329
10.101676506780745
10.123882128477879
10.144472806213065
10.156983980016555
10.210700590253023
10.233531657092291
10.258923840529787
10.314725450974521
10.336306080262903
10.37136130870659
10.376223480109482
10.41986534937754
10.448140852797321
10.47263261136735
10.504031761322988
10.547800075299037
10.565225909274336
10.608754234680548
10.634689456302565
10.67134182029177
10.691059388887785
10.748813963937
10.761867970788849
10.790326549254262
10.816163410403133
10.848220527827042
10.855618676571565
10.869347568191985
10.87273785657254
10.933892885393767
10.963765035918907
10.984475130842256
10.999614000604131
11.021102149318388
11.05615401691722
11.075622888037879
11.136615848274475
11.140870513380063
11.153279526751485
11.170872165500846
11.200857765333383
11.216401502915945
11.242658830653218
11.26298161500118
11.29624938536237
11.333075205256247
11.356535613396218
11.381219381825586
11.413224758186573
11.442551533431585
11.50975106367886
11.523784176688455
11.54110971412886
11.580408455116348
11.611482420908949
11.653912714469035
11.661256571156526
11.709445852766324
11.72126027148345
11.744263667571799
11.763003800243952
11.789278172788864
11.802153534404882
11.843459966928055
11.948758576215361
11.950963703815125
11.993984671577781
12.005560092847052
12.01328306446234
12.035136916320239
12.093843721425142
12.105177707773924
12.150165023263455
12.178431896121921
12.194266130966074
12.209947744340703
12.229730384786405
12.24411560500976
12.337242629309225
12.363426316635138
12.376500189662966
12.389455300161892
12.411734780524105
12.444410857765552
12.456808898657803
12.485018592903165
12.54324209285427
12.57653346273025
12.598231168920705
12.607759503874362
12.654103092899076
12.670086485968325
12.695730085525199
12.727949168345464
12.77333794371753
12.791679516591705
12.838950643866983
12.85560718727494
12.898870681615758
12.901563754689736
12.935999433209096
12.967645999501896
13.005773905969098
13.03316428332748
13.04658481064012
13.07405887163099
13.08497280734606
13.101159128985458
13.127833785286606
13.189508203446955
13.20502342836586
13.235800422349001
13.240303861106975
13.255893874514603
13.30250372835479
13.327173973120752
13.36804770813039
13.371973776907783
13.400293287213936
13.419766811800379
13.49277935818516
13.528756321556287
13.545308262839885
13.571527478467493
13.586602235622012
13.623854197925125
13.640661957436617
13.679235632052754
13.730721375577867
13.744982205019937
13.790398723383866
13.793279235508559
13.82871210221836
13.854243880456117
13.874567775998838
13.883618242688607
13.939896929839723
13.972212798456953
14.023160735782621
14.049403298533303
14.057584648813675
14.064798233315814
14.09533100555899
14.162121073393905
14.176161135916159
14.232410047669088
14.254284044172232
14.267847335254732
14.324710818502806
14.342074760950132
14.366875185293651
14.39787313755534
14.433860431262056
14.448932727024339
14.485559495289753
14.502765883998917
14.53301004875343
14.575611435630766
14.612532303046065
14.633752793157973
14.656856789533666
14.69948061728289
14.713251541353252
14.734012771920108
14.791393104148169
14.823011321416612
14.87083940960906
14.894287538599153
14.936545060370603
14.952119782612279
14.961241956578577
15.007620195890714
15.053292897062926
15.07423281069299
15.111347522224257
15.121850590343415
15.181126039260498
15.192850865124255
15.203879107848259
15.222555534875651
15.28608166477967
15.300769775553496
15.349263841901202
15.354633407404052
15.391523263113234
15.455066680938726
15.458535374744434
15.491245119301265
15.548178634201099
15.565175865220198
15.60647279848567
15.635410765166652
15.650913352963258
15.663730540754873
15.698065907064414
15.701830094436517
15.73818542085116
15.754737402663801
15.801390621014246
15.83669933473386
15.846767239298536
15.883613359174257
15.950080393997368
15.967384747348964
16.004967122092168
16.022103189409393
16.03618024473983
16.0843285504381
16.104219145286176
16.161276805687653
16.198491672277022
16.237007477733087
16.255571191353386
16.282727533611332
16.36184310912549
16.40000652009558
16.44519182853662
16.472115281764637
16.48819945589217
16.50376229557555
16.515242359255577
16.561664616650773
16.642638192156593
16.656905234508432
16.69411386645679
16.740106491856814
16.766945158867568
16.83375064952718
16.849888048866422
16.89178783708779
16.966985190303618
16.97735878572775
17.027302069520964
17.07835948015561
17.097995593612698
17.10782990550113
17.13629067908698
17.208937760899833
17.276495098811555
17.31998728302359
17.35886841003173
17.370032071194174
17.412676544982673
17.52140746956989
17.54569231870779
17.557255064441254
17.574846216094674
17.648861462642433
17.66114635299842
17.691920523047685
17.730067832136875
17.7635827596893
17.831513443570387
17.857867609676653
17.89015287091645
17.96706297168578
18.000873427766553
18.021490661782906
18.03392558434667
18.045393615292284
18.14575649178235
18.227524871623423
18.24682929896914
18.302098321535066
18.349672348678755
18.389222051362474
18.405976932485757
18.47369429798078
18.485128551941212
18.55190560114825
18.576654590428035
18.58710211234826
18.619261228378893
18.66624697366284
18.685439299723637
18.697608508266075
18.770153272414838
18.80694825578998
18.827444749459627
18.88866292772792
18.938381345250292
18.94145458013144
18.997633083025303
19.02310166124009
19.061166896636472
19.116642229632646
19.13084903779949
19.18288797597153
19.218433333593232
19.258246318215527
19.279105092177684
19.31472743034032
19.453980694534444
19.474590562398024
19.498984510644096
19.580161009877155
19.616121908690673
19.69234611097951
19.69915276510438
19.740578689870837
19.79868370458298
19.861736556156842
19.932236840418874
19.974014282847396
20.025753138543397
20.075503150719097
20.13968863310077
20.184032693054206
20.269191047769567
20.339774621518277
20.37999727136004
20.386032027237324
20.490480378244413
20.541012725929995
20.55923688134515
20.582638754671105
20.704129439462847
20.752488892497887
20.812753791206188
20.945031258678817
20.97888760776458
21.007688296726187
21.03597444800388
21.172594606669758
21.180232345556895
21.243505490322132
21.372125676826858
21.536512219830886
21.61941764145135
21.71825649476418
21.75220880941832
21.847509553712552
21.938096912372576
22.06336690150631
22.146857088560328
22.224243540097856
22.313446435413972
22.376584245306145
22.438585523676725
22.50343924110896
22.74150765630869
23.02514198294707
23.488974024257146
23.63219148734019
24.177351677411558
24.493368517696954
24.84569845635617
25.226264668075633
26.004571978978113
