0.5232420058820942
0.6164415656510427
0.6219380496865724
0.698240257954278
0.7677005422611499
0.8645023214921957
0.924783104169342
1.021348875958125
1.0240943654093382
2.8594970872281147
4.681685456892557
5.000927930663775
5.020438847698602
5.031379395921626
5.155932584748207
5.170952537917052
5.193617073943574
5.301399708271479
5.319097776325546
5.3649592448701435
5.395335475211986
5.519958496162843
5.9565516022838665
6.022310396189573
6.04920496319729
6.053374626726641
6.11279332450526
6.147976102983587
6.187292308315077
6.2336096990452345
6.417745890747604
6.518039287926761
6.574149584275064
6.605107939934263
6.666253926030488
6.713539425217489
6.731825326820512
6.779010783531033
6.800175097093868
6.838657554513954
6.890575180153116
6.931650859878723
6.94852113996681
6.968659977070433
7.102618396577362
7.1081542240176345
7.15744229542171
7.1746381657379885
7.198051128486801
7.243713397692776
7.26005006925829
7.2651128689421665
7.300217769770023
7.318076949372105
7.341386998519355
7.359218409806762
7.367670232382635
7.405433088958169
7.4165979321741
7.47555948768881
7.543081363140879
7.591815522503664
7.663612223352703
7.671857344161758
7.702969310192791
7.71207703034863
7.7298131003848525
7.756575428558287
7.791141972714479
7.841926664626451
7.875361663654438
7.891217753515878
7.917663172569446
7.92861567565229
7.938492575602182
8.01400377601127
8.050569288797224
8.072904352026159
8.083557975551523
8.101381460048678
8.13572598248812
8.139284942712534
8.177792332262872
8.198693908281122
8.255743721563203
8.305786906189445
8.33615005414613
8.366249091777481
8.378994681801457
8.410727533961625
8.455955433794392
8.476477296806959
8.51663564502977
8.525888646554861
8.53125517212905
8.565922049467444
8.58346531280884
8.622037197885291
8.665316121811781
8.712734838328904
8.760976773431747
8.769774565042514
8.824986161466244
8.827939904686794
8.860891953796967
8.868133100455719
8.931155307826758
8.954277586358845
8.986130208773618
8.999066336697576
9.030979057221838
9.072010183754767
9.106650150372337
9.128272947839855
9.137185118020303
9.169350206997068
9.183168511402252
9.211649439423281
9.238375953583418
9.288759410993324
9.303388971739802
9.328632532238693
9.347411238620944
9.379094473791724
9.40986608073687
9.415953923426033
9.450082663886525
9.467224231331773
9.499271406386645
9.52460976167224
9.542621614146606
9.576902718454637
9.633850334566988
9.636835825265086
9.651042108269298
9.6964535156576
9.710835825144471
9.74275312478201
9.767998971675919
9.782840948365138
9.816113951306622
9.84249471857976
9.861557172163357
9.89063567590292
9.923733251920163
9.948605040592117
9.98421174507012
10.037342565365032
10.064862905068257
10.08360412263669
10.157776895628867
10.173608721821818
10.187922148363324
10.196501660949187
10.260696043136031
10.286058163730951
10.298263688167387
10.328411381868058
10.368663569562857
10.38695349108228
10.403895657162074
10.44199587308894
10.46303168138657
10.506209966591062
10.514943843547345
10.540121071389796
10.577822999281205
10.591852800494399
10.627279855562065
10.65452930120562
10.687348925749248
10.699656535982282
10.724038751642905
10.74290215227051
10.751438176114151
10.772140148501347
10.79412295696122
10.826479736276616
10.85160021453974
10.860442381089882
10.868797838827044
10.901498527802108
10.923549688264037
10.9303774203965
10.963661530330434
11.012961048191645
11.03181031542346
11.069521029987218
11.098277063565835
11.125640315792724
11.164333998039883
11.177466576375696
11.19489798747554
11.249800442413662
11.271847065814773
11.28586304332787
11.298639159244622
11.307426755328748
11.340555057774328
11.367960655419411
11.388622523262853
11.3962100342013
11.414134016092822
11.453854792244226
11.480645171045282
11.490090862345907
11.510739709780653
11.517906522232126
11.559894647718263
11.579661982522731
11.605573964269588
11.636015037484295
11.657015351599394
11.65844287316176
11.702466049387766
11.753142721450846
11.766135891104089
11.798414146252492
11.814649614335647
11.85468198772428
11.87805423441012
11.918490269133347
11.925191612149405
11.96036241274128
11.979330693033585
12.034070707308206
12.052231271411982
12.067069949644436
12.125134541195502
12.154454208644816
12.170074608368196
12.203352699514358
12.246171266211578
12.282464284508551
12.288200457641624
12.311891006380936
12.31897097453889
12.342864927672107
12.36020915346289
12.383819154332127
12.408179190530097
12.45204517534406
12.473170386413209
12.496616010066907
12.509387321977435
12.545790204897065
12.586315376103547
12.616255885452444
12.619562024087156
12.63963010853869
12.656804906990674
12.670984128258729
12.71058614107311
12.781046454602249
12.804184273646431
12.843035888589553
12.867887866248441
12.898849125521947
12.912978035149651
12.935845858626019
12.94563579543538
13.011086691834537
13.03099158592128
13.057568460186188
13.074216590794714
13.090136260986084
13.123186627877436
13.137038647682889
13.159560797268561
13.189284422986141
13.211660093476464
13.251642233098778
13.308698585907482
13.314759075278506
13.349626409267609
13.372419814125173
13.401840887851197
13.415112187268065
13.478875389234714
13.485819060243646
13.517837292657273
13.5425544956207
13.56906853116426
13.610530424997645
13.63509116211137
13.688813247924404
13.7069116918374
13.713243838069957
13.78986748404951
13.796725856056966
13.825169535260493
13.844551642803477
13.862590337197593
13.89259331305872
13.91493149769094
13.955240012504614
13.962778908577505
13.987638143521774
14.044085457424863
14.064084271457325
14.081309009854511
14.115571865803409
14.166536506975106
14.173741904529523
14.199423770602351
14.230724027103385
14.258241454247353
14.288881213628601
14.309291935630029
14.323671125785255
14.370181557218912
14.401398511291116
14.420618884614377
14.440685553317357
14.50232979838313
14.51293859747745
14.525520355102863
14.552265966425878
14.565283801225904
14.583783945538688
14.616282017384316
14.647385851664252
14.681163507762141
14.700663294884887
14.723048067813197
14.728860723262985
14.794440997836775
14.807963598345685
14.815597509881172
14.89893765634367
14.923586359333122
14.934347965688826
14.991901524585321
15.010001273520508
15.046103454934265
15.050777573934553
15.109954709618307
15.15486183121986
15.162094123053393
15.186640424933234
15.229676869995478
15.275924370465662
15.313478406164064
15.35465001376382
15.361921052850532
15.411979496514851
15.469191246521854
15.487123612940485
15.546890654900011
15.566704024490834
15.59205662821381
15.60665560907316
15.656499329816956
15.685013782060585
15.697604828899477
15.751320031738263
15.802867981682798
15.825324138625803
15.833041549633997
15.86744053211096
15.8877090965727
15.965347093828415
15.967321584396668
15.98850982626645
16.009870249291918
16.038522519743886
16.051044445122777
16.078602952646865
16.100551233613572
16.137208726494894
16.193785075845888
16.21430278008981
16.255862733376354
16.28085105629977
16.3053943500909
16.37736356619796
16.409839387408464
16.41661753687965
16.439836838785695
16.46374086676821
16.475623178866403
16.526771833777868
16.578566733231817
16.628226410463693
16.68084497570374
16.699076565532657
16.724038736809803
16.745872299061872
16.753426885834052
16.832626886125162
16.84743322258941
16.879555460791558
16.8974669576961
16.91012717923897
16.954025365263785
16.980800998646792
17.080228300830036
17.11013335226133
17.15008207426682
17.23105621911271
17.24466973034841
17.31453848877698
17.389557447442094
17.40607886012186
17.48231919102742
17.51188946342222
17.57685999546046
17.609569197235547
17.634531832487617
17.646241750131153
17.657619385138442
17.70891371932915
17.756203491046854
17.793036666835327
17.84465585364447
17.85708605416638
17.879102322102177
17.92734628033931
17.98231840526979
18.04715782914478
18.081278119750955
18.101041473036965
18.12298723351445
18.18548287317546
18.217552420919606
18.250126153439307
18.271230934341432
18.314278681075518
18.34263284612425
18.377109101699457
18.5019006909653
18.518270966421632
18.5525269353429
18.623923134660718
18.64893809401505
18.71666340922661
18.749190034154473
18.757540254389504
18.83296225607948
18.865537735205887
18.973183240006744
19.022283680728187
19.059924214420153
19.079303781336016
19.131213479806405
19.241484534172418
19.27786462629652
19.333373447928558
19.380958819405986
19.38885707216637
19.433305249247685
19.505497568689805
19.537197305252395
19.581048896640773
19.618181667667628
19.647694434404578
19.72887881671593
19.763741214701135
19.948115634882242
19.95734487406698
20.005536311619068
20.021335435793542
20.057061638549072
20.136984844338794
20.166263185215644
20.26285979722498
20.319357888758407
20.390866950310265
20.475411905908096
20.558578971543056
20.648901577764
20.65894498962038
20.68626280247831
20.76220912819023
20.801023014558734
20.907746417209786
20.950868288388524
21.026387564650232
21.097138068228166
21.158686651089425
21.165077465799595
21.307968881734695
21.346523784955124
21.365972221888253
21.498852668234132
21.665641121118277
21.684209452749155
21.76011589034575
21.8451810121004
21.976529668731278
22.063209120275772
22.25161735596417
22.585646014409846
22.80790063823046
22.867239120107246
23.02214609045638
24.756694857974278
24.94141739488479
25.78126827006268
0.5232420058820942
0.6164415656510427
0.6219380496865724
0.698240257954278
0.7677005422611499
0.8645023214921957
0.924783104169342
1.021348875958125
1.0240943654093382
2.8594970872281147
4.681685456892557
5.000927930663775
5.020438847698602
5.031379395921626
5.155932584748207
5.170952537917052
5.193617073943574
5.301399708271479
5.319097776325546
5.3649592448701435
5.395335475211986
5.519958496162843
5.9565516022838665
6.022310396189573
6.04920496319729
6.053374626726641
6.11279332450526
6.147976102983587
6.187292308315077
6.2336096990452345
6.417745890747604
6.518039287926761
6.574149584275064
6.605107939934263
6.666253926030488
6.713539425217489
6.731825326820512
6.779010783531033
6.800175097093868
6.838657554513954
6.890575180153116
6.931650859878723
6.94852113996681
6.968659977070433
7.102618396577362
7.1081542240176345
7.15744229542171
7.1746381657379885
7.198051128486801
7.243713397692776
7.26005006925829
7.2651128689421665
7.300217769770023
7.318076949372105
7.341386998519355
7.359218409806762
7.367670232382635
7.405433088958169
7.4165979321741
7.47555948768881
7.543081363140879
7.591815522503664
7.663612223352703
7.671857344161758
7.702969310192791
7.71207703034863
7.7298131003848525
7.756575428558287
7.791141972714479
7.841926664626451
7.875361663654438
7.891217753515878
7.917663172569446
7.92861567565229
7.938492575602182
8.01400377601127
8.050569288797224
8.072904352026159
8.083557975551523
8.101381460048678
8.13572598248812
8.139284942712534
8.177792332262872
8.198693908281122
8.255743721563203
8.305786906189445
8.33615005414613
8.366249091777481
8.378994681801457
8.410727533961625
8.455955433794392
8.476477296806959
8.51663564502977
8.525888646554861
8.53125517212905
8.565922049467444
8.58346531280884
8.622037197885291
8.665316121811781
8.712734838328904
8.760976773431747
8.769774565042514
8.824986161466244
8.827939904686794
8.860891953796967
8.868133100455719
8.931155307826758
8.954277586358845
8.986130208773618
8.999066336697576
9.030979057221838
9.072010183754767
9.106650150372337
9.128272947839855
9.137185118020303
9.169350206997068
9.183168511402252
9.211649439423281
9.238375953583418
9.288759410993324
9.303388971739802
9.328632532238693
9.347411238620944
9.379094473791724
9.40986608073687
9.415953923426033
9.450082663886525
9.467224231331773
9.499271406386645
9.52460976167224
9.542621614146606
9.576902718454637
9.633850334566988
9.636835825265086
9.651042108269298
9.6964535156576
9.710835825144471
9.74275312478201
9.767998971675919
9.782840948365138
9.816113951306622
9.84249471857976
9.861557172163357
9.89063567590292
9.923733251920163
9.948605040592117
9.98421174507012
10.037342565365032
10.064862905068257
10.08360412263669
10.157776895628867
10.173608721821818
10.187922148363324
10.196501660949187
10.260696043136031
10.286058163730951
10.298263688167387
10.328411381868058
10.368663569562857
10.38695349108228
10.403895657162074
10.44199587308894
10.46303168138657
10.506209966591062
10.514943843547345
10.540121071389796
10.577822999281205
10.591852800494399
10.627279855562065
10.65452930120562
10.687348925749248
10.699656535982282
10.724038751642905
10.74290215227051
10.751438176114151
10.772140148501347
10.79412295696122
10.826479736276616
10.85160021453974
10.860442381089882
10.868797838827044
10.901498527802108
10.923549688264037
10.9303774203965
10.963661530330434
11.012961048191645
11.03181031542346
11.069521029987218
11.098277063565835
11.125640315792724
11.164333998039883
11.177466576375696
11.19489798747554
11.249800442413662
11.271847065814773
11.28586304332787
11.298639159244622
11.307426755328748
11.340555057774328
11.367960655419411
11.388622523262853
11.3962100342013
11.414134016092822
11.453854792244226
11.480645171045282
11.490090862345907
11.510739709780653
11.517906522232126
11.559894647718263
11.579661982522731
11.605573964269588
11.636015037484295
11.657015351599394
11.65844287316176
11.702466049387766
11.753142721450846
11.766135891104089
11.798414146252492
11.814649614335647
11.85468198772428
11.87805423441012
11.918490269133347
11.925191612149405
11.96036241274128
11.979330693033585
12.034070707308206
12.052231271411982
12.067069949644436
12.125134541195502
12.154454208644816
12.170074608368196
12.203352699514358
12.246171266211578
12.282464284508551
12.288200457641624
12.311891006380936
12.31897097453889
12.342864927672107
12.36020915346289
12.383819154332127
12.408179190530097
12.45204517534406
12.473170386413209
12.496616010066907
12.509387321977435
12.545790204897065
12.586315376103547
12.616255885452444
12.619562024087156
12.63963010853869
12.656804906990674
12.670984128258729
12.71058614107311
12.781046454602249
12.804184273646431
12.843035888589553
12.867887866248441
12.898849125521947
12.912978035149651
12.935845858626019
12.94563579543538
13.011086691834537
13.03099158592128
13.057568460186188
13.074216590794714
13.090136260986084
13.123186627877436
13.137038647682889
13.159560797268561
13.189284422986141
13.211660093476464
13.251642233098778
13.308698585907482
13.314759075278506
13.349626409267609
13.372419814125173
13.401840887851197
13.415112187268065
13.478875389234714
13.485819060243646
13.517837292657273
13.5425544956207
13.56906853116426
13.610530424997645
13.63509116211137
13.688813247924404
13.7069116918374
13.713243838069957
13.78986748404951
13.796725856056966
13.825169535260493
13.844551642803477
13.862590337197593
13.89259331305872
13.91493149769094
13.955240012504614
13.962778908577505
13.987638143521774
14.044085457424863
14.064084271457325
14.081309009854511
14.115571865803409
14.166536506975106
14.173741904529523
14.199423770602351
14.230724027103385
14.258241454247353
14.288881213628601
14.309291935630029
14.323671125785255
14.370181557218912
14.401398511291116
14.420618884614377
14.440685553317357
14.50232979838313
14.51293859747745
14.525520355102863
14.552265966425878
14.565283801225904
14.583783945538688
14.616282017384316
14.647385851664252
14.681163507762141
14.700663294884887
14.723048067813197
14.728860723262985
14.794440997836775
14.807963598345685
14.815597509881172
14.89893765634367
14.923586359333122
14.934347965688826
14.991901524585321
15.010001273520508
15.046103454934265
15.050777573934553
15.109954709618307
15.15486183121986
15.162094123053393
15.186640424933234
15.229676869995478
15.275924370465662
15.313478406164064
15.35465001376382
15.361921052850532
15.411979496514851
15.469191246521854
15.487123612940485
15.546890654900011
15.566704024490834
15.59205662821381
15.60665560907316
15.656499329816956
15.685013782060585
15.697604828899477
15.751320031738263
15.802867981682798
15.825324138625803
15.833041549633997
15.86744053211096
15.8877090965727
15.965347093828415
15.967321584396668
15.98850982626645
16.009870249291918
16.038522519743886
16.051044445122777
16.078602952646865
16.100551233613572
16.137208726494894
16.193785075845888
16.21430278008981
16.255862733376354
16.28085105629977
16.3053943500909
16.37736356619796
16.409839387408464
16.41661753687965
16.439836838785695
16.46374086676821
16.475623178866403
16.526771833777868
16.578566733231817
16.628226410463693
16.68084497570374
16.699076565532657
16.724038736809803
16.745872299061872
16.753426885834052
16.832626886125162
16.84743322258941
16.879555460791558
16.8974669576961
16.91012717923897
16.954025365263785
16.980800998646792
17.080228300830036
17.11013335226133
17.15008207426682
17.23105621911271
17.24466973034841
17.31453848877698
17.389557447442094
17.40607886012186
17.48231919102742
17.51188946342222
17.57685999546046
17.609569197235547
17.634531832487617
17.646241750131153
17.657619385138442
17.70891371932915
17.756203491046854
17.793036666835327
17.84465585364447
17.85708605416638
17.879102322102177
17.92734628033931
17.98231840526979
18.04715782914478
18.081278119750955
18.101041473036965
18.12298723351445
18.18548287317546
18.217552420919606
18.250126153439307
18.271230934341432
18.314278681075518
18.34263284612425
18.377109101699457
18.5019006909653
18.518270966421632
18.5525269353429
18.623923134660718
18.64893809401505
18.71666340922661
18.749190034154473
18.757540254389504
18.83296225607948
18.865537735205887
18.973183240006744
19.022283680728187
19.059924214420153
19.079303781336016
19.131213479806405
19.241484534172418
19.27786462629652
19.333373447928558
19.380958819405986
19.38885707216637
19.433305249247685
19.505497568689805
19.537197305252395
19.581048896640773
19.618181667667628
19.647694434404578
19.72887881671593
19.763741214701135
19.948115634882242
19.95734487406698
20.005536311619068
20.021335435793542
20.057061638549072
20.136984844338794
20.166263185215644
20.26285979722498
20.319357888758407
20.390866950310265
20.475411905908096
20.558578971543056
20.648901577764
20.65894498962038
20.68626280247831
20.76220912819023
20.801023014558734
20.907746417209786
20.950868288388524
21.026387564650232
21.097138068228166
21.158686651089425
21.165077465799595
21.307968881734695
21.346523784955124
21.365972221888253
21.498852668234132
21.665641121118277
21.684209452749155
21.76011589034575
21.8451810121004
21.976529668731278
22.063209120275772
22.25161735596417
22.585646014409846
22.80790063823046
22.867239120107246
23.02214609045638
24.756694857974278
24.94141739488479
25.78126827006268
