0.7352451868572638
0.808842972884584
0.8632813120333119
0.9282172219394217
1.074773431525076
8.340522625621272
9.010734058885062
9.816350688433022
10.101274165595854
10.109460605659665
10.164110544105368
10.26234274990857
10.286054545699054
10.531398320717201
11.020413595922493
11.393048494643992
11.46469686502144
11.67274604734648
11.814401356861948
11.883268276797528
12.115501297297383
12.188407184186262
12.263048050698826
12.289538298975653
12.31132043023414
12.422923937658569
12.482847022100328
12.522205391404873
12.635912058256926
12.70946153287725
12.72429175117876
12.822865386451165
12.866936295380777
12.912648834328332
13.001950219578752
13.027855948965056
13.052863943975641
13.109789589263215
13.212665869421231
13.246257862626807
13.297558665221944
13.33001720634102
13.376016086647649
13.396456401375179
13.434320073754256
13.478282899850784
13.55752569930313
13.601074280107117
13.714091174320508
13.755487755925529
13.796898686930607
13.848815704673845
13.856509849933998
13.907642526385992
13.937774519103089
13.96128192817587
14.008798655085322
14.036446007375003
14.045079434798037
14.090659170700611
14.111259165506087
14.177075166278557
14.204124018336836
14.290765522338962
14.293965006296215
14.365912394434078
14.412812337537623
14.47124725818974
14.525615301391099
14.563305602287386
14.60107225151215
14.621188917552532
14.664949477888914
14.731351727545771
14.792761966111524
14.829987477031022
14.855662825570743
14.91437216556621
14.945902062794476
14.969010805984308
15.059274553774637
15.073380559004706
15.119618893483855
15.167737280363777
15.185966656636316
15.268928349988975
15.284974002572937
15.3240558834219
15.355940652990911
15.397813506908363
15.418062614566459
15.462440996979609
15.511604575891292
15.528922683675884
15.563346433673576
15.587125715232697
15.640900583344758
15.682298255131096
15.731264393073172
15.752892487333888
15.77122904918459
15.81757478585384
15.857056286955597
15.871876539897315
15.927491161946456
15.95992711034776
16.01604525973328
16.056526495733372
16.07388287707626
16.09883027905784
16.126776527320075
16.15580631522887
16.19506825319361
16.213496667467695
16.2903740659568
16.33304455754134
16.357289589662837
16.398054196773078
16.413349270938134
16.418384669834754
16.465219565433063
16.537458543866578
16.56057454556453
16.593075413907037
16.615804794823237
16.663916128587527
16.692433000718506
16.770639736050473
16.78148596115658
16.789221484898313
16.864320187413853
16.939123925788333
16.97911063115003
17.019458492890045
17.073337073052492
17.084890828517416
17.12797131136946
17.1455012414341
17.190782343465507
17.20377851768512
17.22724669694562
17.318329746222815
17.3298959583351
17.350095795819662
17.365334059874275
17.397581678464142
17.44179288571147
17.47094760197123
17.535136525449445
17.597290873415876
17.632851376095562
17.68940177743612
17.74459590665344
17.763141748688525
17.807000146780098
17.85861540229096
17.896030949999236
17.90010192288673
17.937682789475673
17.96680635861829
17.99474753800703
18.027741703636703
18.060695211772746
18.07119587649793
18.10515250590095
18.121013909180597
18.167215042623337
18.184490241796908
18.232798171408188
18.274172600715048
18.29540219012806
18.338732271595045
18.351510143751018
18.407962133896298
18.456868303452666
18.49895673570703
18.5335921521842
18.554389504902968
18.58817734231538
18.602570337000525
18.63933531300947
18.660534649590605
18.72712435374454
18.744834110978328
18.769706429018168
18.802291570583034
18.830618991245522
18.8420969281958
18.893402814277128
18.945838249790288
18.9751327728183
18.99009668035264
19.0269722104236
19.062423365287135
19.091848111559628
19.151532142858763
19.170113273478087
19.194211059614624
19.2100119316633
19.25475885803607
19.29188472984874
19.318773200405595
19.36400434257695
19.381271266604124
19.4404087867166
19.478048267564223
19.53908631720789
19.55378334568236
19.601274251328853
19.615818659939855
19.668713231240122
19.72849744009362
19.748393497907678
19.80392308433662
19.85873161670031
19.886708158147528
19.919384928578058
19.960874220604314
19.969740570608927
20.002745404267273
20.01964442596213
20.041263739984633
20.082233732628666
20.11118640227172
20.15017858224048
20.198036118544966
20.22259528732927
20.266074145470157
20.319244545794916
20.36112177516119
20.401686440793263
20.440086631370768
20.4699066110606
20.529087797581745
20.55589218167349
20.60236768374633
20.624134103015034
20.65522539679856
20.680264390294287
20.725523485920007
20.740209483110487
20.772182712670812
20.806448643539895
20.848082586697814
20.871734663768965
20.890486119743407
20.94585341140653
20.977032976569184
20.9872122397059
21.041477207858946
21.07977334324112
21.122711123463223
21.145245841921646
21.205102469829963
21.232277868644218
21.25953003349601
21.30905108336982
21.3432165855272
21.373644247804815
21.40958316572604
21.456152036947174
21.479404761980724
21.506942648393082
21.541799592623192
21.589630015545747
21.623185692595506
21.651884278681592
21.695096491843877
21.72954332576869
21.76493858513831
21.770765327978374
21.804652736904874
21.861705685784255
21.892861711111145
21.921777357518565
21.954541182221707
21.979602328734632
22.045569504873345
22.068171974817886
22.10307741441213
22.11832451323663
22.195902707964372
22.234177383682304
22.256547141417638
22.288334979891623
22.334187269062
22.357722053385178
22.402113486854997
22.435378563605024
22.465617226847506
22.494188050211108
22.529178687342338
22.556576185669215
22.569263237882282
22.635071001002323
22.652009249424317
22.66766357587416
22.7208237313935
22.77525688288396
22.820566814962767
22.85510498845848
22.90360532408498
22.928102772783156
22.965057231294335
23.00543848189481
23.053276966382725
23.057612528353793
23.087430181971598
23.11338927193951
23.162259857611307
23.221394964017776
23.27514338499747
23.30900619906936
23.339324912191522
23.367183483980277
23.4175441725571
23.45184270271153
23.480282886285018
23.486518193717234
23.496807901775803
23.532950557071885
23.559662845165622
23.60142575352694
23.6271006945697
23.665760362905207
23.717915087441387
23.749808063048555
23.786703703240804
23.816382551374723
23.819303633455313
23.85491288920732
23.884403644121
23.946346998041797
23.957487612290183
23.973246051218553
24.025358522118808
24.083837566421785
24.097758658580155
24.124432892614124
24.213189149200442
24.225515205722743
24.266180562283438
24.291477865901438
24.3108927447795
24.345690652244354
24.395481790959145
24.45068448246623
24.530331727132246
24.603391897734166
24.65588653934517
24.692619767948074
24.69805734135003
24.734522127378522
24.77871141941691
24.80341764961701
24.822929932466693
24.903212191456415
24.955072194483137
24.97920267852555
25.017987783784985
25.0564837675279
25.10789330821868
25.126010874660427
25.165488816702375
25.254656529404752
25.304075005998982
25.323298203226955
25.370247997715897
25.39463848604633
25.43719234649914
25.452434601573312
25.503364197178513
25.554077996991868
25.600200586857913
25.627150672348918
25.67611068227425
25.719049037904245
25.77672829033217
25.82286614056547
25.8640317777194
25.932063975228054
25.94337459390688
25.949336802866576
26.017447610363035
26.052734282484124
26.097701303361912
26.132778876983984
26.17985595366144
26.212254302337232
26.26659815510234
26.295298705602164
26.36299730749266
26.421534896549847
26.52324785054495
26.553672413481724
26.58993730057433
26.62657579912055
26.675689460000164
26.719335619030957
26.768794399641813
26.843664250073754
26.9471666766471
26.993953316721786
27.040464904133817
27.063351841135812
27.12410837621458
27.174964740773348
27.21829406153582
27.282016148014137
27.31794384203876
27.346176362819033
27.38023322454449
27.46031658469818
27.499179091348825
27.52544421774393
27.56322539779123
27.596008118521816
27.64567024305174
27.705031578116262
27.732087616500095
27.80393464193826
27.829109910594884
27.83571618383949
27.90802163737147
27.990702954817632
28.008576521999323
28.03414306494962
28.0699614709798
28.172341580115784
28.21449984019032
28.234213420560042
28.321961100765428
28.363282540998856
28.44971115907059
28.460886019966388
28.575625337595163
28.62493012715782
28.667166767691885
28.74874846508122
28.797711632226903
28.826721220199378
28.892407828405513
28.940491104319943
28.984784952748385
29.037398822867814
29.152118099816015
29.164650215942572
29.22787548259067
29.315536149602636
29.379932535416728
29.38511753570833
29.436126095459144
29.455634816160003
29.494600722993212
29.536606149719276
29.571240374784512
29.689289514022924
29.728664583056176
29.77252219263021
29.863170186295303
29.89395268406445
29.918863489227213
30.015161948694477
30.12282386101379
30.14051824064472
30.18296680507061
30.249865740722218
30.515465818271196
30.559987852527133
30.652983251780327
30.711550846588057
30.888938550179066
31.010771162297214
31.0631346920649
31.13188873607462
31.283916047085725
31.405099689388948
31.48855297771433
31.553456218140735
31.644196821051686
31.73426429635991
31.794921251713113
32.00684096337124
32.13781425212716
32.30851997186915
32.47765308633491
32.596330588788945
32.86188581094608
32.87384719164377
33.14959574290337
33.57656275549526
33.625672794318604
34.05012080485805
34.14611829087216
34.28304931399884
34.815552773533454
35.04325456326716
36.088118971358426
37.118221616090345
0.7352451868572638
0.808842972884584
0.8632813120333119
0.9282172219394217
1.074773431525076
8.340522625621272
9.010734058885062
9.816350688433022
10.101274165595854
10.109460605659665
10.164110544105368
10.26234274990857
10.286054545699054
10.531398320717201
11.020413595922493
11.393048494643992
11.46469686502144
11.67274604734648
11.814401356861948
11.883268276797528
12.115501297297383
12.188407184186262
12.263048050698826
12.289538298975653
12.31132043023414
12.422923937658569
12.482847022100328
12.522205391404873
12.635912058256926
12.70946153287725
12.72429175117876
12.822865386451165
12.866936295380777
12.912648834328332
13.001950219578752
13.027855948965056
13.052863943975641
13.109789589263215
13.212665869421231
13.246257862626807
13.297558665221944
13.33001720634102
13.376016086647649
13.396456401375179
13.434320073754256
13.478282899850784
13.55752569930313
13.601074280107117
13.714091174320508
13.755487755925529
13.796898686930607
13.848815704673845
13.856509849933998
13.907642526385992
13.937774519103089
13.96128192817587
14.008798655085322
14.036446007375003
14.045079434798037
14.090659170700611
14.111259165506087
14.177075166278557
14.204124018336836
14.290765522338962
14.293965006296215
14.365912394434078
14.412812337537623
14.47124725818974
14.525615301391099
14.563305602287386
14.60107225151215
14.621188917552532
14.664949477888914
14.731351727545771
14.792761966111524
14.829987477031022
14.855662825570743
14.91437216556621
14.945902062794476
14.969010805984308
15.059274553774637
15.073380559004706
15.119618893483855
15.167737280363777
15.185966656636316
15.268928349988975
15.284974002572937
15.3240558834219
15.355940652990911
15.397813506908363
15.418062614566459
15.462440996979609
15.511604575891292
15.528922683675884
15.563346433673576
15.587125715232697
15.640900583344758
15.682298255131096
15.731264393073172
15.752892487333888
15.77122904918459
15.81757478585384
15.857056286955597
15.871876539897315
15.927491161946456
15.95992711034776
16.01604525973328
16.056526495733372
16.07388287707626
16.09883027905784
16.126776527320075
16.15580631522887
16.19506825319361
16.213496667467695
16.2903740659568
16.33304455754134
16.357289589662837
16.398054196773078
16.413349270938134
16.418384669834754
16.465219565433063
16.537458543866578
16.56057454556453
16.593075413907037
16.615804794823237
16.663916128587527
16.692433000718506
16.770639736050473
16.78148596115658
16.789221484898313
16.864320187413853
16.939123925788333
16.97911063115003
17.019458492890045
17.073337073052492
17.084890828517416
17.12797131136946
17.1455012414341
17.190782343465507
17.20377851768512
17.22724669694562
17.318329746222815
17.3298959583351
17.350095795819662
17.365334059874275
17.397581678464142
17.44179288571147
17.47094760197123
17.535136525449445
17.597290873415876
17.632851376095562
17.68940177743612
17.74459590665344
17.763141748688525
17.807000146780098
17.85861540229096
17.896030949999236
17.90010192288673
17.937682789475673
17.96680635861829
17.99474753800703
18.027741703636703
18.060695211772746
18.07119587649793
18.10515250590095
18.121013909180597
18.167215042623337
18.184490241796908
18.232798171408188
18.274172600715048
18.29540219012806
18.338732271595045
18.351510143751018
18.407962133896298
18.456868303452666
18.49895673570703
18.5335921521842
18.554389504902968
18.58817734231538
18.602570337000525
18.63933531300947
18.660534649590605
18.72712435374454
18.744834110978328
18.769706429018168
18.802291570583034
18.830618991245522
18.8420969281958
18.893402814277128
18.945838249790288
18.9751327728183
18.99009668035264
19.0269722104236
19.062423365287135
19.091848111559628
19.151532142858763
19.170113273478087
19.194211059614624
19.2100119316633
19.25475885803607
19.29188472984874
19.318773200405595
19.36400434257695
19.381271266604124
19.4404087867166
19.478048267564223
19.53908631720789
19.55378334568236
19.601274251328853
19.615818659939855
19.668713231240122
19.72849744009362
19.748393497907678
19.80392308433662
19.85873161670031
19.886708158147528
19.919384928578058
19.960874220604314
19.969740570608927
20.002745404267273
20.01964442596213
20.041263739984633
20.082233732628666
20.11118640227172
20.15017858224048
20.198036118544966
20.22259528732927
20.266074145470157
20.319244545794916
20.36112177516119
20.401686440793263
20.440086631370768
20.4699066110606
20.529087797581745
20.55589218167349
20.60236768374633
20.624134103015034
20.65522539679856
20.680264390294287
20.725523485920007
20.740209483110487
20.772182712670812
20.806448643539895
20.848082586697814
20.871734663768965
20.890486119743407
20.94585341140653
20.977032976569184
20.9872122397059
21.041477207858946
21.07977334324112
21.122711123463223
21.145245841921646
21.205102469829963
21.232277868644218
21.25953003349601
21.30905108336982
21.3432165855272
21.373644247804815
21.40958316572604
21.456152036947174
21.479404761980724
21.506942648393082
21.541799592623192
21.589630015545747
21.623185692595506
21.651884278681592
21.695096491843877
21.72954332576869
21.76493858513831
21.770765327978374
21.804652736904874
21.861705685784255
21.892861711111145
21.921777357518565
21.954541182221707
21.979602328734632
22.045569504873345
22.068171974817886
22.10307741441213
22.11832451323663
22.195902707964372
22.234177383682304
22.256547141417638
22.288334979891623
22.334187269062
22.357722053385178
22.402113486854997
22.435378563605024
22.465617226847506
22.494188050211108
22.529178687342338
22.556576185669215
22.569263237882282
22.635071001002323
22.652009249424317
22.66766357587416
22.7208237313935
22.77525688288396
22.820566814962767
22.85510498845848
22.90360532408498
22.928102772783156
22.965057231294335
23.00543848189481
23.053276966382725
23.057612528353793
23.087430181971598
23.11338927193951
23.162259857611307
23.221394964017776
23.27514338499747
23.30900619906936
23.339324912191522
23.367183483980277
23.4175441725571
23.45184270271153
23.480282886285018
23.486518193717234
23.496807901775803
23.532950557071885
23.559662845165622
23.60142575352694
23.6271006945697
23.665760362905207
23.717915087441387
23.749808063048555
23.786703703240804
23.816382551374723
23.819303633455313
23.85491288920732
23.884403644121
23.946346998041797
23.957487612290183
23.973246051218553
24.025358522118808
24.083837566421785
24.097758658580155
24.124432892614124
24.213189149200442
24.225515205722743
24.266180562283438
24.291477865901438
24.3108927447795
24.345690652244354
24.395481790959145
24.45068448246623
24.530331727132246
24.603391897734166
24.65588653934517
24.692619767948074
24.69805734135003
24.734522127378522
24.77871141941691
24.80341764961701
24.822929932466693
24.903212191456415
24.955072194483137
24.97920267852555
25.017987783784985
25.0564837675279
25.10789330821868
25.126010874660427
25.165488816702375
25.254656529404752
25.304075005998982
25.323298203226955
25.370247997715897
25.39463848604633
25.43719234649914
25.452434601573312
25.503364197178513
25.554077996991868
25.600200586857913
25.627150672348918
25.67611068227425
25.719049037904245
25.77672829033217
25.82286614056547
25.8640317777194
25.932063975228054
25.94337459390688
25.949336802866576
26.017447610363035
26.052734282484124
26.097701303361912
26.132778876983984
26.17985595366144
26.212254302337232
26.26659815510234
26.295298705602164
26.36299730749266
26.421534896549847
26.52324785054495
26.553672413481724
26.58993730057433
26.62657579912055
26.675689460000164
26.719335619030957
26.768794399641813
26.843664250073754
26.9471666766471
26.993953316721786
27.040464904133817
27.063351841135812
27.12410837621458
27.174964740773348
27.21829406153582
27.282016148014137
27.31794384203876
27.346176362819033
27.38023322454449
27.46031658469818
27.499179091348825
27.52544421774393
27.56322539779123
27.596008118521816
27.64567024305174
27.705031578116262
27.732087616500095
27.80393464193826
27.829109910594884
27.83571618383949
27.90802163737147
27.990702954817632
28.008576521999323
28.03414306494962
28.0699614709798
28.172341580115784
28.21449984019032
28.234213420560042
28.321961100765428
28.363282540998856
28.44971115907059
28.460886019966388
28.575625337595163
28.62493012715782
28.667166767691885
28.74874846508122
28.797711632226903
28.826721220199378
28.892407828405513
28.940491104319943
28.984784952748385
29.037398822867814
29.152118099816015
29.164650215942572
29.22787548259067
29.315536149602636
29.379932535416728
29.38511753570833
29.436126095459144
29.455634816160003
29.494600722993212
29.536606149719276
29.571240374784512
29.689289514022924
29.728664583056176
29.77252219263021
29.863170186295303
29.89395268406445
29.918863489227213
30.015161948694477
30.12282386101379
30.14051824064472
30.18296680507061
30.249865740722218
30.515465818271196
30.559987852527133
30.652983251780327
30.711550846588057
30.888938550179066
31.010771162297214
31.0631346920649
31.13188873607462
31.283916047085725
31.405099689388948
31.48855297771433
31.553456218140735
31.644196821051686
31.73426429635991
31.794921251713113
32.00684096337124
32.13781425212716
32.30851997186915
32.47765308633491
32.596330588788945
32.86188581094608
32.87384719164377
33.14959574290337
33.57656275549526
33.625672794318604
34.05012080485805
34.14611829087216
34.28304931399884
34.815552773533454
35.04325456326716
36.088118971358426
37.118221616090345
