0.6853369393107401
0.7849278807680005
0.8334912808087714
0.9768154210147899
1.0967904077981752
9.292243788350227
10.979684947779862
11.461982325909785
11.51887062227771
11.563398683327613
11.798993463409621
12.139352040146987
12.242062269439778
12.360686422800413
12.366260970002177
12.441844068124304
12.514907301112736
12.593137814015522
12.6034970468026
12.801275347625145
12.885915450319796
12.98838271595169
13.056771694719176
13.098444246516612
13.151010207178357
13.184183480459819
13.246439656216982
13.269081718391138
13.340183877750567
13.38070719212748
13.386774738584556
13.511923153326997
13.578607198548749
13.598510877188433
13.651131750471414
13.67942086739918
13.717817765362598
13.790880993489667
13.799482846764917
13.87966055207283
13.962054887322529
13.990306639685258
14.130974503551634
14.164796910864279
14.223736757092405
14.264770241518637
14.311369198867112
14.354178432571432
14.39644257572672
14.450135616424978
14.472443014733422
14.565448016075644
14.644785160653226
14.674111669533685
14.680612683707146
14.713465742733643
14.763805295773714
14.806098013300998
14.810037278283156
14.897081865761661
14.934061810089796
14.950774919266813
15.02586407594148
15.095590644883924
15.13415622753284
15.172263935488001
15.187670038258357
15.208821585277768
15.291097060217789
15.30525847019251
15.36293051524296
15.394888902741712
15.407678138806604
15.47244739796454
15.494504851190818
15.55609876616623
15.601964859185856
15.626828404085478
15.700944602476524
15.744910812783102
15.812032849346751
15.858181897770322
15.927951158698303
15.938672269541987
15.987339901824948
16.02790148804421
16.045045627738016
16.074255527813698
16.10258178252055
16.142961007798544
16.175475827441
16.187406013467193
16.247416645770976
16.300246297864827
16.306844758698126
16.315450243844282
16.384108509135725
16.436615636219884
16.49942938980722
16.530137199313707
16.563322306326384
16.590925738999605
16.637537180726785
16.712667826002672
16.723175309603885
16.764656438604646
16.795363703314383
16.862042487502695
16.904590375707777
16.93983996998344
16.959371063558567
16.981483634726768
17.02306182853402
17.049276234346376
17.106341138277013
17.122936068605043
17.15330933628924
17.218726989652957
17.275875252965236
17.28434803403208
17.333152330674494
17.34732017619445
17.384421833466458
17.43381367761523
17.448102447533262
17.530616366157407
17.560828273788015
17.599128311523923
17.63002846675628
17.64815490110414
17.690075620812454
17.720243040721467
17.777436430075856
17.841779605785618
17.88884802830437
17.93885242541631
17.95709815197219
17.99055225865006
18.02308932626444
18.048576628587075
18.074053288815453
18.12526728607069
18.149292364552576
18.16880054914934
18.199505575260563
18.21543358015797
18.25197517153447
18.285610122520094
18.334743369887487
18.36344344328776
18.391180428007555
18.446444452690347
18.527013283099706
18.54327227792801
18.553111075459626
18.605915873880758
18.61916659149975
18.67665194921685
18.686335571414972
18.69439725693628
18.726056415934593
18.760424423510006
18.765081984630243
18.8232902103198
18.87260914759426
18.88285231483726
18.95325261820828
18.966182518371195
19.0001795585441
19.040054182844095
19.1123898714286
19.138583741394875
19.15756346157475
19.16508912200656
19.20500747896692
19.232804921730516
19.255683760990888
19.28347078039381
19.32656348299673
19.376866463758187
19.398534208572595
19.43615132679605
19.4588745346318
19.526595842413283
19.535087771451934
19.549107639889197
19.62705033846987
19.64017123907087
19.654958199419134
19.69808810135587
19.718080445136234
19.73182609415524
19.79108920924727
19.830523046669132
19.841289992131372
19.85684393903323
19.914382356794043
19.970909415130123
19.984619225686764
20.024394615960887
20.038857382406356
20.074848813036734
20.12611912174241
20.14021511177094
20.16939962398565
20.186119504569497
20.230085644926366
20.25683720282968
20.282670492403465
20.3473661791515
20.375713079072884
20.40247296778796
20.431779657531266
20.464925023160454
20.51954728833536
20.56887342583795
20.575852934109033
20.604058713221658
20.66368792182748
20.701894936164848
20.765106687566895
20.785667049253085
20.80665579267985
20.835172593846043
20.858179545786204
20.90668516915723
20.9371014569747
20.953583448608843
20.988383044839605
21.046924539289815
21.07619253295325
21.097992828106964
21.129297747792805
21.179128978775168
21.185541068595352
21.209527630138943
21.23173053552596
21.2865227586094
21.329193906581292
21.345351660660736
21.37910395632475
21.42138348303294
21.437552401700025
21.504366688659932
21.519842627002703
21.536163986996467
21.561107621415132
21.580939409346033
21.640384413944705
21.655354904493414
21.70097304527809
21.74827431500466
21.755780101990027
21.79001218982928
21.808120777266947
21.831928781681903
21.864073324832745
21.9379495474888
21.97308091474656
21.98080292553073
22.006138987444135
22.045332549759394
22.05835510761237
22.12393639884284
22.18227597932106
22.20100637792763
22.245209053401958
22.266193337878295
22.294278502482584
22.34424860211861
22.38125264267333
22.404260402119807
22.414113084826756
22.47484569042963
22.492592539403024
22.556080387286578
22.571514061871788
22.59422135790492
22.6348594379546
22.67614439043625
22.71128767531051
22.758585236468722
22.774545221948543
22.80349160007268
22.831403583703555
22.85055445668018
22.89896506374537
22.92335039044687
22.974716693926176
23.003315899142805
23.032992422348755
23.049457564446488
23.152730935366176
23.160510136966312
23.234398164743997
23.29053271551861
23.306429784112982
23.313736606613645
23.334725245362648
23.37112436411835
23.407698561928754
23.439638905133513
23.45640607698863
23.487287090862694
23.504383270369257
23.57430394727484
23.586926365531138
23.62420999315103
23.647694118463175
23.718923425153424
23.729892997115105
23.760143537427847
23.815520995119325
23.85911314246486
23.923000246045657
23.955688801408492
24.022203962338203
24.032934684843593
24.05474650411746
24.099175226579423
24.147905751131557
24.186573559764174
24.220542381507624
24.277471773745763
24.32755789214342
24.351080922259268
24.39517777145242
24.422154757549695
24.43810287698931
24.54952993543647
24.56221315618975
24.593258171132295
24.598875419118826
24.627041624772684
24.683339859132168
24.74250744675771
24.755178376861206
24.78008958769028
24.854114131903803
24.87729465463913
24.935175101380892
24.946018089223156
24.99497895158053
25.01533889305517
25.048008317431243
25.082991427258975
25.101127850581236
25.113697345610518
25.161049475286003
25.190176535902765
25.205836197584574
25.302581354550224
25.327859642088267
25.34328725290271
25.35114722195754
25.376584121007937
25.417520654151073
25.455517526465687
25.528683956223706
25.56641976699398
25.614420411577274
25.638076161594288
25.693197262408788
25.734857551887806
25.779185349338533
25.786411656110708
25.868880670294526
25.919101759309378
25.967242684326386
25.99688642683933
26.010768179930025
26.067428237171438
26.093606590350824
26.152005662554327
26.17010300195186
26.189137676459445
26.2142094564655
26.27879589718565
26.303831603372572
26.31966278134498
26.38162054445468
26.43814424137095
26.47442527405373
26.490461822867044
26.54246681333264
26.572569349039256
26.591738182276355
26.630774936501286
26.66875599582436
26.681453903303268
26.78388460438111
26.818590963055872
26.84118755782362
26.90672671242668
26.94153399359278
27.009243645769885
27.03104386070474
27.054655766757612
27.073159911048943
27.147524236250046
27.22477049343346
27.243614113834653
27.25352283149681
27.31247992454061
27.335177225632194
27.381859212445814
27.412432043909906
27.484178587626335
27.547609275894825
27.59207266755219
27.597155947292393
27.63277766207503
27.67278740650052
27.707840176177324
27.72459621170769
27.808904743739966
27.852215691100668
27.887873673180835
27.9723380953876
28.00979965950565
28.038636231761398
28.09285377058157
28.16329982655705
28.211465381969038
28.244572755993083
28.310933597950566
28.3355207573795
28.384526093521703
28.423350131544286
28.468819931178558
28.493568565057995
28.58887308369801
28.633811828416828
28.705363397464378
28.716864990055424
28.796446963621815
28.883116244632426
28.902454041861056
28.968932411842175
29.05890632467782
29.09053408746685
29.154470751553777
29.249446952796823
29.27293931055431
29.33386234710226
29.35992972811863
29.414899018800984
29.469742872917767
29.489411141878108
29.514993332302534
29.57768680418929
29.654052027778594
29.69367337341918
29.746681794500084
29.802187112581176
29.80695837669167
29.844804070275433
29.865976869622493
29.981459660842457
30.021249666717136
30.12048067964046
30.208502331424473
30.22375803009955
30.346621390709743
30.399266490629202
30.421266222089514
30.543256400869637
30.555837225928617
30.678652056303726
30.692508646771334
30.799938520551027
30.914176811524317
30.98294433402926
31.056742478287077
31.085371232272628
31.19567543045062
31.304607287671963
31.408684364004472
31.50763960607801
31.57061933350052
31.72118320292569
31.82938879251378
31.901813614505834
32.00431141998706
32.07958032763261
32.2787681530447
32.495768313974835
32.563371783753546
32.65603236559951
32.688629787235165
33.09718035108552
33.36505830762792
33.48456411229213
33.56286362227739
33.74041619600784
33.99442532229791
34.1651652814278
34.273029437192434
34.64125316402979
0.6853369393107401
0.7849278807680005
0.8334912808087714
0.9768154210147899
1.0967904077981752
9.292243788350227
10.979684947779862
11.461982325909785
11.51887062227771
11.563398683327613
11.798993463409621
12.139352040146987
12.242062269439778
12.360686422800413
12.366260970002177
12.441844068124304
12.514907301112736
12.593137814015522
12.6034970468026
12.801275347625145
12.885915450319796
12.98838271595169
13.056771694719176
13.098444246516612
13.151010207178357
13.184183480459819
13.246439656216982
13.269081718391138
13.340183877750567
13.38070719212748
13.386774738584556
13.511923153326997
13.578607198548749
13.598510877188433
13.651131750471414
13.67942086739918
13.717817765362598
13.790880993489667
13.799482846764917
13.87966055207283
13.962054887322529
13.990306639685258
14.130974503551634
14.164796910864279
14.223736757092405
14.264770241518637
14.311369198867112
14.354178432571432
14.39644257572672
14.450135616424978
14.472443014733422
14.565448016075644
14.644785160653226
14.674111669533685
14.680612683707146
14.713465742733643
14.763805295773714
14.806098013300998
14.810037278283156
14.897081865761661
14.934061810089796
14.950774919266813
15.02586407594148
15.095590644883924
15.13415622753284
15.172263935488001
15.187670038258357
15.208821585277768
15.291097060217789
15.30525847019251
15.36293051524296
15.394888902741712
15.407678138806604
15.47244739796454
15.494504851190818
15.55609876616623
15.601964859185856
15.626828404085478
15.700944602476524
15.744910812783102
15.812032849346751
15.858181897770322
15.927951158698303
15.938672269541987
15.987339901824948
16.02790148804421
16.045045627738016
16.074255527813698
16.10258178252055
16.142961007798544
16.175475827441
16.187406013467193
16.247416645770976
16.300246297864827
16.306844758698126
16.315450243844282
16.384108509135725
16.436615636219884
16.49942938980722
16.530137199313707
16.563322306326384
16.590925738999605
16.637537180726785
16.712667826002672
16.723175309603885
16.764656438604646
16.795363703314383
16.862042487502695
16.904590375707777
16.93983996998344
16.959371063558567
16.981483634726768
17.02306182853402
17.049276234346376
17.106341138277013
17.122936068605043
17.15330933628924
17.218726989652957
17.275875252965236
17.28434803403208
17.333152330674494
17.34732017619445
17.384421833466458
17.43381367761523
17.448102447533262
17.530616366157407
17.560828273788015
17.599128311523923
17.63002846675628
17.64815490110414
17.690075620812454
17.720243040721467
17.777436430075856
17.841779605785618
17.88884802830437
17.93885242541631
17.95709815197219
17.99055225865006
18.02308932626444
18.048576628587075
18.074053288815453
18.12526728607069
18.149292364552576
18.16880054914934
18.199505575260563
18.21543358015797
18.25197517153447
18.285610122520094
18.334743369887487
18.36344344328776
18.391180428007555
18.446444452690347
18.527013283099706
18.54327227792801
18.553111075459626
18.605915873880758
18.61916659149975
18.67665194921685
18.686335571414972
18.69439725693628
18.726056415934593
18.760424423510006
18.765081984630243
18.8232902103198
18.87260914759426
18.88285231483726
18.95325261820828
18.966182518371195
19.0001795585441
19.040054182844095
19.1123898714286
19.138583741394875
19.15756346157475
19.16508912200656
19.20500747896692
19.232804921730516
19.255683760990888
19.28347078039381
19.32656348299673
19.376866463758187
19.398534208572595
19.43615132679605
19.4588745346318
19.526595842413283
19.535087771451934
19.549107639889197
19.62705033846987
19.64017123907087
19.654958199419134
19.69808810135587
19.718080445136234
19.73182609415524
19.79108920924727
19.830523046669132
19.841289992131372
19.85684393903323
19.914382356794043
19.970909415130123
19.984619225686764
20.024394615960887
20.038857382406356
20.074848813036734
20.12611912174241
20.14021511177094
20.16939962398565
20.186119504569497
20.230085644926366
20.25683720282968
20.282670492403465
20.3473661791515
20.375713079072884
20.40247296778796
20.431779657531266
20.464925023160454
20.51954728833536
20.56887342583795
20.575852934109033
20.604058713221658
20.66368792182748
20.701894936164848
20.765106687566895
20.785667049253085
20.80665579267985
20.835172593846043
20.858179545786204
20.90668516915723
20.9371014569747
20.953583448608843
20.988383044839605
21.046924539289815
21.07619253295325
21.097992828106964
21.129297747792805
21.179128978775168
21.185541068595352
21.209527630138943
21.23173053552596
21.2865227586094
21.329193906581292
21.345351660660736
21.37910395632475
21.42138348303294
21.437552401700025
21.504366688659932
21.519842627002703
21.536163986996467
21.561107621415132
21.580939409346033
21.640384413944705
21.655354904493414
21.70097304527809
21.74827431500466
21.755780101990027
21.79001218982928
21.808120777266947
21.831928781681903
21.864073324832745
21.9379495474888
21.97308091474656
21.98080292553073
22.006138987444135
22.045332549759394
22.05835510761237
22.12393639884284
22.18227597932106
22.20100637792763
22.245209053401958
22.266193337878295
22.294278502482584
22.34424860211861
22.38125264267333
22.404260402119807
22.414113084826756
22.47484569042963
22.492592539403024
22.556080387286578
22.571514061871788
22.59422135790492
22.6348594379546
22.67614439043625
22.71128767531051
22.758585236468722
22.774545221948543
22.80349160007268
22.831403583703555
22.85055445668018
22.89896506374537
22.92335039044687
22.974716693926176
23.003315899142805
23.032992422348755
23.049457564446488
23.152730935366176
23.160510136966312
23.234398164743997
23.29053271551861
23.306429784112982
23.313736606613645
23.334725245362648
23.37112436411835
23.407698561928754
23.439638905133513
23.45640607698863
23.487287090862694
23.504383270369257
23.57430394727484
23.586926365531138
23.62420999315103
23.647694118463175
23.718923425153424
23.729892997115105
23.760143537427847
23.815520995119325
23.85911314246486
23.923000246045657
23.955688801408492
24.022203962338203
24.032934684843593
24.05474650411746
24.099175226579423
24.147905751131557
24.186573559764174
24.220542381507624
24.277471773745763
24.32755789214342
24.351080922259268
24.39517777145242
24.422154757549695
24.43810287698931
24.54952993543647
24.56221315618975
24.593258171132295
24.598875419118826
24.627041624772684
24.683339859132168
24.74250744675771
24.755178376861206
24.78008958769028
24.854114131903803
24.87729465463913
24.935175101380892
24.946018089223156
24.99497895158053
25.01533889305517
25.048008317431243
25.082991427258975
25.101127850581236
25.113697345610518
25.161049475286003
25.190176535902765
25.205836197584574
25.302581354550224
25.327859642088267
25.34328725290271
25.35114722195754
25.376584121007937
25.417520654151073
25.455517526465687
25.528683956223706
25.56641976699398
25.614420411577274
25.638076161594288
25.693197262408788
25.734857551887806
25.779185349338533
25.786411656110708
25.868880670294526
25.919101759309378
25.967242684326386
25.99688642683933
26.010768179930025
26.067428237171438
26.093606590350824
26.152005662554327
26.17010300195186
26.189137676459445
26.2142094564655
26.27879589718565
26.303831603372572
26.31966278134498
26.38162054445468
26.43814424137095
26.47442527405373
26.490461822867044
26.54246681333264
26.572569349039256
26.591738182276355
26.630774936501286
26.66875599582436
26.681453903303268
26.78388460438111
26.818590963055872
26.84118755782362
26.90672671242668
26.94153399359278
27.009243645769885
27.03104386070474
27.054655766757612
27.073159911048943
27.147524236250046
27.22477049343346
27.243614113834653
27.25352283149681
27.31247992454061
27.335177225632194
27.381859212445814
27.412432043909906
27.484178587626335
27.547609275894825
27.59207266755219
27.597155947292393
27.63277766207503
27.67278740650052
27.707840176177324
27.72459621170769
27.808904743739966
27.852215691100668
27.887873673180835
27.9723380953876
28.00979965950565
28.038636231761398
28.09285377058157
28.16329982655705
28.211465381969038
28.244572755993083
28.310933597950566
28.3355207573795
28.384526093521703
28.423350131544286
28.468819931178558
28.493568565057995
28.58887308369801
28.633811828416828
28.705363397464378
28.716864990055424
28.796446963621815
28.883116244632426
28.902454041861056
28.968932411842175
29.05890632467782
29.09053408746685
29.154470751553777
29.249446952796823
29.27293931055431
29.33386234710226
29.35992972811863
29.414899018800984
29.469742872917767
29.489411141878108
29.514993332302534
29.57768680418929
29.654052027778594
29.69367337341918
29.746681794500084
29.802187112581176
29.80695837669167
29.844804070275433
29.865976869622493
29.981459660842457
30.021249666717136
30.12048067964046
30.208502331424473
30.22375803009955
30.346621390709743
30.399266490629202
30.421266222089514
30.543256400869637
30.555837225928617
30.678652056303726
30.692508646771334
30.799938520551027
30.914176811524317
30.98294433402926
31.056742478287077
31.085371232272628
31.19567543045062
31.304607287671963
31.408684364004472
31.50763960607801
31.57061933350052
31.72118320292569
31.82938879251378
31.901813614505834
32.00431141998706
32.07958032763261
32.2787681530447
32.495768313974835
32.563371783753546
32.65603236559951
32.688629787235165
33.09718035108552
33.36505830762792
33.48456411229213
33.56286362227739
33.74041619600784
33.99442532229791
34.1651652814278
34.273029437192434
34.64125316402979
