0.6664789040133776
0.7101503450977213
0.7282653149514228
0.760222690660086
0.7891958526183863
0.8854553375293535
0.8978700099330316
0.9598834747609494
1.0518055255451852
3.6986275666593453
4.557464915817739
4.958822231655169
5.120621679102975
5.308226454821077
5.358474548799087
5.686138669034085
5.812470101484037
5.92647919199699
5.975477950591107
6.076289140816266
6.096265890955728
6.114846949769957
6.280010690951243
6.326532677399968
6.345280694483163
6.443170037822268
6.521493936809529
6.552777054196153
6.571508360672642
6.614551816238948
6.6312566238796355
6.6765216949345145
6.7128234132829
6.740154292247332
6.7634916674685295
6.80749840125149
6.826413302079197
6.845993762031147
6.878232307879237
6.9064924094164954
6.918282645472727
6.952359104048656
7.044433391327551
7.109882803922825
7.146347520523391
7.158073721090012
7.1729463573946655
7.244572499729152
7.274107274288757
7.354398447738403
7.40457213938333
7.443861051799699
7.467658236540568
7.475462868821888
7.498444379108895
7.562549536701236
7.584430786951639
7.612216096300048
7.627403804137346
7.687657678585217
7.706276117423698
7.724563839820178
7.741557465952666
7.760645675893613
7.788108564488932
7.855608250563516
7.914087563815132
7.959360024999682
7.968184195211835
7.991733696135844
8.039217382507253
8.083946526699242
8.108988921919817
8.143503067266494
8.181457380904659
8.216582584151432
8.244780103539705
8.316046457246305
8.3210781565092
8.349930805375115
8.3910362246871
8.432186351963677
8.470545905762393
8.514133615115169
8.54933651602184
8.570625290009456
8.619218764779946
8.653562205408317
8.69977112237612
8.709484060415202
8.756623868163276
8.810981225402278
8.850205662773696
8.890120973453618
8.899624314044248
8.931352760902994
8.967876912871445
8.989520440091258
9.043200860357313
9.056286588183292
9.113514060564059
9.148855959458913
9.185809876077638
9.208801694060142
9.24087030010714
9.247809194022745
9.28059904891648
9.296337569981867
9.337741064942701
9.353316378652947
9.369020765443889
9.408690613716052
9.440016801316592
9.447476811701447
9.504916798785759
9.52073854282668
9.53986286424763
9.549594426687415
9.5932385841659
9.601609305709129
9.639088418732598
9.661810640917638
9.70045730048512
9.729742622606489
9.778161563335118
9.801234797582294
9.82126159984477
9.84846956558383
9.881486325794159
9.915823243519185
9.941353129369878
9.946447516468137
10.013619399537873
10.019141664102861
10.072382514550162
10.084879508019322
10.130839248897873
10.171652187090533
10.185030760320654
10.223397985801652
10.256051022826584
10.27399828491672
10.286129360187424
10.34868315519178
10.367004629606448
10.404236114978298
10.422506288845515
10.46343370637079
10.473735956305434
10.502843382609283
10.524645299927844
10.532598506872208
10.563001461552565
10.596095859091262
10.602547907582542
10.622251992517349
10.654320442638722
10.68151349037228
10.685188306511193
10.68926577170659
10.730862174817283
10.760421476749704
10.775800453048515
10.83419457978986
10.837942135993734
10.876649149378398
10.886177709201599
10.921584325589444
10.92674849083445
10.959532254812062
10.97810996201699
11.050008724714049
11.087428412599357
11.150246592982159
11.200272185038422
11.224287292836035
11.235254764479128
11.253143892671222
11.274436647968356
11.281068162135378
11.307872496234227
11.316867185282462
11.337730706945703
11.392035346385848
11.40462121633617
11.43368279215091
11.45572845365437
11.471870544360831
11.517329352424408
11.561269678948339
11.567610704249777
11.590945303339174
11.614808567794727
11.645510138022663
11.656124515682718
11.67745209832934
11.707112834404374
11.731729267842024
11.790482484674891
11.806175792607219
11.824777532781734
11.857797131984174
11.884174103271256
11.901284643294854
11.941158713220252
11.970168086000363
11.982480016081148
12.010505424577492
12.05208574088886
12.076345984409084
12.08734538101211
12.115400571346667
12.145558386825535
12.166525558949044
12.186471536604342
12.268796075344307
12.273786150241067
12.297410274317578
12.333854022383635
12.357875179181127
12.411004849079758
12.43437177281918
12.445508497584232
12.511173383612924
12.5452899369421
12.583626616863494
12.609235218059842
12.63237342735309
12.661695821512064
12.669452180653607
12.6989850668822
12.713218041059331
12.755052161349065
12.76356188123242
12.795227949993434
12.823300105086192
12.867921753780136
12.89062274011397
12.914243303329831
12.933369132942255
12.98348030143908
13.00355234808381
13.017290803080527
13.086398586167526
13.099753844205129
13.110030453255101
13.130146940189038
13.21248428238421
13.2315367147301
13.246668301858287
13.272763236062351
13.334140818774815
13.344534334449163
13.355600794875889
13.379620395966935
13.398426912249755
13.451793326637576
13.490943915944518
13.513473139383759
13.534568899180394
13.572290807789344
13.593968739523875
13.616190314676322
13.637812440546504
13.645585405151357
13.700361046083838
13.713241831997536
13.745881721848406
13.763138568399675
13.772343700302985
13.787234798742322
13.82793647563989
13.853320745228213
13.872886251157448
13.896851315839955
13.93009759641153
13.998372089264613
14.030668251412873
14.048964972076885
14.077708635431417
14.101127422906833
14.1350662801618
14.155462365037032
14.195926948395334
14.24261800569507
14.258003870083332
14.307065990197
14.316672321549612
14.353991096069787
14.358841542387554
14.373692878850989
14.401701240794123
14.410811232869866
14.445389957476875
14.464298448793013
14.504018185566284
14.562001399943615
14.59683107100855
14.643792803048434
14.674177468634158
14.678279041268128
14.727132879300529
14.778331542637238
14.795417961521856
14.838022353475461
14.845974553164305
14.862676230108018
14.890195400226874
14.920250892755542
14.955325694105294
14.989666593224431
15.020885496577032
15.051709807950362
15.080026396961943
15.084510683604298
15.135668300174508
15.18115544987275
15.187702527443555
15.201610403097337
15.211742079720002
15.245083565029526
15.265979619614212
15.296699866814986
15.341412892363515
15.354808620031447
15.382616856652241
15.428884669168461
15.444468660157666
15.453303217063274
15.469798970104497
15.525296430422769
15.573680688965
15.593897223515315
15.599993346920646
15.629847504880809
15.670196874292909
15.68257138500498
15.723549041631378
15.7417592247788
15.796625501520078
15.826081144772626
15.842150550644114
15.891929119405741
15.920610049373572
15.9415584349218
15.958652525972226
16.00048642080687
16.06473469971124
16.074521813763074
16.090137689508047
16.116136524138337
16.14088239269288
16.2191479622372
16.245024448191977
16.30260178547086
16.316562626126235
16.342468030701728
16.351609643340467
16.374970886787843
16.39905638986741
16.439489789160092
16.4612168172496
16.48180773765724
16.52349100078326
16.612930831954404
16.651606006160865
16.686242149419485
16.70435133333993
16.713134769799055
16.72985219226047
16.78779146848654
16.840652528713225
16.867915893116056
16.907300977073092
16.92371952192303
16.944582957336753
17.004046712713258
17.034040567583855
17.082100848926295
17.090423538987906
17.138408227930363
17.198078974788324
17.22054942454422
17.265169420982623
17.28470913111519
17.32894928721528
17.3665072954391
17.408027382394145
17.45519495758029
17.522459283837776
17.578284754156382
17.63552840159363
17.652598979676014
17.662094604535202
17.678388372261665
17.693704876897165
17.768102378299634
17.790412985483666
17.84710546304525
17.883917210835623
17.924195684356754
17.957433620396152
17.974421378965648
18.029802121602742
18.082611686967777
18.11870607516043
18.150909456859832
18.156262612187582
18.18176291589271
18.23671041315193
18.3154174435021
18.333694176210386
18.355512655483647
18.409243883491452
18.43717866766453
18.500872599032903
18.5149111110834
18.619912447894066
18.632718941334662
18.65593503953185
18.688250030015737
18.729898131280706
18.76955223481923
18.877343165454533
18.91163192508199
18.932986724799118
18.960032256181005
19.033032981940725
19.062788290956494
19.095616475148073
19.146985927336683
19.182913610023995
19.20693904304155
19.243256297895886
19.25980324789567
19.331542278738205
19.405443922640924
19.448804792698407
19.49053234733757
19.558967047821813
19.621674516231042
19.652647998756674
19.687843113954223
19.78036255638681
19.79541140497922
19.876241121362312
19.89374582655945
19.97068209081632
20.05088938804319
20.124292116478323
20.149621972278094
20.185858272860088
20.228300329732747
20.322591384657585
20.348139759619784
20.422732549399285
20.467523129588535
20.59099163987466
20.623481594743772
20.64549361716266
20.658662155923874
20.8372690480383
20.90061694288047
20.95993701547999
21.00959392287638
21.066397160941584
21.08932363076142
21.166242770290577
21.192077606680918
21.266510967183187
21.35564846119931
21.4150778882307
21.49099155554496
21.603801974371223
21.736354154808325
21.823560186163355
21.927140368329106
21.956406986441248
22.078961035049772
22.134185246873876
22.233929893391256
22.24540580100631
22.36098080756102
22.386983833254362
22.654495809649863
22.85654658602539
22.915853074920832
22.977376592207747
23.056313724482948
23.155893364072114
23.57968603236569
23.658249915891854
23.68412892639857
23.8164623838506
24.175382418898362
24.415267209394663
24.59499013774826
25.130397216779453
25.271252431367188
0.6664789040133776
0.7101503450977213
0.7282653149514228
0.760222690660086
0.7891958526183863
0.8854553375293535
0.8978700099330316
0.9598834747609494
1.0518055255451852
3.6986275666593453
4.557464915817739
4.958822231655169
5.120621679102975
5.308226454821077
5.358474548799087
5.686138669034085
5.812470101484037
5.92647919199699
5.975477950591107
6.076289140816266
6.096265890955728
6.114846949769957
6.280010690951243
6.326532677399968
6.345280694483163
6.443170037822268
6.521493936809529
6.552777054196153
6.571508360672642
6.614551816238948
6.6312566238796355
6.6765216949345145
6.7128234132829
6.740154292247332
6.7634916674685295
6.80749840125149
6.826413302079197
6.845993762031147
6.878232307879237
6.9064924094164954
6.918282645472727
6.952359104048656
7.044433391327551
7.109882803922825
7.146347520523391
7.158073721090012
7.1729463573946655
7.244572499729152
7.274107274288757
7.354398447738403
7.40457213938333
7.443861051799699
7.467658236540568
7.475462868821888
7.498444379108895
7.562549536701236
7.584430786951639
7.612216096300048
7.627403804137346
7.687657678585217
7.706276117423698
7.724563839820178
7.741557465952666
7.760645675893613
7.788108564488932
7.855608250563516
7.914087563815132
7.959360024999682
7.968184195211835
7.991733696135844
8.039217382507253
8.083946526699242
8.108988921919817
8.143503067266494
8.181457380904659
8.216582584151432
8.244780103539705
8.316046457246305
8.3210781565092
8.349930805375115
8.3910362246871
8.432186351963677
8.470545905762393
8.514133615115169
8.54933651602184
8.570625290009456
8.619218764779946
8.653562205408317
8.69977112237612
8.709484060415202
8.756623868163276
8.810981225402278
8.850205662773696
8.890120973453618
8.899624314044248
8.931352760902994
8.967876912871445
8.989520440091258
9.043200860357313
9.056286588183292
9.113514060564059
9.148855959458913
9.185809876077638
9.208801694060142
9.24087030010714
9.247809194022745
9.28059904891648
9.296337569981867
9.337741064942701
9.353316378652947
9.369020765443889
9.408690613716052
9.440016801316592
9.447476811701447
9.504916798785759
9.52073854282668
9.53986286424763
9.549594426687415
9.5932385841659
9.601609305709129
9.639088418732598
9.661810640917638
9.70045730048512
9.729742622606489
9.778161563335118
9.801234797582294
9.82126159984477
9.84846956558383
9.881486325794159
9.915823243519185
9.941353129369878
9.946447516468137
10.013619399537873
10.019141664102861
10.072382514550162
10.084879508019322
10.130839248897873
10.171652187090533
10.185030760320654
10.223397985801652
10.256051022826584
10.27399828491672
10.286129360187424
10.34868315519178
10.367004629606448
10.404236114978298
10.422506288845515
10.46343370637079
10.473735956305434
10.502843382609283
10.524645299927844
10.532598506872208
10.563001461552565
10.596095859091262
10.602547907582542
10.622251992517349
10.654320442638722
10.68151349037228
10.685188306511193
10.68926577170659
10.730862174817283
10.760421476749704
10.775800453048515
10.83419457978986
10.837942135993734
10.876649149378398
10.886177709201599
10.921584325589444
10.92674849083445
10.959532254812062
10.97810996201699
11.050008724714049
11.087428412599357
11.150246592982159
11.200272185038422
11.224287292836035
11.235254764479128
11.253143892671222
11.274436647968356
11.281068162135378
11.307872496234227
11.316867185282462
11.337730706945703
11.392035346385848
11.40462121633617
11.43368279215091
11.45572845365437
11.471870544360831
11.517329352424408
11.561269678948339
11.567610704249777
11.590945303339174
11.614808567794727
11.645510138022663
11.656124515682718
11.67745209832934
11.707112834404374
11.731729267842024
11.790482484674891
11.806175792607219
11.824777532781734
11.857797131984174
11.884174103271256
11.901284643294854
11.941158713220252
11.970168086000363
11.982480016081148
12.010505424577492
12.05208574088886
12.076345984409084
12.08734538101211
12.115400571346667
12.145558386825535
12.166525558949044
12.186471536604342
12.268796075344307
12.273786150241067
12.297410274317578
12.333854022383635
12.357875179181127
12.411004849079758
12.43437177281918
12.445508497584232
12.511173383612924
12.5452899369421
12.583626616863494
12.609235218059842
12.63237342735309
12.661695821512064
12.669452180653607
12.6989850668822
12.713218041059331
12.755052161349065
12.76356188123242
12.795227949993434
12.823300105086192
12.867921753780136
12.89062274011397
12.914243303329831
12.933369132942255
12.98348030143908
13.00355234808381
13.017290803080527
13.086398586167526
13.099753844205129
13.110030453255101
13.130146940189038
13.21248428238421
13.2315367147301
13.246668301858287
13.272763236062351
13.334140818774815
13.344534334449163
13.355600794875889
13.379620395966935
13.398426912249755
13.451793326637576
13.490943915944518
13.513473139383759
13.534568899180394
13.572290807789344
13.593968739523875
13.616190314676322
13.637812440546504
13.645585405151357
13.700361046083838
13.713241831997536
13.745881721848406
13.763138568399675
13.772343700302985
13.787234798742322
13.82793647563989
13.853320745228213
13.872886251157448
13.896851315839955
13.93009759641153
13.998372089264613
14.030668251412873
14.048964972076885
14.077708635431417
14.101127422906833
14.1350662801618
14.155462365037032
14.195926948395334
14.24261800569507
14.258003870083332
14.307065990197
14.316672321549612
14.353991096069787
14.358841542387554
14.373692878850989
14.401701240794123
14.410811232869866
14.445389957476875
14.464298448793013
14.504018185566284
14.562001399943615
14.59683107100855
14.643792803048434
14.674177468634158
14.678279041268128
14.727132879300529
14.778331542637238
14.795417961521856
14.838022353475461
14.845974553164305
14.862676230108018
14.890195400226874
14.920250892755542
14.955325694105294
14.989666593224431
15.020885496577032
15.051709807950362
15.080026396961943
15.084510683604298
15.135668300174508
15.18115544987275
15.187702527443555
15.201610403097337
15.211742079720002
15.245083565029526
15.265979619614212
15.296699866814986
15.341412892363515
15.354808620031447
15.382616856652241
15.428884669168461
15.444468660157666
15.453303217063274
15.469798970104497
15.525296430422769
15.573680688965
15.593897223515315
15.599993346920646
15.629847504880809
15.670196874292909
15.68257138500498
15.723549041631378
15.7417592247788
15.796625501520078
15.826081144772626
15.842150550644114
15.891929119405741
15.920610049373572
15.9415584349218
15.958652525972226
16.00048642080687
16.06473469971124
16.074521813763074
16.090137689508047
16.116136524138337
16.14088239269288
16.2191479622372
16.245024448191977
16.30260178547086
16.316562626126235
16.342468030701728
16.351609643340467
16.374970886787843
16.39905638986741
16.439489789160092
16.4612168172496
16.48180773765724
16.52349100078326
16.612930831954404
16.651606006160865
16.686242149419485
16.70435133333993
16.713134769799055
16.72985219226047
16.78779146848654
16.840652528713225
16.867915893116056
16.907300977073092
16.92371952192303
16.944582957336753
17.004046712713258
17.034040567583855
17.082100848926295
17.090423538987906
17.138408227930363
17.198078974788324
17.22054942454422
17.265169420982623
17.28470913111519
17.32894928721528
17.3665072954391
17.408027382394145
17.45519495758029
17.522459283837776
17.578284754156382
17.63552840159363
17.652598979676014
17.662094604535202
17.678388372261665
17.693704876897165
17.768102378299634
17.790412985483666
17.84710546304525
17.883917210835623
17.924195684356754
17.957433620396152
17.974421378965648
18.029802121602742
18.082611686967777
18.11870607516043
18.150909456859832
18.156262612187582
18.18176291589271
18.23671041315193
18.3154174435021
18.333694176210386
18.355512655483647
18.409243883491452
18.43717866766453
18.500872599032903
18.5149111110834
18.619912447894066
18.632718941334662
18.65593503953185
18.688250030015737
18.729898131280706
18.76955223481923
18.877343165454533
18.91163192508199
18.932986724799118
18.960032256181005
19.033032981940725
19.062788290956494
19.095616475148073
19.146985927336683
19.182913610023995
19.20693904304155
19.243256297895886
19.25980324789567
19.331542278738205
19.405443922640924
19.448804792698407
19.49053234733757
19.558967047821813
19.621674516231042
19.652647998756674
19.687843113954223
19.78036255638681
19.79541140497922
19.876241121362312
19.89374582655945
19.97068209081632
20.05088938804319
20.124292116478323
20.149621972278094
20.185858272860088
20.228300329732747
20.322591384657585
20.348139759619784
20.422732549399285
20.467523129588535
20.59099163987466
20.623481594743772
20.64549361716266
20.658662155923874
20.8372690480383
20.90061694288047
20.95993701547999
21.00959392287638
21.066397160941584
21.08932363076142
21.166242770290577
21.192077606680918
21.266510967183187
21.35564846119931
21.4150778882307
21.49099155554496
21.603801974371223
21.736354154808325
21.823560186163355
21.927140368329106
21.956406986441248
22.078961035049772
22.134185246873876
22.233929893391256
22.24540580100631
22.36098080756102
22.386983833254362
22.654495809649863
22.85654658602539
22.915853074920832
22.977376592207747
23.056313724482948
23.155893364072114
23.57968603236569
23.658249915891854
23.68412892639857
23.8164623838506
24.175382418898362
24.415267209394663
24.59499013774826
25.130397216779453
25.271252431367188
