0.6617342053614398
0.7271169682613057
0.7673727480363055
0.7890320083421145
0.8866635511599236
0.9118018529621417
0.9679173599407292
1.1260627201254119
1.2102036616084164
4.607050047852523
4.61492114572608
5.431766938813377
5.543497601006513
5.6732243021257815
5.779978337871684
5.8641538891252
6.034987397801249
6.04019568297186
6.117118451675041
6.140857722900361
6.336836328737636
6.413627964427632
6.443065545470049
6.619695201904703
6.64745778354177
6.723488217075048
6.7401583509600185
6.76955352655777
6.816721528351267
6.822752066026719
6.879241255503935
6.9325169453722655
6.989869924914313
6.998416761185924
7.077780153020669
7.11493764958617
7.1805288643826355
7.229301120862477
7.249981062065048
7.258643743338949
7.291615648481971
7.362433498740916
7.395654742992725
7.4302329731430286
7.510461601035056
7.564607903844873
7.666382177377294
7.683369883424348
7.71416309388218
7.774026857472567
7.7965440262093155
7.816236120335702
7.830861993222427
7.8766914851974015
7.881758994116206
7.920907948392712
7.947484074955917
7.9578027079038
7.996256546543574
8.011348693951376
8.034297045895077
8.079446007759463
8.124516996304898
8.14591219545635
8.173089808616615
8.203697218329246
8.21983912094453
8.245973456106237
8.280384591391869
8.316714946695063
8.357304419312996
8.359534881681764
8.4086763695366
8.45460971494403
8.486920709056749
8.517658883820065
8.524051546521013
8.58594508778938
8.63318065312699
8.661812517502463
8.7151905138489
8.726014435982233
8.746389162785048
8.75901868474464
8.815352189817256
8.828839204645318
8.895271379747694
8.911811829473406
8.953603720066177
8.972939755921866
8.996459804559626
9.022115244659302
9.062488893072631
9.086414655285367
9.12625524531277
9.163297784794702
9.204158580134829
9.20927740499026
9.237809068150387
9.28637627229054
9.326318066730012
9.356929724031364
9.37618392979109
9.407586858370363
9.449925006634258
9.509176518269557
9.518994217961467
9.56852450599674
9.580521470147398
9.6237726744041
9.66865422236031
9.709595742575138
9.732659640172368
9.75652230813455
9.815966211328996
9.835837325364368
9.85642459599244
9.878554438485525
9.881164793852053
9.92824310169111
9.944893810442435
9.964194645381278
9.973151752234893
10.030777401782597
10.058704605436324
10.086029779708072
10.130485751534481
10.14498514640229
10.179551191282576
10.213678449177179
10.287438359828373
10.295777309945386
10.300532236926932
10.309796893158452
10.36716774193931
10.395205308751825
10.422639059674395
10.441178275468879
10.472358530703008
10.516334458427206
10.546441368020625
10.578858838998562
10.581226405489295
10.607975968879451
10.640398358673073
10.656242749644425
10.696678424302405
10.71774197040606
10.750619094888423
10.756982198349554
10.780599659139938
10.808355380396033
10.828388934649137
10.847281649844291
10.872321869837313
10.912410853464628
10.925802192732384
10.962439700302514
10.96977449863593
11.009863912566207
11.054769416167764
11.083013031337668
11.118307675847248
11.15365730801189
11.157173677428718
11.18676811979242
11.202302061027217
11.227599424348977
11.246276918451622
11.25706323707384
11.2740640589306
11.336674758777443
11.344104915481813
11.383057422942793
11.398397551474776
11.442081921023606
11.466677148315144
11.50167384502701
11.510384936039758
11.546347148925152
11.590057861467308
11.626567230623259
11.645077451644072
11.69365080272077
11.71290951174552
11.768512613820775
11.774966708800116
11.836666744594838
11.839132079101562
11.89985306070195
11.906380533887923
11.957264250665283
11.989618900286336
12.009563176870744
12.028808513917308
12.06710015391462
12.117042403973386
12.146716187154786
12.157387942615326
12.17822064920273
12.21828386324111
12.235162388833393
12.260067330478872
12.306593287534573
12.307282010086292
12.345470314261672
12.378901313948786
12.409999562080106
12.41797739156379
12.434716622473161
12.496364016670713
12.515824646861867
12.528558745224917
12.559755549837742
12.57792082406228
12.613268309263821
12.62575425921139
12.631353437100378
12.663584920742167
12.693941725905347
12.723966687006248
12.740512600253687
12.754536706687787
12.811248293281198
12.827950285137012
12.860579303680245
12.888791690192383
12.897235084617023
12.937197636558352
12.955134823082211
13.00663378979501
13.027924842753844
13.061793739567005
13.098295962367992
13.111004219963801
13.173296956676397
13.210825720199072
13.246513205403003
13.272117197793301
13.284172714287008
13.308490896066509
13.340103281901362
13.35274131083212
13.37502997142466
13.38473200200074
13.422155647661278
13.432515563367216
13.469443066078977
13.496862864899601
13.5352317417773
13.555919398177119
13.563368973503504
13.58247865077767
13.603212800120682
13.659518487100126
13.677093340067772
13.686218879562688
13.719059694839382
13.730343050255481
13.737504408850462
13.780677489137727
13.813507336404204
13.86509620958871
13.880856601814301
13.899574801433339
13.937198498870888
13.980379322551393
13.992344167556412
14.017576380247748
14.041472492860912
14.056322493143055
14.089510252942487
14.10334774047114
14.114423810292365
14.167701958185395
14.184398052604967
14.20943581628749
14.252985493485529
14.268198666735216
14.310009402868971
14.348052528043006
14.37172787033042
14.39753169911858
14.43640697017728
14.453012179187192
14.475736911027958
14.500605943427384
14.528296544184457
14.55440060111055
14.621417865612472
14.652619107142451
14.660926590826422
14.700479492574512
14.71941278138365
14.763312879027756
14.782271372153547
14.790874958852706
14.823206434440944
14.836659064268181
14.909080260624608
14.93277699435454
14.970532714930602
14.991856356651128
15.041287455237825
15.09267645846268
15.115294679696271
15.171531398624303
15.180664737072622
15.205825977877982
15.236246335242813
15.277495220250195
15.293649437322149
15.303021632999693
15.360051744867851
15.395258776087248
15.411546279121053
15.441706133070875
15.447418110725817
15.495209868604597
15.534671792183817
15.56437647295631
15.58024632549854
15.617364803371023
15.652903064992287
15.669230873913646
15.693771369389019
15.722023958576141
15.762918953513084
15.798676692139246
15.812719545052186
15.848670688929559
15.887622273102739
15.929816438748627
15.973938137036587
16.015809357074012
16.026893247369554
16.06230938587225
16.07657345929069
16.111046840160128
16.14099744695548
16.166706660051045
16.182905178023713
16.245800005989036
16.27694042268327
16.314947033669974
16.3283016783052
16.36357869018201
16.394025766704168
16.432686593382325
16.44680356397562
16.47273045856218
16.532961378944712
16.564175009562167
16.587733195035906
16.60946401228642
16.65037163573107
16.677231143704077
16.712648772620366
16.735556298722884
16.778254572554935
16.848417638187964
16.8709645233474
16.889792589422537
16.90800663058192
16.91959391637857
16.971408075528924
17.00263062540766
17.0463083373756
17.055828692213865
17.1084159378419
17.11817074446397
17.137851029580972
17.18334205718841
17.204905944214058
17.258864111955383
17.27056954975156
17.280262444494962
17.32232595775901
17.332809270687054
17.36032086522912
17.402375374291896
17.43824489346125
17.5004503333235
17.50650385437228
17.567143783732487
17.614582209924112
17.638708902007423
17.6607221025424
17.730654061183742
17.75615869843183
17.77517632403428
17.807415011691152
17.847036011971642
17.85672738118359
17.894129722174643
17.924585812474522
17.982423761687713
18.015338428775465
18.051957570854263
18.06747126113249
18.078514778548023
18.1601574870357
18.163774153654423
18.20780496062647
18.286793258948247
18.31313162182623
18.35263988360347
18.414161198216686
18.43339861820787
18.460389011840636
18.493230024104765
18.541296232152995
18.58163172360682
18.653488029229226
18.673435530176434
18.728343358347505
18.754851154940816
18.801240104708437
18.857904857706284
18.86876439506064
18.947396321747764
18.955494164804342
19.00066376141622
19.03699240288726
19.04453014138087
19.10439538192383
19.17840084622136
19.212972680587477
19.24512809179931
19.273084099516463
19.34482873580248
19.425737367743544
19.457872747052992
19.46220665618598
19.533448464374406
19.5754494550431
19.595463762276225
19.637358274015433
19.74174537910901
19.813521806198278
19.83857256667899
19.88218927056075
19.88549805471708
19.986710704567916
20.00190662746226
20.018487049253327
20.067985613098774
20.129834410042257
20.225065630131375
20.27059168969707
20.32536548148193
20.34652904852351
20.40789784550735
20.436151849675486
20.465917982701455
20.538649471747817
20.561951515480153
20.597371716653896
20.684357531416165
20.756507123629444
20.841953168733184
20.950631031354273
21.00272733026578
21.041001468472086
21.12072385763746
21.147622895465336
21.21147260575352
21.230950602534527
21.35776030361631
21.377472368081055
21.5080047296666
21.571273239373593
21.63914276907638
21.65911249034003
21.702588272303494
21.76315783856387
21.830705806056475
21.886541104374224
22.01768155187969
22.073225015870886
22.232241977034096
22.235456599877836
22.380632570223742
22.539536150471758
22.673896714204638
22.727400987147227
22.781694715762676
22.88733933461739
22.905997814907103
23.004072304979967
23.169212012501067
23.276107751874594
23.41008253334579
23.487236654187814
23.62209412716639
23.74706043751829
23.872310812662736
23.952348998408546
24.135260947106996
0.6617342053614398
0.7271169682613057
0.7673727480363055
0.7890320083421145
0.8866635511599236
0.9118018529621417
0.9679173599407292
1.1260627201254119
1.2102036616084164
4.607050047852523
4.61492114572608
5.431766938813377
5.543497601006513
5.6732243021257815
5.779978337871684
5.8641538891252
6.034987397801249
6.04019568297186
6.117118451675041
6.140857722900361
6.336836328737636
6.413627964427632
6.443065545470049
6.619695201904703
6.64745778354177
6.723488217075048
6.7401583509600185
6.76955352655777
6.816721528351267
6.822752066026719
6.879241255503935
6.9325169453722655
6.989869924914313
6.998416761185924
7.077780153020669
7.11493764958617
7.1805288643826355
7.229301120862477
7.249981062065048
7.258643743338949
7.291615648481971
7.362433498740916
7.395654742992725
7.4302329731430286
7.510461601035056
7.564607903844873
7.666382177377294
7.683369883424348
7.71416309388218
7.774026857472567
7.7965440262093155
7.816236120335702
7.830861993222427
7.8766914851974015
7.881758994116206
7.920907948392712
7.947484074955917
7.9578027079038
7.996256546543574
8.011348693951376
8.034297045895077
8.079446007759463
8.124516996304898
8.14591219545635
8.173089808616615
8.203697218329246
8.21983912094453
8.245973456106237
8.280384591391869
8.316714946695063
8.357304419312996
8.359534881681764
8.4086763695366
8.45460971494403
8.486920709056749
8.517658883820065
8.524051546521013
8.58594508778938
8.63318065312699
8.661812517502463
8.7151905138489
8.726014435982233
8.746389162785048
8.75901868474464
8.815352189817256
8.828839204645318
8.895271379747694
8.911811829473406
8.953603720066177
8.972939755921866
8.996459804559626
9.022115244659302
9.062488893072631
9.086414655285367
9.12625524531277
9.163297784794702
9.204158580134829
9.20927740499026
9.237809068150387
9.28637627229054
9.326318066730012
9.356929724031364
9.37618392979109
9.407586858370363
9.449925006634258
9.509176518269557
9.518994217961467
9.56852450599674
9.580521470147398
9.6237726744041
9.66865422236031
9.709595742575138
9.732659640172368
9.75652230813455
9.815966211328996
9.835837325364368
9.85642459599244
9.878554438485525
9.881164793852053
9.92824310169111
9.944893810442435
9.964194645381278
9.973151752234893
10.030777401782597
10.058704605436324
10.086029779708072
10.130485751534481
10.14498514640229
10.179551191282576
10.213678449177179
10.287438359828373
10.295777309945386
10.300532236926932
10.309796893158452
10.36716774193931
10.395205308751825
10.422639059674395
10.441178275468879
10.472358530703008
10.516334458427206
10.546441368020625
10.578858838998562
10.581226405489295
10.607975968879451
10.640398358673073
10.656242749644425
10.696678424302405
10.71774197040606
10.750619094888423
10.756982198349554
10.780599659139938
10.808355380396033
10.828388934649137
10.847281649844291
10.872321869837313
10.912410853464628
10.925802192732384
10.962439700302514
10.96977449863593
11.009863912566207
11.054769416167764
11.083013031337668
11.118307675847248
11.15365730801189
11.157173677428718
11.18676811979242
11.202302061027217
11.227599424348977
11.246276918451622
11.25706323707384
11.2740640589306
11.336674758777443
11.344104915481813
11.383057422942793
11.398397551474776
11.442081921023606
11.466677148315144
11.50167384502701
11.510384936039758
11.546347148925152
11.590057861467308
11.626567230623259
11.645077451644072
11.69365080272077
11.71290951174552
11.768512613820775
11.774966708800116
11.836666744594838
11.839132079101562
11.89985306070195
11.906380533887923
11.957264250665283
11.989618900286336
12.009563176870744
12.028808513917308
12.06710015391462
12.117042403973386
12.146716187154786
12.157387942615326
12.17822064920273
12.21828386324111
12.235162388833393
12.260067330478872
12.306593287534573
12.307282010086292
12.345470314261672
12.378901313948786
12.409999562080106
12.41797739156379
12.434716622473161
12.496364016670713
12.515824646861867
12.528558745224917
12.559755549837742
12.57792082406228
12.613268309263821
12.62575425921139
12.631353437100378
12.663584920742167
12.693941725905347
12.723966687006248
12.740512600253687
12.754536706687787
12.811248293281198
12.827950285137012
12.860579303680245
12.888791690192383
12.897235084617023
12.937197636558352
12.955134823082211
13.00663378979501
13.027924842753844
13.061793739567005
13.098295962367992
13.111004219963801
13.173296956676397
13.210825720199072
13.246513205403003
13.272117197793301
13.284172714287008
13.308490896066509
13.340103281901362
13.35274131083212
13.37502997142466
13.38473200200074
13.422155647661278
13.432515563367216
13.469443066078977
13.496862864899601
13.5352317417773
13.555919398177119
13.563368973503504
13.58247865077767
13.603212800120682
13.659518487100126
13.677093340067772
13.686218879562688
13.719059694839382
13.730343050255481
13.737504408850462
13.780677489137727
13.813507336404204
13.86509620958871
13.880856601814301
13.899574801433339
13.937198498870888
13.980379322551393
13.992344167556412
14.017576380247748
14.041472492860912
14.056322493143055
14.089510252942487
14.10334774047114
14.114423810292365
14.167701958185395
14.184398052604967
14.20943581628749
14.252985493485529
14.268198666735216
14.310009402868971
14.348052528043006
14.37172787033042
14.39753169911858
14.43640697017728
14.453012179187192
14.475736911027958
14.500605943427384
14.528296544184457
14.55440060111055
14.621417865612472
14.652619107142451
14.660926590826422
14.700479492574512
14.71941278138365
14.763312879027756
14.782271372153547
14.790874958852706
14.823206434440944
14.836659064268181
14.909080260624608
14.93277699435454
14.970532714930602
14.991856356651128
15.041287455237825
15.09267645846268
15.115294679696271
15.171531398624303
15.180664737072622
15.205825977877982
15.236246335242813
15.277495220250195
15.293649437322149
15.303021632999693
15.360051744867851
15.395258776087248
15.411546279121053
15.441706133070875
15.447418110725817
15.495209868604597
15.534671792183817
15.56437647295631
15.58024632549854
15.617364803371023
15.652903064992287
15.669230873913646
15.693771369389019
15.722023958576141
15.762918953513084
15.798676692139246
15.812719545052186
15.848670688929559
15.887622273102739
15.929816438748627
15.973938137036587
16.015809357074012
16.026893247369554
16.06230938587225
16.07657345929069
16.111046840160128
16.14099744695548
16.166706660051045
16.182905178023713
16.245800005989036
16.27694042268327
16.314947033669974
16.3283016783052
16.36357869018201
16.394025766704168
16.432686593382325
16.44680356397562
16.47273045856218
16.532961378944712
16.564175009562167
16.587733195035906
16.60946401228642
16.65037163573107
16.677231143704077
16.712648772620366
16.735556298722884
16.778254572554935
16.848417638187964
16.8709645233474
16.889792589422537
16.90800663058192
16.91959391637857
16.971408075528924
17.00263062540766
17.0463083373756
17.055828692213865
17.1084159378419
17.11817074446397
17.137851029580972
17.18334205718841
17.204905944214058
17.258864111955383
17.27056954975156
17.280262444494962
17.32232595775901
17.332809270687054
17.36032086522912
17.402375374291896
17.43824489346125
17.5004503333235
17.50650385437228
17.567143783732487
17.614582209924112
17.638708902007423
17.6607221025424
17.730654061183742
17.75615869843183
17.77517632403428
17.807415011691152
17.847036011971642
17.85672738118359
17.894129722174643
17.924585812474522
17.982423761687713
18.015338428775465
18.051957570854263
18.06747126113249
18.078514778548023
18.1601574870357
18.163774153654423
18.20780496062647
18.286793258948247
18.31313162182623
18.35263988360347
18.414161198216686
18.43339861820787
18.460389011840636
18.493230024104765
18.541296232152995
18.58163172360682
18.653488029229226
18.673435530176434
18.728343358347505
18.754851154940816
18.801240104708437
18.857904857706284
18.86876439506064
18.947396321747764
18.955494164804342
19.00066376141622
19.03699240288726
19.04453014138087
19.10439538192383
19.17840084622136
19.212972680587477
19.24512809179931
19.273084099516463
19.34482873580248
19.425737367743544
19.457872747052992
19.46220665618598
19.533448464374406
19.5754494550431
19.595463762276225
19.637358274015433
19.74174537910901
19.813521806198278
19.83857256667899
19.88218927056075
19.88549805471708
19.986710704567916
20.00190662746226
20.018487049253327
20.067985613098774
20.129834410042257
20.225065630131375
20.27059168969707
20.32536548148193
20.34652904852351
20.40789784550735
20.436151849675486
20.465917982701455
20.538649471747817
20.561951515480153
20.597371716653896
20.684357531416165
20.756507123629444
20.841953168733184
20.950631031354273
21.00272733026578
21.041001468472086
21.12072385763746
21.147622895465336
21.21147260575352
21.230950602534527
21.35776030361631
21.377472368081055
21.5080047296666
21.571273239373593
21.63914276907638
21.65911249034003
21.702588272303494
21.76315783856387
21.830705806056475
21.886541104374224
22.01768155187969
22.073225015870886
22.232241977034096
22.235456599877836
22.380632570223742
22.539536150471758
22.673896714204638
22.727400987147227
22.781694715762676
22.88733933461739
22.905997814907103
23.004072304979967
23.169212012501067
23.276107751874594
23.41008253334579
23.487236654187814
23.62209412716639
23.74706043751829
23.872310812662736
23.952348998408546
24.135260947106996
