0.6596080803302781
0.8387457041504794
0.8752463326624557
0.8993778291756437
0.9920312065199166
8.16245790641836
8.991453931089108
10.029832866728306
10.4339245691909
10.62501533033713
10.948298168819354
11.049376169378059
11.122811395042397
11.142961743829266
11.311265485201456
11.67881814227482
11.777100848692038
11.796324059306567
11.920159049002828
11.932623769041127
12.004714597090953
12.162947970098946
12.196184827258694
12.2549897519723
12.290747694205827
12.339844646814777
12.433267663137824
12.45711936986869
12.468226402565096
12.539356763166523
12.606632923071745
12.684595899334965
12.749149831757872
12.822878730177973
12.85860737862266
12.872741055122345
12.917983605870468
12.94987420317771
13.056028214133471
13.110356559081598
13.129723981483442
13.231773002809646
13.345305336836523
13.351555166941994
13.374734628481075
13.438319309933659
13.481801846417625
13.496380020370054
13.563958345396404
13.598296730369556
13.64991844760124
13.6756204527354
13.761974703541751
13.885043003197579
13.929217938667671
13.987376319099956
14.04642366796612
14.109349812111235
14.146716779377417
14.178279846840091
14.237827741215408
14.27958131413
14.358736664146411
14.38832436244561
14.419073937321045
14.436542177584382
14.48032395274226
14.532776561874226
14.570682735571763
14.614351115494264
14.635969358155473
14.685315709127558
14.713298556816326
14.796459974772489
14.814626448434504
14.859206377731535
14.88363797887538
14.910663099173286
14.954448925081314
15.006437668555359
15.036475715181343
15.058811824481426
15.107710340344989
15.185075336512526
15.209385013273014
15.229534297633032
15.268146815186688
15.307415400232825
15.361824361337778
15.365556842123283
15.385722272890268
15.417673709887179
15.465702762085387
15.518530342198531
15.53701841337405
15.571622507982754
15.595041191965876
15.640902920094742
15.652216193284412
15.687382645734694
15.716167017838119
15.75736735353908
15.80740566581385
15.831989200934874
15.866263297365142
15.908478177597036
15.936675251516666
15.993713921921596
16.02674652029591
16.048402369166613
16.0707136610769
16.10989017475229
16.148934310003384
16.1772312925686
16.252633867705224
16.29154689281945
16.345413403627937
16.398136695932415
16.426454904199208
16.446224757002554
16.473089804592384
16.497148987851833
16.519904825036335
16.566096008905447
16.578659783313068
16.588089340246906
16.636133314279007
16.66105808768239
16.716587919935083
16.752520215021416
16.773002126086634
16.8584887722012
16.889362536974122
16.914246698915125
16.977635383291414
17.00298880044227
17.03451791694311
17.073090564636185
17.112157053621125
17.14942048638005
17.174097412033614
17.223243183539257
17.262955795874287
17.29986344969366
17.31967497485858
17.35015335632069
17.40958631035073
17.425692140610252
17.4865840493175
17.52423501520678
17.544645581003927
17.567904561319477
17.656378925197245
17.66854909736089
17.685946801174413
17.716467091703965
17.756699936905243
17.781567671070835
17.809193078108702
17.8317449368159
17.849039595167554
17.899767693205675
17.930876266133524
17.985503575857088
18.023702547858356
18.060494327572002
18.091875425153873
18.14631028042139
18.184254743566772
18.195085903302083
18.241832263997964
18.265853715785887
18.294720352371836
18.30492611050777
18.349719830614216
18.398540864840346
18.402813647682343
18.42765096424527
18.461828923459347
18.496150085466176
18.518811416333005
18.554033490585223
18.60990935853364
18.68530741582997
18.70822569706314
18.749002822568247
18.76325281587901
18.771663444813353
18.80428711643486
18.843092700830493
18.881255728566618
18.901832912087293
18.934142523822974
18.953726904914497
19.00541249463291
19.06777377731999
19.08606636828815
19.121321965987626
19.14442130517456
19.208777223600915
19.241241388789494
19.27131308805236
19.337129709326224
19.34766219595499
19.40996648947456
19.424061300422803
19.461683287519964
19.497845567701024
19.5143398224122
19.5551346524565
19.56550310673814
19.576454100211986
19.626427542631188
19.64195082357086
19.71519835401663
19.72976221772428
19.77677101347796
19.83040980045759
19.853168613290403
19.881599649996847
19.91528949775233
19.957893924576563
20.004883979981596
20.04382146129812
20.088849242045004
20.113266440809205
20.12132041998848
20.131415223367195
20.147658081509462
20.212638035026007
20.240384979548008
20.253986502121858
20.316494834143782
20.352136122422166
20.363152277967675
20.40737038848783
20.45195280341768
20.50326677767706
20.55892191459157
20.579551207293004
20.61024040180513
20.61175281728518
20.647496177438928
20.704974643784848
20.74736566818129
20.760116930708058
20.803707139042263
20.811056072906716
20.896496660983306
20.910046870332923
20.951626197101085
20.981743643798286
21.003899573541663
21.044487378060538
21.120538384384542
21.135296863458162
21.180764242382082
21.235332424084845
21.251427270477294
21.319748559552593
21.347640517179183
21.359127471472977
21.408890538374017
21.417642155120983
21.45527370269999
21.510733775093566
21.563523594202277
21.60891978388116
21.618987317573538
21.66022541240376
21.69295872839016
21.72979628633512
21.777150719232775
21.82178765173739
21.847125021623555
21.852128552106688
21.867833848109417
21.920388301236677
21.952539455725354
21.98780057793329
22.002741247339134
22.02455952579031
22.088250229595836
22.129681001497367
22.203417371747836
22.21985484147478
22.25629180722729
22.296230038668146
22.33989353244108
22.349805598833033
22.40451269198436
22.462254754558032
22.50683295193913
22.525610121124156
22.564395875417752
22.594657517409257
22.617890879489433
22.643218346388466
22.70916856413183
22.73706477885504
22.811718435113615
22.821684553647035
22.860397435432137
22.91062022816073
22.926303209148784
22.947296343341726
22.96938921699335
23.019251765894282
23.036771281753975
23.080568506407726
23.115698925669665
23.16806884234339
23.196989808578827
23.216697207918163
23.295889999494854
23.343541730770845
23.358049536409546
23.413397949878664
23.474487714098704
23.488026023203613
23.52714392415941
23.573610449427864
23.600379211388475
23.623100192962596
23.63415113019274
23.65279132563956
23.711422878322374
23.75182277605747
23.772001040204294
23.787150550536815
23.81228226769604
23.8512488955708
23.869224286685103
23.948574330735944
23.958744492135118
24.06477232825611
24.091562145775885
24.178282602492562
24.218182961809433
24.232722810557306
24.25363654396913
24.26986185511399
24.308991588465904
24.363386864675686
24.38079926441737
24.395820111210078
24.4399957415257
24.51123698928198
24.539914380611435
24.574100903979478
24.603896106870245
24.642463918313492
24.658153439289947
24.70448512963194
24.784599042590184
24.810284837960758
24.88697828350713
24.939977026799472
24.966824155782266
25.003521770095627
25.055538862939247
25.079804111203785
25.152802280715925
25.1678794441878
25.179269060028172
25.204350623079097
25.267912494096713
25.29575586378229
25.41201272176463
25.45366789892396
25.467816657196444
25.50603037644824
25.544156172808474
25.57203433749297
25.597265330011645
25.645238585441582
25.67155061042858
25.744819522027992
25.775566950563498
25.80042664662744
25.83467576382124
25.862144646889774
25.96030681904622
25.99819930057113
26.01252803139821
26.06531671722182
26.08812098339782
26.10309326887352
26.184705362747398
26.20814684457832
26.237726433003164
26.281268079967784
26.32312831961427
26.418184073603005
26.456837352927106
26.501144741460696
26.550494248100467
26.580534043735717
26.619161731387724
26.64132732673069
26.728995895817174
26.749683083177626
26.78643765311015
26.829979779618814
26.846065222042785
26.929336321203905
26.981232125553134
27.008292785468715
27.06009564017705
27.094551735211176
27.172459886942065
27.21123165670811
27.275918353545563
27.292320125883283
27.358747413844807
27.42010941105239
27.500259822271307
27.517364215660788
27.55149486741693
27.57096064580374
27.634567346147023
27.70102645256908
27.779200128089663
27.888441021769975
27.9151350303094
27.961244061046354
27.998772345215357
28.033939823380546
28.116932907857585
28.12881745417108
28.19425613144853
28.23070344645374
28.31665620982158
28.35021252777256
28.428223548237042
28.495512090623357
28.5670963610791
28.660250616681655
28.697509252471153
28.74996113108742
28.769647793080175
28.89342305387491
28.93658353600792
29.02528319230356
29.027705173088663
29.098268695719195
29.169108803784965
29.2452813217248
29.337621970695793
29.419101834996436
29.507423271867648
29.57988790256624
29.669256300889003
29.721713351672182
29.741299020228865
29.862017979285753
29.933411219383444
29.947228835231826
30.031860497176364
30.092464995930047
30.3336997234436
30.462086089767134
30.47940514052455
30.546212706580278
30.64329757915227
30.776470320655058
30.860043165408793
30.943937878359804
30.95785519368963
31.045460439240795
31.10534071287357
31.203285825601338
31.282884137651052
31.379350806775356
31.395740801261642
31.50380334411997
31.585946943983046
31.66696257578708
31.71386177565184
31.89900254874696
32.08565173288435
32.18914041466167
32.316048222263554
32.420157985970135
32.591864619628524
32.628162466065575
32.698666753717575
32.89970209670147
33.13605232152847
33.174650862505075
33.32196740606869
33.43079086488014
34.025468413959345
34.38779074145975
34.51646944276905
34.79515745307973
34.88342277907747
37.07073917707567
37.5216565985475
0.6596080803302781
0.8387457041504794
0.8752463326624557
0.8993778291756437
0.9920312065199166
8.16245790641836
8.991453931089108
10.029832866728306
10.4339245691909
10.62501533033713
10.948298168819354
11.049376169378059
11.122811395042397
11.142961743829266
11.311265485201456
11.67881814227482
11.777100848692038
11.796324059306567
11.920159049002828
11.932623769041127
12.004714597090953
12.162947970098946
12.196184827258694
12.2549897519723
12.290747694205827
12.339844646814777
12.433267663137824
12.45711936986869
12.468226402565096
12.539356763166523
12.606632923071745
12.684595899334965
12.749149831757872
12.822878730177973
12.85860737862266
12.872741055122345
12.917983605870468
12.94987420317771
13.056028214133471
13.110356559081598
13.129723981483442
13.231773002809646
13.345305336836523
13.351555166941994
13.374734628481075
13.438319309933659
13.481801846417625
13.496380020370054
13.563958345396404
13.598296730369556
13.64991844760124
13.6756204527354
13.761974703541751
13.885043003197579
13.929217938667671
13.987376319099956
14.04642366796612
14.109349812111235
14.146716779377417
14.178279846840091
14.237827741215408
14.27958131413
14.358736664146411
14.38832436244561
14.419073937321045
14.436542177584382
14.48032395274226
14.532776561874226
14.570682735571763
14.614351115494264
14.635969358155473
14.685315709127558
14.713298556816326
14.796459974772489
14.814626448434504
14.859206377731535
14.88363797887538
14.910663099173286
14.954448925081314
15.006437668555359
15.036475715181343
15.058811824481426
15.107710340344989
15.185075336512526
15.209385013273014
15.229534297633032
15.268146815186688
15.307415400232825
15.361824361337778
15.365556842123283
15.385722272890268
15.417673709887179
15.465702762085387
15.518530342198531
15.53701841337405
15.571622507982754
15.595041191965876
15.640902920094742
15.652216193284412
15.687382645734694
15.716167017838119
15.75736735353908
15.80740566581385
15.831989200934874
15.866263297365142
15.908478177597036
15.936675251516666
15.993713921921596
16.02674652029591
16.048402369166613
16.0707136610769
16.10989017475229
16.148934310003384
16.1772312925686
16.252633867705224
16.29154689281945
16.345413403627937
16.398136695932415
16.426454904199208
16.446224757002554
16.473089804592384
16.497148987851833
16.519904825036335
16.566096008905447
16.578659783313068
16.588089340246906
16.636133314279007
16.66105808768239
16.716587919935083
16.752520215021416
16.773002126086634
16.8584887722012
16.889362536974122
16.914246698915125
16.977635383291414
17.00298880044227
17.03451791694311
17.073090564636185
17.112157053621125
17.14942048638005
17.174097412033614
17.223243183539257
17.262955795874287
17.29986344969366
17.31967497485858
17.35015335632069
17.40958631035073
17.425692140610252
17.4865840493175
17.52423501520678
17.544645581003927
17.567904561319477
17.656378925197245
17.66854909736089
17.685946801174413
17.716467091703965
17.756699936905243
17.781567671070835
17.809193078108702
17.8317449368159
17.849039595167554
17.899767693205675
17.930876266133524
17.985503575857088
18.023702547858356
18.060494327572002
18.091875425153873
18.14631028042139
18.184254743566772
18.195085903302083
18.241832263997964
18.265853715785887
18.294720352371836
18.30492611050777
18.349719830614216
18.398540864840346
18.402813647682343
18.42765096424527
18.461828923459347
18.496150085466176
18.518811416333005
18.554033490585223
18.60990935853364
18.68530741582997
18.70822569706314
18.749002822568247
18.76325281587901
18.771663444813353
18.80428711643486
18.843092700830493
18.881255728566618
18.901832912087293
18.934142523822974
18.953726904914497
19.00541249463291
19.06777377731999
19.08606636828815
19.121321965987626
19.14442130517456
19.208777223600915
19.241241388789494
19.27131308805236
19.337129709326224
19.34766219595499
19.40996648947456
19.424061300422803
19.461683287519964
19.497845567701024
19.5143398224122
19.5551346524565
19.56550310673814
19.576454100211986
19.626427542631188
19.64195082357086
19.71519835401663
19.72976221772428
19.77677101347796
19.83040980045759
19.853168613290403
19.881599649996847
19.91528949775233
19.957893924576563
20.004883979981596
20.04382146129812
20.088849242045004
20.113266440809205
20.12132041998848
20.131415223367195
20.147658081509462
20.212638035026007
20.240384979548008
20.253986502121858
20.316494834143782
20.352136122422166
20.363152277967675
20.40737038848783
20.45195280341768
20.50326677767706
20.55892191459157
20.579551207293004
20.61024040180513
20.61175281728518
20.647496177438928
20.704974643784848
20.74736566818129
20.760116930708058
20.803707139042263
20.811056072906716
20.896496660983306
20.910046870332923
20.951626197101085
20.981743643798286
21.003899573541663
21.044487378060538
21.120538384384542
21.135296863458162
21.180764242382082
21.235332424084845
21.251427270477294
21.319748559552593
21.347640517179183
21.359127471472977
21.408890538374017
21.417642155120983
21.45527370269999
21.510733775093566
21.563523594202277
21.60891978388116
21.618987317573538
21.66022541240376
21.69295872839016
21.72979628633512
21.777150719232775
21.82178765173739
21.847125021623555
21.852128552106688
21.867833848109417
21.920388301236677
21.952539455725354
21.98780057793329
22.002741247339134
22.02455952579031
22.088250229595836
22.129681001497367
22.203417371747836
22.21985484147478
22.25629180722729
22.296230038668146
22.33989353244108
22.349805598833033
22.40451269198436
22.462254754558032
22.50683295193913
22.525610121124156
22.564395875417752
22.594657517409257
22.617890879489433
22.643218346388466
22.70916856413183
22.73706477885504
22.811718435113615
22.821684553647035
22.860397435432137
22.91062022816073
22.926303209148784
22.947296343341726
22.96938921699335
23.019251765894282
23.036771281753975
23.080568506407726
23.115698925669665
23.16806884234339
23.196989808578827
23.216697207918163
23.295889999494854
23.343541730770845
23.358049536409546
23.413397949878664
23.474487714098704
23.488026023203613
23.52714392415941
23.573610449427864
23.600379211388475
23.623100192962596
23.63415113019274
23.65279132563956
23.711422878322374
23.75182277605747
23.772001040204294
23.787150550536815
23.81228226769604
23.8512488955708
23.869224286685103
23.948574330735944
23.958744492135118
24.06477232825611
24.091562145775885
24.178282602492562
24.218182961809433
24.232722810557306
24.25363654396913
24.26986185511399
24.308991588465904
24.363386864675686
24.38079926441737
24.395820111210078
24.4399957415257
24.51123698928198
24.539914380611435
24.574100903979478
24.603896106870245
24.642463918313492
24.658153439289947
24.70448512963194
24.784599042590184
24.810284837960758
24.88697828350713
24.939977026799472
24.966824155782266
25.003521770095627
25.055538862939247
25.079804111203785
25.152802280715925
25.1678794441878
25.179269060028172
25.204350623079097
25.267912494096713
25.29575586378229
25.41201272176463
25.45366789892396
25.467816657196444
25.50603037644824
25.544156172808474
25.57203433749297
25.597265330011645
25.645238585441582
25.67155061042858
25.744819522027992
25.775566950563498
25.80042664662744
25.83467576382124
25.862144646889774
25.96030681904622
25.99819930057113
26.01252803139821
26.06531671722182
26.08812098339782
26.10309326887352
26.184705362747398
26.20814684457832
26.237726433003164
26.281268079967784
26.32312831961427
26.418184073603005
26.456837352927106
26.501144741460696
26.550494248100467
26.580534043735717
26.619161731387724
26.64132732673069
26.728995895817174
26.749683083177626
26.78643765311015
26.829979779618814
26.846065222042785
26.929336321203905
26.981232125553134
27.008292785468715
27.06009564017705
27.094551735211176
27.172459886942065
27.21123165670811
27.275918353545563
27.292320125883283
27.358747413844807
27.42010941105239
27.500259822271307
27.517364215660788
27.55149486741693
27.57096064580374
27.634567346147023
27.70102645256908
27.779200128089663
27.888441021769975
27.9151350303094
27.961244061046354
27.998772345215357
28.033939823380546
28.116932907857585
28.12881745417108
28.19425613144853
28.23070344645374
28.31665620982158
28.35021252777256
28.428223548237042
28.495512090623357
28.5670963610791
28.660250616681655
28.697509252471153
28.74996113108742
28.769647793080175
28.89342305387491
28.93658353600792
29.02528319230356
29.027705173088663
29.098268695719195
29.169108803784965
29.2452813217248
29.337621970695793
29.419101834996436
29.507423271867648
29.57988790256624
29.669256300889003
29.721713351672182
29.741299020228865
29.862017979285753
29.933411219383444
29.947228835231826
30.031860497176364
30.092464995930047
30.3336997234436
30.462086089767134
30.47940514052455
30.546212706580278
30.64329757915227
30.776470320655058
30.860043165408793
30.943937878359804
30.95785519368963
31.045460439240795
31.10534071287357
31.203285825601338
31.282884137651052
31.379350806775356
31.395740801261642
31.50380334411997
31.585946943983046
31.66696257578708
31.71386177565184
31.89900254874696
32.08565173288435
32.18914041466167
32.316048222263554
32.420157985970135
32.591864619628524
32.628162466065575
32.698666753717575
32.89970209670147
33.13605232152847
33.174650862505075
33.32196740606869
33.43079086488014
34.025468413959345
34.38779074145975
34.51646944276905
34.79515745307973
34.88342277907747
37.07073917707567
37.5216565985475
