0.4968660247851994
0.6371539995194951
0.6930575330374126
0.7179813033046827
0.7353925120490042
0.7970582024296854
0.8419792229021898
0.9202133382057066
0.9877759412037416
4.292537831656145
4.319759439019419
4.454104749538819
4.949384998866705
5.0384480408902395
5.073514086538181
5.118943995389751
5.1513914540480945
5.210293593228463
5.3135188160927465
5.355578652341468
5.474373342806876
5.5301879270023155
5.627385303453273
5.736570018107162
5.9414136979749435
5.955356651655884
6.023141957362743
6.183361316866434
6.318176890156233
6.340095728230969
6.427334092914985
6.448865463467146
6.476485133181437
6.481183427139809
6.528234417649467
6.567707505036538
6.593534996124361
6.688621408360935
6.724132488549492
6.733332991480511
6.747476349281837
6.791471027631291
6.848322614854701
6.914429102810825
6.956859444718878
7.043435706149413
7.071455363554422
7.09617663733824
7.107039653767304
7.161132524992216
7.1930620009734945
7.217036297238456
7.265266837857284
7.273754424043559
7.289797213946044
7.33219853869144
7.364418644373723
7.420754504640495
7.461985427227497
7.477455827250934
7.48411638414496
7.506229741151758
7.529365806901416
7.551876926525282
7.5706385552984665
7.602230782018596
7.645668529393185
7.669671312696957
7.6918164009037655
7.700340693905453
7.739485922203027
7.794959836956232
7.806018308298795
7.825868131685051
7.878442252882318
7.898992863614937
7.956953588052094
7.988816039342798
7.995914047918282
8.062758598950015
8.086647699992588
8.122572217164727
8.164446765116994
8.187624824006768
8.222771293222003
8.235439004155447
8.253250591565628
8.280213260577355
8.28722239363777
8.299967729458073
8.362948671955202
8.378099787387818
8.417902140235883
8.44925613723154
8.47123738649495
8.521863815579096
8.589668192703465
8.63626440601597
8.648454254503422
8.684634089834377
8.689965362548755
8.72588949066739
8.731305458766789
8.755425637638293
8.778224534419756
8.838792903198465
8.851039800832964
8.877164511070925
8.891166777523617
8.93929044390116
8.965945221180911
8.989171632521577
8.99482767675758
9.04459504298351
9.11005433658995
9.123095395690225
9.144299229429896
9.18479768275795
9.216436098832814
9.227143451819979
9.248464029106305
9.259791578868981
9.336682908152012
9.352770087080371
9.358550640648616
9.39034011739875
9.39051192204126
9.423613842330166
9.450239793970752
9.48687314270571
9.524813955561335
9.533880298722815
9.545035649484447
9.558420743814523
9.582394584449188
9.592298375227985
9.595649764662067
9.633575638110697
9.65785241414657
9.699157412289045
9.721261042191655
9.756146221637442
9.77121577962484
9.835874442155315
9.84927958467069
9.87652296511046
9.919774809845224
9.946008183761736
9.986429090692294
10.014550293106902
10.037503097792236
10.079523905421446
10.090599653532308
10.10754613186745
10.147774317669466
10.184477684766243
10.227648554133204
10.252977269516155
10.270203218586019
10.28579558901996
10.306687045121956
10.35297706395885
10.354238345353052
10.398521913254672
10.411061390053554
10.450501919874988
10.468268958079252
10.472329763744337
10.527424418186138
10.54275861526211
10.58594881862255
10.621146539470528
10.640940350947679
10.678619433996033
10.69433994155037
10.740497384532768
10.772661755358358
10.790464337686965
10.806281781182571
10.847667994091701
10.868537871349503
10.88483105386882
10.917382657488147
10.94295834110842
10.95370654677132
11.020186356508004
11.035941263361712
11.074121062661535
11.111914523602412
11.147535801182446
11.17759497599414
11.187883177011066
11.21436840163278
11.235052924302298
11.248939131050909
11.296558861344119
11.311490815816356
11.335628217142435
11.3570580980832
11.384444129577059
11.399846761840264
11.409619436449098
11.445459824572646
11.478561837398404
11.499959672537168
11.52119188607862
11.531060751796437
11.570132779106851
11.613679015284873
11.62954314312815
11.671393879819984
11.679727050423079
11.683692226142698
11.745377852644431
11.772077718670754
11.79898255161619
11.824377250627684
11.849710647848658
11.861852944844786
11.880456919214337
11.892850396144661
11.91161705940562
11.937977757061379
11.966916914685628
11.997902535126244
12.012781513246772
12.023896228168466
12.07416118406414
12.128348162099961
12.140201308429805
12.143003322282047
12.16468532571521
12.189896148039711
12.227775995048516
12.257603117691295
12.291402168525368
12.308121918517053
12.347311319271157
12.350096029923607
12.361538687673
12.401928732571532
12.406274101427423
12.443223393610197
12.47575046059133
12.513315938476335
12.536756683770376
12.566947304168151
12.595805367651176
12.61364335732209
12.644435156880702
12.690880529969535
12.715918121669109
12.775785174078646
12.819819023066783
12.846987783632654
12.85316642250658
12.888939264340042
12.902325690183714
12.931217201095006
12.955666746819777
12.982575450436714
12.996688918913636
13.0313242404379
13.058323149096326
13.072928825990397
13.097376957958467
13.123816177361894
13.160888562684782
13.215555156059192
13.233115043847045
13.25253963743329
13.27910910055751
13.30496484492808
13.315179512037263
13.346362407788359
13.408016420422332
13.43215048420878
13.436282026088643
13.46919161496865
13.491484543393751
13.509244404184576
13.532055457926134
13.56639157834557
13.588923811082404
13.611113947746178
13.626873087627793
13.652254700087918
13.68091663473342
13.691675002124862
13.735679448721118
13.788642294967104
13.83816567342829
13.853119498120025
13.906546223814765
13.913258025859834
13.997943545922624
14.022464441952126
14.048957219159693
14.095624602386184
14.106543266378726
14.125900528204967
14.157442295874038
14.203892126074535
14.23411275359197
14.260860603694582
14.266332357279015
14.316523151736641
14.344835957779505
14.370215152766532
14.383581207040358
14.44908839220168
14.491837840943198
14.49952661152862
14.538503598646814
14.54573541126196
14.563470281077056
14.582911382608609
14.630815614479538
14.651997230960651
14.679117930683066
14.689865224210305
14.760103679170626
14.795466638327829
14.82639350054147
14.85295274491324
14.893195821603763
14.913064846126245
14.935282462051035
14.97073937818025
15.000026638124202
15.043629630317918
15.077932575960709
15.113093980289952
15.152702219871923
15.170088499093263
15.192965980972218
15.235024908502655
15.311041833055127
15.34833886452874
15.363817823753868
15.397758051596282
15.407814083292946
15.415794069859837
15.446600506921529
15.49312831933744
15.524089332648357
15.535927568128168
15.5695259328735
15.57954905556131
15.608102709758771
15.629940996935154
15.660454500182135
15.685766844842222
15.712839104592621
15.715774774707103
15.756133026689202
15.812748186438089
15.836890531952552
15.887332307878083
15.917804518164523
15.929743708413604
15.996945318552267
16.019851374564897
16.034588128126714
16.04673059150685
16.06735536529421
16.10253351514991
16.116123914423067
16.18216014065816
16.2172752426167
16.232632716492013
16.24185500275636
16.28405894011428
16.336535333829875
16.34136924464385
16.394857672560928
16.405662068184935
16.42309315371359
16.491611616229363
16.515634280440327
16.57285810861617
16.610995794372045
16.637341455139385
16.74170181778644
16.746309100142376
16.771811416864708
16.780514213445166
16.83219678986697
16.847153367132346
16.873895549646903
16.914310005541516
16.969087597444883
17.013269372710358
17.050182995719762
17.085257760715436
17.141696409536962
17.167201075294177
17.186869932532755
17.217653311865444
17.280634599242816
17.304497548243496
17.330428347969622
17.374495164440564
17.403906696232493
17.45228257819949
17.47806988133795
17.515790127857997
17.56297222485104
17.6071595239324
17.638118273933735
17.702825976976985
17.72852075071688
17.779890115861512
17.794691762043357
17.818194811457474
17.886754508493787
17.90325924848776
17.92755345461657
17.936710884092747
17.99027785277016
18.038284720673143
18.0547760937792
18.094401200062595
18.132932093737555
18.175533591819438
18.203638773770088
18.271058263719283
18.282909748974973
18.30080969987411
18.347364300014018
18.371458407491676
18.438396898683294
18.513722698558414
18.572142608229413
18.634662841500248
18.717612696076404
18.78140357909522
18.795889065152082
18.81788123980466
18.896678370761148
18.906611145049908
18.924850280953454
18.958349421706792
18.994654128890787
19.10719189279527
19.127439624982923
19.182713980947153
19.241759956072677
19.276715555984797
19.304231731005423
19.4303310069512
19.440288203109386
19.526501949462205
19.535602913619503
19.67373588709838
19.70015287524491
19.808379061420315
19.859007582541995
19.89818879118151
19.916335048409564
19.940652679254548
20.00050253231343
20.039858205495232
20.04612067209601
20.12046460537222
20.13146599357746
20.180240304340764
20.311075331982927
20.35927350724134
20.38445806198945
20.407735209958922
20.467391968698237
20.52111828110062
20.539032614014655
20.774288845447376
20.845152130401296
20.909235227293273
20.931767992720125
21.020049624627703
21.114712799131574
21.16713798443321
21.250530234060072
21.29636654422765
21.33136014497884
21.454995143380078
21.54013582457784
21.644347254329205
21.71590402267288
21.809827968795634
21.881271192309317
22.163431772393203
22.241525199694358
22.278260004455102
22.50299578229086
22.602362736022755
23.168102133554047
23.745184759864568
24.384513048449087
25.01159284349516
0.4968660247851994
0.6371539995194951
0.6930575330374126
0.7179813033046827
0.7353925120490042
0.7970582024296854
0.8419792229021898
0.9202133382057066
0.9877759412037416
4.292537831656145
4.319759439019419
4.454104749538819
4.949384998866705
5.0384480408902395
5.073514086538181
5.118943995389751
5.1513914540480945
5.210293593228463
5.3135188160927465
5.355578652341468
5.474373342806876
5.5301879270023155
5.627385303453273
5.736570018107162
5.9414136979749435
5.955356651655884
6.023141957362743
6.183361316866434
6.318176890156233
6.340095728230969
6.427334092914985
6.448865463467146
6.476485133181437
6.481183427139809
6.528234417649467
6.567707505036538
6.593534996124361
6.688621408360935
6.724132488549492
6.733332991480511
6.747476349281837
6.791471027631291
6.848322614854701
6.914429102810825
6.956859444718878
7.043435706149413
7.071455363554422
7.09617663733824
7.107039653767304
7.161132524992216
7.1930620009734945
7.217036297238456
7.265266837857284
7.273754424043559
7.289797213946044
7.33219853869144
7.364418644373723
7.420754504640495
7.461985427227497
7.477455827250934
7.48411638414496
7.506229741151758
7.529365806901416
7.551876926525282
7.5706385552984665
7.602230782018596
7.645668529393185
7.669671312696957
7.6918164009037655
7.700340693905453
7.739485922203027
7.794959836956232
7.806018308298795
7.825868131685051
7.878442252882318
7.898992863614937
7.956953588052094
7.988816039342798
7.995914047918282
8.062758598950015
8.086647699992588
8.122572217164727
8.164446765116994
8.187624824006768
8.222771293222003
8.235439004155447
8.253250591565628
8.280213260577355
8.28722239363777
8.299967729458073
8.362948671955202
8.378099787387818
8.417902140235883
8.44925613723154
8.47123738649495
8.521863815579096
8.589668192703465
8.63626440601597
8.648454254503422
8.684634089834377
8.689965362548755
8.72588949066739
8.731305458766789
8.755425637638293
8.778224534419756
8.838792903198465
8.851039800832964
8.877164511070925
8.891166777523617
8.93929044390116
8.965945221180911
8.989171632521577
8.99482767675758
9.04459504298351
9.11005433658995
9.123095395690225
9.144299229429896
9.18479768275795
9.216436098832814
9.227143451819979
9.248464029106305
9.259791578868981
9.336682908152012
9.352770087080371
9.358550640648616
9.39034011739875
9.39051192204126
9.423613842330166
9.450239793970752
9.48687314270571
9.524813955561335
9.533880298722815
9.545035649484447
9.558420743814523
9.582394584449188
9.592298375227985
9.595649764662067
9.633575638110697
9.65785241414657
9.699157412289045
9.721261042191655
9.756146221637442
9.77121577962484
9.835874442155315
9.84927958467069
9.87652296511046
9.919774809845224
9.946008183761736
9.986429090692294
10.014550293106902
10.037503097792236
10.079523905421446
10.090599653532308
10.10754613186745
10.147774317669466
10.184477684766243
10.227648554133204
10.252977269516155
10.270203218586019
10.28579558901996
10.306687045121956
10.35297706395885
10.354238345353052
10.398521913254672
10.411061390053554
10.450501919874988
10.468268958079252
10.472329763744337
10.527424418186138
10.54275861526211
10.58594881862255
10.621146539470528
10.640940350947679
10.678619433996033
10.69433994155037
10.740497384532768
10.772661755358358
10.790464337686965
10.806281781182571
10.847667994091701
10.868537871349503
10.88483105386882
10.917382657488147
10.94295834110842
10.95370654677132
11.020186356508004
11.035941263361712
11.074121062661535
11.111914523602412
11.147535801182446
11.17759497599414
11.187883177011066
11.21436840163278
11.235052924302298
11.248939131050909
11.296558861344119
11.311490815816356
11.335628217142435
11.3570580980832
11.384444129577059
11.399846761840264
11.409619436449098
11.445459824572646
11.478561837398404
11.499959672537168
11.52119188607862
11.531060751796437
11.570132779106851
11.613679015284873
11.62954314312815
11.671393879819984
11.679727050423079
11.683692226142698
11.745377852644431
11.772077718670754
11.79898255161619
11.824377250627684
11.849710647848658
11.861852944844786
11.880456919214337
11.892850396144661
11.91161705940562
11.937977757061379
11.966916914685628
11.997902535126244
12.012781513246772
12.023896228168466
12.07416118406414
12.128348162099961
12.140201308429805
12.143003322282047
12.16468532571521
12.189896148039711
12.227775995048516
12.257603117691295
12.291402168525368
12.308121918517053
12.347311319271157
12.350096029923607
12.361538687673
12.401928732571532
12.406274101427423
12.443223393610197
12.47575046059133
12.513315938476335
12.536756683770376
12.566947304168151
12.595805367651176
12.61364335732209
12.644435156880702
12.690880529969535
12.715918121669109
12.775785174078646
12.819819023066783
12.846987783632654
12.85316642250658
12.888939264340042
12.902325690183714
12.931217201095006
12.955666746819777
12.982575450436714
12.996688918913636
13.0313242404379
13.058323149096326
13.072928825990397
13.097376957958467
13.123816177361894
13.160888562684782
13.215555156059192
13.233115043847045
13.25253963743329
13.27910910055751
13.30496484492808
13.315179512037263
13.346362407788359
13.408016420422332
13.43215048420878
13.436282026088643
13.46919161496865
13.491484543393751
13.509244404184576
13.532055457926134
13.56639157834557
13.588923811082404
13.611113947746178
13.626873087627793
13.652254700087918
13.68091663473342
13.691675002124862
13.735679448721118
13.788642294967104
13.83816567342829
13.853119498120025
13.906546223814765
13.913258025859834
13.997943545922624
14.022464441952126
14.048957219159693
14.095624602386184
14.106543266378726
14.125900528204967
14.157442295874038
14.203892126074535
14.23411275359197
14.260860603694582
14.266332357279015
14.316523151736641
14.344835957779505
14.370215152766532
14.383581207040358
14.44908839220168
14.491837840943198
14.49952661152862
14.538503598646814
14.54573541126196
14.563470281077056
14.582911382608609
14.630815614479538
14.651997230960651
14.679117930683066
14.689865224210305
14.760103679170626
14.795466638327829
14.82639350054147
14.85295274491324
14.893195821603763
14.913064846126245
14.935282462051035
14.97073937818025
15.000026638124202
15.043629630317918
15.077932575960709
15.113093980289952
15.152702219871923
15.170088499093263
15.192965980972218
15.235024908502655
15.311041833055127
15.34833886452874
15.363817823753868
15.397758051596282
15.407814083292946
15.415794069859837
15.446600506921529
15.49312831933744
15.524089332648357
15.535927568128168
15.5695259328735
15.57954905556131
15.608102709758771
15.629940996935154
15.660454500182135
15.685766844842222
15.712839104592621
15.715774774707103
15.756133026689202
15.812748186438089
15.836890531952552
15.887332307878083
15.917804518164523
15.929743708413604
15.996945318552267
16.019851374564897
16.034588128126714
16.04673059150685
16.06735536529421
16.10253351514991
16.116123914423067
16.18216014065816
16.2172752426167
16.232632716492013
16.24185500275636
16.28405894011428
16.336535333829875
16.34136924464385
16.394857672560928
16.405662068184935
16.42309315371359
16.491611616229363
16.515634280440327
16.57285810861617
16.610995794372045
16.637341455139385
16.74170181778644
16.746309100142376
16.771811416864708
16.780514213445166
16.83219678986697
16.847153367132346
16.873895549646903
16.914310005541516
16.969087597444883
17.013269372710358
17.050182995719762
17.085257760715436
17.141696409536962
17.167201075294177
17.186869932532755
17.217653311865444
17.280634599242816
17.304497548243496
17.330428347969622
17.374495164440564
17.403906696232493
17.45228257819949
17.47806988133795
17.515790127857997
17.56297222485104
17.6071595239324
17.638118273933735
17.702825976976985
17.72852075071688
17.779890115861512
17.794691762043357
17.818194811457474
17.886754508493787
17.90325924848776
17.92755345461657
17.936710884092747
17.99027785277016
18.038284720673143
18.0547760937792
18.094401200062595
18.132932093737555
18.175533591819438
18.203638773770088
18.271058263719283
18.282909748974973
18.30080969987411
18.347364300014018
18.371458407491676
18.438396898683294
18.513722698558414
18.572142608229413
18.634662841500248
18.717612696076404
18.78140357909522
18.795889065152082
18.81788123980466
18.896678370761148
18.906611145049908
18.924850280953454
18.958349421706792
18.994654128890787
19.10719189279527
19.127439624982923
19.182713980947153
19.241759956072677
19.276715555984797
19.304231731005423
19.4303310069512
19.440288203109386
19.526501949462205
19.535602913619503
19.67373588709838
19.70015287524491
19.808379061420315
19.859007582541995
19.89818879118151
19.916335048409564
19.940652679254548
20.00050253231343
20.039858205495232
20.04612067209601
20.12046460537222
20.13146599357746
20.180240304340764
20.311075331982927
20.35927350724134
20.38445806198945
20.407735209958922
20.467391968698237
20.52111828110062
20.539032614014655
20.774288845447376
20.845152130401296
20.909235227293273
20.931767992720125
21.020049624627703
21.114712799131574
21.16713798443321
21.250530234060072
21.29636654422765
21.33136014497884
21.454995143380078
21.54013582457784
21.644347254329205
21.71590402267288
21.809827968795634
21.881271192309317
22.163431772393203
22.241525199694358
22.278260004455102
22.50299578229086
22.602362736022755
23.168102133554047
23.745184759864568
24.384513048449087
25.01159284349516
