0.769250821100588
0.8528326114022281
0.8990228030294104
0.9593035773001268
1.0605278172339605
10.495306739923207
10.77478288094395
11.10478177700301
11.333882798050492
11.353666303439184
11.374537945691443
11.735790843170804
11.782399396823813
11.98091058649793
12.008561347051018
12.065443061468704
12.092018004342364
12.143926943040448
12.203435878247749
12.379621111613472
12.411621907215675
12.508219019840787
12.516331287127377
12.557884269986078
12.596904069709858
12.726294821189981
12.808726594429828
12.881075475012448
12.934641025574583
12.947797209538768
12.981826508699351
13.062842344509507
13.225290084015136
13.275712455010302
13.338959880972368
13.398028814004507
13.448931275070239
13.479270804668479
13.491332319890143
13.546737665656677
13.576894897654746
13.637963346799618
13.707876305098887
13.756422334473092
13.760512579979027
13.77415681173383
13.849081387703741
13.912123945450443
13.981025511831344
14.031472165489973
14.085360607282844
14.103027068705039
14.139868968024363
14.17122571013062
14.188566359984087
14.248686741958375
14.281795682064534
14.35556572643274
14.431248351757997
14.496170589790415
14.53185574883234
14.598429147967087
14.630235979485418
14.665503967414995
14.696391283041851
14.709367142671484
14.714714239668487
14.846905510450334
14.953228115468935
15.00265868082679
15.027940680813167
15.036699127214867
15.086123319052342
15.10839401871117
15.174491894686255
15.201252829574921
15.257792149726606
15.276116831156314
15.305783074255142
15.334429280504525
15.397179599913624
15.410392435588518
15.460479180525418
15.474119236388079
15.580030041257613
15.601786271579646
15.670021862610158
15.6874844202594
15.711819614264844
15.72770627929559
15.789470828303726
15.805488112752956
15.862283374131943
15.884182680802775
15.907969910310177
15.973311817133075
15.991638121103524
16.03397733637629
16.086136629496643
16.133184175505953
16.146702051790484
16.17668186496836
16.265939524435563
16.27570251169716
16.31237542123967
16.356533616158224
16.364026156236417
16.37370372184389
16.410813070278046
16.42931735779691
16.443465011365795
16.48964206889587
16.54842039180653
16.59166015939796
16.61437600142987
16.64081652779485
16.662226030597203
16.712967480979874
16.734682395531742
16.797315089017154
16.821164359856237
16.845209377195875
16.91637055573528
16.96765400776779
16.973482255671385
17.01755032870354
17.031031178551782
17.071802483745834
17.12739989910616
17.136462456999432
17.21351673375024
17.215845729390573
17.306933122543803
17.327632452410484
17.342724380048242
17.369065269814172
17.424913674779503
17.456930373362873
17.514169125958414
17.54991351874882
17.59236621655312
17.61118569781269
17.64797121137572
17.65663118095464
17.701735657382603
17.726374762608156
17.770042322074918
17.777275095039712
17.812658162313827
17.83980101572824
17.854627735028565
17.904352701336123
17.94872283558237
17.984752893604835
18.037278119738975
18.05915202125343
18.09311934443249
18.14288472901921
18.178023997501672
18.19710655526191
18.245653492619837
18.265605128790902
18.35983720316154
18.37808876878898
18.41963668726699
18.44052206970915
18.47215775002942
18.494804498649483
18.511054741946815
18.54467895255316
18.573241334620015
18.62290819593376
18.66645659174247
18.724321447133665
18.73671950568263
18.765544340860718
18.809240269445286
18.846802174130055
18.885154761503465
18.91025472759409
18.92073545049174
18.953581246928334
18.981952545494774
19.01272481659911
19.057841253870837
19.10544866929309
19.110462451495152
19.143846761934846
19.162385692783452
19.192768057899254
19.211221148738627
19.289211269590204
19.295437302018914
19.350507031306776
19.37708147632419
19.41692230116456
19.422679707550532
19.48588972185133
19.517566152936162
19.560296633730207
19.617619416520466
19.63526926696856
19.66358437833852
19.687172276165064
19.73272702370214
19.7415142026505
19.793188458687002
19.80125087259426
19.810876032101337
19.872044157314352
19.92210128417327
19.95158366924725
19.96330603329845
20.012395918729123
20.070408464878103
20.095336622547524
20.12095000074728
20.150067727790784
20.178710607565545
20.2334836040152
20.277916991935147
20.31733457321323
20.347113848854203
20.390183498499518
20.43586204962292
20.45978827302306
20.469863101538287
20.484077795987908
20.563927015321436
20.608574065964504
20.65047444800363
20.658222861916567
20.686636219090826
20.72626578868124
20.801331769673325
20.812451505935016
20.821005274406073
20.84257573218886
20.890541335809438
20.92554852640385
20.965323985479326
20.98004319340386
21.029120435887258
21.07064657289252
21.089550801830992
21.09403320283046
21.141235331441322
21.201371042703812
21.23101349039182
21.263903307777703
21.27352700210517
21.325170787805398
21.375542356542233
21.388464966373647
21.39943364133269
21.440395607006387
21.49380934531065
21.522384713551844
21.551995468085135
21.610356740797567
21.66333502940532
21.673001290709497
21.704008151437066
21.73609860639966
21.744776086316797
21.765827351257325
21.78658076753303
21.85442081120221
21.868079522554112
21.88383352013047
21.966966284073685
21.976199451876187
22.038261027388764
22.04785267809328
22.06533408865999
22.09115454019143
22.132466095349578
22.176707917946576
22.203738055516805
22.215664022812657
22.230971538691378
22.295735291419366
22.335657460580602
22.36428085623336
22.396676692892495
22.428501687290336
22.47479353951865
22.54456222299465
22.56495733128683
22.59715227614086
22.635788398897848
22.694648457277296
22.756761849371177
22.778293419837485
22.800913461921805
22.85166196868595
22.87461108511621
22.952410779096088
22.973517880834095
23.01546139542088
23.048923304894434
23.077159961952123
23.102049955673376
23.147842080695
23.1932449020602
23.243908137316403
23.27381314722161
23.30834342650152
23.356698974212083
23.390355136158007
23.428450215469887
23.447954797958744
23.461708711389683
23.492170522033803
23.560948974324305
23.57902227869974
23.608198472096603
23.654368171244656
23.735566346871583
23.752406563333423
23.813676235193242
23.843139035641787
23.885336791564754
23.915558543883606
23.94294827343343
23.951737375131
23.991393436418555
24.00619873801431
24.044834577908418
24.060728819802346
24.109788701533223
24.13061480128674
24.138770944764435
24.15854440647242
24.19682975260947
24.257942778985147
24.28843236329798
24.32746428941448
24.3551975181854
24.3805080221924
24.412582421389935
24.425385014481325
24.458495605863536
24.537161793055677
24.54652702812776
24.606309889995856
24.64394260320801
24.67937109052489
24.70351131893474
24.754732758819873
24.82837371168671
24.832689282060468
24.855493468750645
24.879214231785745
24.910350632241478
24.98454329195748
24.998648267463004
25.07709975081991
25.159527549201457
25.176261361476673
25.21771119226202
25.232056625487132
25.257121659249965
25.268673626014287
25.321890454379215
25.406385364152676
25.409181677477847
25.444610089542625
25.519539968549527
25.533486214567915
25.58856819126305
25.631413337319714
25.65759456281966
25.690428946410496
25.71525684974804
25.83363161091655
25.864489704853366
25.943143439086978
25.9788877572921
26.007394501176943
26.02574616989728
26.07192466026637
26.148051558179027
26.17556260651207
26.2285078526845
26.251701298960676
26.299455078435354
26.31881556610178
26.34605100336923
26.387608081753598
26.431947265471816
26.467104560732547
26.49706874801053
26.534833247081867
26.60797664777281
26.646775265840486
26.701053013307327
26.78896542502802
26.81162746132928
26.82775356532218
26.938540947189917
26.956911942428885
26.965176415773517
27.060135872726693
27.118830229979235
27.136745847625743
27.17336314460737
27.210008111582503
27.239367770021115
27.289609681866967
27.326011756564736
27.39709126968338
27.460946631943575
27.485155909290306
27.508733318490798
27.59934214196757
27.62829318165909
27.68829759851068
27.736535972763267
27.79227846437072
27.83297054467459
27.883750178577536
27.904516900350014
27.9294681858489
27.956310344924493
28.00455354967494
28.0395011876884
28.123444580312533
28.211281124514535
28.249668655558477
28.28130316510053
28.353215414547773
28.364777082209375
28.5033213747959
28.508759794929453
28.537130198114316
28.664190437073316
28.720948536818415
28.859599548528887
28.8841753883131
28.926016120388372
28.983244725698516
29.017872448870346
29.06323157003888
29.162880580992482
29.186373095225377
29.271007671553253
29.382486171870063
29.422775578379138
29.495718966892625
29.54768245926687
29.572585949681574
29.647606470535656
29.724994303652764
29.745749230131754
29.795094320965926
29.837109015708222
29.969861861669763
30.021799895771377
30.03139930868245
30.113269412903538
30.257521253266674
30.315584165584298
30.327349156005226
30.352922948169937
30.460525979298534
30.64584490920551
30.663630475204545
30.760796746061274
30.807307027355932
30.82991394463104
30.95257613350644
31.01008903173706
31.190727532433545
31.22313685709306
31.313884340134017
31.346508790012305
31.37955810215889
31.578823489820614
31.712923391534087
31.741350244593892
31.83213845972413
32.22042467662931
32.52652993138345
32.543122019266164
32.58739072034209
32.67795839165976
32.7859889162988
32.854603434251835
32.95600254030418
33.11981028906738
33.271634669673595
33.71191558739981
33.75076542068027
33.949776457182686
34.20987429093815
34.48245386876051
35.589412311252474
36.462043503436455
0.769250821100588
0.8528326114022281
0.8990228030294104
0.9593035773001268
1.0605278172339605
10.495306739923207
10.77478288094395
11.10478177700301
11.333882798050492
11.353666303439184
11.374537945691443
11.735790843170804
11.782399396823813
11.98091058649793
12.008561347051018
12.065443061468704
12.092018004342364
12.143926943040448
12.203435878247749
12.379621111613472
12.411621907215675
12.508219019840787
12.516331287127377
12.557884269986078
12.596904069709858
12.726294821189981
12.808726594429828
12.881075475012448
12.934641025574583
12.947797209538768
12.981826508699351
13.062842344509507
13.225290084015136
13.275712455010302
13.338959880972368
13.398028814004507
13.448931275070239
13.479270804668479
13.491332319890143
13.546737665656677
13.576894897654746
13.637963346799618
13.707876305098887
13.756422334473092
13.760512579979027
13.77415681173383
13.849081387703741
13.912123945450443
13.981025511831344
14.031472165489973
14.085360607282844
14.103027068705039
14.139868968024363
14.17122571013062
14.188566359984087
14.248686741958375
14.281795682064534
14.35556572643274
14.431248351757997
14.496170589790415
14.53185574883234
14.598429147967087
14.630235979485418
14.665503967414995
14.696391283041851
14.709367142671484
14.714714239668487
14.846905510450334
14.953228115468935
15.00265868082679
15.027940680813167
15.036699127214867
15.086123319052342
15.10839401871117
15.174491894686255
15.201252829574921
15.257792149726606
15.276116831156314
15.305783074255142
15.334429280504525
15.397179599913624
15.410392435588518
15.460479180525418
15.474119236388079
15.580030041257613
15.601786271579646
15.670021862610158
15.6874844202594
15.711819614264844
15.72770627929559
15.789470828303726
15.805488112752956
15.862283374131943
15.884182680802775
15.907969910310177
15.973311817133075
15.991638121103524
16.03397733637629
16.086136629496643
16.133184175505953
16.146702051790484
16.17668186496836
16.265939524435563
16.27570251169716
16.31237542123967
16.356533616158224
16.364026156236417
16.37370372184389
16.410813070278046
16.42931735779691
16.443465011365795
16.48964206889587
16.54842039180653
16.59166015939796
16.61437600142987
16.64081652779485
16.662226030597203
16.712967480979874
16.734682395531742
16.797315089017154
16.821164359856237
16.845209377195875
16.91637055573528
16.96765400776779
16.973482255671385
17.01755032870354
17.031031178551782
17.071802483745834
17.12739989910616
17.136462456999432
17.21351673375024
17.215845729390573
17.306933122543803
17.327632452410484
17.342724380048242
17.369065269814172
17.424913674779503
17.456930373362873
17.514169125958414
17.54991351874882
17.59236621655312
17.61118569781269
17.64797121137572
17.65663118095464
17.701735657382603
17.726374762608156
17.770042322074918
17.777275095039712
17.812658162313827
17.83980101572824
17.854627735028565
17.904352701336123
17.94872283558237
17.984752893604835
18.037278119738975
18.05915202125343
18.09311934443249
18.14288472901921
18.178023997501672
18.19710655526191
18.245653492619837
18.265605128790902
18.35983720316154
18.37808876878898
18.41963668726699
18.44052206970915
18.47215775002942
18.494804498649483
18.511054741946815
18.54467895255316
18.573241334620015
18.62290819593376
18.66645659174247
18.724321447133665
18.73671950568263
18.765544340860718
18.809240269445286
18.846802174130055
18.885154761503465
18.91025472759409
18.92073545049174
18.953581246928334
18.981952545494774
19.01272481659911
19.057841253870837
19.10544866929309
19.110462451495152
19.143846761934846
19.162385692783452
19.192768057899254
19.211221148738627
19.289211269590204
19.295437302018914
19.350507031306776
19.37708147632419
19.41692230116456
19.422679707550532
19.48588972185133
19.517566152936162
19.560296633730207
19.617619416520466
19.63526926696856
19.66358437833852
19.687172276165064
19.73272702370214
19.7415142026505
19.793188458687002
19.80125087259426
19.810876032101337
19.872044157314352
19.92210128417327
19.95158366924725
19.96330603329845
20.012395918729123
20.070408464878103
20.095336622547524
20.12095000074728
20.150067727790784
20.178710607565545
20.2334836040152
20.277916991935147
20.31733457321323
20.347113848854203
20.390183498499518
20.43586204962292
20.45978827302306
20.469863101538287
20.484077795987908
20.563927015321436
20.608574065964504
20.65047444800363
20.658222861916567
20.686636219090826
20.72626578868124
20.801331769673325
20.812451505935016
20.821005274406073
20.84257573218886
20.890541335809438
20.92554852640385
20.965323985479326
20.98004319340386
21.029120435887258
21.07064657289252
21.089550801830992
21.09403320283046
21.141235331441322
21.201371042703812
21.23101349039182
21.263903307777703
21.27352700210517
21.325170787805398
21.375542356542233
21.388464966373647
21.39943364133269
21.440395607006387
21.49380934531065
21.522384713551844
21.551995468085135
21.610356740797567
21.66333502940532
21.673001290709497
21.704008151437066
21.73609860639966
21.744776086316797
21.765827351257325
21.78658076753303
21.85442081120221
21.868079522554112
21.88383352013047
21.966966284073685
21.976199451876187
22.038261027388764
22.04785267809328
22.06533408865999
22.09115454019143
22.132466095349578
22.176707917946576
22.203738055516805
22.215664022812657
22.230971538691378
22.295735291419366
22.335657460580602
22.36428085623336
22.396676692892495
22.428501687290336
22.47479353951865
22.54456222299465
22.56495733128683
22.59715227614086
22.635788398897848
22.694648457277296
22.756761849371177
22.778293419837485
22.800913461921805
22.85166196868595
22.87461108511621
22.952410779096088
22.973517880834095
23.01546139542088
23.048923304894434
23.077159961952123
23.102049955673376
23.147842080695
23.1932449020602
23.243908137316403
23.27381314722161
23.30834342650152
23.356698974212083
23.390355136158007
23.428450215469887
23.447954797958744
23.461708711389683
23.492170522033803
23.560948974324305
23.57902227869974
23.608198472096603
23.654368171244656
23.735566346871583
23.752406563333423
23.813676235193242
23.843139035641787
23.885336791564754
23.915558543883606
23.94294827343343
23.951737375131
23.991393436418555
24.00619873801431
24.044834577908418
24.060728819802346
24.109788701533223
24.13061480128674
24.138770944764435
24.15854440647242
24.19682975260947
24.257942778985147
24.28843236329798
24.32746428941448
24.3551975181854
24.3805080221924
24.412582421389935
24.425385014481325
24.458495605863536
24.537161793055677
24.54652702812776
24.606309889995856
24.64394260320801
24.67937109052489
24.70351131893474
24.754732758819873
24.82837371168671
24.832689282060468
24.855493468750645
24.879214231785745
24.910350632241478
24.98454329195748
24.998648267463004
25.07709975081991
25.159527549201457
25.176261361476673
25.21771119226202
25.232056625487132
25.257121659249965
25.268673626014287
25.321890454379215
25.406385364152676
25.409181677477847
25.444610089542625
25.519539968549527
25.533486214567915
25.58856819126305
25.631413337319714
25.65759456281966
25.690428946410496
25.71525684974804
25.83363161091655
25.864489704853366
25.943143439086978
25.9788877572921
26.007394501176943
26.02574616989728
26.07192466026637
26.148051558179027
26.17556260651207
26.2285078526845
26.251701298960676
26.299455078435354
26.31881556610178
26.34605100336923
26.387608081753598
26.431947265471816
26.467104560732547
26.49706874801053
26.534833247081867
26.60797664777281
26.646775265840486
26.701053013307327
26.78896542502802
26.81162746132928
26.82775356532218
26.938540947189917
26.956911942428885
26.965176415773517
27.060135872726693
27.118830229979235
27.136745847625743
27.17336314460737
27.210008111582503
27.239367770021115
27.289609681866967
27.326011756564736
27.39709126968338
27.460946631943575
27.485155909290306
27.508733318490798
27.59934214196757
27.62829318165909
27.68829759851068
27.736535972763267
27.79227846437072
27.83297054467459
27.883750178577536
27.904516900350014
27.9294681858489
27.956310344924493
28.00455354967494
28.0395011876884
28.123444580312533
28.211281124514535
28.249668655558477
28.28130316510053
28.353215414547773
28.364777082209375
28.5033213747959
28.508759794929453
28.537130198114316
28.664190437073316
28.720948536818415
28.859599548528887
28.8841753883131
28.926016120388372
28.983244725698516
29.017872448870346
29.06323157003888
29.162880580992482
29.186373095225377
29.271007671553253
29.382486171870063
29.422775578379138
29.495718966892625
29.54768245926687
29.572585949681574
29.647606470535656
29.724994303652764
29.745749230131754
29.795094320965926
29.837109015708222
29.969861861669763
30.021799895771377
30.03139930868245
30.113269412903538
30.257521253266674
30.315584165584298
30.327349156005226
30.352922948169937
30.460525979298534
30.64584490920551
30.663630475204545
30.760796746061274
30.807307027355932
30.82991394463104
30.95257613350644
31.01008903173706
31.190727532433545
31.22313685709306
31.313884340134017
31.346508790012305
31.37955810215889
31.578823489820614
31.712923391534087
31.741350244593892
31.83213845972413
32.22042467662931
32.52652993138345
32.543122019266164
32.58739072034209
32.67795839165976
32.7859889162988
32.854603434251835
32.95600254030418
33.11981028906738
33.271634669673595
33.71191558739981
33.75076542068027
33.949776457182686
34.20987429093815
34.48245386876051
35.589412311252474
36.462043503436455
