0.7242087846663481
0.8293956674442622
0.9007864707839197
0.9530725611596913
1.3187858277161932
9.327277175866282
9.374425401915028
10.92683537173412
11.03698085140704
11.044093154561603
11.06739796855465
11.39565417054184
11.501553163025008
11.869985832719854
11.873773475214415
12.073932870884224
12.21704591382184
12.33458915097873
12.36742326521918
12.530443491689988
12.533827423029592
12.671757667535696
12.70361211847558
12.800464147307732
12.892685589790187
12.907598890225243
12.964463832023664
12.986232558472757
13.053081538761674
13.227187041503834
13.263459666144627
13.303013673155018
13.362679042730635
13.441235455613432
13.57183580404118
13.61822142637079
13.657207105385845
13.733922994979208
13.77502088519332
13.778776780596198
13.812655971879515
13.845800257173197
13.934748313121998
13.97046479631333
14.021798157823829
14.068904111120204
14.165529162040905
14.20750568019123
14.270646363594548
14.347410639120648
14.35870220548975
14.373482210321384
14.450569398336091
14.474742094681055
14.545249121155608
14.57298333981943
14.587376712295638
14.650657862125069
14.657600238580269
14.737312446625952
14.82175153203494
14.838287442842633
14.901178710632815
14.985334920333344
15.000242824008216
15.044392028274473
15.098420087249101
15.10756285797253
15.165923916555636
15.214880880020639
15.231951854185045
15.268554917270476
15.334549700329406
15.362657187099641
15.38806737059179
15.416151045039749
15.448084109378767
15.486410047833099
15.5713316394377
15.616400618043494
15.686007648374414
15.690043256542836
15.726032734269975
15.740352060444135
15.746672184384165
15.793126522693107
15.845962707977908
15.886797351232108
15.900025104153544
15.92746323771139
15.992812469166482
16.02607731875705
16.05604958875972
16.135419109888346
16.17053336541604
16.18492252560827
16.207639081241016
16.245910123989216
16.27809744082219
16.304056658750834
16.334949368767163
16.421742798134346
16.44865213948181
16.518166261687476
16.579132177262622
16.63525669066711
16.660516880692374
16.713171558606053
16.731143829979153
16.779467588921108
16.81419669478678
16.886962750869078
16.902994765383248
16.963879784667796
16.97616623684024
16.994101578761278
17.048621246383103
17.088912744363938
17.128901211920727
17.145310639600314
17.228956078241502
17.245992651807843
17.280042769795493
17.28948677197653
17.33676189442768
17.35684840878569
17.43219649139291
17.461471970581947
17.483273944599286
17.490691917644064
17.54041962380692
17.59351336006214
17.608164179880685
17.63437553420051
17.66158282399862
17.697387041484983
17.751236925707026
17.772145646327957
17.80186074091889
17.83364561246035
17.86863441440163
17.90980153879602
17.93698098124731
17.979523353995084
18.049412410349152
18.10047989790645
18.137535816267995
18.158228099224814
18.205413575886105
18.28704179890239
18.295463394347266
18.312146281241006
18.34517833271669
18.389085709864812
18.432891510759532
18.45398819315448
18.4779255397209
18.50700087780699
18.540261398467393
18.597559865687778
18.653707844582545
18.695699658337585
18.703112313125082
18.74112736907435
18.76387175908469
18.805026986248397
18.840678242732896
18.868346884819534
18.87991693413968
18.900023796925
18.961180167012444
18.99339526623441
19.00831617271621
19.032611543183382
19.056263044842556
19.085781135562303
19.147999248089462
19.183638371701765
19.212612929519867
19.277515495760145
19.29688033583208
19.353521486914747
19.38040205811816
19.420389447528372
19.45133264918999
19.49135319220261
19.51689035301084
19.580831890994947
19.591585715599525
19.62189428457674
19.663356225344952
19.67930628440639
19.714361193641395
19.75987621574339
19.797123457843714
19.8152009704974
19.889746491884125
19.920262749408217
19.96711189887447
19.977609370886363
20.065989532612136
20.109772866744798
20.121338088957902
20.162965236094855
20.192609971085048
20.236224913176613
20.262613212655918
20.28145126180064
20.347363241614303
20.37613890344716
20.385006313756346
20.429050125901977
20.446066311441843
20.491916016631773
20.52068967037645
20.548497766202605
20.576447545873464
20.626989190863057
20.636705561552343
20.721422763375784
20.72722111001987
20.754323531827573
20.782966251446748
20.850620278633304
20.900520295406185
20.921879131198665
20.926633387407392
20.97309943016022
21.015625646442803
21.055938619301806
21.07366594592287
21.094092409073387
21.136418834539434
21.18122227640665
21.219192114361416
21.253986964292178
21.27715758982032
21.335156325873818
21.367754427206552
21.411671192065008
21.461370903583028
21.513324053479174
21.520688179394064
21.549183585066377
21.575316126829446
21.589156355470944
21.672469166118614
21.699810899833256
21.730710606884173
21.741648935851902
21.761698931586988
21.82409102125264
21.858522874372756
21.897800946259775
21.936593231034106
21.94896373174154
21.954728663883248
21.979197111825574
22.025950868239345
22.09615939114591
22.129169586362767
22.146341581797667
22.279031212736395
22.295395849784025
22.31221764996593
22.353043203156282
22.393615868360552
22.413261481236447
22.47908079011883
22.523978495448375
22.54946722086999
22.563833040998855
22.642766966138897
22.658881216861193
22.69257793097123
22.741057177002943
22.792187405908194
22.826982815288723
22.855828464830658
22.893088424683825
22.91085715740091
22.95903357229536
22.994561080904127
23.00619839076863
23.04325196741949
23.06002697029696
23.090222102264438
23.135937404693607
23.16769920260242
23.200567224207415
23.238293276071754
23.30739606619087
23.31193870937574
23.338424353505935
23.37337574603086
23.423474900370422
23.452973282319743
23.48303075566626
23.512653807206203
23.590473084955914
23.609262713795385
23.674082709963578
23.707539262554832
23.72303495914996
23.748367489076173
23.760110958465557
23.77591493321872
23.85723466582991
23.884297497282475
23.93341328388292
23.959627924003883
24.00080400776177
24.03910572383694
24.06458612914139
24.084145371844286
24.124787772128965
24.136099895700728
24.168683402668105
24.19109281816096
24.20966275204148
24.255725053530906
24.29544922937634
24.34937104389189
24.40666004124091
24.420560686805036
24.507970175531856
24.560899622631677
24.63525196761312
24.672392890058884
24.700885189087117
24.718964567689
24.770727321440347
24.808943262665984
24.839965779949022
24.868215160516044
24.89770062808526
24.94257731798661
24.957533081621595
25.000925423850312
25.045075401821745
25.09196189889753
25.1128848260137
25.153482017171896
25.169120338106335
25.18593504029486
25.251719754404434
25.289654809595305
25.294272993283414
25.359076949650717
25.380649306072065
25.4907161599539
25.518262343804796
25.55630813675601
25.602668049956755
25.63885042549337
25.655904249478787
25.701850338926167
25.75719052272265
25.834630495207854
25.894026306362168
25.91715596868077
25.962624008104168
25.983627738892647
26.017946285820244
26.043792591389508
26.07312523938427
26.086984013556556
26.129754169966983
26.155268690894104
26.201243670376577
26.251322986892458
26.3056580607439
26.33133208452781
26.408942132892413
26.419670087737803
26.471079421679296
26.48671794999358
26.54935143975502
26.587976138936348
26.62068227723084
26.712783128594594
26.740496776552057
26.758899222388113
26.824695295298408
26.853260400255078
26.880884301356343
26.922002359818116
26.975159922316035
27.010678902640116
27.01441405676119
27.049958911349407
27.090918898053438
27.149912477283426
27.238177440496393
27.251807467737823
27.30002445701655
27.362326091535852
27.397538097880155
27.45441907091662
27.517544480017342
27.534118819019415
27.651381615652145
27.702064604307246
27.723342341593348
27.760680229600325
27.883385921702764
27.91240025066476
27.92335219939096
27.975927322807014
27.990823719795934
28.102583919193705
28.115262647254994
28.185368578724564
28.262446470632096
28.312138710010007
28.3752369034547
28.398639885416735
28.442300067009107
28.477085951128025
28.510257383500413
28.540077991870426
28.615828355417715
28.665514154384166
28.706711457595436
28.798499839627496
28.81965941800714
28.84281057453923
28.903006951248496
28.95393541416116
28.991347531848454
29.06738423727478
29.078984831799186
29.10681168434019
29.176113037156455
29.218717941481955
29.254323441674856
29.296444639785225
29.39631017219941
29.41227337768168
29.461966735955205
29.537449035490283
29.628812986820503
29.69195872181474
29.71342023621376
29.786817914078835
29.85107447024447
29.944512239111187
29.992387639261313
30.017467283084805
30.0473252300007
30.169671293746898
30.212784882005547
30.286697354293487
30.358430035622554
30.445185819959715
30.511729446850655
30.591869047899337
30.653776812648168
30.7719248580269
30.808207391059334
30.862808225442674
30.94416109957418
31.005500233033572
31.053071974035554
31.15034744451686
31.226059302274614
31.265456408423287
31.33903622303418
31.367546888786663
31.522648071841612
31.589091576372812
31.73510942398312
31.772347532294752
31.804208218406377
31.868397878700712
32.056859737989804
32.196596336870165
32.287859501947786
32.30612318505671
32.59975587357711
32.64419468403587
32.8644933969188
32.88076562222702
32.991261508375786
33.05586152273729
33.09262158252268
33.14071079563357
33.35974243808827
33.670570965919005
33.74902383147815
33.97300481299034
34.11014766874122
34.401103386574185
34.45129106667539
35.30754160474463
35.567125974973656
35.72474329198282
38.08008992761011
42.60981044902348
0.7242087846663481
0.8293956674442622
0.9007864707839197
0.9530725611596913
1.3187858277161932
9.327277175866282
9.374425401915028
10.92683537173412
11.03698085140704
11.044093154561603
11.06739796855465
11.39565417054184
11.501553163025008
11.869985832719854
11.873773475214415
12.073932870884224
12.21704591382184
12.33458915097873
12.36742326521918
12.530443491689988
12.533827423029592
12.671757667535696
12.70361211847558
12.800464147307732
12.892685589790187
12.907598890225243
12.964463832023664
12.986232558472757
13.053081538761674
13.227187041503834
13.263459666144627
13.303013673155018
13.362679042730635
13.441235455613432
13.57183580404118
13.61822142637079
13.657207105385845
13.733922994979208
13.77502088519332
13.778776780596198
13.812655971879515
13.845800257173197
13.934748313121998
13.97046479631333
14.021798157823829
14.068904111120204
14.165529162040905
14.20750568019123
14.270646363594548
14.347410639120648
14.35870220548975
14.373482210321384
14.450569398336091
14.474742094681055
14.545249121155608
14.57298333981943
14.587376712295638
14.650657862125069
14.657600238580269
14.737312446625952
14.82175153203494
14.838287442842633
14.901178710632815
14.985334920333344
15.000242824008216
15.044392028274473
15.098420087249101
15.10756285797253
15.165923916555636
15.214880880020639
15.231951854185045
15.268554917270476
15.334549700329406
15.362657187099641
15.38806737059179
15.416151045039749
15.448084109378767
15.486410047833099
15.5713316394377
15.616400618043494
15.686007648374414
15.690043256542836
15.726032734269975
15.740352060444135
15.746672184384165
15.793126522693107
15.845962707977908
15.886797351232108
15.900025104153544
15.92746323771139
15.992812469166482
16.02607731875705
16.05604958875972
16.135419109888346
16.17053336541604
16.18492252560827
16.207639081241016
16.245910123989216
16.27809744082219
16.304056658750834
16.334949368767163
16.421742798134346
16.44865213948181
16.518166261687476
16.579132177262622
16.63525669066711
16.660516880692374
16.713171558606053
16.731143829979153
16.779467588921108
16.81419669478678
16.886962750869078
16.902994765383248
16.963879784667796
16.97616623684024
16.994101578761278
17.048621246383103
17.088912744363938
17.128901211920727
17.145310639600314
17.228956078241502
17.245992651807843
17.280042769795493
17.28948677197653
17.33676189442768
17.35684840878569
17.43219649139291
17.461471970581947
17.483273944599286
17.490691917644064
17.54041962380692
17.59351336006214
17.608164179880685
17.63437553420051
17.66158282399862
17.697387041484983
17.751236925707026
17.772145646327957
17.80186074091889
17.83364561246035
17.86863441440163
17.90980153879602
17.93698098124731
17.979523353995084
18.049412410349152
18.10047989790645
18.137535816267995
18.158228099224814
18.205413575886105
18.28704179890239
18.295463394347266
18.312146281241006
18.34517833271669
18.389085709864812
18.432891510759532
18.45398819315448
18.4779255397209
18.50700087780699
18.540261398467393
18.597559865687778
18.653707844582545
18.695699658337585
18.703112313125082
18.74112736907435
18.76387175908469
18.805026986248397
18.840678242732896
18.868346884819534
18.87991693413968
18.900023796925
18.961180167012444
18.99339526623441
19.00831617271621
19.032611543183382
19.056263044842556
19.085781135562303
19.147999248089462
19.183638371701765
19.212612929519867
19.277515495760145
19.29688033583208
19.353521486914747
19.38040205811816
19.420389447528372
19.45133264918999
19.49135319220261
19.51689035301084
19.580831890994947
19.591585715599525
19.62189428457674
19.663356225344952
19.67930628440639
19.714361193641395
19.75987621574339
19.797123457843714
19.8152009704974
19.889746491884125
19.920262749408217
19.96711189887447
19.977609370886363
20.065989532612136
20.109772866744798
20.121338088957902
20.162965236094855
20.192609971085048
20.236224913176613
20.262613212655918
20.28145126180064
20.347363241614303
20.37613890344716
20.385006313756346
20.429050125901977
20.446066311441843
20.491916016631773
20.52068967037645
20.548497766202605
20.576447545873464
20.626989190863057
20.636705561552343
20.721422763375784
20.72722111001987
20.754323531827573
20.782966251446748
20.850620278633304
20.900520295406185
20.921879131198665
20.926633387407392
20.97309943016022
21.015625646442803
21.055938619301806
21.07366594592287
21.094092409073387
21.136418834539434
21.18122227640665
21.219192114361416
21.253986964292178
21.27715758982032
21.335156325873818
21.367754427206552
21.411671192065008
21.461370903583028
21.513324053479174
21.520688179394064
21.549183585066377
21.575316126829446
21.589156355470944
21.672469166118614
21.699810899833256
21.730710606884173
21.741648935851902
21.761698931586988
21.82409102125264
21.858522874372756
21.897800946259775
21.936593231034106
21.94896373174154
21.954728663883248
21.979197111825574
22.025950868239345
22.09615939114591
22.129169586362767
22.146341581797667
22.279031212736395
22.295395849784025
22.31221764996593
22.353043203156282
22.393615868360552
22.413261481236447
22.47908079011883
22.523978495448375
22.54946722086999
22.563833040998855
22.642766966138897
22.658881216861193
22.69257793097123
22.741057177002943
22.792187405908194
22.826982815288723
22.855828464830658
22.893088424683825
22.91085715740091
22.95903357229536
22.994561080904127
23.00619839076863
23.04325196741949
23.06002697029696
23.090222102264438
23.135937404693607
23.16769920260242
23.200567224207415
23.238293276071754
23.30739606619087
23.31193870937574
23.338424353505935
23.37337574603086
23.423474900370422
23.452973282319743
23.48303075566626
23.512653807206203
23.590473084955914
23.609262713795385
23.674082709963578
23.707539262554832
23.72303495914996
23.748367489076173
23.760110958465557
23.77591493321872
23.85723466582991
23.884297497282475
23.93341328388292
23.959627924003883
24.00080400776177
24.03910572383694
24.06458612914139
24.084145371844286
24.124787772128965
24.136099895700728
24.168683402668105
24.19109281816096
24.20966275204148
24.255725053530906
24.29544922937634
24.34937104389189
24.40666004124091
24.420560686805036
24.507970175531856
24.560899622631677
24.63525196761312
24.672392890058884
24.700885189087117
24.718964567689
24.770727321440347
24.808943262665984
24.839965779949022
24.868215160516044
24.89770062808526
24.94257731798661
24.957533081621595
25.000925423850312
25.045075401821745
25.09196189889753
25.1128848260137
25.153482017171896
25.169120338106335
25.18593504029486
25.251719754404434
25.289654809595305
25.294272993283414
25.359076949650717
25.380649306072065
25.4907161599539
25.518262343804796
25.55630813675601
25.602668049956755
25.63885042549337
25.655904249478787
25.701850338926167
25.75719052272265
25.834630495207854
25.894026306362168
25.91715596868077
25.962624008104168
25.983627738892647
26.017946285820244
26.043792591389508
26.07312523938427
26.086984013556556
26.129754169966983
26.155268690894104
26.201243670376577
26.251322986892458
26.3056580607439
26.33133208452781
26.408942132892413
26.419670087737803
26.471079421679296
26.48671794999358
26.54935143975502
26.587976138936348
26.62068227723084
26.712783128594594
26.740496776552057
26.758899222388113
26.824695295298408
26.853260400255078
26.880884301356343
26.922002359818116
26.975159922316035
27.010678902640116
27.01441405676119
27.049958911349407
27.090918898053438
27.149912477283426
27.238177440496393
27.251807467737823
27.30002445701655
27.362326091535852
27.397538097880155
27.45441907091662
27.517544480017342
27.534118819019415
27.651381615652145
27.702064604307246
27.723342341593348
27.760680229600325
27.883385921702764
27.91240025066476
27.92335219939096
27.975927322807014
27.990823719795934
28.102583919193705
28.115262647254994
28.185368578724564
28.262446470632096
28.312138710010007
28.3752369034547
28.398639885416735
28.442300067009107
28.477085951128025
28.510257383500413
28.540077991870426
28.615828355417715
28.665514154384166
28.706711457595436
28.798499839627496
28.81965941800714
28.84281057453923
28.903006951248496
28.95393541416116
28.991347531848454
29.06738423727478
29.078984831799186
29.10681168434019
29.176113037156455
29.218717941481955
29.254323441674856
29.296444639785225
29.39631017219941
29.41227337768168
29.461966735955205
29.537449035490283
29.628812986820503
29.69195872181474
29.71342023621376
29.786817914078835
29.85107447024447
29.944512239111187
29.992387639261313
30.017467283084805
30.0473252300007
30.169671293746898
30.212784882005547
30.286697354293487
30.358430035622554
30.445185819959715
30.511729446850655
30.591869047899337
30.653776812648168
30.7719248580269
30.808207391059334
30.862808225442674
30.94416109957418
31.005500233033572
31.053071974035554
31.15034744451686
31.226059302274614
31.265456408423287
31.33903622303418
31.367546888786663
31.522648071841612
31.589091576372812
31.73510942398312
31.772347532294752
31.804208218406377
31.868397878700712
32.056859737989804
32.196596336870165
32.287859501947786
32.30612318505671
32.59975587357711
32.64419468403587
32.8644933969188
32.88076562222702
32.991261508375786
33.05586152273729
33.09262158252268
33.14071079563357
33.35974243808827
33.670570965919005
33.74902383147815
33.97300481299034
34.11014766874122
34.401103386574185
34.45129106667539
35.30754160474463
35.567125974973656
35.72474329198282
38.08008992761011
42.60981044902348
