0.5649744360513209
0.6663455191585791
0.742022912001091
0.8082424877365124
0.8803190266447402
0.9014300277307021
0.9934670578169484
1.020630505458479
1.172153509238189
2.795988571155506
4.315661155453093
4.378555667028929
5.010608083357454
5.023046321072531
5.052805104305108
5.207856030847744
5.223406078575353
5.292549054454185
5.339085798599551
5.73320734295069
5.7963273581296155
5.846912844415065
5.988491150256086
6.001115235107998
6.129367690148616
6.2186723910553665
6.266418525000224
6.324876192074681
6.347182411079433
6.364330445314015
6.420116855326772
6.530634459864239
6.544029107445988
6.549233466666693
6.666710775307751
6.68486233972995
6.725397852595046
6.7435728316159205
6.784436312942343
6.8000554505526924
6.855976848625093
6.907810794336109
6.985728436714699
7.040629439889093
7.084344351471043
7.129811905980865
7.145321777196126
7.161589251898844
7.260787416282329
7.280980812461323
7.316034443794782
7.341447216540451
7.34944975656404
7.381760527340437
7.392127102582721
7.4333297219206775
7.493595995137441
7.533421756631137
7.5638765256435585
7.602607033399081
7.620685333365298
7.65977671929369
7.669136811017881
7.724490598274661
7.748184101681538
7.760240612669392
7.794246019025893
7.79998866583405
7.847912899792092
7.898016416733744
7.968248850579985
7.989250160923734
8.027228065778612
8.043571364492347
8.057684780131604
8.097012033155673
8.113554482429219
8.166782497037534
8.169026550729164
8.206213200616101
8.234674954272721
8.266999542542463
8.272112824364928
8.330759141799955
8.336501258829436
8.355154754980868
8.392673951558029
8.413574950439259
8.44295157139093
8.504636071308816
8.531452106674871
8.566130260858195
8.623428467295383
8.668316377768756
8.681951516736081
8.706424654070613
8.711133742391983
8.751366396186631
8.780922253312582
8.7882033556111
8.824808904435034
8.85128804881887
8.903035266617287
8.914885838647612
8.960556575509342
9.003373812024678
9.014268577174967
9.045468782817784
9.056791504089713
9.119295453247643
9.127479493929275
9.158974146092692
9.173674620318005
9.22994390612366
9.277294417671117
9.310116082041949
9.327978698608861
9.338217477008481
9.367832581094909
9.400946596734023
9.416094311489777
9.440072025335793
9.526855710485277
9.55279759387209
9.582101535457317
9.600172312360549
9.632291242148492
9.64059418475799
9.672832915163037
9.696722189263008
9.72496924687746
9.758772934228025
9.808399394069125
9.84656121430945
9.881939215185017
9.886028141093304
9.904120518004827
9.917407183735424
9.97747367894478
9.997762373610941
10.019350143415384
10.064406297213136
10.095735424747764
10.105996888867157
10.128056410426286
10.1636023032048
10.187278366483017
10.233484850169368
10.242856117897725
10.299237856787572
10.327336274522128
10.360376204915672
10.396653715560268
10.414993689376837
10.42574881661372
10.436697973508737
10.44976846995617
10.47689453299011
10.482370239300204
10.510846065358711
10.543035416585935
10.567922376063612
10.624262770315687
10.656898465520031
10.682255961209034
10.702865905341454
10.74128855423846
10.749070192195362
10.770338274705463
10.836409294941236
10.855616620615448
10.891894672152695
10.909380188687189
10.931325561207357
10.944739980481343
10.996186664180376
11.027871012740162
11.052105537321719
11.096496425949995
11.118121024648634
11.134608249646384
11.153324178725603
11.187355510489628
11.201655570148292
11.229961777951125
11.246768401797718
11.286821454878503
11.323520015113882
11.353720075053594
11.389075689830497
11.403635148374093
11.4211391207165
11.487232448144752
11.52304003812262
11.536597319497519
11.555027304143037
11.57237806004062
11.58079672384549
11.629864403176414
11.656582931658102
11.687727207590838
11.694725015658591
11.728397295601411
11.738887298246176
11.7757186784731
11.789323058008957
11.803031607014498
11.846685678929072
11.86652185487732
11.890339360804923
11.909895551272001
11.917016317088605
11.954039584121347
11.978613348972395
12.000438073654253
12.033781085067965
12.069533976811952
12.11204104879836
12.12714245750078
12.156974027128658
12.174409913602458
12.181503364695464
12.216106934589362
12.281139839155175
12.306261917902926
12.332381395074956
12.337428254320493
12.356125934883474
12.389935396443022
12.40871983077259
12.435444395406314
12.453134960580265
12.507767295310995
12.562817045603047
12.569827334352201
12.58771120441546
12.640546530872175
12.661460333759454
12.697330148449154
12.722998424993756
12.743768810657022
12.759706776692216
12.7833755739869
12.809397339996393
12.818585940647354
12.855035484798668
12.8617952629975
12.913433968583826
12.967477776718098
12.973188850226459
12.985542400686475
13.00242462733547
13.03740744926493
13.050716552783463
13.078633468990361
13.117542220455087
13.181767627358834
13.195445962244484
13.235307323296537
13.262178528531054
13.301943276699447
13.32295132354665
13.345627193633874
13.3779383018577
13.383518156969199
13.401864447798259
13.432802266730919
13.465519075764622
13.48244506821891
13.527919201266375
13.559074542536873
13.610754177262177
13.63868845823554
13.655653476634352
13.671465143287758
13.705465796089467
13.710013496965141
13.779849535137592
13.81187179010658
13.819595815694385
13.843131277660943
13.86256876733176
13.890125012463924
13.916712411744573
13.93455147490639
13.966082834040419
13.982429155272698
13.987892317459249
14.084474156642235
14.112603039781241
14.124286333532268
14.12965014785196
14.166959289231132
14.20572006527095
14.214948270822548
14.236436573282855
14.251059514424302
14.27003333562367
14.304240589269606
14.35813011915456
14.36717318313953
14.403277022154265
14.42827384906577
14.462760869222887
14.503598782842177
14.523529362987388
14.549659632883326
14.59660792436077
14.60839490707207
14.629594893717883
14.686403509791067
14.710292463944041
14.727423395013448
14.764927321027713
14.775422031672393
14.81649760370574
14.838265143521197
14.878385726037468
14.913429747146093
14.94823610429542
14.990217295480551
15.009400831450444
15.011847466948268
15.030466338835081
15.074075931952107
15.08341163590187
15.102473008968696
15.152031842688585
15.170204215237387
15.227614469955208
15.24809343695469
15.261081223588166
15.301265626361294
15.317833005482493
15.34346413480569
15.364098965204912
15.388962501758929
15.405501259605849
15.46295732417966
15.481656785282807
15.531920708425474
15.571943341525573
15.627349122242999
15.668917444076692
15.705656140479945
15.712045322390848
15.74994988136304
15.781951665941362
15.810789249483308
15.904787679595147
15.94630986547859
15.960364208832111
16.005431372908326
16.026883415079535
16.049672153357612
16.060861542719564
16.098129712824676
16.126542295066415
16.135037665256295
16.150998506620105
16.186408248904087
16.251514342007045
16.285278067349022
16.29699994013588
16.343647766496318
16.368203829790385
16.383596085138144
16.409075147196095
16.46796061720481
16.48457724004106
16.504230546338384
16.53277758050481
16.567601938526447
16.57075743137133
16.592679164659753
16.606721109583507
16.646692667242387
16.710635865641674
16.730702008032427
16.74762357709163
16.771533609356677
16.82595258826038
16.84207746249689
16.8510291085137
16.904270017518787
16.94851879927269
16.982694177837192
16.995984650649014
17.059747013227465
17.1367392211512
17.156602354128566
17.17635064123716
17.197494417654134
17.2269802247322
17.311139965402745
17.346853765954602
17.38262218658396
17.47036378146424
17.48926212007614
17.54241117330028
17.559894115795228
17.580240846381425
17.59145737981573
17.60504033652388
17.664270039354896
17.708207136726088
17.745657292802232
17.78933495593196
17.793527884930565
17.853104453632405
17.91394173202131
17.95012474953171
17.964103124826494
17.969573293106293
18.004060827986386
18.064146590994003
18.106798673723198
18.12963890870585
18.17447672408263
18.230253339380678
18.306343804923156
18.32442728269832
18.34658191033538
18.41882629825451
18.457966354034884
18.540355893351514
18.593657665389408
18.63920943707539
18.721479126904782
18.77088000298068
18.785275333492482
18.811947339449368
18.935968892063983
18.972500887663983
19.03081931040509
19.044510035785784
19.071627004630166
19.110345445255536
19.178314498585873
19.211965589230065
19.316645053045555
19.34693647218921
19.360812505567655
19.382392937855695
19.444497329910675
19.466478166095904
19.511932684197312
19.555547731667943
19.585775671573597
19.658768026045625
19.726461570990605
19.783756566648254
19.83223878783906
19.903612986041143
19.976295992991428
20.04448810247509
20.06645855272546
20.13580112402293
20.149672288451363
20.237434590639353
20.266942586408614
20.411508406956155
20.439767267305474
20.465809668122656
20.52026323112593
20.61136046354862
20.650888453485578
20.76642171502915
20.84572256119096
20.85519303165747
20.866657428583856
20.932426896119388
20.992485061043606
21.15831621427258
21.219991591256953
21.282433457405272
21.349761509497018
21.374888279703125
21.438805071950817
21.61480143172524
21.739758478764486
21.783367431307965
21.875759679971008
21.912311872435378
22.151755348479377
22.22239181723283
22.610050388115745
22.686137182766316
22.780876972167
23.203527865310676
23.4778708086261
23.78523669255864
23.844767949212706
24.109603909642438
24.159242850673433
24.187821168345188
24.57868039734215
25.023555707282124
25.672278336598715
0.5649744360513209
0.6663455191585791
0.742022912001091
0.8082424877365124
0.8803190266447402
0.9014300277307021
0.9934670578169484
1.020630505458479
1.172153509238189
2.795988571155506
4.315661155453093
4.378555667028929
5.010608083357454
5.023046321072531
5.052805104305108
5.207856030847744
5.223406078575353
5.292549054454185
5.339085798599551
5.73320734295069
5.7963273581296155
5.846912844415065
5.988491150256086
6.001115235107998
6.129367690148616
6.2186723910553665
6.266418525000224
6.324876192074681
6.347182411079433
6.364330445314015
6.420116855326772
6.530634459864239
6.544029107445988
6.549233466666693
6.666710775307751
6.68486233972995
6.725397852595046
6.7435728316159205
6.784436312942343
6.8000554505526924
6.855976848625093
6.907810794336109
6.985728436714699
7.040629439889093
7.084344351471043
7.129811905980865
7.145321777196126
7.161589251898844
7.260787416282329
7.280980812461323
7.316034443794782
7.341447216540451
7.34944975656404
7.381760527340437
7.392127102582721
7.4333297219206775
7.493595995137441
7.533421756631137
7.5638765256435585
7.602607033399081
7.620685333365298
7.65977671929369
7.669136811017881
7.724490598274661
7.748184101681538
7.760240612669392
7.794246019025893
7.79998866583405
7.847912899792092
7.898016416733744
7.968248850579985
7.989250160923734
8.027228065778612
8.043571364492347
8.057684780131604
8.097012033155673
8.113554482429219
8.166782497037534
8.169026550729164
8.206213200616101
8.234674954272721
8.266999542542463
8.272112824364928
8.330759141799955
8.336501258829436
8.355154754980868
8.392673951558029
8.413574950439259
8.44295157139093
8.504636071308816
8.531452106674871
8.566130260858195
8.623428467295383
8.668316377768756
8.681951516736081
8.706424654070613
8.711133742391983
8.751366396186631
8.780922253312582
8.7882033556111
8.824808904435034
8.85128804881887
8.903035266617287
8.914885838647612
8.960556575509342
9.003373812024678
9.014268577174967
9.045468782817784
9.056791504089713
9.119295453247643
9.127479493929275
9.158974146092692
9.173674620318005
9.22994390612366
9.277294417671117
9.310116082041949
9.327978698608861
9.338217477008481
9.367832581094909
9.400946596734023
9.416094311489777
9.440072025335793
9.526855710485277
9.55279759387209
9.582101535457317
9.600172312360549
9.632291242148492
9.64059418475799
9.672832915163037
9.696722189263008
9.72496924687746
9.758772934228025
9.808399394069125
9.84656121430945
9.881939215185017
9.886028141093304
9.904120518004827
9.917407183735424
9.97747367894478
9.997762373610941
10.019350143415384
10.064406297213136
10.095735424747764
10.105996888867157
10.128056410426286
10.1636023032048
10.187278366483017
10.233484850169368
10.242856117897725
10.299237856787572
10.327336274522128
10.360376204915672
10.396653715560268
10.414993689376837
10.42574881661372
10.436697973508737
10.44976846995617
10.47689453299011
10.482370239300204
10.510846065358711
10.543035416585935
10.567922376063612
10.624262770315687
10.656898465520031
10.682255961209034
10.702865905341454
10.74128855423846
10.749070192195362
10.770338274705463
10.836409294941236
10.855616620615448
10.891894672152695
10.909380188687189
10.931325561207357
10.944739980481343
10.996186664180376
11.027871012740162
11.052105537321719
11.096496425949995
11.118121024648634
11.134608249646384
11.153324178725603
11.187355510489628
11.201655570148292
11.229961777951125
11.246768401797718
11.286821454878503
11.323520015113882
11.353720075053594
11.389075689830497
11.403635148374093
11.4211391207165
11.487232448144752
11.52304003812262
11.536597319497519
11.555027304143037
11.57237806004062
11.58079672384549
11.629864403176414
11.656582931658102
11.687727207590838
11.694725015658591
11.728397295601411
11.738887298246176
11.7757186784731
11.789323058008957
11.803031607014498
11.846685678929072
11.86652185487732
11.890339360804923
11.909895551272001
11.917016317088605
11.954039584121347
11.978613348972395
12.000438073654253
12.033781085067965
12.069533976811952
12.11204104879836
12.12714245750078
12.156974027128658
12.174409913602458
12.181503364695464
12.216106934589362
12.281139839155175
12.306261917902926
12.332381395074956
12.337428254320493
12.356125934883474
12.389935396443022
12.40871983077259
12.435444395406314
12.453134960580265
12.507767295310995
12.562817045603047
12.569827334352201
12.58771120441546
12.640546530872175
12.661460333759454
12.697330148449154
12.722998424993756
12.743768810657022
12.759706776692216
12.7833755739869
12.809397339996393
12.818585940647354
12.855035484798668
12.8617952629975
12.913433968583826
12.967477776718098
12.973188850226459
12.985542400686475
13.00242462733547
13.03740744926493
13.050716552783463
13.078633468990361
13.117542220455087
13.181767627358834
13.195445962244484
13.235307323296537
13.262178528531054
13.301943276699447
13.32295132354665
13.345627193633874
13.3779383018577
13.383518156969199
13.401864447798259
13.432802266730919
13.465519075764622
13.48244506821891
13.527919201266375
13.559074542536873
13.610754177262177
13.63868845823554
13.655653476634352
13.671465143287758
13.705465796089467
13.710013496965141
13.779849535137592
13.81187179010658
13.819595815694385
13.843131277660943
13.86256876733176
13.890125012463924
13.916712411744573
13.93455147490639
13.966082834040419
13.982429155272698
13.987892317459249
14.084474156642235
14.112603039781241
14.124286333532268
14.12965014785196
14.166959289231132
14.20572006527095
14.214948270822548
14.236436573282855
14.251059514424302
14.27003333562367
14.304240589269606
14.35813011915456
14.36717318313953
14.403277022154265
14.42827384906577
14.462760869222887
14.503598782842177
14.523529362987388
14.549659632883326
14.59660792436077
14.60839490707207
14.629594893717883
14.686403509791067
14.710292463944041
14.727423395013448
14.764927321027713
14.775422031672393
14.81649760370574
14.838265143521197
14.878385726037468
14.913429747146093
14.94823610429542
14.990217295480551
15.009400831450444
15.011847466948268
15.030466338835081
15.074075931952107
15.08341163590187
15.102473008968696
15.152031842688585
15.170204215237387
15.227614469955208
15.24809343695469
15.261081223588166
15.301265626361294
15.317833005482493
15.34346413480569
15.364098965204912
15.388962501758929
15.405501259605849
15.46295732417966
15.481656785282807
15.531920708425474
15.571943341525573
15.627349122242999
15.668917444076692
15.705656140479945
15.712045322390848
15.74994988136304
15.781951665941362
15.810789249483308
15.904787679595147
15.94630986547859
15.960364208832111
16.005431372908326
16.026883415079535
16.049672153357612
16.060861542719564
16.098129712824676
16.126542295066415
16.135037665256295
16.150998506620105
16.186408248904087
16.251514342007045
16.285278067349022
16.29699994013588
16.343647766496318
16.368203829790385
16.383596085138144
16.409075147196095
16.46796061720481
16.48457724004106
16.504230546338384
16.53277758050481
16.567601938526447
16.57075743137133
16.592679164659753
16.606721109583507
16.646692667242387
16.710635865641674
16.730702008032427
16.74762357709163
16.771533609356677
16.82595258826038
16.84207746249689
16.8510291085137
16.904270017518787
16.94851879927269
16.982694177837192
16.995984650649014
17.059747013227465
17.1367392211512
17.156602354128566
17.17635064123716
17.197494417654134
17.2269802247322
17.311139965402745
17.346853765954602
17.38262218658396
17.47036378146424
17.48926212007614
17.54241117330028
17.559894115795228
17.580240846381425
17.59145737981573
17.60504033652388
17.664270039354896
17.708207136726088
17.745657292802232
17.78933495593196
17.793527884930565
17.853104453632405
17.91394173202131
17.95012474953171
17.964103124826494
17.969573293106293
18.004060827986386
18.064146590994003
18.106798673723198
18.12963890870585
18.17447672408263
18.230253339380678
18.306343804923156
18.32442728269832
18.34658191033538
18.41882629825451
18.457966354034884
18.540355893351514
18.593657665389408
18.63920943707539
18.721479126904782
18.77088000298068
18.785275333492482
18.811947339449368
18.935968892063983
18.972500887663983
19.03081931040509
19.044510035785784
19.071627004630166
19.110345445255536
19.178314498585873
19.211965589230065
19.316645053045555
19.34693647218921
19.360812505567655
19.382392937855695
19.444497329910675
19.466478166095904
19.511932684197312
19.555547731667943
19.585775671573597
19.658768026045625
19.726461570990605
19.783756566648254
19.83223878783906
19.903612986041143
19.976295992991428
20.04448810247509
20.06645855272546
20.13580112402293
20.149672288451363
20.237434590639353
20.266942586408614
20.411508406956155
20.439767267305474
20.465809668122656
20.52026323112593
20.61136046354862
20.650888453485578
20.76642171502915
20.84572256119096
20.85519303165747
20.866657428583856
20.932426896119388
20.992485061043606
21.15831621427258
21.219991591256953
21.282433457405272
21.349761509497018
21.374888279703125
21.438805071950817
21.61480143172524
21.739758478764486
21.783367431307965
21.875759679971008
21.912311872435378
22.151755348479377
22.22239181723283
22.610050388115745
22.686137182766316
22.780876972167
23.203527865310676
23.4778708086261
23.78523669255864
23.844767949212706
24.109603909642438
24.159242850673433
24.187821168345188
24.57868039734215
25.023555707282124
25.672278336598715
