0.6811647961384214
0.6992737120829287
0.7850066383270408
0.9502772822922155
0.984770673916392
10.064625125644623
10.118886641030997
10.50760256052319
10.816091677982522
10.827070443873463
10.921980469393224
11.163041678947488
11.316033031391722
11.34369962245704
11.352317867428416
11.554653914187881
11.677921263832104
11.728038586876238
11.780765182481623
11.917660584091232
11.983509907218952
12.019527049842548
12.106124648924308
12.221255985174569
12.290130433881687
12.398559753132535
12.631497216196125
12.657908492487445
12.701661438039649
12.768138729757792
12.825194077118809
12.949237638162833
13.00162590194181
13.048644849747971
13.097854600606288
13.30837527777791
13.38594834277922
13.465560338457575
13.50556755285924
13.602535270728731
13.628260913382366
13.673364368360923
13.683531939470972
13.729252562778461
13.734864325112778
13.829773145061486
13.846607153650686
13.880175758155307
13.921649027530044
13.954375881178382
14.060215034734549
14.08489300639358
14.116205381644019
14.162268107890775
14.202359258749185
14.223415387422076
14.297557930660469
14.326114012256072
14.348240375364103
14.376841502857637
14.443774772474057
14.552529241329548
14.584004759737638
14.666897186908878
14.712775706546774
14.7430547158489
14.768976722918298
14.81348423693382
14.838195109794459
14.892154299697815
14.916231602062044
14.959882071657002
15.016371768829815
15.064128254657149
15.103482967457653
15.134325726697998
15.196643570228757
15.211251603822832
15.26497405393319
15.290782355881783
15.307224525826696
15.341914295146106
15.428046326913694
15.47086329618042
15.509624771927838
15.580545229887248
15.627585695910932
15.685236511322348
15.697377787819565
15.715556562891129
15.745299020281575
15.772937996619858
15.823459530505117
15.843465543546486
15.860200225235685
15.904840908920171
15.924212569503322
16.077046339079498
16.08996927277726
16.14214091380902
16.19030532240522
16.205504097378732
16.23154252704738
16.2727583990447
16.316098079197587
16.32700115629113
16.38797903814309
16.395487182812527
16.453142332559725
16.48613930399652
16.53934873025557
16.569720423519414
16.58285521344287
16.60701288601657
16.687598536778953
16.725698313825973
16.776823254236863
16.809212331303716
16.821016598280142
16.85935440836549
16.893016565366604
16.93629300678544
16.959564428497053
16.987927096508823
17.007589774576783
17.065886532812748
17.113916567571188
17.14442678700303
17.220999068998765
17.236976625161216
17.279863488529266
17.30011885492041
17.335117615354136
17.37965812763793
17.402376527656994
17.48249801893054
17.50221616180658
17.539292892925197
17.564719464485957
17.589085408910794
17.6104449020229
17.64341409618737
17.64783306543936
17.721860254108346
17.739107822662632
17.769365707910154
17.78798483516287
17.816325710241546
17.845886788928816
17.891384410654904
17.92271721320146
17.95769533730632
17.9946608044516
18.032444957046273
18.06150878816001
18.092386301383744
18.124252227424716
18.174907936884413
18.17755582499543
18.198414252036294
18.223169664744653
18.28123158850029
18.331448407992077
18.340188066851535
18.396255005697803
18.444417571514112
18.460802027214253
18.482397995735475
18.512555836230412
18.576568559329935
18.606258584788243
18.658221681349115
18.715171789578005
18.76224417602812
18.76674360097509
18.813227763389865
18.85555879091387
18.875360788421425
18.912269657997943
18.94295976594929
18.990144806162522
19.015299077873117
19.071606471377624
19.111264063903224
19.132186582995264
19.163673926610606
19.19040313343749
19.225138384713954
19.28217462668757
19.333685030592683
19.35328425245367
19.371482830346086
19.431677744601693
19.445746318603852
19.472795500683446
19.517886232114098
19.578746862988048
19.626068696936095
19.662551528812845
19.667336389393714
19.686234913758202
19.737664588033827
19.74856662589181
19.762886135130213
19.800985632190937
19.841411772546902
19.8757564303027
19.900125713992814
19.912752028353616
19.956763910392315
19.989936138151577
20.044964786095516
20.082393479449575
20.127441306731015
20.151157222794957
20.17060413083477
20.194507940969245
20.232335786325578
20.287230537290736
20.30515582514536
20.33789875912946
20.361166905517806
20.394262303790043
20.446614422901487
20.4704557510392
20.503422883168593
20.542314723036906
20.589537242478347
20.612045428826786
20.63731158253761
20.648250943794732
20.702018446215824
20.76344026876331
20.79662048171197
20.814625191171206
20.856962894792588
20.904881615517798
20.932900035541095
20.972878243094677
21.003609474605597
21.04538663699974
21.09208883452012
21.117332522850266
21.165134203508465
21.19882223086544
21.233673445704277
21.28169788528957
21.285289362838608
21.337856666716874
21.39040919864248
21.411586182106625
21.423227997848343
21.47600965209127
21.491810805281784
21.55623761863449
21.558850335364827
21.604746627248293
21.62332275031963
21.641851660977068
21.693411731158765
21.71795065561121
21.731338678444036
21.78722660944372
21.82983474060894
21.862659491109056
21.89380964448509
21.947579932876778
21.955368741584863
21.999881581300375
22.019281018922094
22.048862380295144
22.051780697262775
22.133685674730533
22.15256171874428
22.209234632804595
22.244281956644837
22.259726079785832
22.284583787555338
22.38443076950732
22.408821884270225
22.448176765729645
22.492330116809914
22.52999726275387
22.557227559701882
22.566203423376923
22.62093108693441
22.623856006339153
22.675298007724038
22.70859272690766
22.74133551309375
22.748732438951087
22.77151534725785
22.84058382904845
22.872287829861573
22.90680054221876
22.949253246219783
22.957488078023886
22.999158346444585
23.033619459029637
23.10764311514635
23.139127012893518
23.176210231881566
23.241134906720163
23.248000489131268
23.274772735402593
23.35863948247182
23.381153786533396
23.43474750624256
23.466853894296534
23.48247213071635
23.510427054026717
23.51715428565503
23.57551501880145
23.621222423092746
23.678109528116224
23.6808797486858
23.732578604224447
23.773780084817655
23.798262097892152
23.82423151363981
23.8427658923531
23.901009957528203
23.945137320657846
23.974527771437778
24.00857708867899
24.060487372885
24.095962312518413
24.144050328966582
24.154744030832507
24.1852063727802
24.204395947291008
24.231410509169066
24.259982891949598
24.293779540919246
24.336868831522914
24.368697180435767
24.435428994682738
24.4710506038332
24.511673098105152
24.521383596260343
24.560222613153538
24.587495917961885
24.63031849021003
24.669296758681796
24.709681593488426
24.777104299305375
24.788394527316743
24.807623111457296
24.840142625570625
24.90723361626928
24.914284955748204
24.937042961787945
24.98851549773003
25.082842452005636
25.10191313811885
25.139190875851117
25.151491446414347
25.172996131359863
25.27204272528777
25.29009743140258
25.337501002882192
25.37839356861905
25.43544385195774
25.44419502015285
25.50935550205649
25.561954084144485
25.6222883269143
25.642785594315793
25.663792456287013
25.68430674407668
25.764906388707168
25.775646460797326
25.80848791264137
25.827587825718382
25.858739605371678
25.888967304354086
25.935793815009895
25.97700612574766
26.00291519562552
26.062410123875296
26.11497849277351
26.14861799592032
26.19707151663577
26.258106870090558
26.282464508640487
26.324075759150215
26.421613090106092
26.45950689893146
26.524368415122645
26.54887066253308
26.575982078547682
26.716171157861048
26.775939857034746
26.784134388972653
26.821019267225882
26.878283311502
26.89608876385792
26.922130214665657
26.98012452124871
26.98514812392568
26.996420810655625
27.109363622905537
27.1443037765105
27.199930332122133
27.200331863138064
27.238471745559504
27.29011513055319
27.35277616393168
27.38943091318974
27.397533091277467
27.45860221500798
27.521835954117037
27.55603728425111
27.698901626485384
27.749724468488647
27.80603817064542
27.821845690144237
27.863508854796834
27.93012212785586
27.95618998939025
27.99903534213787
28.045744450781115
28.090549033020945
28.208798871396183
28.25033923946671
28.269596960123337
28.29069295148903
28.390641196868376
28.44893835610155
28.47498117049286
28.561827694532344
28.58544433360232
28.625703319185327
28.71443585127514
28.761411633322044
28.795267313884253
28.892213224161807
28.91535269994529
28.939214333161257
28.953686159677194
29.02305110696928
29.08125520955898
29.216629288844192
29.262956519167503
29.310625086059193
29.34616736098672
29.406696807949924
29.482674256314898
29.526606570132326
29.608666573346497
29.735937049568765
29.814915700030024
29.902357075308245
29.952453263550435
30.066489869503574
30.10131377657964
30.23289976714955
30.245778010278
30.376816788808963
30.44721067857806
30.46700582957428
30.513429322939743
30.611585972941786
30.707405583286185
30.80411352949365
30.865328113932904
30.93634237068539
31.048616856843026
31.15499713403282
31.213898728460503
31.299338892934365
31.383637271607004
31.433035875087487
31.60855554773264
31.745089695812453
31.778808345699503
31.796849508851665
32.070245497249786
32.09455903091482
32.25191843927697
32.29268286649809
32.41575329286369
32.5034131444598
32.63638961569948
32.85960234959466
33.01313368562228
33.03702175148228
33.17677591587756
33.33118353226488
33.424577214417084
33.437826996571594
34.214677884418165
34.27544400103117
34.45936812789196
34.93856308489004
34.969474041832605
35.61427167917188
35.817951240806984
37.0123143712462
0.6811647961384214
0.6992737120829287
0.7850066383270408
0.9502772822922155
0.984770673916392
10.064625125644623
10.118886641030997
10.50760256052319
10.816091677982522
10.827070443873463
10.921980469393224
11.163041678947488
11.316033031391722
11.34369962245704
11.352317867428416
11.554653914187881
11.677921263832104
11.728038586876238
11.780765182481623
11.917660584091232
11.983509907218952
12.019527049842548
12.106124648924308
12.221255985174569
12.290130433881687
12.398559753132535
12.631497216196125
12.657908492487445
12.701661438039649
12.768138729757792
12.825194077118809
12.949237638162833
13.00162590194181
13.048644849747971
13.097854600606288
13.30837527777791
13.38594834277922
13.465560338457575
13.50556755285924
13.602535270728731
13.628260913382366
13.673364368360923
13.683531939470972
13.729252562778461
13.734864325112778
13.829773145061486
13.846607153650686
13.880175758155307
13.921649027530044
13.954375881178382
14.060215034734549
14.08489300639358
14.116205381644019
14.162268107890775
14.202359258749185
14.223415387422076
14.297557930660469
14.326114012256072
14.348240375364103
14.376841502857637
14.443774772474057
14.552529241329548
14.584004759737638
14.666897186908878
14.712775706546774
14.7430547158489
14.768976722918298
14.81348423693382
14.838195109794459
14.892154299697815
14.916231602062044
14.959882071657002
15.016371768829815
15.064128254657149
15.103482967457653
15.134325726697998
15.196643570228757
15.211251603822832
15.26497405393319
15.290782355881783
15.307224525826696
15.341914295146106
15.428046326913694
15.47086329618042
15.509624771927838
15.580545229887248
15.627585695910932
15.685236511322348
15.697377787819565
15.715556562891129
15.745299020281575
15.772937996619858
15.823459530505117
15.843465543546486
15.860200225235685
15.904840908920171
15.924212569503322
16.077046339079498
16.08996927277726
16.14214091380902
16.19030532240522
16.205504097378732
16.23154252704738
16.2727583990447
16.316098079197587
16.32700115629113
16.38797903814309
16.395487182812527
16.453142332559725
16.48613930399652
16.53934873025557
16.569720423519414
16.58285521344287
16.60701288601657
16.687598536778953
16.725698313825973
16.776823254236863
16.809212331303716
16.821016598280142
16.85935440836549
16.893016565366604
16.93629300678544
16.959564428497053
16.987927096508823
17.007589774576783
17.065886532812748
17.113916567571188
17.14442678700303
17.220999068998765
17.236976625161216
17.279863488529266
17.30011885492041
17.335117615354136
17.37965812763793
17.402376527656994
17.48249801893054
17.50221616180658
17.539292892925197
17.564719464485957
17.589085408910794
17.6104449020229
17.64341409618737
17.64783306543936
17.721860254108346
17.739107822662632
17.769365707910154
17.78798483516287
17.816325710241546
17.845886788928816
17.891384410654904
17.92271721320146
17.95769533730632
17.9946608044516
18.032444957046273
18.06150878816001
18.092386301383744
18.124252227424716
18.174907936884413
18.17755582499543
18.198414252036294
18.223169664744653
18.28123158850029
18.331448407992077
18.340188066851535
18.396255005697803
18.444417571514112
18.460802027214253
18.482397995735475
18.512555836230412
18.576568559329935
18.606258584788243
18.658221681349115
18.715171789578005
18.76224417602812
18.76674360097509
18.813227763389865
18.85555879091387
18.875360788421425
18.912269657997943
18.94295976594929
18.990144806162522
19.015299077873117
19.071606471377624
19.111264063903224
19.132186582995264
19.163673926610606
19.19040313343749
19.225138384713954
19.28217462668757
19.333685030592683
19.35328425245367
19.371482830346086
19.431677744601693
19.445746318603852
19.472795500683446
19.517886232114098
19.578746862988048
19.626068696936095
19.662551528812845
19.667336389393714
19.686234913758202
19.737664588033827
19.74856662589181
19.762886135130213
19.800985632190937
19.841411772546902
19.8757564303027
19.900125713992814
19.912752028353616
19.956763910392315
19.989936138151577
20.044964786095516
20.082393479449575
20.127441306731015
20.151157222794957
20.17060413083477
20.194507940969245
20.232335786325578
20.287230537290736
20.30515582514536
20.33789875912946
20.361166905517806
20.394262303790043
20.446614422901487
20.4704557510392
20.503422883168593
20.542314723036906
20.589537242478347
20.612045428826786
20.63731158253761
20.648250943794732
20.702018446215824
20.76344026876331
20.79662048171197
20.814625191171206
20.856962894792588
20.904881615517798
20.932900035541095
20.972878243094677
21.003609474605597
21.04538663699974
21.09208883452012
21.117332522850266
21.165134203508465
21.19882223086544
21.233673445704277
21.28169788528957
21.285289362838608
21.337856666716874
21.39040919864248
21.411586182106625
21.423227997848343
21.47600965209127
21.491810805281784
21.55623761863449
21.558850335364827
21.604746627248293
21.62332275031963
21.641851660977068
21.693411731158765
21.71795065561121
21.731338678444036
21.78722660944372
21.82983474060894
21.862659491109056
21.89380964448509
21.947579932876778
21.955368741584863
21.999881581300375
22.019281018922094
22.048862380295144
22.051780697262775
22.133685674730533
22.15256171874428
22.209234632804595
22.244281956644837
22.259726079785832
22.284583787555338
22.38443076950732
22.408821884270225
22.448176765729645
22.492330116809914
22.52999726275387
22.557227559701882
22.566203423376923
22.62093108693441
22.623856006339153
22.675298007724038
22.70859272690766
22.74133551309375
22.748732438951087
22.77151534725785
22.84058382904845
22.872287829861573
22.90680054221876
22.949253246219783
22.957488078023886
22.999158346444585
23.033619459029637
23.10764311514635
23.139127012893518
23.176210231881566
23.241134906720163
23.248000489131268
23.274772735402593
23.35863948247182
23.381153786533396
23.43474750624256
23.466853894296534
23.48247213071635
23.510427054026717
23.51715428565503
23.57551501880145
23.621222423092746
23.678109528116224
23.6808797486858
23.732578604224447
23.773780084817655
23.798262097892152
23.82423151363981
23.8427658923531
23.901009957528203
23.945137320657846
23.974527771437778
24.00857708867899
24.060487372885
24.095962312518413
24.144050328966582
24.154744030832507
24.1852063727802
24.204395947291008
24.231410509169066
24.259982891949598
24.293779540919246
24.336868831522914
24.368697180435767
24.435428994682738
24.4710506038332
24.511673098105152
24.521383596260343
24.560222613153538
24.587495917961885
24.63031849021003
24.669296758681796
24.709681593488426
24.777104299305375
24.788394527316743
24.807623111457296
24.840142625570625
24.90723361626928
24.914284955748204
24.937042961787945
24.98851549773003
25.082842452005636
25.10191313811885
25.139190875851117
25.151491446414347
25.172996131359863
25.27204272528777
25.29009743140258
25.337501002882192
25.37839356861905
25.43544385195774
25.44419502015285
25.50935550205649
25.561954084144485
25.6222883269143
25.642785594315793
25.663792456287013
25.68430674407668
25.764906388707168
25.775646460797326
25.80848791264137
25.827587825718382
25.858739605371678
25.888967304354086
25.935793815009895
25.97700612574766
26.00291519562552
26.062410123875296
26.11497849277351
26.14861799592032
26.19707151663577
26.258106870090558
26.282464508640487
26.324075759150215
26.421613090106092
26.45950689893146
26.524368415122645
26.54887066253308
26.575982078547682
26.716171157861048
26.775939857034746
26.784134388972653
26.821019267225882
26.878283311502
26.89608876385792
26.922130214665657
26.98012452124871
26.98514812392568
26.996420810655625
27.109363622905537
27.1443037765105
27.199930332122133
27.200331863138064
27.238471745559504
27.29011513055319
27.35277616393168
27.38943091318974
27.397533091277467
27.45860221500798
27.521835954117037
27.55603728425111
27.698901626485384
27.749724468488647
27.80603817064542
27.821845690144237
27.863508854796834
27.93012212785586
27.95618998939025
27.99903534213787
28.045744450781115
28.090549033020945
28.208798871396183
28.25033923946671
28.269596960123337
28.29069295148903
28.390641196868376
28.44893835610155
28.47498117049286
28.561827694532344
28.58544433360232
28.625703319185327
28.71443585127514
28.761411633322044
28.795267313884253
28.892213224161807
28.91535269994529
28.939214333161257
28.953686159677194
29.02305110696928
29.08125520955898
29.216629288844192
29.262956519167503
29.310625086059193
29.34616736098672
29.406696807949924
29.482674256314898
29.526606570132326
29.608666573346497
29.735937049568765
29.814915700030024
29.902357075308245
29.952453263550435
30.066489869503574
30.10131377657964
30.23289976714955
30.245778010278
30.376816788808963
30.44721067857806
30.46700582957428
30.513429322939743
30.611585972941786
30.707405583286185
30.80411352949365
30.865328113932904
30.93634237068539
31.048616856843026
31.15499713403282
31.213898728460503
31.299338892934365
31.383637271607004
31.433035875087487
31.60855554773264
31.745089695812453
31.778808345699503
31.796849508851665
32.070245497249786
32.09455903091482
32.25191843927697
32.29268286649809
32.41575329286369
32.5034131444598
32.63638961569948
32.85960234959466
33.01313368562228
33.03702175148228
33.17677591587756
33.33118353226488
33.424577214417084
33.437826996571594
34.214677884418165
34.27544400103117
34.45936812789196
34.93856308489004
34.969474041832605
35.61427167917188
35.817951240806984
37.0123143712462
