0.7036678550466079
0.8405838270010177
0.8709988609924506
0.9059919984274
0.978969199896067
7.479434455093969
9.81365056622461
10.576766704370272
10.819077406015566
11.052352254711709
11.404354180273348
11.429501374432787
11.503449967923796
11.524020980781739
11.685746085197218
11.721430402946822
11.779677953012667
11.92936301176279
12.034566214079264
12.438358169196814
12.459049328709664
12.590281231421026
12.617235942440248
12.671043561988139
12.718206707160295
12.775356763322842
12.791687723185776
12.870911057504827
12.967477693589698
13.042663856670414
13.098898552384936
13.186347389323302
13.21305126413264
13.28463486324518
13.30921478735724
13.357115284357617
13.404600981727407
13.463780496029917
13.494068407909126
13.554389743367418
13.588381906978777
13.624939347573731
13.669767638988601
13.738167302335052
13.748982946574687
13.813192075167883
13.822214369930814
13.890715458222461
13.936753482397595
13.991221512048384
14.010988123374704
14.022699038584532
14.093139973099245
14.114460041334628
14.145739647911652
14.243113099053414
14.244938837298815
14.29387639841985
14.37610024570498
14.422707330132113
14.462038162633336
14.51431917655426
14.560543335484372
14.575028371630705
14.6871817119426
14.725507139774479
14.804960435460398
14.808421835747565
14.85229888976209
14.91070233856948
14.942414465880942
14.96837221547604
15.01635776732997
15.019684052163283
15.074535926800204
15.13358948945701
15.171390586182646
15.208914422922934
15.270890823864143
15.286063165557783
15.32819886147281
15.369490419639433
15.44152593209495
15.462243692053974
15.497309547028653
15.499876885598988
15.525382491518448
15.594126636012803
15.644618480405306
15.733208015014421
15.748018364072442
15.767107722368694
15.833553050016564
15.873384254323533
15.901404476870079
15.945595678132268
16.009055334165144
16.049575243491105
16.072211569876433
16.096128424662236
16.129640251135815
16.170492641690345
16.190191319755304
16.21733506965976
16.2412815233017
16.28508014356185
16.311305236461813
16.368424372036607
16.40526794098068
16.489287328421575
16.53449669481142
16.54921633813612
16.55386689419306
16.561738865302654
16.642725734186524
16.65494340261846
16.68616622847718
16.73201877371277
16.74217672303583
16.836056248898824
16.86895271757854
16.92099775256521
16.930616681217963
16.979888073649875
17.02768442459927
17.03969144800906
17.06704546072246
17.084965982927432
17.145506699004155
17.172416620353257
17.182576736896475
17.20161367995272
17.24667474629267
17.313075273607275
17.35726295063897
17.388418130122012
17.407593934192338
17.43365985618863
17.455474674941495
17.50101011575456
17.512933674692672
17.547423119178806
17.596290486519994
17.648193387901586
17.679838955087803
17.75300144841345
17.78463551158788
17.79665817991413
17.867357145038333
17.871255216169924
17.881287306435567
17.963351244369818
17.980623719363
18.07376045319671
18.08862925067035
18.108048833195642
18.172683849405797
18.193314612387756
18.249222483324797
18.25672673630068
18.317658887437933
18.347517677764525
18.355788415653336
18.37637067323743
18.411652358036623
18.449019285308697
18.49085634250254
18.518524417939762
18.538993419845546
18.58605497463832
18.61969385325491
18.65734497051659
18.675098970070227
18.743376624957452
18.76271578429574
18.7949956027912
18.826705477190128
18.849251029690834
18.886714389991138
18.934225521847896
18.980439234239295
19.028930322487636
19.050705327280415
19.111286360854418
19.12690324812503
19.150788175764042
19.160528127942843
19.202302461191785
19.238240831806216
19.311339097630697
19.336722927383903
19.360015487550303
19.395891086084028
19.44026455507032
19.45127804447331
19.489786128992026
19.52182830655038
19.549072731814757
19.602172727428233
19.61473820721419
19.663553218457604
19.6893487253238
19.694669204671186
19.767585145512758
19.795198824975003
19.835713498907186
19.87891529846581
19.921992902703085
19.941320607216692
19.98394533145423
19.99184691170143
20.004387639967153
20.022456108331006
20.081980951963775
20.11105681635882
20.166198363385387
20.192493296660416
20.21214208832253
20.246347720170693
20.3046791249787
20.360485041499285
20.38893099264125
20.41579273655822
20.43367886969149
20.449074254882074
20.48836828692948
20.54742660663985
20.574931560387455
20.62364325811159
20.652778020594432
20.67739947841098
20.688107524122493
20.792003519287192
20.816305846264182
20.836507169561223
20.879647903339492
20.91472158696339
20.9477895407685
20.96557253262055
21.02756401368258
21.039856416341145
21.089874100064833
21.11991807242331
21.14372535873096
21.20376027552205
21.230739481196483
21.261892093358874
21.299444596994718
21.311813279668478
21.388504586574417
21.397244694789176
21.438249697415127
21.452683730375224
21.495226502244154
21.52636419519322
21.578301676679388
21.603870034446594
21.671981235383168
21.67460640136756
21.72188433223989
21.777886567013883
21.79205359339512
21.826935605410018
21.842410121977363
21.88080316795986
21.937887088368228
21.96022802797627
21.98662069661564
22.02681679569401
22.037518640414802
22.03904909835273
22.083461542912268
22.12343892805456
22.153904132482953
22.19415677351593
22.225991653161767
22.270878432758636
22.302775187232534
22.33284657505953
22.344345060497325
22.401506092912722
22.466975418868735
22.474680982239253
22.498593962569956
22.540350575566226
22.597792301181073
22.627735177034992
22.64328441256796
22.68195321617999
22.730126333537886
22.749338087423418
22.77849852828374
22.79104096345809
22.85777773459875
22.900993265914693
22.94168510846954
22.95466590154642
22.9948410294187
23.012920059454782
23.047451944761708
23.113005580499
23.141516302122042
23.14996122816658
23.166572435942467
23.24018440036613
23.250766384323114
23.326967465035604
23.348093983837774
23.40680351112031
23.430655973069737
23.507114448052047
23.52161258303159
23.54521583007229
23.584774317415327
23.61179545565471
23.688245717778425
23.72347141578315
23.75872223585695
23.802644873347536
23.826575581233886
23.90688195515224
23.94138443112685
23.999427092442673
24.010690106188992
24.041032988158918
24.090797624133153
24.163824494067086
24.17252442290412
24.213096859206196
24.275332843517425
24.292867935294677
24.34130784788505
24.381360352208766
24.410850668591
24.42807940345679
24.455736789214
24.488814588214954
24.56054250114275
24.597115661857508
24.622484264124186
24.631057406578297
24.684478861654803
24.72279474568119
24.788865041201706
24.822740749759554
24.866204252494892
24.89217017056597
24.9536301117628
24.978427255332868
24.989338881680645
25.00965485738884
25.072091258030124
25.0955494420007
25.125721401340968
25.17840101271345
25.221245142889387
25.247356129541284
25.277453380426135
25.28969631768748
25.357969286086
25.385961977994373
25.415752905322385
25.46190913963707
25.489737843069545
25.50491573078086
25.56693909532439
25.604289356460924
25.643822750058995
25.69456818377983
25.73333565764927
25.749734355305232
25.784217590868202
25.800451181270997
25.82160616210686
25.872828988623844
25.88835302777188
25.89700882842038
26.012317133766793
26.11231235295156
26.150186780654646
26.179855125977394
26.234138703786595
26.258778331848088
26.264543014519838
26.320604838306426
26.347353740026346
26.432160642032496
26.46559960899637
26.502859114722895
26.594802892701928
26.61367206386059
26.661822582364973
26.71344186414532
26.73706546663502
26.78536333525351
26.807335254967345
26.8331744073261
26.901070357165956
26.95164629248542
26.975104155683596
27.03327504166272
27.114574173227382
27.13647394427747
27.233621864152838
27.27592637803496
27.33688043027048
27.38300955430332
27.441006121631364
27.459258774551742
27.502994820083096
27.55358511446932
27.619262646777056
27.667953687026206
27.730359807090057
27.787139161812146
27.85967170061695
27.87786795312372
27.937711540251723
27.952182735477777
28.02277740084921
28.03726879952561
28.1097754278894
28.235099767937694
28.249516020172404
28.28174425121212
28.34695497675983
28.3694396617953
28.415040273578587
28.45551531583364
28.55272836722186
28.56764377579213
28.63881813762876
28.663550961362244
28.729457534500384
28.791529401045274
28.84451924385374
28.895910981049973
28.950594659492417
28.973965278317518
29.02887910051536
29.08585438266076
29.104967932716402
29.145772777741197
29.284244237187806
29.358697907373664
29.38800656489153
29.44744905478259
29.469291306587653
29.57819644066121
29.675182341519623
29.703933148184717
29.776540366609083
29.815774248202835
29.916932903416374
29.945960728091038
30.01659456000098
30.08979600434564
30.135613571346596
30.16996746615124
30.286002471331905
30.38797204061147
30.470974225818047
30.539339506785264
30.613794546935686
30.669402111135984
30.733081793559915
30.78417299553703
30.882096025496665
30.929068288923958
30.965579002662793
31.01906319847597
31.177156557622343
31.26669978903466
31.479985909212054
31.528669006451718
31.641646006545184
31.69758640879184
31.737928318147297
31.8729824415306
31.891847305343113
31.946855206262263
32.02062360624025
32.07416791548181
32.1341848577528
32.27490102982863
32.490292759643424
32.534894218595
32.80270019479522
32.846099199454464
32.87338900376855
33.074771794557115
33.51730853881654
33.635341377408324
33.73624002910093
33.930231282594164
33.965823787688684
34.14955631269112
34.402160226505416
36.60292018188151
0.7036678550466079
0.8405838270010177
0.8709988609924506
0.9059919984274
0.978969199896067
7.479434455093969
9.81365056622461
10.576766704370272
10.819077406015566
11.052352254711709
11.404354180273348
11.429501374432787
11.503449967923796
11.524020980781739
11.685746085197218
11.721430402946822
11.779677953012667
11.92936301176279
12.034566214079264
12.438358169196814
12.459049328709664
12.590281231421026
12.617235942440248
12.671043561988139
12.718206707160295
12.775356763322842
12.791687723185776
12.870911057504827
12.967477693589698
13.042663856670414
13.098898552384936
13.186347389323302
13.21305126413264
13.28463486324518
13.30921478735724
13.357115284357617
13.404600981727407
13.463780496029917
13.494068407909126
13.554389743367418
13.588381906978777
13.624939347573731
13.669767638988601
13.738167302335052
13.748982946574687
13.813192075167883
13.822214369930814
13.890715458222461
13.936753482397595
13.991221512048384
14.010988123374704
14.022699038584532
14.093139973099245
14.114460041334628
14.145739647911652
14.243113099053414
14.244938837298815
14.29387639841985
14.37610024570498
14.422707330132113
14.462038162633336
14.51431917655426
14.560543335484372
14.575028371630705
14.6871817119426
14.725507139774479
14.804960435460398
14.808421835747565
14.85229888976209
14.91070233856948
14.942414465880942
14.96837221547604
15.01635776732997
15.019684052163283
15.074535926800204
15.13358948945701
15.171390586182646
15.208914422922934
15.270890823864143
15.286063165557783
15.32819886147281
15.369490419639433
15.44152593209495
15.462243692053974
15.497309547028653
15.499876885598988
15.525382491518448
15.594126636012803
15.644618480405306
15.733208015014421
15.748018364072442
15.767107722368694
15.833553050016564
15.873384254323533
15.901404476870079
15.945595678132268
16.009055334165144
16.049575243491105
16.072211569876433
16.096128424662236
16.129640251135815
16.170492641690345
16.190191319755304
16.21733506965976
16.2412815233017
16.28508014356185
16.311305236461813
16.368424372036607
16.40526794098068
16.489287328421575
16.53449669481142
16.54921633813612
16.55386689419306
16.561738865302654
16.642725734186524
16.65494340261846
16.68616622847718
16.73201877371277
16.74217672303583
16.836056248898824
16.86895271757854
16.92099775256521
16.930616681217963
16.979888073649875
17.02768442459927
17.03969144800906
17.06704546072246
17.084965982927432
17.145506699004155
17.172416620353257
17.182576736896475
17.20161367995272
17.24667474629267
17.313075273607275
17.35726295063897
17.388418130122012
17.407593934192338
17.43365985618863
17.455474674941495
17.50101011575456
17.512933674692672
17.547423119178806
17.596290486519994
17.648193387901586
17.679838955087803
17.75300144841345
17.78463551158788
17.79665817991413
17.867357145038333
17.871255216169924
17.881287306435567
17.963351244369818
17.980623719363
18.07376045319671
18.08862925067035
18.108048833195642
18.172683849405797
18.193314612387756
18.249222483324797
18.25672673630068
18.317658887437933
18.347517677764525
18.355788415653336
18.37637067323743
18.411652358036623
18.449019285308697
18.49085634250254
18.518524417939762
18.538993419845546
18.58605497463832
18.61969385325491
18.65734497051659
18.675098970070227
18.743376624957452
18.76271578429574
18.7949956027912
18.826705477190128
18.849251029690834
18.886714389991138
18.934225521847896
18.980439234239295
19.028930322487636
19.050705327280415
19.111286360854418
19.12690324812503
19.150788175764042
19.160528127942843
19.202302461191785
19.238240831806216
19.311339097630697
19.336722927383903
19.360015487550303
19.395891086084028
19.44026455507032
19.45127804447331
19.489786128992026
19.52182830655038
19.549072731814757
19.602172727428233
19.61473820721419
19.663553218457604
19.6893487253238
19.694669204671186
19.767585145512758
19.795198824975003
19.835713498907186
19.87891529846581
19.921992902703085
19.941320607216692
19.98394533145423
19.99184691170143
20.004387639967153
20.022456108331006
20.081980951963775
20.11105681635882
20.166198363385387
20.192493296660416
20.21214208832253
20.246347720170693
20.3046791249787
20.360485041499285
20.38893099264125
20.41579273655822
20.43367886969149
20.449074254882074
20.48836828692948
20.54742660663985
20.574931560387455
20.62364325811159
20.652778020594432
20.67739947841098
20.688107524122493
20.792003519287192
20.816305846264182
20.836507169561223
20.879647903339492
20.91472158696339
20.9477895407685
20.96557253262055
21.02756401368258
21.039856416341145
21.089874100064833
21.11991807242331
21.14372535873096
21.20376027552205
21.230739481196483
21.261892093358874
21.299444596994718
21.311813279668478
21.388504586574417
21.397244694789176
21.438249697415127
21.452683730375224
21.495226502244154
21.52636419519322
21.578301676679388
21.603870034446594
21.671981235383168
21.67460640136756
21.72188433223989
21.777886567013883
21.79205359339512
21.826935605410018
21.842410121977363
21.88080316795986
21.937887088368228
21.96022802797627
21.98662069661564
22.02681679569401
22.037518640414802
22.03904909835273
22.083461542912268
22.12343892805456
22.153904132482953
22.19415677351593
22.225991653161767
22.270878432758636
22.302775187232534
22.33284657505953
22.344345060497325
22.401506092912722
22.466975418868735
22.474680982239253
22.498593962569956
22.540350575566226
22.597792301181073
22.627735177034992
22.64328441256796
22.68195321617999
22.730126333537886
22.749338087423418
22.77849852828374
22.79104096345809
22.85777773459875
22.900993265914693
22.94168510846954
22.95466590154642
22.9948410294187
23.012920059454782
23.047451944761708
23.113005580499
23.141516302122042
23.14996122816658
23.166572435942467
23.24018440036613
23.250766384323114
23.326967465035604
23.348093983837774
23.40680351112031
23.430655973069737
23.507114448052047
23.52161258303159
23.54521583007229
23.584774317415327
23.61179545565471
23.688245717778425
23.72347141578315
23.75872223585695
23.802644873347536
23.826575581233886
23.90688195515224
23.94138443112685
23.999427092442673
24.010690106188992
24.041032988158918
24.090797624133153
24.163824494067086
24.17252442290412
24.213096859206196
24.275332843517425
24.292867935294677
24.34130784788505
24.381360352208766
24.410850668591
24.42807940345679
24.455736789214
24.488814588214954
24.56054250114275
24.597115661857508
24.622484264124186
24.631057406578297
24.684478861654803
24.72279474568119
24.788865041201706
24.822740749759554
24.866204252494892
24.89217017056597
24.9536301117628
24.978427255332868
24.989338881680645
25.00965485738884
25.072091258030124
25.0955494420007
25.125721401340968
25.17840101271345
25.221245142889387
25.247356129541284
25.277453380426135
25.28969631768748
25.357969286086
25.385961977994373
25.415752905322385
25.46190913963707
25.489737843069545
25.50491573078086
25.56693909532439
25.604289356460924
25.643822750058995
25.69456818377983
25.73333565764927
25.749734355305232
25.784217590868202
25.800451181270997
25.82160616210686
25.872828988623844
25.88835302777188
25.89700882842038
26.012317133766793
26.11231235295156
26.150186780654646
26.179855125977394
26.234138703786595
26.258778331848088
26.264543014519838
26.320604838306426
26.347353740026346
26.432160642032496
26.46559960899637
26.502859114722895
26.594802892701928
26.61367206386059
26.661822582364973
26.71344186414532
26.73706546663502
26.78536333525351
26.807335254967345
26.8331744073261
26.901070357165956
26.95164629248542
26.975104155683596
27.03327504166272
27.114574173227382
27.13647394427747
27.233621864152838
27.27592637803496
27.33688043027048
27.38300955430332
27.441006121631364
27.459258774551742
27.502994820083096
27.55358511446932
27.619262646777056
27.667953687026206
27.730359807090057
27.787139161812146
27.85967170061695
27.87786795312372
27.937711540251723
27.952182735477777
28.02277740084921
28.03726879952561
28.1097754278894
28.235099767937694
28.249516020172404
28.28174425121212
28.34695497675983
28.3694396617953
28.415040273578587
28.45551531583364
28.55272836722186
28.56764377579213
28.63881813762876
28.663550961362244
28.729457534500384
28.791529401045274
28.84451924385374
28.895910981049973
28.950594659492417
28.973965278317518
29.02887910051536
29.08585438266076
29.104967932716402
29.145772777741197
29.284244237187806
29.358697907373664
29.38800656489153
29.44744905478259
29.469291306587653
29.57819644066121
29.675182341519623
29.703933148184717
29.776540366609083
29.815774248202835
29.916932903416374
29.945960728091038
30.01659456000098
30.08979600434564
30.135613571346596
30.16996746615124
30.286002471331905
30.38797204061147
30.470974225818047
30.539339506785264
30.613794546935686
30.669402111135984
30.733081793559915
30.78417299553703
30.882096025496665
30.929068288923958
30.965579002662793
31.01906319847597
31.177156557622343
31.26669978903466
31.479985909212054
31.528669006451718
31.641646006545184
31.69758640879184
31.737928318147297
31.8729824415306
31.891847305343113
31.946855206262263
32.02062360624025
32.07416791548181
32.1341848577528
32.27490102982863
32.490292759643424
32.534894218595
32.80270019479522
32.846099199454464
32.87338900376855
33.074771794557115
33.51730853881654
33.635341377408324
33.73624002910093
33.930231282594164
33.965823787688684
34.14955631269112
34.402160226505416
36.60292018188151
