0.573336692461211
0.6669841308522384
0.7066346268492432
0.8022001284914785
0.8398707161877343
0.9174124277470229
0.956600460795072
1.002844567839033
1.060146304851346
4.079179449976977
4.344384456307025
4.479419709321199
4.550375503413397
5.310326061136861
5.324963420854561
5.41994613684469
5.452807215447463
5.503371059430482
5.580769582193744
5.68954509582814
5.704409565589257
5.716556425464437
5.976821821233398
6.007062925511245
6.040725637353272
6.05064528645805
6.079183794754597
6.151808538622409
6.1658360879823455
6.187820034422061
6.224008437129329
6.313658791356003
6.348095591088326
6.402148741688312
6.485152266108094
6.589851271702057
6.624874957090427
6.692227066073034
6.724564472394831
6.759951876908144
6.8162447894942675
6.846253392340314
6.855386478850889
6.9070167148804495
6.929121599153734
7.000545885143707
7.0399109120349115
7.0881920862352645
7.109038534081652
7.151420050977651
7.177989332747135
7.203678301230345
7.235982993034376
7.271524850988177
7.346837303445942
7.4015919311011915
7.421327416545933
7.461418519675034
7.509252061976137
7.553028191024544
7.576231494827338
7.625075538345691
7.632471721402673
7.646588436859856
7.720018498006502
7.7569620386879645
7.7849436454000545
7.8067872352558725
7.842732253822432
7.856972985971171
7.877499639870236
7.906132932104487
7.964288004583521
7.9795229353803565
8.001683091566605
8.059061877377413
8.080256165136998
8.091032934883446
8.130204305015667
8.146504446462226
8.183317074766576
8.23013948849906
8.259106267863942
8.265101063786664
8.293594321312694
8.348651142982392
8.376720214985943
8.41666688587775
8.435526393029614
8.46659557726283
8.494221631959883
8.53376448638308
8.560045462598325
8.589014841382763
8.631735949277255
8.655902658893325
8.674372184734924
8.749622161735903
8.762116931321405
8.77656413707319
8.788599669836437
8.851673792887972
8.872129824628615
8.927428168946722
8.985673241163393
8.996800137291055
9.031281186967252
9.062280177657467
9.077159416476535
9.102585085176326
9.12250233101535
9.189022990282375
9.20324872351042
9.21346450416131
9.25320311587127
9.274522506281427
9.290250232614266
9.345804291490799
9.365880720096783
9.400005827199443
9.424719900388357
9.45903501605685
9.482551752493832
9.532894990250906
9.565412819821088
9.602699076701102
9.611219552897138
9.677398373819901
9.683629848171412
9.703503492446226
9.730664613116454
9.743092400830484
9.798746732068555
9.803480770702818
9.827373199235605
9.852556024261888
9.868210233146806
9.885275537315449
9.952035251815602
9.959182598094348
9.977512502478234
10.031339760974221
10.05975407056077
10.063928991176669
10.094252131838802
10.11800787401425
10.125490957786173
10.170222288455443
10.193591229164168
10.221909305114487
10.25418781906947
10.30142509101215
10.314780698863407
10.33367564736283
10.356704465445354
10.408919401606166
10.413394671082072
10.472312218691968
10.48277280889351
10.490976137178496
10.520945040339429
10.551370070585088
10.563354073535034
10.604969567958276
10.625852032337058
10.640118327467574
10.66421932706537
10.67310962765165
10.68321083206278
10.754136677572154
10.766138398734741
10.79298182557335
10.802227485460316
10.829836204250524
10.84985572117066
10.889723451741416
10.897114236809566
10.92441975167616
10.93447463632195
10.960395302761766
10.988839511990049
11.03444576170439
11.088919472095881
11.122196790199997
11.14217737167677
11.18320720699633
11.218636769074559
11.23173278911934
11.257570970525492
11.317573416576597
11.346290249683017
11.384207038402712
11.388543228789342
11.423330266768806
11.459429940467226
11.477930553942926
11.504364373921808
11.522461727696264
11.540402636418866
11.57235905672688
11.59434190239082
11.611769692812434
11.629406825717155
11.677279376223746
11.697394211550659
11.71084788433377
11.721032964139019
11.762736271855301
11.788532801776572
11.81637299022954
11.854482628540554
11.863702845749112
11.88400788418049
11.91327157516501
11.961871352520646
11.971286364547344
12.009411629627717
12.026583376979547
12.075672263932985
12.125885745327809
12.137059929674292
12.150949085711591
12.202165440804611
12.21720660599395
12.24034213587466
12.255733888667457
12.29623030660331
12.319576923315406
12.370503428854516
12.398602041942063
12.425649282863587
12.434250182373003
12.457627095457378
12.5352299739543
12.546888360777796
12.568073317476117
12.594308554532242
12.628120919152956
12.631530792899767
12.678609020430198
12.703327948604553
12.739281230453615
12.763401528117464
12.797771003602206
12.819656146137898
12.852863266337517
12.866605902136817
12.894639976176864
12.903171547954216
12.909407088223581
12.927709593922687
12.95203517102232
12.971009920393659
13.021831096330889
13.073296452380207
13.098540106037678
13.10076603259658
13.131989193082148
13.149916197398934
13.187682222796596
13.235584331924256
13.249450041850947
13.287838175309517
13.29924011038094
13.324337988261016
13.350932034905567
13.435016056850806
13.450713773196094
13.502745899540914
13.532314984756509
13.553149361383644
13.59937416455748
13.61615979989
13.626937369308392
13.64287279738968
13.681647450805936
13.711488441366352
13.740169473342846
13.766820524612676
13.794375810006322
13.841321011582219
13.874633530902276
13.907212414800592
13.95127135912643
13.967128390698447
14.002589835447688
14.036970770883958
14.0426888673556
14.071030516665623
14.11778697753431
14.136821916646563
14.158366327206384
14.17402202123328
14.211350619005012
14.225763918389683
14.255974526040452
14.302816363847185
14.350770117240156
14.383498146408083
14.413604617559967
14.446180427747159
14.474956583707351
14.51146511759765
14.558259553145302
14.59333471607022
14.605045597939874
14.655702023197703
14.674933364721056
14.687226425271502
14.73937395868865
14.752680010481503
14.777806398116704
14.822330867044887
14.825387824146427
14.868295333133624
14.897363355353638
14.917535545139987
14.9551072278862
14.974071750716172
14.995822787182815
15.038526935262803
15.05572904977158
15.071980387338922
15.138303052477728
15.171670946571853
15.212073453343772
15.254880388655293
15.260308137106156
15.296238592541838
15.333823509215673
15.367204176291505
15.383476427387942
15.422229486691364
15.43991688364106
15.452010984659863
15.503921234229265
15.544405499407429
15.578334966478808
15.619603331288937
15.634271371753334
15.654181976483143
15.703428771872938
15.745343906617807
15.755023043691036
15.783924212396643
15.835036869134164
15.849979352837918
15.88801919821727
15.917536002053769
15.96107719308304
15.991748940008947
16.003213565597868
16.01235382275621
16.078787812205988
16.084788763502964
16.146925932273046
16.19708847017931
16.24263458220338
16.250755229945568
16.294233587810854
16.33237105229361
16.340893542307107
16.37236682923819
16.437982852170066
16.452022053602832
16.47782006924059
16.536676261353122
16.547971825842573
16.594311883028766
16.59917307595293
16.62040106308553
16.689577994624724
16.721282644828985
16.73143021531043
16.75875204401856
16.78644564962869
16.80500357410798
16.82386664877546
16.879852132495785
16.94169214992361
16.95457135806063
17.01065090355473
17.01438384796814
17.035583751406687
17.083879628348214
17.119595815097878
17.146548649045425
17.159795044952716
17.21570959558983
17.232758010949613
17.30104323012486
17.326498089749652
17.364441481253856
17.39439517090534
17.40736200266282
17.435392225101822
17.497260594491554
17.559653832688397
17.57382291391515
17.633486101709142
17.638711726775387
17.692627520911596
17.716375466091698
17.75475342973184
17.77943164984083
17.85121197912454
17.85745097864552
17.868669595615746
17.906892740187928
17.93649445411761
17.97357349663464
17.995875634484108
18.0233508400716
18.056335029511754
18.085388819779272
18.12556475357371
18.17828469076689
18.200344120188365
18.231895746276457
18.29338554353976
18.32979291034125
18.345060918590807
18.359941471993626
18.363767839436854
18.403534024431615
18.479214942120343
18.495582123534074
18.554852217484484
18.5909662226821
18.615385679453194
18.636101437182457
18.682279106291087
18.746945928408298
18.779554261405305
18.79904562949935
18.893000147288333
18.946552511895984
18.99225103159131
19.042835501502168
19.091834372864643
19.111116692018246
19.1239292122941
19.21623383449327
19.25081278065747
19.302458301476626
19.37658372198375
19.449228777980146
19.467042689031096
19.521774190017588
19.551251044341697
19.595045757021442
19.626178107010396
19.72451103567293
19.776751405434393
19.913429474454684
19.948522539480663
19.995131527711553
20.038717791766725
20.110121925281423
20.156249402886694
20.2799762679173
20.31171818266289
20.3410137350113
20.35272371208258
20.406483781588268
20.47163830182095
20.523396607363015
20.556072576916726
20.59695779725436
20.674736992273104
20.688872556380897
20.839056278681973
20.913067814061005
20.924789389481944
20.978953180183858
21.06074346309212
21.184179848283154
21.243225705751435
21.308907855057214
21.428993195543732
21.60127536761575
21.64047922311952
21.73364988055865
21.840457463946294
21.953844682867114
22.11070218450139
22.191739785554326
22.242675516897876
22.340887505357813
22.405172556907473
22.50295238964708
22.706185375039368
22.896572076074506
23.17591488130039
23.646935163471447
23.7961373797348
24.501026976256448
25.421009852732922
26.78037307234762
0.573336692461211
0.6669841308522384
0.7066346268492432
0.8022001284914785
0.8398707161877343
0.9174124277470229
0.956600460795072
1.002844567839033
1.060146304851346
4.079179449976977
4.344384456307025
4.479419709321199
4.550375503413397
5.310326061136861
5.324963420854561
5.41994613684469
5.452807215447463
5.503371059430482
5.580769582193744
5.68954509582814
5.704409565589257
5.716556425464437
5.976821821233398
6.007062925511245
6.040725637353272
6.05064528645805
6.079183794754597
6.151808538622409
6.1658360879823455
6.187820034422061
6.224008437129329
6.313658791356003
6.348095591088326
6.402148741688312
6.485152266108094
6.589851271702057
6.624874957090427
6.692227066073034
6.724564472394831
6.759951876908144
6.8162447894942675
6.846253392340314
6.855386478850889
6.9070167148804495
6.929121599153734
7.000545885143707
7.0399109120349115
7.0881920862352645
7.109038534081652
7.151420050977651
7.177989332747135
7.203678301230345
7.235982993034376
7.271524850988177
7.346837303445942
7.4015919311011915
7.421327416545933
7.461418519675034
7.509252061976137
7.553028191024544
7.576231494827338
7.625075538345691
7.632471721402673
7.646588436859856
7.720018498006502
7.7569620386879645
7.7849436454000545
7.8067872352558725
7.842732253822432
7.856972985971171
7.877499639870236
7.906132932104487
7.964288004583521
7.9795229353803565
8.001683091566605
8.059061877377413
8.080256165136998
8.091032934883446
8.130204305015667
8.146504446462226
8.183317074766576
8.23013948849906
8.259106267863942
8.265101063786664
8.293594321312694
8.348651142982392
8.376720214985943
8.41666688587775
8.435526393029614
8.46659557726283
8.494221631959883
8.53376448638308
8.560045462598325
8.589014841382763
8.631735949277255
8.655902658893325
8.674372184734924
8.749622161735903
8.762116931321405
8.77656413707319
8.788599669836437
8.851673792887972
8.872129824628615
8.927428168946722
8.985673241163393
8.996800137291055
9.031281186967252
9.062280177657467
9.077159416476535
9.102585085176326
9.12250233101535
9.189022990282375
9.20324872351042
9.21346450416131
9.25320311587127
9.274522506281427
9.290250232614266
9.345804291490799
9.365880720096783
9.400005827199443
9.424719900388357
9.45903501605685
9.482551752493832
9.532894990250906
9.565412819821088
9.602699076701102
9.611219552897138
9.677398373819901
9.683629848171412
9.703503492446226
9.730664613116454
9.743092400830484
9.798746732068555
9.803480770702818
9.827373199235605
9.852556024261888
9.868210233146806
9.885275537315449
9.952035251815602
9.959182598094348
9.977512502478234
10.031339760974221
10.05975407056077
10.063928991176669
10.094252131838802
10.11800787401425
10.125490957786173
10.170222288455443
10.193591229164168
10.221909305114487
10.25418781906947
10.30142509101215
10.314780698863407
10.33367564736283
10.356704465445354
10.408919401606166
10.413394671082072
10.472312218691968
10.48277280889351
10.490976137178496
10.520945040339429
10.551370070585088
10.563354073535034
10.604969567958276
10.625852032337058
10.640118327467574
10.66421932706537
10.67310962765165
10.68321083206278
10.754136677572154
10.766138398734741
10.79298182557335
10.802227485460316
10.829836204250524
10.84985572117066
10.889723451741416
10.897114236809566
10.92441975167616
10.93447463632195
10.960395302761766
10.988839511990049
11.03444576170439
11.088919472095881
11.122196790199997
11.14217737167677
11.18320720699633
11.218636769074559
11.23173278911934
11.257570970525492
11.317573416576597
11.346290249683017
11.384207038402712
11.388543228789342
11.423330266768806
11.459429940467226
11.477930553942926
11.504364373921808
11.522461727696264
11.540402636418866
11.57235905672688
11.59434190239082
11.611769692812434
11.629406825717155
11.677279376223746
11.697394211550659
11.71084788433377
11.721032964139019
11.762736271855301
11.788532801776572
11.81637299022954
11.854482628540554
11.863702845749112
11.88400788418049
11.91327157516501
11.961871352520646
11.971286364547344
12.009411629627717
12.026583376979547
12.075672263932985
12.125885745327809
12.137059929674292
12.150949085711591
12.202165440804611
12.21720660599395
12.24034213587466
12.255733888667457
12.29623030660331
12.319576923315406
12.370503428854516
12.398602041942063
12.425649282863587
12.434250182373003
12.457627095457378
12.5352299739543
12.546888360777796
12.568073317476117
12.594308554532242
12.628120919152956
12.631530792899767
12.678609020430198
12.703327948604553
12.739281230453615
12.763401528117464
12.797771003602206
12.819656146137898
12.852863266337517
12.866605902136817
12.894639976176864
12.903171547954216
12.909407088223581
12.927709593922687
12.95203517102232
12.971009920393659
13.021831096330889
13.073296452380207
13.098540106037678
13.10076603259658
13.131989193082148
13.149916197398934
13.187682222796596
13.235584331924256
13.249450041850947
13.287838175309517
13.29924011038094
13.324337988261016
13.350932034905567
13.435016056850806
13.450713773196094
13.502745899540914
13.532314984756509
13.553149361383644
13.59937416455748
13.61615979989
13.626937369308392
13.64287279738968
13.681647450805936
13.711488441366352
13.740169473342846
13.766820524612676
13.794375810006322
13.841321011582219
13.874633530902276
13.907212414800592
13.95127135912643
13.967128390698447
14.002589835447688
14.036970770883958
14.0426888673556
14.071030516665623
14.11778697753431
14.136821916646563
14.158366327206384
14.17402202123328
14.211350619005012
14.225763918389683
14.255974526040452
14.302816363847185
14.350770117240156
14.383498146408083
14.413604617559967
14.446180427747159
14.474956583707351
14.51146511759765
14.558259553145302
14.59333471607022
14.605045597939874
14.655702023197703
14.674933364721056
14.687226425271502
14.73937395868865
14.752680010481503
14.777806398116704
14.822330867044887
14.825387824146427
14.868295333133624
14.897363355353638
14.917535545139987
14.9551072278862
14.974071750716172
14.995822787182815
15.038526935262803
15.05572904977158
15.071980387338922
15.138303052477728
15.171670946571853
15.212073453343772
15.254880388655293
15.260308137106156
15.296238592541838
15.333823509215673
15.367204176291505
15.383476427387942
15.422229486691364
15.43991688364106
15.452010984659863
15.503921234229265
15.544405499407429
15.578334966478808
15.619603331288937
15.634271371753334
15.654181976483143
15.703428771872938
15.745343906617807
15.755023043691036
15.783924212396643
15.835036869134164
15.849979352837918
15.88801919821727
15.917536002053769
15.96107719308304
15.991748940008947
16.003213565597868
16.01235382275621
16.078787812205988
16.084788763502964
16.146925932273046
16.19708847017931
16.24263458220338
16.250755229945568
16.294233587810854
16.33237105229361
16.340893542307107
16.37236682923819
16.437982852170066
16.452022053602832
16.47782006924059
16.536676261353122
16.547971825842573
16.594311883028766
16.59917307595293
16.62040106308553
16.689577994624724
16.721282644828985
16.73143021531043
16.75875204401856
16.78644564962869
16.80500357410798
16.82386664877546
16.879852132495785
16.94169214992361
16.95457135806063
17.01065090355473
17.01438384796814
17.035583751406687
17.083879628348214
17.119595815097878
17.146548649045425
17.159795044952716
17.21570959558983
17.232758010949613
17.30104323012486
17.326498089749652
17.364441481253856
17.39439517090534
17.40736200266282
17.435392225101822
17.497260594491554
17.559653832688397
17.57382291391515
17.633486101709142
17.638711726775387
17.692627520911596
17.716375466091698
17.75475342973184
17.77943164984083
17.85121197912454
17.85745097864552
17.868669595615746
17.906892740187928
17.93649445411761
17.97357349663464
17.995875634484108
18.0233508400716
18.056335029511754
18.085388819779272
18.12556475357371
18.17828469076689
18.200344120188365
18.231895746276457
18.29338554353976
18.32979291034125
18.345060918590807
18.359941471993626
18.363767839436854
18.403534024431615
18.479214942120343
18.495582123534074
18.554852217484484
18.5909662226821
18.615385679453194
18.636101437182457
18.682279106291087
18.746945928408298
18.779554261405305
18.79904562949935
18.893000147288333
18.946552511895984
18.99225103159131
19.042835501502168
19.091834372864643
19.111116692018246
19.1239292122941
19.21623383449327
19.25081278065747
19.302458301476626
19.37658372198375
19.449228777980146
19.467042689031096
19.521774190017588
19.551251044341697
19.595045757021442
19.626178107010396
19.72451103567293
19.776751405434393
19.913429474454684
19.948522539480663
19.995131527711553
20.038717791766725
20.110121925281423
20.156249402886694
20.2799762679173
20.31171818266289
20.3410137350113
20.35272371208258
20.406483781588268
20.47163830182095
20.523396607363015
20.556072576916726
20.59695779725436
20.674736992273104
20.688872556380897
20.839056278681973
20.913067814061005
20.924789389481944
20.978953180183858
21.06074346309212
21.184179848283154
21.243225705751435
21.308907855057214
21.428993195543732
21.60127536761575
21.64047922311952
21.73364988055865
21.840457463946294
21.953844682867114
22.11070218450139
22.191739785554326
22.242675516897876
22.340887505357813
22.405172556907473
22.50295238964708
22.706185375039368
22.896572076074506
23.17591488130039
23.646935163471447
23.7961373797348
24.501026976256448
25.421009852732922
26.78037307234762
