0.7681221609276518
0.8673856049535577
0.9077785641006022
1.0251281285398923
1.0895255649289681
9.26314999919139
10.445939736379497
10.594685509932368
11.059912564355697
11.07526775514311
11.191693204582641
11.517046374144138
11.660605364287466
11.700977075371597
12.084301002601048
12.202309326755143
12.22558722656999
12.378357051694605
12.452607507414822
12.505108306234305
12.519709400556108
12.607008393988295
12.626983110333969
12.800989035428312
12.899782604450616
12.915665524289771
13.016513194444968
13.083426445294238
13.168946992445994
13.178107686171204
13.278888657025437
13.292272675647032
13.37107766038105
13.469322640283396
13.50478566300828
13.610748987767296
13.622767753194319
13.701887013166631
13.719912025328739
13.74802707349024
13.816425839596539
13.852661171118788
13.87077927529939
13.939772576595175
13.979934503017246
13.987767776640345
14.081080636688968
14.119489635865772
14.169008419675224
14.228929583354393
14.255508880077125
14.265240036912251
14.338338048776276
14.39163854690426
14.44160019359311
14.454540332526161
14.49209731610676
14.575870101489869
14.657836078215114
14.707089073813762
14.720375910463147
14.77339992921368
14.81713071793939
14.886652370584711
14.95821861498941
14.97935631147211
15.028884162697816
15.032378171306307
15.113749774247953
15.180961001166477
15.235525798462845
15.295520003454232
15.301601983282513
15.37342396562148
15.401050705073109
15.459691495595912
15.484423137243628
15.50809920516895
15.57075462182185
15.615396194523887
15.636745538619907
15.699571799267348
15.720703071011975
15.76741836609564
15.793833602953377
15.836820535050602
15.867499813172891
15.913266061510642
16.013957096228424
16.089458956700916
16.13134175413271
16.148357502936765
16.196969896018512
16.214353014589935
16.245400075489428
16.269766640638554
16.325909572566598
16.333982415709162
16.358196657158633
16.404089196664206
16.4263155546284
16.493501338989873
16.529587234876285
16.53399527943081
16.610450621455517
16.61604013211676
16.663948479231905
16.698299666660002
16.735431799252577
16.76978686198095
16.853770821447508
16.89311124498046
16.903688540947837
16.91757466554336
16.93891308893473
16.99834373772287
17.063860672181058
17.073082777810964
17.096359847047722
17.14917014244554
17.18343567676507
17.234420814453777
17.275020721787527
17.285053106060012
17.31078790821846
17.35430086591557
17.382870127271826
17.432664247573253
17.441201650481084
17.491241023816887
17.54115505034546
17.592151584763524
17.623910489202594
17.63560019333046
17.6848584843407
17.77487267945727
17.809976742696808
17.819940404963926
17.84634907505126
17.872768339229548
17.89480685713022
17.9130423905658
17.947859616085736
17.994298792774273
18.009447295189442
18.040967254558367
18.05498093410384
18.141033865513464
18.18161105796238
18.20562807772923
18.272191228640313
18.27640889683095
18.283367534715502
18.315289271850872
18.39821200543019
18.42237854556873
18.453402859907328
18.496959989696656
18.510608892326143
18.537226071594688
18.545794564177495
18.577619116268323
18.62142562953787
18.662030727958097
18.717806299309313
18.737767248380653
18.759165607039204
18.79276195737732
18.817888157291964
18.844936663750815
18.946141711306936
18.966264914205606
19.00664894376837
19.018569688826705
19.051050695840527
19.11336520512249
19.133814288102773
19.17819468340851
19.20845688771551
19.238807754519286
19.24616068724824
19.314726900353048
19.321743134149237
19.36925217312619
19.403207538305423
19.428568143877275
19.457640499829004
19.484981075304674
19.53148701131728
19.61102423740764
19.640894494953073
19.678928759397607
19.707660392467
19.727981799251918
19.763158005255224
19.8088461404183
19.850444030054618
19.87104086983589
19.928145206999687
19.95988227284167
19.980876154780788
20.000593748983317
20.05592507134514
20.098511705007795
20.155241936218832
20.203401138858375
20.227539917991145
20.22864134357129
20.256851668723947
20.275614680451326
20.29961835111228
20.321870381063082
20.333501914092444
20.3868248530188
20.434389759995746
20.44710666602465
20.490544291306023
20.522197984790434
20.554703156051556
20.57704288324083
20.602718833907705
20.658345099063926
20.71269944266139
20.726878392020073
20.771950907128936
20.828817287517037
20.840396865253915
20.851617655358424
20.898925439867103
20.925698222846574
20.962463687290438
21.019925331813386
21.046476152662855
21.092143977000575
21.128658261104796
21.150439489552948
21.189712641864055
21.23195465406067
21.25801757874707
21.28713906484261
21.29981321665623
21.34050880068924
21.37921887292709
21.410520680102422
21.466102415462355
21.474146847934907
21.52772276746168
21.577783344853184
21.59353147925633
21.64319958866151
21.666849303574157
21.72534154487689
21.74421684486988
21.78362510842746
21.800393629865162
21.813164615378913
21.89222592310146
21.906397551222454
21.943414894441148
21.951553008560893
21.954592168394278
22.066544125412612
22.07657699072682
22.091716470147738
22.15633216086097
22.19509335358321
22.250370260264273
22.333046123363037
22.37027525406309
22.38612263618616
22.432546235008857
22.485318134390862
22.496782623482666
22.544214106936547
22.59639162647361
22.613199949074943
22.663426940978148
22.697450008896592
22.721139610323704
22.77260204410133
22.788289097433378
22.811003841058557
22.844088602555004
22.899552950939466
22.932558642676508
22.95528235569981
22.977408491193334
23.04012889062663
23.065090810700713
23.088636053042812
23.152123667989017
23.15927590765306
23.20896465117852
23.23562526585676
23.246828103487072
23.30030806802761
23.35927586119471
23.385054412565733
23.42168714121333
23.43786108928617
23.50765837699331
23.55202027393985
23.570804052117687
23.61627509392263
23.668928750957026
23.69573865325957
23.711524428013288
23.72499222732186
23.80661523683507
23.85250669777928
23.868634927545173
23.8962773396803
23.903653113225786
23.95394303458713
24.008351768929302
24.077532028671218
24.11558988591698
24.142811478850273
24.17137298774184
24.191232514659394
24.245704977763385
24.300023292787404
24.340720262347592
24.34644237301181
24.39103695092872
24.454876175630655
24.47962552812165
24.507862822921144
24.541145078491624
24.582433759078
24.59351072220386
24.632400956804176
24.642506006277898
24.66883776057761
24.725078173092925
24.76886633435199
24.789286679757573
24.818187323087557
24.84003769463879
24.901222228964947
24.912431312201115
24.962974151536745
25.007668268935287
25.054017003129825
25.066079091811954
25.105232642260507
25.13740939231836
25.163479023766705
25.21641991550303
25.233912357892997
25.263972339119164
25.29287396556972
25.343369975275387
25.392585949029204
25.425817920130463
25.446340056888847
25.50322033254335
25.54063395920907
25.616496953736533
25.66524976350174
25.69620193855662
25.734889091512095
25.77676071620869
25.83306564255169
25.86236482248695
25.871565484115752
25.90503927712632
25.924059782925042
25.97705200514586
26.071292286905514
26.111338867165973
26.126512483326408
26.165717016653705
26.189804071978447
26.219617073195877
26.241099552698643
26.32074640515508
26.354799368898412
26.390316903557974
26.431737747594944
26.43969874739702
26.463168595443634
26.50773794320527
26.566632964532115
26.58182517469738
26.639634460000984
26.678354000012565
26.73720216402608
26.81837079048702
26.857807344153564
26.91372033511121
26.939905663924776
26.986400576871308
27.057156610308578
27.091974461850317
27.142378522062735
27.201003373949735
27.23014183144103
27.26383993488612
27.302993766041453
27.325412892602344
27.371145174435398
27.462104513992912
27.48831693028395
27.59683276786074
27.618873626352777
27.65616770746582
27.679601402819046
27.711216563370687
27.739568067356736
27.80060351824865
27.855075646681062
27.894109859799602
27.944065675556256
27.980574794226925
28.0210810751245
28.057386264358485
28.09252544891536
28.13929478798104
28.18897489528942
28.261983527094777
28.33812051471723
28.356938087949516
28.41393769520455
28.498882721602858
28.568363296524932
28.596327935699883
28.620026973422842
28.660797076468675
28.68713179591292
28.802678243520475
28.817732644969333
28.86209285496835
28.910675827504974
28.9857414554026
28.999157185900476
29.097112012704642
29.174491887952026
29.205413287298583
29.29959550484165
29.36215676288579
29.42991421230539
29.450225855832667
29.546311111244
29.614672864483605
29.648485610963192
29.719138602728357
29.737324374871022
29.801219185971465
29.84120080230351
29.93277972298554
29.96275811890497
30.044542470095827
30.064781678754645
30.188796841336945
30.247956715778297
30.328140922182513
30.34652233887161
30.435952014541186
30.52315552947216
30.524862995703593
30.584499046445966
30.683358247824934
30.808953444796675
30.829174598487224
30.892313945285885
30.932339995826922
31.05958263355251
31.128766129139297
31.182865144921205
31.34740171815459
31.378054134807478
31.50172317580429
31.5363997292252
31.71863153284545
31.78615698938862
31.843890610654466
31.932427640884022
32.046916757965015
32.13128830931329
32.215247054236485
32.43816396813968
32.54121403205165
32.55931401266451
32.6110927635954
32.81641028369226
32.925891762015446
32.9991669761437
33.09158556994812
33.181182991521034
33.55148936038439
33.62202103627116
34.01251391073894
34.29359386557809
34.36179047768304
36.24204927264173
36.52996759278251
36.850546441255545
38.098140588058655
0.7681221609276518
0.8673856049535577
0.9077785641006022
1.0251281285398923
1.0895255649289681
9.26314999919139
10.445939736379497
10.594685509932368
11.059912564355697
11.07526775514311
11.191693204582641
11.517046374144138
11.660605364287466
11.700977075371597
12.084301002601048
12.202309326755143
12.22558722656999
12.378357051694605
12.452607507414822
12.505108306234305
12.519709400556108
12.607008393988295
12.626983110333969
12.800989035428312
12.899782604450616
12.915665524289771
13.016513194444968
13.083426445294238
13.168946992445994
13.178107686171204
13.278888657025437
13.292272675647032
13.37107766038105
13.469322640283396
13.50478566300828
13.610748987767296
13.622767753194319
13.701887013166631
13.719912025328739
13.74802707349024
13.816425839596539
13.852661171118788
13.87077927529939
13.939772576595175
13.979934503017246
13.987767776640345
14.081080636688968
14.119489635865772
14.169008419675224
14.228929583354393
14.255508880077125
14.265240036912251
14.338338048776276
14.39163854690426
14.44160019359311
14.454540332526161
14.49209731610676
14.575870101489869
14.657836078215114
14.707089073813762
14.720375910463147
14.77339992921368
14.81713071793939
14.886652370584711
14.95821861498941
14.97935631147211
15.028884162697816
15.032378171306307
15.113749774247953
15.180961001166477
15.235525798462845
15.295520003454232
15.301601983282513
15.37342396562148
15.401050705073109
15.459691495595912
15.484423137243628
15.50809920516895
15.57075462182185
15.615396194523887
15.636745538619907
15.699571799267348
15.720703071011975
15.76741836609564
15.793833602953377
15.836820535050602
15.867499813172891
15.913266061510642
16.013957096228424
16.089458956700916
16.13134175413271
16.148357502936765
16.196969896018512
16.214353014589935
16.245400075489428
16.269766640638554
16.325909572566598
16.333982415709162
16.358196657158633
16.404089196664206
16.4263155546284
16.493501338989873
16.529587234876285
16.53399527943081
16.610450621455517
16.61604013211676
16.663948479231905
16.698299666660002
16.735431799252577
16.76978686198095
16.853770821447508
16.89311124498046
16.903688540947837
16.91757466554336
16.93891308893473
16.99834373772287
17.063860672181058
17.073082777810964
17.096359847047722
17.14917014244554
17.18343567676507
17.234420814453777
17.275020721787527
17.285053106060012
17.31078790821846
17.35430086591557
17.382870127271826
17.432664247573253
17.441201650481084
17.491241023816887
17.54115505034546
17.592151584763524
17.623910489202594
17.63560019333046
17.6848584843407
17.77487267945727
17.809976742696808
17.819940404963926
17.84634907505126
17.872768339229548
17.89480685713022
17.9130423905658
17.947859616085736
17.994298792774273
18.009447295189442
18.040967254558367
18.05498093410384
18.141033865513464
18.18161105796238
18.20562807772923
18.272191228640313
18.27640889683095
18.283367534715502
18.315289271850872
18.39821200543019
18.42237854556873
18.453402859907328
18.496959989696656
18.510608892326143
18.537226071594688
18.545794564177495
18.577619116268323
18.62142562953787
18.662030727958097
18.717806299309313
18.737767248380653
18.759165607039204
18.79276195737732
18.817888157291964
18.844936663750815
18.946141711306936
18.966264914205606
19.00664894376837
19.018569688826705
19.051050695840527
19.11336520512249
19.133814288102773
19.17819468340851
19.20845688771551
19.238807754519286
19.24616068724824
19.314726900353048
19.321743134149237
19.36925217312619
19.403207538305423
19.428568143877275
19.457640499829004
19.484981075304674
19.53148701131728
19.61102423740764
19.640894494953073
19.678928759397607
19.707660392467
19.727981799251918
19.763158005255224
19.8088461404183
19.850444030054618
19.87104086983589
19.928145206999687
19.95988227284167
19.980876154780788
20.000593748983317
20.05592507134514
20.098511705007795
20.155241936218832
20.203401138858375
20.227539917991145
20.22864134357129
20.256851668723947
20.275614680451326
20.29961835111228
20.321870381063082
20.333501914092444
20.3868248530188
20.434389759995746
20.44710666602465
20.490544291306023
20.522197984790434
20.554703156051556
20.57704288324083
20.602718833907705
20.658345099063926
20.71269944266139
20.726878392020073
20.771950907128936
20.828817287517037
20.840396865253915
20.851617655358424
20.898925439867103
20.925698222846574
20.962463687290438
21.019925331813386
21.046476152662855
21.092143977000575
21.128658261104796
21.150439489552948
21.189712641864055
21.23195465406067
21.25801757874707
21.28713906484261
21.29981321665623
21.34050880068924
21.37921887292709
21.410520680102422
21.466102415462355
21.474146847934907
21.52772276746168
21.577783344853184
21.59353147925633
21.64319958866151
21.666849303574157
21.72534154487689
21.74421684486988
21.78362510842746
21.800393629865162
21.813164615378913
21.89222592310146
21.906397551222454
21.943414894441148
21.951553008560893
21.954592168394278
22.066544125412612
22.07657699072682
22.091716470147738
22.15633216086097
22.19509335358321
22.250370260264273
22.333046123363037
22.37027525406309
22.38612263618616
22.432546235008857
22.485318134390862
22.496782623482666
22.544214106936547
22.59639162647361
22.613199949074943
22.663426940978148
22.697450008896592
22.721139610323704
22.77260204410133
22.788289097433378
22.811003841058557
22.844088602555004
22.899552950939466
22.932558642676508
22.95528235569981
22.977408491193334
23.04012889062663
23.065090810700713
23.088636053042812
23.152123667989017
23.15927590765306
23.20896465117852
23.23562526585676
23.246828103487072
23.30030806802761
23.35927586119471
23.385054412565733
23.42168714121333
23.43786108928617
23.50765837699331
23.55202027393985
23.570804052117687
23.61627509392263
23.668928750957026
23.69573865325957
23.711524428013288
23.72499222732186
23.80661523683507
23.85250669777928
23.868634927545173
23.8962773396803
23.903653113225786
23.95394303458713
24.008351768929302
24.077532028671218
24.11558988591698
24.142811478850273
24.17137298774184
24.191232514659394
24.245704977763385
24.300023292787404
24.340720262347592
24.34644237301181
24.39103695092872
24.454876175630655
24.47962552812165
24.507862822921144
24.541145078491624
24.582433759078
24.59351072220386
24.632400956804176
24.642506006277898
24.66883776057761
24.725078173092925
24.76886633435199
24.789286679757573
24.818187323087557
24.84003769463879
24.901222228964947
24.912431312201115
24.962974151536745
25.007668268935287
25.054017003129825
25.066079091811954
25.105232642260507
25.13740939231836
25.163479023766705
25.21641991550303
25.233912357892997
25.263972339119164
25.29287396556972
25.343369975275387
25.392585949029204
25.425817920130463
25.446340056888847
25.50322033254335
25.54063395920907
25.616496953736533
25.66524976350174
25.69620193855662
25.734889091512095
25.77676071620869
25.83306564255169
25.86236482248695
25.871565484115752
25.90503927712632
25.924059782925042
25.97705200514586
26.071292286905514
26.111338867165973
26.126512483326408
26.165717016653705
26.189804071978447
26.219617073195877
26.241099552698643
26.32074640515508
26.354799368898412
26.390316903557974
26.431737747594944
26.43969874739702
26.463168595443634
26.50773794320527
26.566632964532115
26.58182517469738
26.639634460000984
26.678354000012565
26.73720216402608
26.81837079048702
26.857807344153564
26.91372033511121
26.939905663924776
26.986400576871308
27.057156610308578
27.091974461850317
27.142378522062735
27.201003373949735
27.23014183144103
27.26383993488612
27.302993766041453
27.325412892602344
27.371145174435398
27.462104513992912
27.48831693028395
27.59683276786074
27.618873626352777
27.65616770746582
27.679601402819046
27.711216563370687
27.739568067356736
27.80060351824865
27.855075646681062
27.894109859799602
27.944065675556256
27.980574794226925
28.0210810751245
28.057386264358485
28.09252544891536
28.13929478798104
28.18897489528942
28.261983527094777
28.33812051471723
28.356938087949516
28.41393769520455
28.498882721602858
28.568363296524932
28.596327935699883
28.620026973422842
28.660797076468675
28.68713179591292
28.802678243520475
28.817732644969333
28.86209285496835
28.910675827504974
28.9857414554026
28.999157185900476
29.097112012704642
29.174491887952026
29.205413287298583
29.29959550484165
29.36215676288579
29.42991421230539
29.450225855832667
29.546311111244
29.614672864483605
29.648485610963192
29.719138602728357
29.737324374871022
29.801219185971465
29.84120080230351
29.93277972298554
29.96275811890497
30.044542470095827
30.064781678754645
30.188796841336945
30.247956715778297
30.328140922182513
30.34652233887161
30.435952014541186
30.52315552947216
30.524862995703593
30.584499046445966
30.683358247824934
30.808953444796675
30.829174598487224
30.892313945285885
30.932339995826922
31.05958263355251
31.128766129139297
31.182865144921205
31.34740171815459
31.378054134807478
31.50172317580429
31.5363997292252
31.71863153284545
31.78615698938862
31.843890610654466
31.932427640884022
32.046916757965015
32.13128830931329
32.215247054236485
32.43816396813968
32.54121403205165
32.55931401266451
32.6110927635954
32.81641028369226
32.925891762015446
32.9991669761437
33.09158556994812
33.181182991521034
33.55148936038439
33.62202103627116
34.01251391073894
34.29359386557809
34.36179047768304
36.24204927264173
36.52996759278251
36.850546441255545
38.098140588058655
