0.4413197928942384
0.5724294188539998
0.6039839922867437
0.6414793346222343
0.7274726470415339
0.7846715025877101
0.8285849968802484
0.9051004280465212
0.9999345232338641
3.6978710504663144
4.100456632189062
4.568801803239456
4.584482248446567
4.659072591257991
4.713719026114427
5.0299385152883875
5.1807675568719205
5.204157031765546
5.3070357215241515
5.381328346918942
5.466179364925268
5.520602905951464
5.658367474381884
5.729827594996449
5.768087116660896
5.855032701224934
5.9605055432274225
5.973149975743416
6.0073866417765505
6.07887106544382
6.115660843047002
6.13063053057558
6.1812906512563615
6.185843864695743
6.211767171554103
6.216667437430575
6.4588750257813565
6.500805213261276
6.529616564618733
6.546645918583787
6.595840641476639
6.606423077229817
6.682597828190316
6.780543366447252
6.822350444359898
6.834236469900541
6.845113661100427
6.900230106403517
6.954604603503432
7.021858428244319
7.046645644213269
7.07475171598914
7.112468584364332
7.140692780424797
7.152687237221891
7.165070365645913
7.20460604651318
7.261777183968651
7.291034417397389
7.294907896659883
7.340357322757479
7.361799469324137
7.420546641203021
7.488316313820626
7.551242983944316
7.628354866561985
7.65161856356763
7.671340963008684
7.734312674991901
7.744203549284447
7.7606590184416815
7.773945883461715
7.792692260978775
7.818406600611115
7.841021772240666
7.875821952313395
7.909188373580052
7.934537551203384
7.957702391552405
7.9877508572709015
8.006194596780302
8.05379947652362
8.057469920817656
8.079457268270318
8.09442440811057
8.105508387867012
8.149370278503005
8.195370880034542
8.232652052484854
8.28093524459213
8.304811680167173
8.369996942826281
8.384910225338153
8.399201207996121
8.431589383133632
8.457238172744956
8.506317579294572
8.54507757102163
8.558354495454697
8.585000141339407
8.619256778587705
8.655802932856904
8.693136920586651
8.717974928160114
8.733913701877409
8.778717536957476
8.795153386884547
8.843140288556278
8.88672549578563
8.914624309737587
8.964803079431814
8.976069768818249
8.990332731876359
9.022859421149416
9.046927177503436
9.090770473969581
9.111808829126074
9.129745501651403
9.166113755851569
9.195790875362437
9.227666126761905
9.241531363723459
9.257407461055053
9.295042587047293
9.337509213465395
9.368057292566158
9.390616416614693
9.400009598712348
9.426713536128219
9.470539223192354
9.494631792791493
9.518754672970138
9.53827028173324
9.567418033554892
9.59113507387282
9.64280499895091
9.670678980000966
9.697160912218989
9.72205704290009
9.775429395328647
9.788389978707656
9.83292098940095
9.842590250598345
9.892736105565511
9.907917241894186
9.954031689233583
9.960141617774239
9.984295361291794
10.052679101921324
10.082778413692683
10.097944841488081
10.109421442128797
10.125270159188961
10.157492016753624
10.22859636819765
10.24386652466298
10.269369772829696
10.30101903427038
10.32918591840783
10.337045860081627
10.339496283878619
10.382423616939551
10.413407673008017
10.441661071217368
10.447324826099324
10.474038286792055
10.504768552761744
10.549592709140793
10.579831405808145
10.593955124583514
10.62562843856343
10.648611708854169
10.654388233312497
10.704269095840292
10.737836873095143
10.769773648058436
10.805507908664435
10.812053292268232
10.839137282942463
10.85353572591115
10.883043905803017
10.892780156427966
10.924972414866657
10.93220646903339
10.947914367146133
10.980701556942966
11.00184479109135
11.016051220739204
11.040951159778515
11.068074791666513
11.091095163140892
11.147411549874858
11.16945128330957
11.173927334857714
11.205653279081787
11.231185153548909
11.27127864209407
11.305765436023641
11.324073873269409
11.34226988240083
11.352478659999669
11.376282979385278
11.41224866220135
11.415862114909258
11.478301227923783
11.500999232812294
11.521322848424838
11.537281804550911
11.573468478064923
11.590538184042835
11.631537849884602
11.648925888738779
11.68569473139002
11.700503449737981
11.712571385470111
11.752557084325007
11.771274944602215
11.793027144495165
11.805866805941298
11.816555922574569
11.839841069567033
11.872633166926146
11.885462658700161
11.93639288855682
11.950236814044413
12.026944793494513
12.066080969422954
12.083686890926407
12.090356450176866
12.120700481314788
12.133246430989734
12.17051794807715
12.190700106047371
12.252957851147519
12.261168117409234
12.276726552585004
12.313901846415021
12.33233341620597
12.35698359797114
12.383188514308355
12.412177662214955
12.445807843367552
12.451743239357409
12.489117131420802
12.504408267956286
12.525212378190169
12.56350964129692
12.631393263810585
12.643643096085604
12.685556363721416
12.7089291379146
12.74057174400767
12.760840474255383
12.772046688074859
12.792123886127069
12.821219443574781
12.856707503220758
12.893967636199804
12.916920420635483
12.960730921045776
12.996378052562667
13.00601401877057
13.06961196234805
13.10517648846542
13.136966595258565
13.18008839151406
13.20108699484462
13.218748242707646
13.250745412574178
13.291665685067096
13.293141158799013
13.332336243224283
13.37546095475369
13.384890568403321
13.3944230544673
13.436519951277306
13.473926532371747
13.496499126012603
13.516577126344034
13.550748328836665
13.567786290023163
13.594039340559512
13.641430220315998
13.668052042343
13.71350061217536
13.741057225083587
13.748874771748348
13.772770171704234
13.838561550885908
13.861622017405415
13.89072882852168
13.917393345040553
13.951197076364949
13.984982818721644
13.998759799773913
14.05846142883312
14.063320735500287
14.08707572301639
14.12026549426201
14.138919216817518
14.150793568093976
14.175398355559002
14.19920431738972
14.250104054964192
14.263832181756538
14.278890702086963
14.308656135255106
14.340664298848576
14.404617499646116
14.4135991643418
14.41714327317012
14.429553483514628
14.500532281260757
14.50486509732604
14.523858339295998
14.559269921782592
14.582276106272413
14.595753633862417
14.650550005819166
14.657647728668334
14.666035079010085
14.691355314942928
14.748233949043918
14.753296454660731
14.793256288651863
14.805153219974127
14.819470169760125
14.85374457444718
14.892422148468302
14.908111376888208
15.000818215872616
15.037938893500897
15.04053937310267
15.082541280617125
15.110171992129061
15.137918966057732
15.19187989987467
15.223916181989035
15.253855291390767
15.27631686051905
15.313171471563534
15.336043522014867
15.374632414302678
15.408680959067421
15.417994312498891
15.470782238657998
15.500594519105167
15.529284584372991
15.571314525541638
15.616153377597172
15.629974031349041
15.68932322498681
15.724325393414249
15.750412445115686
15.794332852670161
15.847576493103851
15.882163095432517
15.898362942109566
15.915577021104763
15.935523318027984
15.999807781390253
16.02608871113208
16.050404738772148
16.068704525444556
16.153316099185943
16.15891141939667
16.184211738407996
16.22410949670854
16.248660893739697
16.30827098999359
16.327868664405297
16.337222258829854
16.364559916974798
16.405079198972388
16.45018276429805
16.468162227692996
16.477089123492856
16.496552516978017
16.547534490249376
16.57085406791371
16.5920586227319
16.656814324864825
16.671274765340137
16.714370945109195
16.784541401307496
16.82041503060515
16.823020598486963
16.858423841840843
16.880412303219853
16.91058610517807
16.966781372806096
16.99230516921383
17.020192286024372
17.062795973186756
17.09512252162348
17.165086565066193
17.173034549401244
17.245462260651525
17.296183069443853
17.320449940223153
17.364258761844223
17.407154042017783
17.444321312021202
17.479358243814765
17.501264400957748
17.516589055051103
17.526972438906164
17.6460920614955
17.700494506580007
17.722269512123468
17.755647705218017
17.839509447567462
17.873020634167794
17.914381288242442
17.97143989935946
17.991909004134122
18.003414734540915
18.0439210547311
18.07557341171176
18.11947361433022
18.137815031576515
18.156940633555188
18.169268853758265
18.191166064175718
18.205192057083654
18.321397750370316
18.326519837981387
18.37630999331015
18.403904262411235
18.437088886786963
18.51008621909816
18.519937011910557
18.565778361511363
18.638580216202943
18.684431889947067
18.696108166519295
18.79008575604811
18.841883053030603
18.858304668111696
18.88218124472062
18.907317090098907
18.964851381018878
19.04792088936743
19.11712370754135
19.132343950065994
19.238248690279182
19.26781151682832
19.306026831348156
19.351959240955356
19.361247349599985
19.515260723853654
19.51919434949073
19.600055761439474
19.67726593790998
19.736024967871884
19.809631352607756
19.874268088553244
19.906972462629923
19.939268595639646
19.986105313381362
20.015106739966043
20.054724555318113
20.177860027658447
20.226631696765725
20.280529091583418
20.352514196236093
20.4477652392897
20.48717993828397
20.583056241750974
20.60295368827491
20.626408692696742
20.714623650027185
20.817809831908427
20.839667643992197
20.90179000384098
20.920997297382694
21.097814669225123
21.242649847895173
21.43353171212876
21.567734596958513
21.705172833731513
21.79100183793917
21.92973706047073
21.943637204426985
21.992401530059087
22.040118757985738
22.182642896952835
22.282206136575763
22.431718369851684
22.526363681288956
22.58933502906585
22.841693531152753
22.881235892456296
23.133499640473527
23.362690167216986
24.190605247745967
25.321985057220246
25.832597901347818
26.024892615768273
0.4413197928942384
0.5724294188539998
0.6039839922867437
0.6414793346222343
0.7274726470415339
0.7846715025877101
0.8285849968802484
0.9051004280465212
0.9999345232338641
3.6978710504663144
4.100456632189062
4.568801803239456
4.584482248446567
4.659072591257991
4.713719026114427
5.0299385152883875
5.1807675568719205
5.204157031765546
5.3070357215241515
5.381328346918942
5.466179364925268
5.520602905951464
5.658367474381884
5.729827594996449
5.768087116660896
5.855032701224934
5.9605055432274225
5.973149975743416
6.0073866417765505
6.07887106544382
6.115660843047002
6.13063053057558
6.1812906512563615
6.185843864695743
6.211767171554103
6.216667437430575
6.4588750257813565
6.500805213261276
6.529616564618733
6.546645918583787
6.595840641476639
6.606423077229817
6.682597828190316
6.780543366447252
6.822350444359898
6.834236469900541
6.845113661100427
6.900230106403517
6.954604603503432
7.021858428244319
7.046645644213269
7.07475171598914
7.112468584364332
7.140692780424797
7.152687237221891
7.165070365645913
7.20460604651318
7.261777183968651
7.291034417397389
7.294907896659883
7.340357322757479
7.361799469324137
7.420546641203021
7.488316313820626
7.551242983944316
7.628354866561985
7.65161856356763
7.671340963008684
7.734312674991901
7.744203549284447
7.7606590184416815
7.773945883461715
7.792692260978775
7.818406600611115
7.841021772240666
7.875821952313395
7.909188373580052
7.934537551203384
7.957702391552405
7.9877508572709015
8.006194596780302
8.05379947652362
8.057469920817656
8.079457268270318
8.09442440811057
8.105508387867012
8.149370278503005
8.195370880034542
8.232652052484854
8.28093524459213
8.304811680167173
8.369996942826281
8.384910225338153
8.399201207996121
8.431589383133632
8.457238172744956
8.506317579294572
8.54507757102163
8.558354495454697
8.585000141339407
8.619256778587705
8.655802932856904
8.693136920586651
8.717974928160114
8.733913701877409
8.778717536957476
8.795153386884547
8.843140288556278
8.88672549578563
8.914624309737587
8.964803079431814
8.976069768818249
8.990332731876359
9.022859421149416
9.046927177503436
9.090770473969581
9.111808829126074
9.129745501651403
9.166113755851569
9.195790875362437
9.227666126761905
9.241531363723459
9.257407461055053
9.295042587047293
9.337509213465395
9.368057292566158
9.390616416614693
9.400009598712348
9.426713536128219
9.470539223192354
9.494631792791493
9.518754672970138
9.53827028173324
9.567418033554892
9.59113507387282
9.64280499895091
9.670678980000966
9.697160912218989
9.72205704290009
9.775429395328647
9.788389978707656
9.83292098940095
9.842590250598345
9.892736105565511
9.907917241894186
9.954031689233583
9.960141617774239
9.984295361291794
10.052679101921324
10.082778413692683
10.097944841488081
10.109421442128797
10.125270159188961
10.157492016753624
10.22859636819765
10.24386652466298
10.269369772829696
10.30101903427038
10.32918591840783
10.337045860081627
10.339496283878619
10.382423616939551
10.413407673008017
10.441661071217368
10.447324826099324
10.474038286792055
10.504768552761744
10.549592709140793
10.579831405808145
10.593955124583514
10.62562843856343
10.648611708854169
10.654388233312497
10.704269095840292
10.737836873095143
10.769773648058436
10.805507908664435
10.812053292268232
10.839137282942463
10.85353572591115
10.883043905803017
10.892780156427966
10.924972414866657
10.93220646903339
10.947914367146133
10.980701556942966
11.00184479109135
11.016051220739204
11.040951159778515
11.068074791666513
11.091095163140892
11.147411549874858
11.16945128330957
11.173927334857714
11.205653279081787
11.231185153548909
11.27127864209407
11.305765436023641
11.324073873269409
11.34226988240083
11.352478659999669
11.376282979385278
11.41224866220135
11.415862114909258
11.478301227923783
11.500999232812294
11.521322848424838
11.537281804550911
11.573468478064923
11.590538184042835
11.631537849884602
11.648925888738779
11.68569473139002
11.700503449737981
11.712571385470111
11.752557084325007
11.771274944602215
11.793027144495165
11.805866805941298
11.816555922574569
11.839841069567033
11.872633166926146
11.885462658700161
11.93639288855682
11.950236814044413
12.026944793494513
12.066080969422954
12.083686890926407
12.090356450176866
12.120700481314788
12.133246430989734
12.17051794807715
12.190700106047371
12.252957851147519
12.261168117409234
12.276726552585004
12.313901846415021
12.33233341620597
12.35698359797114
12.383188514308355
12.412177662214955
12.445807843367552
12.451743239357409
12.489117131420802
12.504408267956286
12.525212378190169
12.56350964129692
12.631393263810585
12.643643096085604
12.685556363721416
12.7089291379146
12.74057174400767
12.760840474255383
12.772046688074859
12.792123886127069
12.821219443574781
12.856707503220758
12.893967636199804
12.916920420635483
12.960730921045776
12.996378052562667
13.00601401877057
13.06961196234805
13.10517648846542
13.136966595258565
13.18008839151406
13.20108699484462
13.218748242707646
13.250745412574178
13.291665685067096
13.293141158799013
13.332336243224283
13.37546095475369
13.384890568403321
13.3944230544673
13.436519951277306
13.473926532371747
13.496499126012603
13.516577126344034
13.550748328836665
13.567786290023163
13.594039340559512
13.641430220315998
13.668052042343
13.71350061217536
13.741057225083587
13.748874771748348
13.772770171704234
13.838561550885908
13.861622017405415
13.89072882852168
13.917393345040553
13.951197076364949
13.984982818721644
13.998759799773913
14.05846142883312
14.063320735500287
14.08707572301639
14.12026549426201
14.138919216817518
14.150793568093976
14.175398355559002
14.19920431738972
14.250104054964192
14.263832181756538
14.278890702086963
14.308656135255106
14.340664298848576
14.404617499646116
14.4135991643418
14.41714327317012
14.429553483514628
14.500532281260757
14.50486509732604
14.523858339295998
14.559269921782592
14.582276106272413
14.595753633862417
14.650550005819166
14.657647728668334
14.666035079010085
14.691355314942928
14.748233949043918
14.753296454660731
14.793256288651863
14.805153219974127
14.819470169760125
14.85374457444718
14.892422148468302
14.908111376888208
15.000818215872616
15.037938893500897
15.04053937310267
15.082541280617125
15.110171992129061
15.137918966057732
15.19187989987467
15.223916181989035
15.253855291390767
15.27631686051905
15.313171471563534
15.336043522014867
15.374632414302678
15.408680959067421
15.417994312498891
15.470782238657998
15.500594519105167
15.529284584372991
15.571314525541638
15.616153377597172
15.629974031349041
15.68932322498681
15.724325393414249
15.750412445115686
15.794332852670161
15.847576493103851
15.882163095432517
15.898362942109566
15.915577021104763
15.935523318027984
15.999807781390253
16.02608871113208
16.050404738772148
16.068704525444556
16.153316099185943
16.15891141939667
16.184211738407996
16.22410949670854
16.248660893739697
16.30827098999359
16.327868664405297
16.337222258829854
16.364559916974798
16.405079198972388
16.45018276429805
16.468162227692996
16.477089123492856
16.496552516978017
16.547534490249376
16.57085406791371
16.5920586227319
16.656814324864825
16.671274765340137
16.714370945109195
16.784541401307496
16.82041503060515
16.823020598486963
16.858423841840843
16.880412303219853
16.91058610517807
16.966781372806096
16.99230516921383
17.020192286024372
17.062795973186756
17.09512252162348
17.165086565066193
17.173034549401244
17.245462260651525
17.296183069443853
17.320449940223153
17.364258761844223
17.407154042017783
17.444321312021202
17.479358243814765
17.501264400957748
17.516589055051103
17.526972438906164
17.6460920614955
17.700494506580007
17.722269512123468
17.755647705218017
17.839509447567462
17.873020634167794
17.914381288242442
17.97143989935946
17.991909004134122
18.003414734540915
18.0439210547311
18.07557341171176
18.11947361433022
18.137815031576515
18.156940633555188
18.169268853758265
18.191166064175718
18.205192057083654
18.321397750370316
18.326519837981387
18.37630999331015
18.403904262411235
18.437088886786963
18.51008621909816
18.519937011910557
18.565778361511363
18.638580216202943
18.684431889947067
18.696108166519295
18.79008575604811
18.841883053030603
18.858304668111696
18.88218124472062
18.907317090098907
18.964851381018878
19.04792088936743
19.11712370754135
19.132343950065994
19.238248690279182
19.26781151682832
19.306026831348156
19.351959240955356
19.361247349599985
19.515260723853654
19.51919434949073
19.600055761439474
19.67726593790998
19.736024967871884
19.809631352607756
19.874268088553244
19.906972462629923
19.939268595639646
19.986105313381362
20.015106739966043
20.054724555318113
20.177860027658447
20.226631696765725
20.280529091583418
20.352514196236093
20.4477652392897
20.48717993828397
20.583056241750974
20.60295368827491
20.626408692696742
20.714623650027185
20.817809831908427
20.839667643992197
20.90179000384098
20.920997297382694
21.097814669225123
21.242649847895173
21.43353171212876
21.567734596958513
21.705172833731513
21.79100183793917
21.92973706047073
21.943637204426985
21.992401530059087
22.040118757985738
22.182642896952835
22.282206136575763
22.431718369851684
22.526363681288956
22.58933502906585
22.841693531152753
22.881235892456296
23.133499640473527
23.362690167216986
24.190605247745967
25.321985057220246
25.832597901347818
26.024892615768273
