0.8279254096853944
0.8539903593104682
0.9176700666149237
1.008361043659843
1.0099577671225417
9.015655978355875
10.92026934031919
11.123053290603051
11.21746337802909
11.354464286049346
11.480906720602647
11.579740380987602
11.636076186532923
11.669890192716215
11.69548079474811
11.708022201316735
11.843575489389446
12.032622680356878
12.101350226648693
12.22600877404791
12.313168264266823
12.380197871906217
12.53232483351804
12.568223955444077
12.59995010414429
12.65138377928162
12.711398316546683
12.764190533629092
12.77980737006253
12.81455469230905
12.978346843144903
13.001943653702893
13.019256019618368
13.084588215857368
13.146040217468425
13.19926081117212
13.224146658226152
13.253600725918414
13.30927664772402
13.421610485022729
13.443381284662431
13.52201860735708
13.536755035280688
13.578234746532795
13.602419734996385
13.65632311042655
13.732378188439966
13.777746120923174
13.81587828604028
13.88135027825001
13.940294888951488
13.954533233195695
13.965705333399839
14.030258474474978
14.056145179898149
14.067453603850186
14.122141676800776
14.154940518231502
14.182596526757816
14.253995849934014
14.28077531915475
14.282464782479817
14.322525647546634
14.38314676388838
14.396838370131611
14.424674144472569
14.508468083455385
14.5303546367258
14.579330722446093
14.643490755818156
14.677459016180316
14.736597176956831
14.75897228353096
14.811878553712216
14.883832434998741
14.905990200646533
14.933099836574987
14.966140521800677
15.00787502826819
15.027373160383771
15.057064242957283
15.080012592058248
15.115435090997373
15.154909627071323
15.216921969499214
15.25052698338431
15.27740270684411
15.331155346620788
15.372980153405749
15.40720464264711
15.488816006061262
15.494683014734344
15.517852736635533
15.562694077861295
15.614500289958757
15.639291071973751
15.695652539491377
15.750263507964275
15.794534407951287
15.814676620734337
15.844147323443416
15.926560956968105
15.944151693103276
16.006086575212414
16.02830224337673
16.05114783048575
16.13309352839299
16.164867280552325
16.169741120896834
16.22522269310005
16.250199445044476
16.313870421742422
16.330935411039736
16.365082604419186
16.42695268936743
16.47428338712561
16.48343384470403
16.500841112622147
16.518182180711705
16.55381304153832
16.60448643985926
16.64868254528463
16.673730266249922
16.71665738997397
16.74482993583615
16.77344330330192
16.814780900870193
16.861675235836824
16.89794225730393
16.928705318307582
16.949959912535043
16.974663494429816
16.992345188335623
17.08746035106728
17.11373850428915
17.147874130931335
17.207830979833826
17.21965866767148
17.286265642809948
17.327363405371706
17.35891198185516
17.383078629920877
17.390507959226404
17.438087600004696
17.48128843830036
17.53582318271495
17.597166839879225
17.648410736580026
17.69746973163242
17.72035759039042
17.735965732795613
17.78117755481332
17.850491799636927
17.896683603905124
17.903852193310325
17.944901572408806
17.984496609683294
18.012991024900924
18.0230914824519
18.053519466880356
18.118524385469506
18.162569757755378
18.18275781794891
18.222443714921976
18.245821155290027
18.26981163714389
18.307838949045404
18.358536600093913
18.368258677942144
18.415964260512094
18.43848656170114
18.456841883123907
18.479894555920666
18.541838986532547
18.588832348996615
18.61140798287928
18.647328415869367
18.68152644750794
18.691859862937278
18.765720255568965
18.823964014282403
18.84392169139285
18.861068798680012
18.910195339399728
18.95005496939638
18.964138932204115
18.990925455541525
19.017879103460512
19.038329532152012
19.08687336542812
19.10654901915689
19.161987721430453
19.17653578322069
19.22618033927421
19.234486245450846
19.268913548233506
19.286113804048664
19.307282704581084
19.376956062714118
19.40257356772111
19.419790556051666
19.44231788300371
19.471785705751238
19.537651120968384
19.556117558726125
19.573499095233803
19.59152673826298
19.624448634248306
19.653757981508676
19.73246413570684
19.740876303203336
19.771017649405767
19.813431598845053
19.838008006696654
19.870063629588632
19.888453987356698
19.907912024677852
19.995197939214645
20.041419380147033
20.0723167350167
20.14196873517599
20.172163550882356
20.227574472995656
20.24836754831024
20.26192968463372
20.29818182312494
20.317605216647856
20.327836864647438
20.393436320455354
20.407391168213735
20.461425159857335
20.469856237994346
20.556823601824618
20.578268723768943
20.582828288966606
20.630477548859748
20.645441817702675
20.688469759867868
20.723762621526088
20.748830850214485
20.80201652779931
20.83884940304575
20.85285163792793
20.875660888975897
20.93000295649938
20.98614351325342
21.009122709387047
21.05829577546716
21.084587629129548
21.14154198992035
21.154782842489745
21.205899699657927
21.2759772904539
21.315034814150874
21.33715405347206
21.38870081086461
21.404849657507803
21.433242827379395
21.461394326686015
21.495516610950556
21.512472696738264
21.536918511409695
21.544127139868213
21.60450254156139
21.608693681154882
21.676694834904787
21.69947566119905
21.769859042670547
21.775066554281945
21.79988181990616
21.825181506569145
21.859278022286166
21.897976280313586
21.93901672911061
21.97446313196582
22.014174472661594
22.04674164751123
22.083936415483027
22.13122439992804
22.164259121251863
22.194318919633307
22.2424678257126
22.271797993360867
22.301339839941527
22.338617142430184
22.368905726826988
22.39062138834699
22.46788355938624
22.47767896605311
22.54931664361929
22.584080339764764
22.62564421282284
22.644081293114763
22.70390193005822
22.724334662371415
22.769249585889927
22.822016250053174
22.844182481801653
22.86678145913741
22.88143152134614
22.96913535986726
22.987549133688333
22.99570427790555
23.07278900684994
23.095120123301047
23.150133660827017
23.183003975642688
23.236646554757794
23.25995544808515
23.30355399440645
23.317770237149208
23.371582976494004
23.40176024598969
23.4420717279758
23.45623239798173
23.481751962670074
23.5143673412364
23.55619572150389
23.600418150473896
23.64792790277604
23.658709950621866
23.694267377810103
23.73030019328733
23.745351243482833
23.801669284648614
23.833911598233204
23.896675925719638
23.93983146013386
23.96325939934884
24.007170289411846
24.06114615695309
24.085973755087863
24.147723342406618
24.16158460378852
24.190359606915464
24.267061846507303
24.286635748770017
24.35775713443412
24.397047921432286
24.4755042693975
24.496576452488096
24.56414663516597
24.620156243261437
24.67815544464544
24.690682330736117
24.71187167740387
24.79447051300936
24.831619849922454
24.84736979446564
24.870130873174656
24.959546388017245
24.976986623545358
24.995475080914144
25.057899067925117
25.093680886595752
25.110615871033815
25.13512858649994
25.19600969278506
25.246494707352735
25.294756867377046
25.297668741862942
25.334119065588524
25.35804137170223
25.44481179774619
25.471019429089406
25.504188778260616
25.542825890836085
25.557234988806474
25.628212935668884
25.665302529310733
25.717753653240553
25.753768194777432
25.788212448972114
25.813204127599956
25.832080079188948
25.876780025768706
25.959639300241463
25.99040158044104
26.039732496601992
26.123819733559344
26.15099231840189
26.169251773767698
26.186288139270335
26.251871448326163
26.275658016185986
26.31193627818926
26.355451496423232
26.423733380840442
26.501272897002433
26.57804637287163
26.628669585826756
26.658581875511658
26.699199513040014
26.729565229198418
26.763780279895215
26.800487516347008
26.82876584554909
26.919057002270176
26.933913567031
26.966281320430873
26.98810071677819
27.06347215528011
27.13410399858631
27.184157518547277
27.237459775072793
27.27375413381596
27.330495600066207
27.371142951814484
27.432084657111613
27.444868471843645
27.50681565978979
27.548359783729538
27.591953739816184
27.620400830540923
27.666037463786747
27.72539997687603
27.803114239561307
27.872518981553473
27.881197425244938
27.921611059842487
27.937793585678463
27.978198388963918
28.035013283473276
28.110053654808347
28.140541774049897
28.164128313508925
28.249566037935985
28.284528408025423
28.351106339749684
28.43365906073391
28.494278870757334
28.579989100005744
28.65338791072442
28.68903401537028
28.774249967402934
28.797908616489327
28.868460063970254
28.911509579449884
28.961619830946187
29.029990552409146
29.064951886041833
29.152494310848418
29.21608452842868
29.30197054708386
29.35141673900131
29.400202251597214
29.438267458286088
29.52805534013256
29.54090159586153
29.594243195726616
29.625710882412015
29.715206594630573
29.75042778762086
29.79477821880062
29.892167734566595
29.969654952969332
29.97606437284658
30.059410191864917
30.07991330354915
30.163704030245846
30.228514105407374
30.305469251979446
30.3600303765316
30.37954681252348
30.4869181035688
30.64777742388081
30.692402359595505
30.82709330804746
30.93156170280804
31.016404603290976
31.090805359762747
31.14088483189425
31.20644930702159
31.419544013936765
31.47007732406224
31.47448577563513
31.546087894319946
31.85460468126568
31.887939596685374
32.030931755223214
32.06006800165262
32.17896193079487
32.43059820298296
32.509536538622456
32.68653043689598
32.856631732437506
33.0759220064555
33.167186929214715
33.391651450774894
33.43527356530676
33.51010593322706
33.60369710776772
33.65330573231882
33.72685443395022
34.0539363904001
34.26280736013852
34.34752436876884
34.94759121050469
36.028023614377
0.8279254096853944
0.8539903593104682
0.9176700666149237
1.008361043659843
1.0099577671225417
9.015655978355875
10.92026934031919
11.123053290603051
11.21746337802909
11.354464286049346
11.480906720602647
11.579740380987602
11.636076186532923
11.669890192716215
11.69548079474811
11.708022201316735
11.843575489389446
12.032622680356878
12.101350226648693
12.22600877404791
12.313168264266823
12.380197871906217
12.53232483351804
12.568223955444077
12.59995010414429
12.65138377928162
12.711398316546683
12.764190533629092
12.77980737006253
12.81455469230905
12.978346843144903
13.001943653702893
13.019256019618368
13.084588215857368
13.146040217468425
13.19926081117212
13.224146658226152
13.253600725918414
13.30927664772402
13.421610485022729
13.443381284662431
13.52201860735708
13.536755035280688
13.578234746532795
13.602419734996385
13.65632311042655
13.732378188439966
13.777746120923174
13.81587828604028
13.88135027825001
13.940294888951488
13.954533233195695
13.965705333399839
14.030258474474978
14.056145179898149
14.067453603850186
14.122141676800776
14.154940518231502
14.182596526757816
14.253995849934014
14.28077531915475
14.282464782479817
14.322525647546634
14.38314676388838
14.396838370131611
14.424674144472569
14.508468083455385
14.5303546367258
14.579330722446093
14.643490755818156
14.677459016180316
14.736597176956831
14.75897228353096
14.811878553712216
14.883832434998741
14.905990200646533
14.933099836574987
14.966140521800677
15.00787502826819
15.027373160383771
15.057064242957283
15.080012592058248
15.115435090997373
15.154909627071323
15.216921969499214
15.25052698338431
15.27740270684411
15.331155346620788
15.372980153405749
15.40720464264711
15.488816006061262
15.494683014734344
15.517852736635533
15.562694077861295
15.614500289958757
15.639291071973751
15.695652539491377
15.750263507964275
15.794534407951287
15.814676620734337
15.844147323443416
15.926560956968105
15.944151693103276
16.006086575212414
16.02830224337673
16.05114783048575
16.13309352839299
16.164867280552325
16.169741120896834
16.22522269310005
16.250199445044476
16.313870421742422
16.330935411039736
16.365082604419186
16.42695268936743
16.47428338712561
16.48343384470403
16.500841112622147
16.518182180711705
16.55381304153832
16.60448643985926
16.64868254528463
16.673730266249922
16.71665738997397
16.74482993583615
16.77344330330192
16.814780900870193
16.861675235836824
16.89794225730393
16.928705318307582
16.949959912535043
16.974663494429816
16.992345188335623
17.08746035106728
17.11373850428915
17.147874130931335
17.207830979833826
17.21965866767148
17.286265642809948
17.327363405371706
17.35891198185516
17.383078629920877
17.390507959226404
17.438087600004696
17.48128843830036
17.53582318271495
17.597166839879225
17.648410736580026
17.69746973163242
17.72035759039042
17.735965732795613
17.78117755481332
17.850491799636927
17.896683603905124
17.903852193310325
17.944901572408806
17.984496609683294
18.012991024900924
18.0230914824519
18.053519466880356
18.118524385469506
18.162569757755378
18.18275781794891
18.222443714921976
18.245821155290027
18.26981163714389
18.307838949045404
18.358536600093913
18.368258677942144
18.415964260512094
18.43848656170114
18.456841883123907
18.479894555920666
18.541838986532547
18.588832348996615
18.61140798287928
18.647328415869367
18.68152644750794
18.691859862937278
18.765720255568965
18.823964014282403
18.84392169139285
18.861068798680012
18.910195339399728
18.95005496939638
18.964138932204115
18.990925455541525
19.017879103460512
19.038329532152012
19.08687336542812
19.10654901915689
19.161987721430453
19.17653578322069
19.22618033927421
19.234486245450846
19.268913548233506
19.286113804048664
19.307282704581084
19.376956062714118
19.40257356772111
19.419790556051666
19.44231788300371
19.471785705751238
19.537651120968384
19.556117558726125
19.573499095233803
19.59152673826298
19.624448634248306
19.653757981508676
19.73246413570684
19.740876303203336
19.771017649405767
19.813431598845053
19.838008006696654
19.870063629588632
19.888453987356698
19.907912024677852
19.995197939214645
20.041419380147033
20.0723167350167
20.14196873517599
20.172163550882356
20.227574472995656
20.24836754831024
20.26192968463372
20.29818182312494
20.317605216647856
20.327836864647438
20.393436320455354
20.407391168213735
20.461425159857335
20.469856237994346
20.556823601824618
20.578268723768943
20.582828288966606
20.630477548859748
20.645441817702675
20.688469759867868
20.723762621526088
20.748830850214485
20.80201652779931
20.83884940304575
20.85285163792793
20.875660888975897
20.93000295649938
20.98614351325342
21.009122709387047
21.05829577546716
21.084587629129548
21.14154198992035
21.154782842489745
21.205899699657927
21.2759772904539
21.315034814150874
21.33715405347206
21.38870081086461
21.404849657507803
21.433242827379395
21.461394326686015
21.495516610950556
21.512472696738264
21.536918511409695
21.544127139868213
21.60450254156139
21.608693681154882
21.676694834904787
21.69947566119905
21.769859042670547
21.775066554281945
21.79988181990616
21.825181506569145
21.859278022286166
21.897976280313586
21.93901672911061
21.97446313196582
22.014174472661594
22.04674164751123
22.083936415483027
22.13122439992804
22.164259121251863
22.194318919633307
22.2424678257126
22.271797993360867
22.301339839941527
22.338617142430184
22.368905726826988
22.39062138834699
22.46788355938624
22.47767896605311
22.54931664361929
22.584080339764764
22.62564421282284
22.644081293114763
22.70390193005822
22.724334662371415
22.769249585889927
22.822016250053174
22.844182481801653
22.86678145913741
22.88143152134614
22.96913535986726
22.987549133688333
22.99570427790555
23.07278900684994
23.095120123301047
23.150133660827017
23.183003975642688
23.236646554757794
23.25995544808515
23.30355399440645
23.317770237149208
23.371582976494004
23.40176024598969
23.4420717279758
23.45623239798173
23.481751962670074
23.5143673412364
23.55619572150389
23.600418150473896
23.64792790277604
23.658709950621866
23.694267377810103
23.73030019328733
23.745351243482833
23.801669284648614
23.833911598233204
23.896675925719638
23.93983146013386
23.96325939934884
24.007170289411846
24.06114615695309
24.085973755087863
24.147723342406618
24.16158460378852
24.190359606915464
24.267061846507303
24.286635748770017
24.35775713443412
24.397047921432286
24.4755042693975
24.496576452488096
24.56414663516597
24.620156243261437
24.67815544464544
24.690682330736117
24.71187167740387
24.79447051300936
24.831619849922454
24.84736979446564
24.870130873174656
24.959546388017245
24.976986623545358
24.995475080914144
25.057899067925117
25.093680886595752
25.110615871033815
25.13512858649994
25.19600969278506
25.246494707352735
25.294756867377046
25.297668741862942
25.334119065588524
25.35804137170223
25.44481179774619
25.471019429089406
25.504188778260616
25.542825890836085
25.557234988806474
25.628212935668884
25.665302529310733
25.717753653240553
25.753768194777432
25.788212448972114
25.813204127599956
25.832080079188948
25.876780025768706
25.959639300241463
25.99040158044104
26.039732496601992
26.123819733559344
26.15099231840189
26.169251773767698
26.186288139270335
26.251871448326163
26.275658016185986
26.31193627818926
26.355451496423232
26.423733380840442
26.501272897002433
26.57804637287163
26.628669585826756
26.658581875511658
26.699199513040014
26.729565229198418
26.763780279895215
26.800487516347008
26.82876584554909
26.919057002270176
26.933913567031
26.966281320430873
26.98810071677819
27.06347215528011
27.13410399858631
27.184157518547277
27.237459775072793
27.27375413381596
27.330495600066207
27.371142951814484
27.432084657111613
27.444868471843645
27.50681565978979
27.548359783729538
27.591953739816184
27.620400830540923
27.666037463786747
27.72539997687603
27.803114239561307
27.872518981553473
27.881197425244938
27.921611059842487
27.937793585678463
27.978198388963918
28.035013283473276
28.110053654808347
28.140541774049897
28.164128313508925
28.249566037935985
28.284528408025423
28.351106339749684
28.43365906073391
28.494278870757334
28.579989100005744
28.65338791072442
28.68903401537028
28.774249967402934
28.797908616489327
28.868460063970254
28.911509579449884
28.961619830946187
29.029990552409146
29.064951886041833
29.152494310848418
29.21608452842868
29.30197054708386
29.35141673900131
29.400202251597214
29.438267458286088
29.52805534013256
29.54090159586153
29.594243195726616
29.625710882412015
29.715206594630573
29.75042778762086
29.79477821880062
29.892167734566595
29.969654952969332
29.97606437284658
30.059410191864917
30.07991330354915
30.163704030245846
30.228514105407374
30.305469251979446
30.3600303765316
30.37954681252348
30.4869181035688
30.64777742388081
30.692402359595505
30.82709330804746
30.93156170280804
31.016404603290976
31.090805359762747
31.14088483189425
31.20644930702159
31.419544013936765
31.47007732406224
31.47448577563513
31.546087894319946
31.85460468126568
31.887939596685374
32.030931755223214
32.06006800165262
32.17896193079487
32.43059820298296
32.509536538622456
32.68653043689598
32.856631732437506
33.0759220064555
33.167186929214715
33.391651450774894
33.43527356530676
33.51010593322706
33.60369710776772
33.65330573231882
33.72685443395022
34.0539363904001
34.26280736013852
34.34752436876884
34.94759121050469
36.028023614377
