0.6951942770343519
0.7493529543781166
0.7686406520976322
0.8196974235004008
0.9106481764096334
0.9772128431097262
1.069075715539939
1.1654484408670722
1.2836955018961622
4.69405104787766
5.147309840314933
5.158347075436013
5.421257810508061
5.432199482947178
5.446762815781306
5.467136264777846
5.531680168850185
5.766828134453014
5.794269785834216
5.844616215193236
5.86090276625284
5.946005220473467
5.966555369572724
6.06992988236767
6.118076439308407
6.140222004555201
6.201801369100544
6.241435321136491
6.274765836333157
6.333788642461929
6.440217532670067
6.503357095909158
6.546125219997713
6.5914680476307295
6.629791885271738
6.673612918086566
6.678097441057613
6.713263770796208
6.724761577463483
6.759591851182557
6.816511234173847
6.876159178567787
6.930558482380809
6.957529310045881
6.973398151246318
7.014992234615142
7.055155043502778
7.083563393926275
7.149152838223965
7.173874040844073
7.247018211949434
7.2994651170624705
7.329722893501105
7.3693834855402365
7.403499003240624
7.430676034304522
7.51246506488168
7.569188923892553
7.5969305811409935
7.6137667077794084
7.625178633215862
7.65041110097908
7.700766019314604
7.7348839457897025
7.764674436593412
7.782288050103671
7.79431278734532
7.856184875932344
7.8960858746230915
7.967989629299883
7.9780384812255205
8.035903594095213
8.090065587868805
8.1013103749125
8.156568747388185
8.171882271123481
8.226403535318763
8.24579091220051
8.254688085754871
8.285245774093971
8.372114102520143
8.396616807202548
8.424700990287121
8.437886570279698
8.465138849714595
8.473244254064534
8.506414896059873
8.537048411833716
8.551999713843054
8.563345265622347
8.640067638265506
8.677401802539586
8.687744033743163
8.71133061851438
8.739239610102626
8.81329616072691
8.84652459864145
8.888073197377127
8.917510823970314
8.9485797360814
8.996420003681353
9.011366387175496
9.05200427593553
9.078339469298104
9.082649807194551
9.113407141704236
9.164375334742758
9.185866731106819
9.245620151967607
9.256899920541008
9.276543241910801
9.300254943689142
9.330259393621548
9.351016370203405
9.375569702653873
9.383039637975578
9.461322007261808
9.473392065638638
9.486421976989373
9.503958799536061
9.523084258215414
9.534751634711752
9.571350524911653
9.59778238194985
9.61959221161859
9.634599869250064
9.660465630664131
9.694988204063407
9.699785405931712
9.767114595348986
9.79001829963312
9.806520045129895
9.852867450976754
9.864973397372141
9.897020107295727
9.944665543085149
9.974998739708624
9.993816913750177
10.043021870851025
10.07542950642894
10.086487323530713
10.121588528720888
10.138402374311292
10.16913021299845
10.210057937921649
10.241479996551588
10.265982334523642
10.288211189541025
10.329032127259017
10.333145425402254
10.363732888481596
10.385927635634635
10.410666429494054
10.447313253044536
10.454362985110585
10.491131966367501
10.535289403477906
10.554677536162252
10.598553503783226
10.60398920679755
10.655784724245411
10.686824151364215
10.72286079453667
10.75304262568725
10.771065923613907
10.818736201204402
10.862969278880122
10.894936547046209
10.91608712233697
10.966002758414868
10.992041450951467
11.04354785946378
11.057379547566857
11.088294755799847
11.120409119314466
11.148686487034707
11.150140077587514
11.200176068395795
11.21402160196142
11.247719434312613
11.27711002929248
11.306938702410461
11.330722962021722
11.359509486288367
11.380564627124777
11.40687162750476
11.460341697158476
11.486909084266777
11.516804748428891
11.55900707397307
11.565731904827093
11.593382836480556
11.618662694227597
11.643662964730902
11.657735556128237
11.705081604871669
11.736942100281663
11.770064782357737
11.779685683037894
11.80821791740905
11.844184155700525
11.878991185291154
11.916554036697313
11.939335126921298
11.946012611701619
12.005781462319698
12.045199332187885
12.050176250240519
12.08002553642867
12.10645127133501
12.137530425580216
12.18346644516443
12.237769650203758
12.267201669325363
12.283987693715051
12.291801577969876
12.39373068865176
12.422127802921326
12.450621553209992
12.45654636194522
12.531418970368094
12.53820855226073
12.561719831881632
12.574906534913245
12.607307749666713
12.643442235482766
12.695339806025128
12.706602958186787
12.737416766624104
12.793322523627088
12.816179143415447
12.844145934875602
12.867486333907282
12.904723382267616
12.908251380612498
12.926507973697076
12.947462988738817
12.971044569054724
12.999014153025696
13.016015221350264
13.0352667629498
13.059315866113725
13.12128472792356
13.129836209835931
13.149478361450104
13.183990225417471
13.199999121767314
13.230102345226053
13.268040199013166
13.288974266513938
13.328208385896264
13.344733865030818
13.38677617539561
13.415598121615831
13.439706444004434
13.466567510370847
13.508169888978086
13.525295862783729
13.552477205408518
13.592076143156271
13.62625354976938
13.635894851465334
13.651413639569258
13.713127411999478
13.726250522332409
13.754533762551818
13.788624941939783
13.805129329509612
13.857250828055626
13.880068564245537
13.91050776232091
13.970736151028753
13.997336845238127
14.011916335534773
14.040896108796748
14.057103026528106
14.114040259380122
14.169695137432443
14.178556658080774
14.222533412352972
14.25786065231534
14.275813022972152
14.297362514146538
14.317399124772534
14.350942119882054
14.36249390639754
14.42114395136964
14.442483117484135
14.48260437171534
14.495530419709073
14.53222231104651
14.538936892528435
14.60340641240846
14.656352908794197
14.682257296067556
14.694632020597394
14.704734723009741
14.726782782517247
14.7599571708281
14.77389728420644
14.799000505104944
14.813934056974658
14.827730762062544
14.867255721321706
14.88201925922656
14.904292066029052
14.951251868461961
15.014353274379378
15.030028889243047
15.032021393829993
15.065812539624503
15.083600397448919
15.123899649728113
15.144238939112366
15.14700292091594
15.173842842658518
15.18871402400888
15.246184052817066
15.270216395821844
15.312800960051124
15.356177895011568
15.359291043187099
15.37940385985006
15.45155031398576
15.471903208200294
15.492487685432815
15.537527659057465
15.545841011985006
15.582841487297554
15.629500171102901
15.641546632327255
15.675896417467843
15.708838204039019
15.742702899212517
15.768917171470742
15.81724503464048
15.871193040930212
15.885104686947424
15.923501139339203
16.015201291553627
16.02660684036357
16.066349345166635
16.070892331793413
16.139653016943434
16.162251929710383
16.177363770241087
16.22343794812934
16.250676890473716
16.27648864574607
16.331983525630633
16.347261213137
16.414186841279964
16.427592930619053
16.452762531634082
16.491796061938743
16.528779215194724
16.543202514835382
16.558150817766737
16.630879144294937
16.638249217236247
16.657355305177852
16.695992488919313
16.764819543793227
16.780506127604085
16.802002138492085
16.837916230564304
16.856384045909145
16.87506202975077
16.910062247132355
16.939249766418172
16.99804756493914
17.073656449030175
17.104549460931466
17.155088806414426
17.15783909607317
17.204165841168027
17.217661044967027
17.253201734324783
17.273896246155285
17.33173540475772
17.373692074631148
17.40098166627122
17.40666079166355
17.439421002737152
17.48214891169172
17.53172977293584
17.557458117213347
17.586840852257083
17.700288951561717
17.719760619900175
17.781253729970533
17.809858423857143
17.851194341624687
17.889325611663068
17.934205711722782
17.965310164981428
18.038906301941406
18.058112487397636
18.069704641032015
18.089876645625502
18.14181186299465
18.176839788977468
18.204983811634968
18.20733214241367
18.26116745071669
18.27955678201316
18.31514700891668
18.37045001397234
18.430511806844233
18.43584465416329
18.486420017756213
18.527466107502995
18.54003479800938
18.60817606250738
18.648743265447788
18.66964009277512
18.75892501618927
18.789388943132526
18.809969662602104
18.82610109664378
18.838085677738924
18.868887745616995
18.959700182371176
18.977948550269854
19.041534861243356
19.066970067738705
19.101330321458832
19.16457676581759
19.1998566433908
19.211025641248508
19.23829014312155
19.265598764930562
19.303413756469833
19.37676425961422
19.49453988248343
19.505595847572014
19.53963388094001
19.628106476535535
19.65087950826707
19.668967798747993
19.76009662477435
19.7642904097979
19.849162841278694
19.888419761582927
19.926426674023745
19.96544129971415
20.001875418422095
20.092928660409385
20.146822282745514
20.164174460750946
20.205183001336515
20.236401272590467
20.29838553358819
20.332710580954448
20.4005036128574
20.421111432043084
20.54031624627997
20.622002076082104
20.629906708799208
20.75639134334099
20.77057594333002
20.805732763231603
20.860942733311088
20.95872901804798
20.973260851679616
21.033613029189368
21.102601610802417
21.190710528199443
21.22710480170041
21.272386158208477
21.367919047395798
21.384255310261306
21.47100633254828
21.587602107127072
21.638967924926654
21.686798475124515
21.753084340906213
21.84944093318644
21.907054889870093
21.947117414099814
22.05113326168812
22.32606670602756
22.339892375874808
22.451465597023255
22.53086830417769
22.67473960336657
22.70830908348286
22.776782789185784
23.102649446970855
23.2243508886447
23.508977378126165
23.64452673930405
23.71145756373155
23.74751818157941
23.88822139282346
24.420376518319006
24.592512197940323
25.20227307322233
27.547690775557907
0.6951942770343519
0.7493529543781166
0.7686406520976322
0.8196974235004008
0.9106481764096334
0.9772128431097262
1.069075715539939
1.1654484408670722
1.2836955018961622
4.69405104787766
5.147309840314933
5.158347075436013
5.421257810508061
5.432199482947178
5.446762815781306
5.467136264777846
5.531680168850185
5.766828134453014
5.794269785834216
5.844616215193236
5.86090276625284
5.946005220473467
5.966555369572724
6.06992988236767
6.118076439308407
6.140222004555201
6.201801369100544
6.241435321136491
6.274765836333157
6.333788642461929
6.440217532670067
6.503357095909158
6.546125219997713
6.5914680476307295
6.629791885271738
6.673612918086566
6.678097441057613
6.713263770796208
6.724761577463483
6.759591851182557
6.816511234173847
6.876159178567787
6.930558482380809
6.957529310045881
6.973398151246318
7.014992234615142
7.055155043502778
7.083563393926275
7.149152838223965
7.173874040844073
7.247018211949434
7.2994651170624705
7.329722893501105
7.3693834855402365
7.403499003240624
7.430676034304522
7.51246506488168
7.569188923892553
7.5969305811409935
7.6137667077794084
7.625178633215862
7.65041110097908
7.700766019314604
7.7348839457897025
7.764674436593412
7.782288050103671
7.79431278734532
7.856184875932344
7.8960858746230915
7.967989629299883
7.9780384812255205
8.035903594095213
8.090065587868805
8.1013103749125
8.156568747388185
8.171882271123481
8.226403535318763
8.24579091220051
8.254688085754871
8.285245774093971
8.372114102520143
8.396616807202548
8.424700990287121
8.437886570279698
8.465138849714595
8.473244254064534
8.506414896059873
8.537048411833716
8.551999713843054
8.563345265622347
8.640067638265506
8.677401802539586
8.687744033743163
8.71133061851438
8.739239610102626
8.81329616072691
8.84652459864145
8.888073197377127
8.917510823970314
8.9485797360814
8.996420003681353
9.011366387175496
9.05200427593553
9.078339469298104
9.082649807194551
9.113407141704236
9.164375334742758
9.185866731106819
9.245620151967607
9.256899920541008
9.276543241910801
9.300254943689142
9.330259393621548
9.351016370203405
9.375569702653873
9.383039637975578
9.461322007261808
9.473392065638638
9.486421976989373
9.503958799536061
9.523084258215414
9.534751634711752
9.571350524911653
9.59778238194985
9.61959221161859
9.634599869250064
9.660465630664131
9.694988204063407
9.699785405931712
9.767114595348986
9.79001829963312
9.806520045129895
9.852867450976754
9.864973397372141
9.897020107295727
9.944665543085149
9.974998739708624
9.993816913750177
10.043021870851025
10.07542950642894
10.086487323530713
10.121588528720888
10.138402374311292
10.16913021299845
10.210057937921649
10.241479996551588
10.265982334523642
10.288211189541025
10.329032127259017
10.333145425402254
10.363732888481596
10.385927635634635
10.410666429494054
10.447313253044536
10.454362985110585
10.491131966367501
10.535289403477906
10.554677536162252
10.598553503783226
10.60398920679755
10.655784724245411
10.686824151364215
10.72286079453667
10.75304262568725
10.771065923613907
10.818736201204402
10.862969278880122
10.894936547046209
10.91608712233697
10.966002758414868
10.992041450951467
11.04354785946378
11.057379547566857
11.088294755799847
11.120409119314466
11.148686487034707
11.150140077587514
11.200176068395795
11.21402160196142
11.247719434312613
11.27711002929248
11.306938702410461
11.330722962021722
11.359509486288367
11.380564627124777
11.40687162750476
11.460341697158476
11.486909084266777
11.516804748428891
11.55900707397307
11.565731904827093
11.593382836480556
11.618662694227597
11.643662964730902
11.657735556128237
11.705081604871669
11.736942100281663
11.770064782357737
11.779685683037894
11.80821791740905
11.844184155700525
11.878991185291154
11.916554036697313
11.939335126921298
11.946012611701619
12.005781462319698
12.045199332187885
12.050176250240519
12.08002553642867
12.10645127133501
12.137530425580216
12.18346644516443
12.237769650203758
12.267201669325363
12.283987693715051
12.291801577969876
12.39373068865176
12.422127802921326
12.450621553209992
12.45654636194522
12.531418970368094
12.53820855226073
12.561719831881632
12.574906534913245
12.607307749666713
12.643442235482766
12.695339806025128
12.706602958186787
12.737416766624104
12.793322523627088
12.816179143415447
12.844145934875602
12.867486333907282
12.904723382267616
12.908251380612498
12.926507973697076
12.947462988738817
12.971044569054724
12.999014153025696
13.016015221350264
13.0352667629498
13.059315866113725
13.12128472792356
13.129836209835931
13.149478361450104
13.183990225417471
13.199999121767314
13.230102345226053
13.268040199013166
13.288974266513938
13.328208385896264
13.344733865030818
13.38677617539561
13.415598121615831
13.439706444004434
13.466567510370847
13.508169888978086
13.525295862783729
13.552477205408518
13.592076143156271
13.62625354976938
13.635894851465334
13.651413639569258
13.713127411999478
13.726250522332409
13.754533762551818
13.788624941939783
13.805129329509612
13.857250828055626
13.880068564245537
13.91050776232091
13.970736151028753
13.997336845238127
14.011916335534773
14.040896108796748
14.057103026528106
14.114040259380122
14.169695137432443
14.178556658080774
14.222533412352972
14.25786065231534
14.275813022972152
14.297362514146538
14.317399124772534
14.350942119882054
14.36249390639754
14.42114395136964
14.442483117484135
14.48260437171534
14.495530419709073
14.53222231104651
14.538936892528435
14.60340641240846
14.656352908794197
14.682257296067556
14.694632020597394
14.704734723009741
14.726782782517247
14.7599571708281
14.77389728420644
14.799000505104944
14.813934056974658
14.827730762062544
14.867255721321706
14.88201925922656
14.904292066029052
14.951251868461961
15.014353274379378
15.030028889243047
15.032021393829993
15.065812539624503
15.083600397448919
15.123899649728113
15.144238939112366
15.14700292091594
15.173842842658518
15.18871402400888
15.246184052817066
15.270216395821844
15.312800960051124
15.356177895011568
15.359291043187099
15.37940385985006
15.45155031398576
15.471903208200294
15.492487685432815
15.537527659057465
15.545841011985006
15.582841487297554
15.629500171102901
15.641546632327255
15.675896417467843
15.708838204039019
15.742702899212517
15.768917171470742
15.81724503464048
15.871193040930212
15.885104686947424
15.923501139339203
16.015201291553627
16.02660684036357
16.066349345166635
16.070892331793413
16.139653016943434
16.162251929710383
16.177363770241087
16.22343794812934
16.250676890473716
16.27648864574607
16.331983525630633
16.347261213137
16.414186841279964
16.427592930619053
16.452762531634082
16.491796061938743
16.528779215194724
16.543202514835382
16.558150817766737
16.630879144294937
16.638249217236247
16.657355305177852
16.695992488919313
16.764819543793227
16.780506127604085
16.802002138492085
16.837916230564304
16.856384045909145
16.87506202975077
16.910062247132355
16.939249766418172
16.99804756493914
17.073656449030175
17.104549460931466
17.155088806414426
17.15783909607317
17.204165841168027
17.217661044967027
17.253201734324783
17.273896246155285
17.33173540475772
17.373692074631148
17.40098166627122
17.40666079166355
17.439421002737152
17.48214891169172
17.53172977293584
17.557458117213347
17.586840852257083
17.700288951561717
17.719760619900175
17.781253729970533
17.809858423857143
17.851194341624687
17.889325611663068
17.934205711722782
17.965310164981428
18.038906301941406
18.058112487397636
18.069704641032015
18.089876645625502
18.14181186299465
18.176839788977468
18.204983811634968
18.20733214241367
18.26116745071669
18.27955678201316
18.31514700891668
18.37045001397234
18.430511806844233
18.43584465416329
18.486420017756213
18.527466107502995
18.54003479800938
18.60817606250738
18.648743265447788
18.66964009277512
18.75892501618927
18.789388943132526
18.809969662602104
18.82610109664378
18.838085677738924
18.868887745616995
18.959700182371176
18.977948550269854
19.041534861243356
19.066970067738705
19.101330321458832
19.16457676581759
19.1998566433908
19.211025641248508
19.23829014312155
19.265598764930562
19.303413756469833
19.37676425961422
19.49453988248343
19.505595847572014
19.53963388094001
19.628106476535535
19.65087950826707
19.668967798747993
19.76009662477435
19.7642904097979
19.849162841278694
19.888419761582927
19.926426674023745
19.96544129971415
20.001875418422095
20.092928660409385
20.146822282745514
20.164174460750946
20.205183001336515
20.236401272590467
20.29838553358819
20.332710580954448
20.4005036128574
20.421111432043084
20.54031624627997
20.622002076082104
20.629906708799208
20.75639134334099
20.77057594333002
20.805732763231603
20.860942733311088
20.95872901804798
20.973260851679616
21.033613029189368
21.102601610802417
21.190710528199443
21.22710480170041
21.272386158208477
21.367919047395798
21.384255310261306
21.47100633254828
21.587602107127072
21.638967924926654
21.686798475124515
21.753084340906213
21.84944093318644
21.907054889870093
21.947117414099814
22.05113326168812
22.32606670602756
22.339892375874808
22.451465597023255
22.53086830417769
22.67473960336657
22.70830908348286
22.776782789185784
23.102649446970855
23.2243508886447
23.508977378126165
23.64452673930405
23.71145756373155
23.74751818157941
23.88822139282346
24.420376518319006
24.592512197940323
25.20227307322233
27.547690775557907
