0.8659442572361395
0.9424059438744643
1.031871969053095
1.0539973366790936
1.1372653707205544
7.597864501502539
10.119964799037906
10.53778264196311
10.599826980926691
10.90291178371516
11.196888820036255
11.721657235401521
11.776355780841529
11.909559754903114
12.327926461061592
12.443968921848649
12.462860912095477
12.491898533936004
12.719353967939767
12.825026622943312
12.86109961516863
12.919869378630706
12.950732158385215
13.069089644475802
13.152203312733997
13.193706524772262
13.266815429476054
13.319856009168738
13.369896193851961
13.449319162224105
13.523432065508034
13.587334801899656
13.689323823294837
13.768405528316203
13.776304100697503
13.871077012920637
13.935956392335212
13.96709114632666
14.002126988309197
14.055342386350038
14.069140369284614
14.111281662001609
14.142035601067857
14.18793039942553
14.24650484264204
14.286018956297397
14.35030081900589
14.400461752207956
14.425273180172397
14.447579119361244
14.494165251790973
14.540974405408189
14.577646837138001
14.607345876893794
14.622707076527199
14.634378888695123
14.737454491679268
14.784856067789608
14.825419369559759
14.855004687182918
14.88884010428326
14.916467606849334
14.968650362560632
15.06532022417862
15.085867153941644
15.105999060630493
15.14298320152746
15.167335312038988
15.267190958254318
15.310136615657564
15.328693785353108
15.342822920716415
15.349354281012335
15.403230924557274
15.435385591139712
15.447793499197358
15.505505126961813
15.58317744500832
15.610809017257873
15.650385326028854
15.657387125326725
15.678167860267557
15.752587942533529
15.811627380596596
15.8579711023242
15.869685976638486
15.93039306448983
15.947470284444725
15.980581964641349
15.998227060769144
16.089661776143174
16.17397983353187
16.215997718762814
16.26001584174504
16.26722052627032
16.283986391630684
16.355962900276783
16.389380761760172
16.423323816885155
16.47040296546623
16.532428894090344
16.533492324023364
16.563604155910454
16.587960857958315
16.645406834588325
16.68858289112405
16.718290366991628
16.74873134130437
16.794249948573317
16.842958136467768
16.85400533222174
16.88377082698894
16.949955721749077
16.96370648225261
16.970096325511797
17.05845719853643
17.0834073500652
17.104448471869027
17.13714222409549
17.199653092803626
17.24720101836428
17.29075501040078
17.29842792089451
17.338452008656393
17.36285682952578
17.402867043657466
17.436171232301533
17.4825358857148
17.510682024037312
17.52962836244734
17.586250993441226
17.638806435701206
17.680920356482698
17.682284088496253
17.73576120092552
17.790225719246273
17.823074965984187
17.874350771324682
17.901513420731387
17.978107351206937
17.98660461140086
18.017599919722148
18.034354083052953
18.0718845018725
18.092226942863324
18.14678108438175
18.21093109339752
18.248745437141096
18.273158895025116
18.301027482213783
18.340882831872513
18.356243514728362
18.402966113013402
18.436485515763923
18.458467548097715
18.50710926073503
18.545146327301435
18.56606011386113
18.590634412326054
18.61907595339653
18.65658110566825
18.707276468399026
18.73648831006948
18.79509958231552
18.82325207216589
18.858144652493714
18.87670942641436
18.91085825850928
18.94397116378094
19.006596457151105
19.025383109271306
19.043401219279232
19.079825699348138
19.110424163858365
19.16167116005118
19.173822542968075
19.245369360585464
19.260922161206032
19.273994758952398
19.313319295592745
19.34715093418814
19.378763281527046
19.397879877423275
19.43630084295215
19.460359665990794
19.492900756635443
19.554236431298644
19.584281270813083
19.593722674277565
19.66399201128095
19.68280247294243
19.757466009735484
19.775999907571553
19.81666999551986
19.818109892090618
19.851189117461008
19.932439639650102
19.95310178423074
19.994101336734715
20.010558915407845
20.046778899444583
20.11990548696817
20.136946741367062
20.198882194966373
20.220277961176937
20.240086865834456
20.280303279626434
20.330835154045616
20.347740650898928
20.38419390774398
20.451416877019867
20.466569954052733
20.48636766723962
20.53397933337587
20.571114208657203
20.612735116558685
20.630094418697478
20.64165511869263
20.6741759193891
20.710279680668403
20.789149077483955
20.80762831887309
20.879604412561974
20.891525185763513
20.947045728029003
20.959268096926603
21.020771395094105
21.047816500757655
21.104748238866048
21.116356531560335
21.154109200633435
21.167160067592167
21.218052266043983
21.251163161913045
21.32308825470477
21.36380775518293
21.389542765989734
21.441202705646475
21.464624515990838
21.47940887946156
21.489349202766263
21.53807924550013
21.573240010497152
21.62200737121811
21.66439279960979
21.698582785930782
21.731898094489488
21.741679854803344
21.771892085547485
21.778887229980928
21.832547108529
21.845604129807715
21.877493583116948
21.951940209643535
21.981727374373715
21.996512743087123
22.033120767714273
22.0847590188411
22.11887835911024
22.146384480575104
22.171198091610176
22.214047720481595
22.254588780716563
22.339602682129797
22.374730383813205
22.377639562662488
22.417528969910272
22.440966572312654
22.46818823197676
22.509415957518137
22.536156054534764
22.58379963105124
22.604270563663217
22.63393527550683
22.652869095967144
22.67824702806276
22.784924435956786
22.81447510133815
22.867901482438615
22.87321211257101
22.910956362847077
22.92382589551092
22.967540980832702
23.006224997749012
23.015064639512865
23.06235176792582
23.096048607327678
23.136672431916324
23.207165685245116
23.237043576251576
23.255095588082657
23.329594596629914
23.385196082702116
23.419544510028427
23.453933106474636
23.46202269214974
23.500534797167454
23.54139356206663
23.60254005930235
23.60836231132139
23.627962841451012
23.66513312245947
23.724420102690388
23.735709548039203
23.754651415428476
23.814048703224
23.82204921049943
23.86830500458906
23.92300230099316
24.000786164432583
24.02024490978347
24.07476129223808
24.099378179443853
24.113513240722376
24.129455104963217
24.178461395880102
24.196418133146537
24.253503383826274
24.31111184913722
24.350643530493787
24.377741537222477
24.421648247159688
24.50037449142298
24.5513882062368
24.567338439168946
24.59736723987664
24.64180691064841
24.68417056935988
24.733241121537397
24.763633935513422
24.807412760721657
24.81230148871343
24.842214218015894
24.869294193174408
24.906708847558306
25.023021600425857
25.0804593757448
25.103093429167313
25.141714444510907
25.175291271205307
25.209057538080213
25.2544338756017
25.32690891244397
25.35702928026147
25.397042864174168
25.41886465571397
25.463060175819006
25.53935094048409
25.54526939229056
25.585511491408614
25.668309586058633
25.68911952085156
25.75820910055708
25.80318590160363
25.88748320688279
25.914483344798946
26.00075850176596
26.04645144446723
26.07038322805094
26.1170062000244
26.15553544536456
26.231037891324043
26.27532485974803
26.35726416154802
26.441109500090693
26.476027212288624
26.52551873160183
26.554905894915393
26.599899201776434
26.618908025665014
26.67632170347045
26.686413626169063
26.7547545250403
26.791350703972398
26.838034798266108
26.87391622194058
26.9294733475644
26.976377744657455
26.984665041285375
27.04109871758923
27.063219677407677
27.071568626235415
27.11786556371393
27.160036502674462
27.215869014162745
27.249570675631094
27.349690814216714
27.364778651527256
27.459715523870273
27.514911796073612
27.53147622201079
27.544299514760617
27.600750148288732
27.64975227708758
27.69421241602921
27.710865498697657
27.730360872602326
27.779488633011344
27.80856585997583
27.838495728180757
27.855776883431375
27.92558856029667
27.9773862397323
28.00133439116166
28.028486666208014
28.070498644032064
28.096166708856536
28.120914228525972
28.183792089466547
28.29666367784185
28.344318564424928
28.403316707218956
28.45780821886934
28.52980968347066
28.573267737428388
28.589811268586754
28.62992235684123
28.712463786056624
28.729141894099538
28.75907741684792
28.838699149537668
28.88113370690599
28.935167321397472
29.060581562562525
29.104325350923933
29.15109028693306
29.205030673915736
29.236514899592322
29.264693157185267
29.322037094584623
29.379691669803186
29.49879139089649
29.53511551529288
29.593222262494432
29.614989906050894
29.654688971066378
29.71554907365882
29.84377709760208
29.87484779565919
29.955980972382154
30.003875529005143
30.12677015678259
30.16633140940977
30.226000465056572
30.330543490562228
30.37489558222852
30.41079336549097
30.490002341601695
30.565092076160532
30.602584777628735
30.62705190537424
30.645186282207376
30.81976509842364
30.83322384489483
30.917108407648232
30.947593248724928
31.0290603391738
31.153280512583574
31.30090347138362
31.372223547699566
31.38680017434357
31.523132190947702
31.587822195808954
31.715751424007316
31.788915517375276
31.84585374543699
31.968055137556174
32.07381103512918
32.0848663073671
32.1447536537708
32.22322445078314
32.28757093116903
32.38684153995238
32.44974603700198
32.56915374525079
32.66636375316376
32.697212381703096
32.77003586220008
32.98846835725215
33.01160188242963
33.073381687720996
33.09459365237229
33.153998582675435
33.27391353407069
33.3711527571517
33.47029585627592
33.6198521614426
33.74419186997378
34.17962369978906
34.51460289020919
34.64502738454066
35.00902032991003
35.149710072050894
35.626555956173036
35.87262409363924
36.170209657331604
36.42684202743943
36.492240588144696
37.49757263304932
0.8659442572361395
0.9424059438744643
1.031871969053095
1.0539973366790936
1.1372653707205544
7.597864501502539
10.119964799037906
10.53778264196311
10.599826980926691
10.90291178371516
11.196888820036255
11.721657235401521
11.776355780841529
11.909559754903114
12.327926461061592
12.443968921848649
12.462860912095477
12.491898533936004
12.719353967939767
12.825026622943312
12.86109961516863
12.919869378630706
12.950732158385215
13.069089644475802
13.152203312733997
13.193706524772262
13.266815429476054
13.319856009168738
13.369896193851961
13.449319162224105
13.523432065508034
13.587334801899656
13.689323823294837
13.768405528316203
13.776304100697503
13.871077012920637
13.935956392335212
13.96709114632666
14.002126988309197
14.055342386350038
14.069140369284614
14.111281662001609
14.142035601067857
14.18793039942553
14.24650484264204
14.286018956297397
14.35030081900589
14.400461752207956
14.425273180172397
14.447579119361244
14.494165251790973
14.540974405408189
14.577646837138001
14.607345876893794
14.622707076527199
14.634378888695123
14.737454491679268
14.784856067789608
14.825419369559759
14.855004687182918
14.88884010428326
14.916467606849334
14.968650362560632
15.06532022417862
15.085867153941644
15.105999060630493
15.14298320152746
15.167335312038988
15.267190958254318
15.310136615657564
15.328693785353108
15.342822920716415
15.349354281012335
15.403230924557274
15.435385591139712
15.447793499197358
15.505505126961813
15.58317744500832
15.610809017257873
15.650385326028854
15.657387125326725
15.678167860267557
15.752587942533529
15.811627380596596
15.8579711023242
15.869685976638486
15.93039306448983
15.947470284444725
15.980581964641349
15.998227060769144
16.089661776143174
16.17397983353187
16.215997718762814
16.26001584174504
16.26722052627032
16.283986391630684
16.355962900276783
16.389380761760172
16.423323816885155
16.47040296546623
16.532428894090344
16.533492324023364
16.563604155910454
16.587960857958315
16.645406834588325
16.68858289112405
16.718290366991628
16.74873134130437
16.794249948573317
16.842958136467768
16.85400533222174
16.88377082698894
16.949955721749077
16.96370648225261
16.970096325511797
17.05845719853643
17.0834073500652
17.104448471869027
17.13714222409549
17.199653092803626
17.24720101836428
17.29075501040078
17.29842792089451
17.338452008656393
17.36285682952578
17.402867043657466
17.436171232301533
17.4825358857148
17.510682024037312
17.52962836244734
17.586250993441226
17.638806435701206
17.680920356482698
17.682284088496253
17.73576120092552
17.790225719246273
17.823074965984187
17.874350771324682
17.901513420731387
17.978107351206937
17.98660461140086
18.017599919722148
18.034354083052953
18.0718845018725
18.092226942863324
18.14678108438175
18.21093109339752
18.248745437141096
18.273158895025116
18.301027482213783
18.340882831872513
18.356243514728362
18.402966113013402
18.436485515763923
18.458467548097715
18.50710926073503
18.545146327301435
18.56606011386113
18.590634412326054
18.61907595339653
18.65658110566825
18.707276468399026
18.73648831006948
18.79509958231552
18.82325207216589
18.858144652493714
18.87670942641436
18.91085825850928
18.94397116378094
19.006596457151105
19.025383109271306
19.043401219279232
19.079825699348138
19.110424163858365
19.16167116005118
19.173822542968075
19.245369360585464
19.260922161206032
19.273994758952398
19.313319295592745
19.34715093418814
19.378763281527046
19.397879877423275
19.43630084295215
19.460359665990794
19.492900756635443
19.554236431298644
19.584281270813083
19.593722674277565
19.66399201128095
19.68280247294243
19.757466009735484
19.775999907571553
19.81666999551986
19.818109892090618
19.851189117461008
19.932439639650102
19.95310178423074
19.994101336734715
20.010558915407845
20.046778899444583
20.11990548696817
20.136946741367062
20.198882194966373
20.220277961176937
20.240086865834456
20.280303279626434
20.330835154045616
20.347740650898928
20.38419390774398
20.451416877019867
20.466569954052733
20.48636766723962
20.53397933337587
20.571114208657203
20.612735116558685
20.630094418697478
20.64165511869263
20.6741759193891
20.710279680668403
20.789149077483955
20.80762831887309
20.879604412561974
20.891525185763513
20.947045728029003
20.959268096926603
21.020771395094105
21.047816500757655
21.104748238866048
21.116356531560335
21.154109200633435
21.167160067592167
21.218052266043983
21.251163161913045
21.32308825470477
21.36380775518293
21.389542765989734
21.441202705646475
21.464624515990838
21.47940887946156
21.489349202766263
21.53807924550013
21.573240010497152
21.62200737121811
21.66439279960979
21.698582785930782
21.731898094489488
21.741679854803344
21.771892085547485
21.778887229980928
21.832547108529
21.845604129807715
21.877493583116948
21.951940209643535
21.981727374373715
21.996512743087123
22.033120767714273
22.0847590188411
22.11887835911024
22.146384480575104
22.171198091610176
22.214047720481595
22.254588780716563
22.339602682129797
22.374730383813205
22.377639562662488
22.417528969910272
22.440966572312654
22.46818823197676
22.509415957518137
22.536156054534764
22.58379963105124
22.604270563663217
22.63393527550683
22.652869095967144
22.67824702806276
22.784924435956786
22.81447510133815
22.867901482438615
22.87321211257101
22.910956362847077
22.92382589551092
22.967540980832702
23.006224997749012
23.015064639512865
23.06235176792582
23.096048607327678
23.136672431916324
23.207165685245116
23.237043576251576
23.255095588082657
23.329594596629914
23.385196082702116
23.419544510028427
23.453933106474636
23.46202269214974
23.500534797167454
23.54139356206663
23.60254005930235
23.60836231132139
23.627962841451012
23.66513312245947
23.724420102690388
23.735709548039203
23.754651415428476
23.814048703224
23.82204921049943
23.86830500458906
23.92300230099316
24.000786164432583
24.02024490978347
24.07476129223808
24.099378179443853
24.113513240722376
24.129455104963217
24.178461395880102
24.196418133146537
24.253503383826274
24.31111184913722
24.350643530493787
24.377741537222477
24.421648247159688
24.50037449142298
24.5513882062368
24.567338439168946
24.59736723987664
24.64180691064841
24.68417056935988
24.733241121537397
24.763633935513422
24.807412760721657
24.81230148871343
24.842214218015894
24.869294193174408
24.906708847558306
25.023021600425857
25.0804593757448
25.103093429167313
25.141714444510907
25.175291271205307
25.209057538080213
25.2544338756017
25.32690891244397
25.35702928026147
25.397042864174168
25.41886465571397
25.463060175819006
25.53935094048409
25.54526939229056
25.585511491408614
25.668309586058633
25.68911952085156
25.75820910055708
25.80318590160363
25.88748320688279
25.914483344798946
26.00075850176596
26.04645144446723
26.07038322805094
26.1170062000244
26.15553544536456
26.231037891324043
26.27532485974803
26.35726416154802
26.441109500090693
26.476027212288624
26.52551873160183
26.554905894915393
26.599899201776434
26.618908025665014
26.67632170347045
26.686413626169063
26.7547545250403
26.791350703972398
26.838034798266108
26.87391622194058
26.9294733475644
26.976377744657455
26.984665041285375
27.04109871758923
27.063219677407677
27.071568626235415
27.11786556371393
27.160036502674462
27.215869014162745
27.249570675631094
27.349690814216714
27.364778651527256
27.459715523870273
27.514911796073612
27.53147622201079
27.544299514760617
27.600750148288732
27.64975227708758
27.69421241602921
27.710865498697657
27.730360872602326
27.779488633011344
27.80856585997583
27.838495728180757
27.855776883431375
27.92558856029667
27.9773862397323
28.00133439116166
28.028486666208014
28.070498644032064
28.096166708856536
28.120914228525972
28.183792089466547
28.29666367784185
28.344318564424928
28.403316707218956
28.45780821886934
28.52980968347066
28.573267737428388
28.589811268586754
28.62992235684123
28.712463786056624
28.729141894099538
28.75907741684792
28.838699149537668
28.88113370690599
28.935167321397472
29.060581562562525
29.104325350923933
29.15109028693306
29.205030673915736
29.236514899592322
29.264693157185267
29.322037094584623
29.379691669803186
29.49879139089649
29.53511551529288
29.593222262494432
29.614989906050894
29.654688971066378
29.71554907365882
29.84377709760208
29.87484779565919
29.955980972382154
30.003875529005143
30.12677015678259
30.16633140940977
30.226000465056572
30.330543490562228
30.37489558222852
30.41079336549097
30.490002341601695
30.565092076160532
30.602584777628735
30.62705190537424
30.645186282207376
30.81976509842364
30.83322384489483
30.917108407648232
30.947593248724928
31.0290603391738
31.153280512583574
31.30090347138362
31.372223547699566
31.38680017434357
31.523132190947702
31.587822195808954
31.715751424007316
31.788915517375276
31.84585374543699
31.968055137556174
32.07381103512918
32.0848663073671
32.1447536537708
32.22322445078314
32.28757093116903
32.38684153995238
32.44974603700198
32.56915374525079
32.66636375316376
32.697212381703096
32.77003586220008
32.98846835725215
33.01160188242963
33.073381687720996
33.09459365237229
33.153998582675435
33.27391353407069
33.3711527571517
33.47029585627592
33.6198521614426
33.74419186997378
34.17962369978906
34.51460289020919
34.64502738454066
35.00902032991003
35.149710072050894
35.626555956173036
35.87262409363924
36.170209657331604
36.42684202743943
36.492240588144696
37.49757263304932
