0.723141193433492
0.7972357525371971
0.8967376845561631
0.977392859550266
1.0975273894333755
8.428583553755509
10.560512912320803
10.58106159891385
10.990015304755811
11.152117726032948
11.225035330304024
11.449820374301838
11.517951901623936
11.593652441627485
11.71230394245657
11.763437877863325
11.91676738775757
12.154842121262016
12.225894348427973
12.446546613231588
12.51048526790088
12.534579494746435
12.591045909119213
12.616750527725092
12.686777184733158
12.79474264283916
12.825224043966355
12.89142860003533
12.95743219876002
13.04142134212695
13.09071854054604
13.126185692972658
13.155494183821608
13.185149645841825
13.236396772389808
13.308803818061877
13.341234128511893
13.402015538359155
13.473508817080623
13.503138407701517
13.549609381737694
13.585165044082794
13.632542977538371
13.64490109288918
13.711421905205597
13.816880064758955
13.893983978540966
13.938335512278893
13.99317848298556
14.093397541691466
14.133031455767338
14.156118901535077
14.164063974364344
14.221362303294873
14.238433588847265
14.288999909003326
14.369349056378729
14.418553884606327
14.427520526823534
14.488948538594618
14.516736802646905
14.607506008423512
14.652869460545293
14.690673315581332
14.780676680045111
14.799382075488147
14.822634593668887
14.86021571979326
14.886274678726796
14.921455918627672
14.933209579359112
15.000527302094516
15.020181614385395
15.117434449021454
15.149432022903712
15.214928170642372
15.3054176328712
15.31989581945974
15.33124094588673
15.363743199446898
15.38294806463281
15.413691592844213
15.449772918766515
15.499637038954807
15.529449623252356
15.60464809014239
15.640427461226755
15.667768010446744
15.696977288962778
15.71665039098559
15.74340100153927
15.783626150344125
15.847241955530974
15.899182160051895
15.915560726184156
15.963257737444943
15.972271036978904
16.025159644907767
16.035244343946
16.083003816057687
16.107774065765916
16.149371966275016
16.191497491923542
16.259857134878313
16.28649082225899
16.302784835462308
16.327564417691935
16.35832840806219
16.396176233317615
16.421356423660626
16.47728110440556
16.49320140525849
16.51569864047821
16.539254123649354
16.545131315444078
16.638758520540293
16.71088223460253
16.726481900353377
16.7745501286966
16.799303299854827
16.828987186667845
16.884368324490236
16.91336387513541
16.94606861798513
16.984029846528014
17.020825193645962
17.075465165089007
17.10576988087006
17.165798369105186
17.19058027192456
17.2302541513154
17.24839953451677
17.271347990526902
17.308943382954137
17.362713962765977
17.408868753817337
17.42347095150945
17.46006107892729
17.480784777574378
17.561251472018338
17.576777314393766
17.6187952275432
17.66153611806728
17.67152571968642
17.714213081948635
17.755994746496974
17.804282387380276
17.809058764603616
17.835638657378468
17.847860974128807
17.888576855018535
17.91536444048115
17.969646424948586
18.013512230450896
18.02911493922347
18.089256364063147
18.103876244156368
18.14784538780397
18.192511511684263
18.23057065677793
18.274111200984883
18.282690276494016
18.309473046986433
18.348853249393006
18.385110663496665
18.42725870764229
18.449814267445223
18.467285210842366
18.512175006836767
18.544042453650217
18.560215824814158
18.599581391196708
18.609771818493805
18.660701084805392
18.679132530301146
18.72395743692211
18.756847108760088
18.789468116515348
18.867412738518084
18.89393407539944
18.947481203969414
18.955207047984896
19.011688109312207
19.021174201314217
19.04694795088499
19.07769435904262
19.10098115748416
19.131003410394857
19.182811367510343
19.208903624825197
19.221140947759356
19.236244947736324
19.265373022530607
19.32980760577161
19.360634339804434
19.385872713109258
19.429969903346034
19.4794845113221
19.54598896820114
19.571648422940434
19.605694900708727
19.64398486797224
19.69096848178484
19.704488421510874
19.764767551850813
19.81063461093961
19.841267392468755
19.873647775377876
19.920239036507258
19.956087928252405
20.02066652268192
20.028718714662283
20.057492486527494
20.08793311270115
20.115192637117183
20.16669956360723
20.192803371548134
20.2265157940858
20.244406880348205
20.283526418895583
20.325016394632108
20.33598585229279
20.34683672904334
20.40576933100481
20.42221083344579
20.492542050912665
20.543610994577516
20.583224552979203
20.604873315423312
20.61893608951402
20.655834255603718
20.702416986715054
20.710967992746376
20.73182870657936
20.753749890025734
20.76691873875865
20.805514289840783
20.84334662416194
20.851769235201317
20.874167976946072
20.922482038849868
20.976726019985538
21.0003086895783
21.049336707189777
21.06012136708034
21.12400375151015
21.150017896019907
21.19564733622122
21.25277155492416
21.292135648204695
21.306772662248314
21.324742998214397
21.345401098829345
21.37801290878003
21.41400031922593
21.438658136358708
21.456868237457428
21.499668163018775
21.544904754885316
21.565101071939335
21.586164369483377
21.625996882833817
21.66433369510068
21.718357873295975
21.737385946626276
21.787319478026777
21.806689874918405
21.841421562004964
21.8620795973274
21.965667118800493
22.00983633225988
22.06114493210423
22.08460932666487
22.114488694700718
22.129503159357117
22.17915098154176
22.239390930033103
22.25606428527568
22.27433594953301
22.30954531877342
22.36945622100301
22.3848370383968
22.438254140057964
22.451236613520848
22.495014022635385
22.516839727688765
22.56280888592937
22.586818102063695
22.614974040428304
22.642810086668206
22.727030150921596
22.771250900370482
22.811853826365944
22.825050620913384
22.880814995008503
22.88638464079723
22.9112342450043
22.943487886231146
22.985756244038043
23.02301385953966
23.039812191415365
23.070433682074068
23.105220591214994
23.14141113061203
23.174753171283985
23.20968765887314
23.255239739949957
23.27226814147261
23.28820224560748
23.314047256582338
23.36335926489154
23.402625633800525
23.428668069154988
23.435532234997847
23.509902599848964
23.55760680448706
23.580789124321967
23.601049963620724
23.643421507129545
23.655355510696776
23.67571687985472
23.691618123747624
23.715537174876495
23.76976961598197
23.81448282218579
23.83816190230709
23.92923461955722
23.93723391539913
24.005542449192816
24.049244487961506
24.054667308838766
24.109162463271126
24.139555302236577
24.161392439446693
24.207741016151996
24.257215729929296
24.306472184842228
24.32260754897417
24.368121016368804
24.403871648093514
24.4133874247366
24.473046654740713
24.497061472704463
24.515397718809
24.548087163056728
24.62771756624172
24.641743749685663
24.69586963367874
24.754893684880248
24.79494339077762
24.849649944700733
24.889937889572334
24.9044874894746
24.942657427259967
24.969473337671463
25.020005939289238
25.057274948810385
25.132183103687048
25.140343875100307
25.154936076870882
25.19310555774356
25.21772902444576
25.28406652769355
25.32820948685187
25.350662502704125
25.355199027010016
25.376210323460725
25.467797818049625
25.51818238128627
25.592828035340087
25.632455542850078
25.664786450728307
25.718091654244105
25.737772216117367
25.74907364339874
25.799075798201436
25.82232264273273
25.865884172015214
25.8946649639946
26.006222142296085
26.046255702365563
26.09423094741987
26.101370716635948
26.15800069936589
26.189091644865783
26.24038048274475
26.257409119120073
26.295954518415883
26.344769515059387
26.361575426062902
26.380616392163375
26.38533580843744
26.39960540541932
26.517218105824345
26.56299224214624
26.59708454569128
26.617228494432045
26.645838841893493
26.690369039348308
26.743438076736485
26.773915643087133
26.819843103626628
26.87840171938721
26.906264669241594
26.955406694639866
26.973172696608952
27.006570700365366
27.08040811225792
27.108297026668627
27.15721645108385
27.22535352698409
27.254523966538123
27.32772564918785
27.34939742470498
27.44245958266438
27.481458483570954
27.57814261283516
27.630371356527025
27.72922045256688
27.783484633310007
27.79906596882572
27.884163675084213
27.910732001310308
27.94887764560577
27.962963021170925
27.982667904930448
28.045877989934766
28.12125185831181
28.166353732284236
28.248754443752276
28.312076795234205
28.327185923506768
28.403712479062094
28.467361571384227
28.496633286984444
28.542902559968795
28.612646325786258
28.64819224300229
28.66275390927333
28.756733705147553
28.793153513447578
28.804926103878845
28.92566202466349
28.983311683238895
29.03781987912845
29.085242779466014
29.145847001481933
29.17625957218704
29.255583158408722
29.294748809681803
29.440328234365413
29.466187616833373
29.53075055150506
29.561574779140283
29.60552355375775
29.727755696883726
29.774826059729406
29.810607691918378
29.852632805477192
29.917951607587423
30.01431176551524
30.051698085767764
30.164486626721665
30.203648037681727
30.25317361093173
30.35797448900675
30.506140248276086
30.60946962272352
30.715343181087555
30.867040081531783
31.001774374231232
31.056127444633987
31.153719897721253
31.23082452358747
31.351402058680403
31.412585346426606
31.64317675604675
31.832771805558
31.91790955211237
31.960787837312623
32.092127928997336
32.1233433359796
32.20166232503415
32.35538453740507
32.4383439364525
32.57528013472656
32.76594426913807
32.94978978064164
32.9797323839448
33.16991173842082
33.21344201130608
33.410482292170826
34.0225023459117
34.27678311505367
34.54271642909423
35.26351285272063
37.233571950396545
37.456254357795856
38.81311016897181
0.723141193433492
0.7972357525371971
0.8967376845561631
0.977392859550266
1.0975273894333755
8.428583553755509
10.560512912320803
10.58106159891385
10.990015304755811
11.152117726032948
11.225035330304024
11.449820374301838
11.517951901623936
11.593652441627485
11.71230394245657
11.763437877863325
11.91676738775757
12.154842121262016
12.225894348427973
12.446546613231588
12.51048526790088
12.534579494746435
12.591045909119213
12.616750527725092
12.686777184733158
12.79474264283916
12.825224043966355
12.89142860003533
12.95743219876002
13.04142134212695
13.09071854054604
13.126185692972658
13.155494183821608
13.185149645841825
13.236396772389808
13.308803818061877
13.341234128511893
13.402015538359155
13.473508817080623
13.503138407701517
13.549609381737694
13.585165044082794
13.632542977538371
13.64490109288918
13.711421905205597
13.816880064758955
13.893983978540966
13.938335512278893
13.99317848298556
14.093397541691466
14.133031455767338
14.156118901535077
14.164063974364344
14.221362303294873
14.238433588847265
14.288999909003326
14.369349056378729
14.418553884606327
14.427520526823534
14.488948538594618
14.516736802646905
14.607506008423512
14.652869460545293
14.690673315581332
14.780676680045111
14.799382075488147
14.822634593668887
14.86021571979326
14.886274678726796
14.921455918627672
14.933209579359112
15.000527302094516
15.020181614385395
15.117434449021454
15.149432022903712
15.214928170642372
15.3054176328712
15.31989581945974
15.33124094588673
15.363743199446898
15.38294806463281
15.413691592844213
15.449772918766515
15.499637038954807
15.529449623252356
15.60464809014239
15.640427461226755
15.667768010446744
15.696977288962778
15.71665039098559
15.74340100153927
15.783626150344125
15.847241955530974
15.899182160051895
15.915560726184156
15.963257737444943
15.972271036978904
16.025159644907767
16.035244343946
16.083003816057687
16.107774065765916
16.149371966275016
16.191497491923542
16.259857134878313
16.28649082225899
16.302784835462308
16.327564417691935
16.35832840806219
16.396176233317615
16.421356423660626
16.47728110440556
16.49320140525849
16.51569864047821
16.539254123649354
16.545131315444078
16.638758520540293
16.71088223460253
16.726481900353377
16.7745501286966
16.799303299854827
16.828987186667845
16.884368324490236
16.91336387513541
16.94606861798513
16.984029846528014
17.020825193645962
17.075465165089007
17.10576988087006
17.165798369105186
17.19058027192456
17.2302541513154
17.24839953451677
17.271347990526902
17.308943382954137
17.362713962765977
17.408868753817337
17.42347095150945
17.46006107892729
17.480784777574378
17.561251472018338
17.576777314393766
17.6187952275432
17.66153611806728
17.67152571968642
17.714213081948635
17.755994746496974
17.804282387380276
17.809058764603616
17.835638657378468
17.847860974128807
17.888576855018535
17.91536444048115
17.969646424948586
18.013512230450896
18.02911493922347
18.089256364063147
18.103876244156368
18.14784538780397
18.192511511684263
18.23057065677793
18.274111200984883
18.282690276494016
18.309473046986433
18.348853249393006
18.385110663496665
18.42725870764229
18.449814267445223
18.467285210842366
18.512175006836767
18.544042453650217
18.560215824814158
18.599581391196708
18.609771818493805
18.660701084805392
18.679132530301146
18.72395743692211
18.756847108760088
18.789468116515348
18.867412738518084
18.89393407539944
18.947481203969414
18.955207047984896
19.011688109312207
19.021174201314217
19.04694795088499
19.07769435904262
19.10098115748416
19.131003410394857
19.182811367510343
19.208903624825197
19.221140947759356
19.236244947736324
19.265373022530607
19.32980760577161
19.360634339804434
19.385872713109258
19.429969903346034
19.4794845113221
19.54598896820114
19.571648422940434
19.605694900708727
19.64398486797224
19.69096848178484
19.704488421510874
19.764767551850813
19.81063461093961
19.841267392468755
19.873647775377876
19.920239036507258
19.956087928252405
20.02066652268192
20.028718714662283
20.057492486527494
20.08793311270115
20.115192637117183
20.16669956360723
20.192803371548134
20.2265157940858
20.244406880348205
20.283526418895583
20.325016394632108
20.33598585229279
20.34683672904334
20.40576933100481
20.42221083344579
20.492542050912665
20.543610994577516
20.583224552979203
20.604873315423312
20.61893608951402
20.655834255603718
20.702416986715054
20.710967992746376
20.73182870657936
20.753749890025734
20.76691873875865
20.805514289840783
20.84334662416194
20.851769235201317
20.874167976946072
20.922482038849868
20.976726019985538
21.0003086895783
21.049336707189777
21.06012136708034
21.12400375151015
21.150017896019907
21.19564733622122
21.25277155492416
21.292135648204695
21.306772662248314
21.324742998214397
21.345401098829345
21.37801290878003
21.41400031922593
21.438658136358708
21.456868237457428
21.499668163018775
21.544904754885316
21.565101071939335
21.586164369483377
21.625996882833817
21.66433369510068
21.718357873295975
21.737385946626276
21.787319478026777
21.806689874918405
21.841421562004964
21.8620795973274
21.965667118800493
22.00983633225988
22.06114493210423
22.08460932666487
22.114488694700718
22.129503159357117
22.17915098154176
22.239390930033103
22.25606428527568
22.27433594953301
22.30954531877342
22.36945622100301
22.3848370383968
22.438254140057964
22.451236613520848
22.495014022635385
22.516839727688765
22.56280888592937
22.586818102063695
22.614974040428304
22.642810086668206
22.727030150921596
22.771250900370482
22.811853826365944
22.825050620913384
22.880814995008503
22.88638464079723
22.9112342450043
22.943487886231146
22.985756244038043
23.02301385953966
23.039812191415365
23.070433682074068
23.105220591214994
23.14141113061203
23.174753171283985
23.20968765887314
23.255239739949957
23.27226814147261
23.28820224560748
23.314047256582338
23.36335926489154
23.402625633800525
23.428668069154988
23.435532234997847
23.509902599848964
23.55760680448706
23.580789124321967
23.601049963620724
23.643421507129545
23.655355510696776
23.67571687985472
23.691618123747624
23.715537174876495
23.76976961598197
23.81448282218579
23.83816190230709
23.92923461955722
23.93723391539913
24.005542449192816
24.049244487961506
24.054667308838766
24.109162463271126
24.139555302236577
24.161392439446693
24.207741016151996
24.257215729929296
24.306472184842228
24.32260754897417
24.368121016368804
24.403871648093514
24.4133874247366
24.473046654740713
24.497061472704463
24.515397718809
24.548087163056728
24.62771756624172
24.641743749685663
24.69586963367874
24.754893684880248
24.79494339077762
24.849649944700733
24.889937889572334
24.9044874894746
24.942657427259967
24.969473337671463
25.020005939289238
25.057274948810385
25.132183103687048
25.140343875100307
25.154936076870882
25.19310555774356
25.21772902444576
25.28406652769355
25.32820948685187
25.350662502704125
25.355199027010016
25.376210323460725
25.467797818049625
25.51818238128627
25.592828035340087
25.632455542850078
25.664786450728307
25.718091654244105
25.737772216117367
25.74907364339874
25.799075798201436
25.82232264273273
25.865884172015214
25.8946649639946
26.006222142296085
26.046255702365563
26.09423094741987
26.101370716635948
26.15800069936589
26.189091644865783
26.24038048274475
26.257409119120073
26.295954518415883
26.344769515059387
26.361575426062902
26.380616392163375
26.38533580843744
26.39960540541932
26.517218105824345
26.56299224214624
26.59708454569128
26.617228494432045
26.645838841893493
26.690369039348308
26.743438076736485
26.773915643087133
26.819843103626628
26.87840171938721
26.906264669241594
26.955406694639866
26.973172696608952
27.006570700365366
27.08040811225792
27.108297026668627
27.15721645108385
27.22535352698409
27.254523966538123
27.32772564918785
27.34939742470498
27.44245958266438
27.481458483570954
27.57814261283516
27.630371356527025
27.72922045256688
27.783484633310007
27.79906596882572
27.884163675084213
27.910732001310308
27.94887764560577
27.962963021170925
27.982667904930448
28.045877989934766
28.12125185831181
28.166353732284236
28.248754443752276
28.312076795234205
28.327185923506768
28.403712479062094
28.467361571384227
28.496633286984444
28.542902559968795
28.612646325786258
28.64819224300229
28.66275390927333
28.756733705147553
28.793153513447578
28.804926103878845
28.92566202466349
28.983311683238895
29.03781987912845
29.085242779466014
29.145847001481933
29.17625957218704
29.255583158408722
29.294748809681803
29.440328234365413
29.466187616833373
29.53075055150506
29.561574779140283
29.60552355375775
29.727755696883726
29.774826059729406
29.810607691918378
29.852632805477192
29.917951607587423
30.01431176551524
30.051698085767764
30.164486626721665
30.203648037681727
30.25317361093173
30.35797448900675
30.506140248276086
30.60946962272352
30.715343181087555
30.867040081531783
31.001774374231232
31.056127444633987
31.153719897721253
31.23082452358747
31.351402058680403
31.412585346426606
31.64317675604675
31.832771805558
31.91790955211237
31.960787837312623
32.092127928997336
32.1233433359796
32.20166232503415
32.35538453740507
32.4383439364525
32.57528013472656
32.76594426913807
32.94978978064164
32.9797323839448
33.16991173842082
33.21344201130608
33.410482292170826
34.0225023459117
34.27678311505367
34.54271642909423
35.26351285272063
37.233571950396545
37.456254357795856
38.81311016897181
