0.6354640639118456
0.6767032213941294
0.7700672794711589
0.804469477142547
0.9267953891685333
0.9705131913441745
1.1012145543248892
1.1256879442059435
1.292097189387031
2.8070492281653903
4.528051732583138
4.544821422640481
5.1416895444276385
5.66543092592818
5.802014895859938
5.843184436753809
5.959196267476794
6.023165506707213
6.075753047874793
6.081906209011614
6.0875907787562475
6.167235048751978
6.193675345156302
6.232574483221026
6.266615744131022
6.294673363223174
6.360183156921591
6.39096106398767
6.425277305579115
6.495109908223128
6.624921787219864
6.708133159622934
6.774007335627289
6.790507724071936
6.820324854431897
6.847783947952088
6.878934363787493
6.972588873191411
7.002740869345092
7.076347613473257
7.104809441849796
7.133310456345988
7.20045912863058
7.2271437331815935
7.245720575395457
7.274539712578382
7.330205256000475
7.349579009469461
7.389071230121975
7.414094013652161
7.43643993070476
7.455265986291743
7.489798478690455
7.523865436466576
7.545373915312809
7.599250978714869
7.642871212344987
7.652857349803879
7.696275535563069
7.7350337654911785
7.7629755508003555
7.79944875724483
7.825255465320197
7.872269051904644
7.89053901358208
7.9533500246096915
7.995314020127611
8.018049876322635
8.02807309681854
8.04623911375767
8.07062079353253
8.114913956605205
8.134730178633818
8.140706761442006
8.180435403629778
8.211116468548337
8.228779538755882
8.248488347380581
8.261999331394227
8.309566866115007
8.340602482560044
8.351833352053587
8.409198716948353
8.441469211913024
8.492602811156674
8.508088353387926
8.523379085107443
8.547948291310576
8.590957060552276
8.607029047417754
8.61594590604878
8.664647094405675
8.69951701429816
8.767729015684862
8.795295016953899
8.804476638549437
8.829757054688564
8.871787705984156
8.900731628186637
8.929092267780753
8.952046857257052
8.968360712506422
8.999095445820647
9.004111453032728
9.034954366787451
9.06962006649162
9.09851816499698
9.110330966221035
9.123210888008886
9.172850733120349
9.182454096899466
9.220594408322226
9.25766873548183
9.28333153211816
9.310838843893473
9.345762965409698
9.41583457567667
9.441058557487365
9.45789576614615
9.472144797624017
9.49436260919683
9.522415630708256
9.562084165234934
9.597047939143168
9.65026987497225
9.675457577494363
9.686157064091832
9.72304320243316
9.75938682317628
9.784732102720795
9.81548459318349
9.87009707460127
9.88052690011272
9.907135612411425
9.941601718208892
9.94866481278313
9.984290754965896
10.0046784300826
10.034865529597855
10.054428578604618
10.080997215921428
10.112833421844645
10.143153946539002
10.158524801768436
10.202789208134929
10.231244461504476
10.244009882926282
10.26791244931785
10.299957323134919
10.322196200516244
10.339865187824207
10.368348775102543
10.404977600881049
10.429516965425039
10.436493390473643
10.466485201464723
10.484757082263096
10.499256584232725
10.51977284878086
10.57635980048822
10.60669076328402
10.634570285041333
10.658167682768628
10.676742737924267
10.718405056224276
10.733366795643192
10.739595869386404
10.777842244597394
10.794052124208072
10.812268752004034
10.836159741574392
10.86986128793406
10.928686223941376
10.966812240185261
11.031656621924878
11.05594496727511
11.067024437437679
11.08283405683413
11.104960286208126
11.140110981901463
11.147965852353627
11.164359703029225
11.184470402203797
11.206862596846797
11.28452086708319
11.305587222437243
11.33235347041405
11.368701172318357
11.393227305836797
11.439693398219552
11.442610045567092
11.454976323063521
11.491143997086391
11.50979077063702
11.53644522073017
11.586075644165494
11.600993131134695
11.636785407674136
11.640042513915793
11.67361563428752
11.689298122358196
11.717256130623719
11.727023936880906
11.75248242200853
11.774118131514648
11.791772751103911
11.831376021949985
11.85229539650405
11.873855594989855
11.876912680057332
11.904183949995094
11.947877283959516
11.957485752382736
11.996700083869055
12.038363730591918
12.040329985459529
12.080831436448976
12.098146824682171
12.126490529753964
12.148243217115978
12.181518999984853
12.204925031176302
12.234423211425753
12.26264792381341
12.277988824313658
12.299248089680995
12.329723266046681
12.366104881606239
12.397336741025628
12.429747110193247
12.455796731616468
12.465644661500635
12.51374497046957
12.519228506738642
12.537090014524512
12.584675371275113
12.59786358204071
12.632730314649434
12.65644691349438
12.69106067634824
12.708215766569019
12.744724018257902
12.774849200427285
12.789404149734791
12.807925912332555
12.840163484635392
12.878040496326133
12.888458917959584
12.918534560970809
12.939348356193644
12.972146951110632
12.982512541023455
13.029457023192894
13.068505602912971
13.077854575029994
13.114730199959821
13.165488251248682
13.172445090037218
13.196223517780494
13.206710824220492
13.246321369442839
13.266882645305456
13.295008271435377
13.311310784123458
13.34450665150821
13.348613966452502
13.376477975289678
13.398942148235959
13.428488799293257
13.434401519297765
13.472537149173593
13.515359617537804
13.563369989404535
13.56902333996413
13.597619279600297
13.631786025934147
13.667010072984302
13.729951392344802
13.758869766007107
13.778311358439696
13.802327391637336
13.864664804959876
13.886021911454113
13.911556540942277
13.937581385927873
13.960238836054119
13.980733371134477
14.064347192492923
14.071857399567858
14.095441432230842
14.13534894718904
14.153298774250002
14.19462348035768
14.203681320239104
14.215135033676987
14.261123574054327
14.285163036932742
14.301430562956767
14.324464643002644
14.37818195628504
14.400295156642716
14.41736145193857
14.433065846727413
14.456615907384672
14.481017744066216
14.509191953363397
14.547233872359987
14.563271673897786
14.580720019547059
14.616235570731337
14.646294848303667
14.656424567264244
14.679521395604937
14.728890642279158
14.744212427354245
14.788570998230242
14.816124626449675
14.850051514263127
14.863218799314874
14.900739070612785
14.928448156068487
14.941320213445959
14.964781494094645
14.97540291516662
14.999972224619098
15.060342371078818
15.070872007604112
15.102710550283751
15.13273303160505
15.180883084412203
15.19506090660015
15.211392690277922
15.283646346328988
15.310861800577092
15.330732996903057
15.356189789989525
15.377712965184353
15.409594105979595
15.436620552141456
15.463509977461852
15.48294327756642
15.527872298494966
15.54626764646939
15.605255189525383
15.633307581511447
15.653260394472087
15.665261608480272
15.684481075011835
15.724148882915152
15.733855638555454
15.799870082548875
15.820517458421413
15.844153904374911
15.85515274084378
15.892865142223917
15.920224403278574
15.963251224298022
16.008756991500793
16.03570850842506
16.077841411370876
16.126534065927526
16.15191637976503
16.207492809137708
16.23610877190177
16.25491768131883
16.301063164383375
16.32437280402584
16.37946488439118
16.433300782096648
16.441189676461416
16.462923483885596
16.507323457324777
16.518845662711293
16.543872237528696
16.569755972287656
16.62903925087522
16.68455161747911
16.699181850914147
16.724141284294742
16.745036971602598
16.78026707581852
16.809412646479046
16.817373161464822
16.895825805561667
16.91391645251521
16.942170423897934
17.01299937140705
17.043976094474285
17.070172792078775
17.120292846460273
17.13788182386
17.200345677589414
17.21052023876286
17.222623302765257
17.2869626085706
17.31315809550629
17.341296927807235
17.37440617629545
17.424200832774126
17.46334104935945
17.497564002009888
17.547716000086726
17.553341461845537
17.581308154542466
17.611385870046934
17.628880195097437
17.66749464683401
17.679138651455574
17.721811789516877
17.75820021184334
17.811391792667532
17.827848556583504
17.84066543278132
17.92265353905992
17.933515441830583
17.97532466969876
18.00708309162987
18.016209505113572
18.074029587697012
18.104989598038344
18.127920152363462
18.174206496423515
18.196270585193147
18.27460538151308
18.306704096952906
18.343417054147647
18.394823269448533
18.42117706119428
18.490018646364813
18.584188810830046
18.650680248645116
18.66644936631313
18.729302634103462
18.7720386017021
18.835964538738097
18.87795284323853
18.929102995430995
18.978792206262774
19.029193184018546
19.040616423460637
19.100651652849642
19.129314918951792
19.211854247429603
19.267388513045088
19.337094349300695
19.3622330106718
19.413889608780988
19.428966806902274
19.537454412629128
19.562323079751224
19.60481324222443
19.64691504259977
19.693873469704638
19.73886925648029
19.8060147189636
19.84151312035927
19.867862349254878
19.987691014122714
20.07656403504721
20.088943312281174
20.109692671353486
20.190650199758327
20.22438174351984
20.289799766495733
20.30334369168729
20.37019345510972
20.439974728218175
20.50395928334691
20.629369161727563
20.700945007596516
20.833053254370675
20.887868664698082
20.938293486039047
20.987835484783883
21.159834271790167
21.242833977425448
21.295533108523614
21.31660558123834
21.501716639008034
21.62921967328083
21.70008838410285
21.84939010228155
21.96556143907464
22.138517865238434
22.237642576290146
22.47067317447542
22.551901267475756
22.573381201258925
22.66607540538372
22.797601917361682
22.91328230363453
22.945569860181656
23.148880971272952
23.296324616144
23.317074351416004
23.433620978853252
23.694371522367387
24.191847668408208
25.695894805854444
0.6354640639118456
0.6767032213941294
0.7700672794711589
0.804469477142547
0.9267953891685333
0.9705131913441745
1.1012145543248892
1.1256879442059435
1.292097189387031
2.8070492281653903
4.528051732583138
4.544821422640481
5.1416895444276385
5.66543092592818
5.802014895859938
5.843184436753809
5.959196267476794
6.023165506707213
6.075753047874793
6.081906209011614
6.0875907787562475
6.167235048751978
6.193675345156302
6.232574483221026
6.266615744131022
6.294673363223174
6.360183156921591
6.39096106398767
6.425277305579115
6.495109908223128
6.624921787219864
6.708133159622934
6.774007335627289
6.790507724071936
6.820324854431897
6.847783947952088
6.878934363787493
6.972588873191411
7.002740869345092
7.076347613473257
7.104809441849796
7.133310456345988
7.20045912863058
7.2271437331815935
7.245720575395457
7.274539712578382
7.330205256000475
7.349579009469461
7.389071230121975
7.414094013652161
7.43643993070476
7.455265986291743
7.489798478690455
7.523865436466576
7.545373915312809
7.599250978714869
7.642871212344987
7.652857349803879
7.696275535563069
7.7350337654911785
7.7629755508003555
7.79944875724483
7.825255465320197
7.872269051904644
7.89053901358208
7.9533500246096915
7.995314020127611
8.018049876322635
8.02807309681854
8.04623911375767
8.07062079353253
8.114913956605205
8.134730178633818
8.140706761442006
8.180435403629778
8.211116468548337
8.228779538755882
8.248488347380581
8.261999331394227
8.309566866115007
8.340602482560044
8.351833352053587
8.409198716948353
8.441469211913024
8.492602811156674
8.508088353387926
8.523379085107443
8.547948291310576
8.590957060552276
8.607029047417754
8.61594590604878
8.664647094405675
8.69951701429816
8.767729015684862
8.795295016953899
8.804476638549437
8.829757054688564
8.871787705984156
8.900731628186637
8.929092267780753
8.952046857257052
8.968360712506422
8.999095445820647
9.004111453032728
9.034954366787451
9.06962006649162
9.09851816499698
9.110330966221035
9.123210888008886
9.172850733120349
9.182454096899466
9.220594408322226
9.25766873548183
9.28333153211816
9.310838843893473
9.345762965409698
9.41583457567667
9.441058557487365
9.45789576614615
9.472144797624017
9.49436260919683
9.522415630708256
9.562084165234934
9.597047939143168
9.65026987497225
9.675457577494363
9.686157064091832
9.72304320243316
9.75938682317628
9.784732102720795
9.81548459318349
9.87009707460127
9.88052690011272
9.907135612411425
9.941601718208892
9.94866481278313
9.984290754965896
10.0046784300826
10.034865529597855
10.054428578604618
10.080997215921428
10.112833421844645
10.143153946539002
10.158524801768436
10.202789208134929
10.231244461504476
10.244009882926282
10.26791244931785
10.299957323134919
10.322196200516244
10.339865187824207
10.368348775102543
10.404977600881049
10.429516965425039
10.436493390473643
10.466485201464723
10.484757082263096
10.499256584232725
10.51977284878086
10.57635980048822
10.60669076328402
10.634570285041333
10.658167682768628
10.676742737924267
10.718405056224276
10.733366795643192
10.739595869386404
10.777842244597394
10.794052124208072
10.812268752004034
10.836159741574392
10.86986128793406
10.928686223941376
10.966812240185261
11.031656621924878
11.05594496727511
11.067024437437679
11.08283405683413
11.104960286208126
11.140110981901463
11.147965852353627
11.164359703029225
11.184470402203797
11.206862596846797
11.28452086708319
11.305587222437243
11.33235347041405
11.368701172318357
11.393227305836797
11.439693398219552
11.442610045567092
11.454976323063521
11.491143997086391
11.50979077063702
11.53644522073017
11.586075644165494
11.600993131134695
11.636785407674136
11.640042513915793
11.67361563428752
11.689298122358196
11.717256130623719
11.727023936880906
11.75248242200853
11.774118131514648
11.791772751103911
11.831376021949985
11.85229539650405
11.873855594989855
11.876912680057332
11.904183949995094
11.947877283959516
11.957485752382736
11.996700083869055
12.038363730591918
12.040329985459529
12.080831436448976
12.098146824682171
12.126490529753964
12.148243217115978
12.181518999984853
12.204925031176302
12.234423211425753
12.26264792381341
12.277988824313658
12.299248089680995
12.329723266046681
12.366104881606239
12.397336741025628
12.429747110193247
12.455796731616468
12.465644661500635
12.51374497046957
12.519228506738642
12.537090014524512
12.584675371275113
12.59786358204071
12.632730314649434
12.65644691349438
12.69106067634824
12.708215766569019
12.744724018257902
12.774849200427285
12.789404149734791
12.807925912332555
12.840163484635392
12.878040496326133
12.888458917959584
12.918534560970809
12.939348356193644
12.972146951110632
12.982512541023455
13.029457023192894
13.068505602912971
13.077854575029994
13.114730199959821
13.165488251248682
13.172445090037218
13.196223517780494
13.206710824220492
13.246321369442839
13.266882645305456
13.295008271435377
13.311310784123458
13.34450665150821
13.348613966452502
13.376477975289678
13.398942148235959
13.428488799293257
13.434401519297765
13.472537149173593
13.515359617537804
13.563369989404535
13.56902333996413
13.597619279600297
13.631786025934147
13.667010072984302
13.729951392344802
13.758869766007107
13.778311358439696
13.802327391637336
13.864664804959876
13.886021911454113
13.911556540942277
13.937581385927873
13.960238836054119
13.980733371134477
14.064347192492923
14.071857399567858
14.095441432230842
14.13534894718904
14.153298774250002
14.19462348035768
14.203681320239104
14.215135033676987
14.261123574054327
14.285163036932742
14.301430562956767
14.324464643002644
14.37818195628504
14.400295156642716
14.41736145193857
14.433065846727413
14.456615907384672
14.481017744066216
14.509191953363397
14.547233872359987
14.563271673897786
14.580720019547059
14.616235570731337
14.646294848303667
14.656424567264244
14.679521395604937
14.728890642279158
14.744212427354245
14.788570998230242
14.816124626449675
14.850051514263127
14.863218799314874
14.900739070612785
14.928448156068487
14.941320213445959
14.964781494094645
14.97540291516662
14.999972224619098
15.060342371078818
15.070872007604112
15.102710550283751
15.13273303160505
15.180883084412203
15.19506090660015
15.211392690277922
15.283646346328988
15.310861800577092
15.330732996903057
15.356189789989525
15.377712965184353
15.409594105979595
15.436620552141456
15.463509977461852
15.48294327756642
15.527872298494966
15.54626764646939
15.605255189525383
15.633307581511447
15.653260394472087
15.665261608480272
15.684481075011835
15.724148882915152
15.733855638555454
15.799870082548875
15.820517458421413
15.844153904374911
15.85515274084378
15.892865142223917
15.920224403278574
15.963251224298022
16.008756991500793
16.03570850842506
16.077841411370876
16.126534065927526
16.15191637976503
16.207492809137708
16.23610877190177
16.25491768131883
16.301063164383375
16.32437280402584
16.37946488439118
16.433300782096648
16.441189676461416
16.462923483885596
16.507323457324777
16.518845662711293
16.543872237528696
16.569755972287656
16.62903925087522
16.68455161747911
16.699181850914147
16.724141284294742
16.745036971602598
16.78026707581852
16.809412646479046
16.817373161464822
16.895825805561667
16.91391645251521
16.942170423897934
17.01299937140705
17.043976094474285
17.070172792078775
17.120292846460273
17.13788182386
17.200345677589414
17.21052023876286
17.222623302765257
17.2869626085706
17.31315809550629
17.341296927807235
17.37440617629545
17.424200832774126
17.46334104935945
17.497564002009888
17.547716000086726
17.553341461845537
17.581308154542466
17.611385870046934
17.628880195097437
17.66749464683401
17.679138651455574
17.721811789516877
17.75820021184334
17.811391792667532
17.827848556583504
17.84066543278132
17.92265353905992
17.933515441830583
17.97532466969876
18.00708309162987
18.016209505113572
18.074029587697012
18.104989598038344
18.127920152363462
18.174206496423515
18.196270585193147
18.27460538151308
18.306704096952906
18.343417054147647
18.394823269448533
18.42117706119428
18.490018646364813
18.584188810830046
18.650680248645116
18.66644936631313
18.729302634103462
18.7720386017021
18.835964538738097
18.87795284323853
18.929102995430995
18.978792206262774
19.029193184018546
19.040616423460637
19.100651652849642
19.129314918951792
19.211854247429603
19.267388513045088
19.337094349300695
19.3622330106718
19.413889608780988
19.428966806902274
19.537454412629128
19.562323079751224
19.60481324222443
19.64691504259977
19.693873469704638
19.73886925648029
19.8060147189636
19.84151312035927
19.867862349254878
19.987691014122714
20.07656403504721
20.088943312281174
20.109692671353486
20.190650199758327
20.22438174351984
20.289799766495733
20.30334369168729
20.37019345510972
20.439974728218175
20.50395928334691
20.629369161727563
20.700945007596516
20.833053254370675
20.887868664698082
20.938293486039047
20.987835484783883
21.159834271790167
21.242833977425448
21.295533108523614
21.31660558123834
21.501716639008034
21.62921967328083
21.70008838410285
21.84939010228155
21.96556143907464
22.138517865238434
22.237642576290146
22.47067317447542
22.551901267475756
22.573381201258925
22.66607540538372
22.797601917361682
22.91328230363453
22.945569860181656
23.148880971272952
23.296324616144
23.317074351416004
23.433620978853252
23.694371522367387
24.191847668408208
25.695894805854444
