0.6281681209879489
0.6798099387328564
0.7417852388393785
0.7941089100329549
0.8276033675548439
0.9202156620578706
0.9852709640681468
1.0285473545748567
1.134932283571662
4.4573549270344195
4.848988470383711
4.946319651327798
5.020011644785173
5.182486136482136
5.26756089647097
5.445898434793375
5.447904417785126
5.524317466801691
5.56799977876329
5.751236123309561
5.80812396215584
5.9893514075530385
6.043437548526637
6.1323286748599175
6.187320141586056
6.304043350631283
6.38908134579495
6.526925103434517
6.540283396075531
6.584525526866475
6.678021472450012
6.719356203926034
6.857819931488419
6.8653856855509465
6.897773858496264
6.944028432026595
6.969565750853394
6.984124606671797
7.022425770070429
7.081459242998799
7.125002764770431
7.169420643608254
7.195166169827114
7.233183544490408
7.2822446502637845
7.342130306863438
7.365391925516983
7.393970895021889
7.449599171817131
7.49421440093866
7.521102036625202
7.538266496474224
7.564588565614322
7.5976672810973245
7.671563166333135
7.6737726741793315
7.733948977479865
7.792775621929856
7.8185319178963715
7.888372616198494
7.919428986011812
7.974626980306839
8.01657803834118
8.024173718273408
8.09925157493378
8.117594309215333
8.170227360529033
8.188785532543958
8.203825515429115
8.221053303180287
8.237930300210259
8.258325745696796
8.276883411269937
8.313566067521393
8.347471306295965
8.380368060418919
8.405717560442174
8.430008874521496
8.461026889799095
8.524898710817244
8.540956672433962
8.561711405667973
8.599085304151187
8.664700575175814
8.67096850000588
8.722565374154478
8.731817413997891
8.754698823760052
8.765354087452
8.791991161796453
8.823911393983325
8.84630782279455
8.871883539685118
8.900100121210006
8.918628902651955
8.942643964951552
8.99303477256681
9.010324266399648
9.042885294188023
9.080893758426448
9.117539474242513
9.137385572648187
9.156855682910926
9.158304247131174
9.202205032410344
9.211409009910218
9.243490874344973
9.288418495900595
9.300439508818236
9.320253809890975
9.343568215037461
9.363385046082318
9.422648294878014
9.427713933791743
9.485549924888021
9.52763773141336
9.558696203451406
9.591952009387786
9.641432335468203
9.656245374566431
9.661956776420663
9.719049421631444
9.725683403041918
9.776433037615167
9.798968967734154
9.842849231662736
9.885510729493568
9.91414636748786
9.921464994610224
9.962106847245279
9.970880970838204
10.004602089721965
10.027837419079916
10.052100493591015
10.081483152227694
10.14799520164927
10.17878457464502
10.209969901616056
10.243625183363635
10.255285343290314
10.268720562035272
10.284696519700672
10.300142575281496
10.347315464228965
10.368324987949018
10.391122264940549
10.406208402486584
10.440470394205533
10.446580561361266
10.469187012394311
10.513606715025835
10.535911546701922
10.552001067837612
10.590841093832527
10.631989842409142
10.674326867547824
10.69253889386167
10.704996794105421
10.733230711583792
10.75279600609418
10.760640615203373
10.797595956701164
10.81144946965337
10.8420193786231
10.856364279169913
10.9046637818542
10.936587371456174
10.98736977195357
11.011109136039776
11.025437814059162
11.046923102036432
11.086423881278995
11.113136037038483
11.186327541198665
11.202386528516993
11.214039905970651
11.24048922251301
11.261586061367273
11.279577720896965
11.290917952854524
11.306463278798757
11.336292281702022
11.367718889639404
11.40043061012814
11.45081231161876
11.458058590271824
11.518260650847747
11.539706858967175
11.557579026940257
11.58542813525306
11.612655985220968
11.636293089964678
11.674166495710606
11.69552473312776
11.71733163083723
11.753241374668567
11.766397373449141
11.80734453885919
11.82979262524182
11.852856138473047
11.866437048091482
11.89423010801209
11.914718955391837
11.93518551461289
11.972271776979431
11.985347580626604
11.993089966793267
12.022686725535019
12.082538816059959
12.108909685172282
12.129884639606233
12.149032363472271
12.165279572621095
12.208592165908682
12.251085648565367
12.307396965501727
12.324178509253342
12.37103085005714
12.390628056091769
12.401925466770603
12.409997349735445
12.424296917945094
12.452994931560617
12.50307268913879
12.535432073719573
12.552192443684154
12.574280437920846
12.611613220834952
12.631379192580859
12.661710012317146
12.672457594076844
12.693119499802926
12.708475775671062
12.773919418737812
12.795614246720415
12.825335118197769
12.8395292908364
12.856456509563527
12.896824592187755
12.904788066278922
12.941804835230842
12.956980637172453
12.966637097116832
12.996950621716836
13.04766150932374
13.064688470078464
13.08049987181325
13.09798653092075
13.119966633921143
13.151227959313841
13.184368093778764
13.210707665635889
13.230381785960752
13.274577241949839
13.288808044215726
13.301115045557918
13.31465126261435
13.373865723515703
13.41268266191739
13.429292533884887
13.450662825748955
13.485175971450808
13.519523964536436
13.560266115707238
13.571430656839192
13.630230856116285
13.639627244521781
13.682374386766538
13.7094749413851
13.718170341611144
13.734098285164281
13.753650710272627
13.793789381620737
13.83142792150707
13.846493607784584
13.873256015742157
13.89640128935379
13.914776386736943
13.969355222900528
14.00117900300111
14.010011840082685
14.046323507746795
14.084447402408648
14.098495288400231
14.12591109027617
14.141666037744644
14.16962407745615
14.23324357283191
14.269734567226859
14.276180856792298
14.289517079399483
14.319441352956398
14.350478193650545
14.369123380731072
14.400569181135994
14.425338954593652
14.484021781759267
14.500133557006214
14.518315002091203
14.552278572026358
14.583384891517484
14.627147136334171
14.6451105730896
14.650871396004462
14.705641869681703
14.734094609605465
14.753210022188656
14.780365673432376
14.801868408881464
14.84558613464576
14.87330529336424
14.913225424193763
14.94117793409002
14.965546674188015
14.978995449340609
15.001058687632788
15.068980960560797
15.091967727658346
15.155514016228455
15.176595636048175
15.196049633228924
15.224356486708881
15.26014819906229
15.286460051055403
15.308644854938679
15.330864438242083
15.347007830285742
15.379286832675788
15.412425670518127
15.430026436641961
15.475240992371933
15.5043678542788
15.52342907269649
15.554942978136136
15.61981909740484
15.633453737979018
15.645113034379511
15.675966274578382
15.702261933543808
15.75205483289662
15.812656080366944
15.853182899661892
15.90910117954446
15.94882637490688
15.963754746284286
16.002453836092407
16.033607223760278
16.080696719311415
16.11847245926189
16.149571031220685
16.19379468208323
16.202337015587126
16.238457930157445
16.25319895854575
16.277147910902343
16.32004846741097
16.340259410955284
16.402564941520872
16.411820538287433
16.437581036029997
16.50963404745883
16.522901278030854
16.55234695945404
16.58726333028982
16.64852897632205
16.65664558618616
16.67913291435997
16.703219236737993
16.731322277896915
16.79722945881188
16.816182246986376
16.826754594750053
16.837181471709155
16.909722859896338
16.930662713591243
16.94748730356683
16.990185211633843
17.022907639530203
17.050584966886706
17.08276423399122
17.08661391810464
17.121300504196284
17.15945794269821
17.16210061342307
17.221895479662695
17.28938373333653
17.322074191319484
17.339272854584983
17.396116232069847
17.425691054655694
17.492497294197697
17.533648242038783
17.573254382783393
17.624456223457504
17.634756271161606
17.65570698758373
17.701207388492502
17.713788850148482
17.78868026306097
17.809571891628153
17.84732684094174
17.887873378175865
17.923308971692975
17.98943810251706
18.014898469358243
18.040460756105762
18.0760243072984
18.093329657062526
18.15647082179802
18.179246925963227
18.228592375586405
18.262492946364414
18.295010504962104
18.33974418988764
18.361402923380293
18.40257142187423
18.449923634045
18.52306911700763
18.55227191190211
18.592482428478135
18.67874922384637
18.74477212413991
18.82604886478075
18.830785515265383
18.878192928601724
18.95547003737029
18.991304438653774
19.042885723545748
19.08083410223973
19.148011007507726
19.172484301452858
19.18008982382621
19.20676571029818
19.278551657831596
19.311070050801526
19.348604214807008
19.36733529749042
19.37995008325189
19.455765323237166
19.525663646725615
19.537352914163744
19.590689746323743
19.646252154492302
19.681227719322326
19.707671188373673
19.73666939884942
19.797305866943947
19.840874315466234
19.852856408670895
19.920738645032113
19.984372616770894
19.997172940325918
20.03114752783414
20.0900531012866
20.171555466315343
20.23006801097568
20.302920405203817
20.361954213049835
20.41612835072436
20.455545893968978
20.53954373177227
20.633865013807448
20.640661890047024
20.743853645159348
20.752174030288906
20.813027485380495
20.850611754235363
20.867065298105782
20.896134611265477
20.94056467066765
20.974923757838987
21.047424113523086
21.067659502912534
21.122671760320728
21.141827299174892
21.225064312115876
21.32920021512263
21.40121433593965
21.435753735761306
21.47281805809604
21.561231310100307
21.676446913661092
21.725821541609317
21.82561540916338
22.011276343435064
22.0324899833109
22.250567770079567
22.34452284602466
22.399933349639223
22.50054216107093
22.50979801145933
22.822990685367955
22.93749398604347
23.265558475855627
23.32914742448639
23.71272665171675
23.734008485403486
24.113104652859562
24.785292112394313
0.6281681209879489
0.6798099387328564
0.7417852388393785
0.7941089100329549
0.8276033675548439
0.9202156620578706
0.9852709640681468
1.0285473545748567
1.134932283571662
4.4573549270344195
4.848988470383711
4.946319651327798
5.020011644785173
5.182486136482136
5.26756089647097
5.445898434793375
5.447904417785126
5.524317466801691
5.56799977876329
5.751236123309561
5.80812396215584
5.9893514075530385
6.043437548526637
6.1323286748599175
6.187320141586056
6.304043350631283
6.38908134579495
6.526925103434517
6.540283396075531
6.584525526866475
6.678021472450012
6.719356203926034
6.857819931488419
6.8653856855509465
6.897773858496264
6.944028432026595
6.969565750853394
6.984124606671797
7.022425770070429
7.081459242998799
7.125002764770431
7.169420643608254
7.195166169827114
7.233183544490408
7.2822446502637845
7.342130306863438
7.365391925516983
7.393970895021889
7.449599171817131
7.49421440093866
7.521102036625202
7.538266496474224
7.564588565614322
7.5976672810973245
7.671563166333135
7.6737726741793315
7.733948977479865
7.792775621929856
7.8185319178963715
7.888372616198494
7.919428986011812
7.974626980306839
8.01657803834118
8.024173718273408
8.09925157493378
8.117594309215333
8.170227360529033
8.188785532543958
8.203825515429115
8.221053303180287
8.237930300210259
8.258325745696796
8.276883411269937
8.313566067521393
8.347471306295965
8.380368060418919
8.405717560442174
8.430008874521496
8.461026889799095
8.524898710817244
8.540956672433962
8.561711405667973
8.599085304151187
8.664700575175814
8.67096850000588
8.722565374154478
8.731817413997891
8.754698823760052
8.765354087452
8.791991161796453
8.823911393983325
8.84630782279455
8.871883539685118
8.900100121210006
8.918628902651955
8.942643964951552
8.99303477256681
9.010324266399648
9.042885294188023
9.080893758426448
9.117539474242513
9.137385572648187
9.156855682910926
9.158304247131174
9.202205032410344
9.211409009910218
9.243490874344973
9.288418495900595
9.300439508818236
9.320253809890975
9.343568215037461
9.363385046082318
9.422648294878014
9.427713933791743
9.485549924888021
9.52763773141336
9.558696203451406
9.591952009387786
9.641432335468203
9.656245374566431
9.661956776420663
9.719049421631444
9.725683403041918
9.776433037615167
9.798968967734154
9.842849231662736
9.885510729493568
9.91414636748786
9.921464994610224
9.962106847245279
9.970880970838204
10.004602089721965
10.027837419079916
10.052100493591015
10.081483152227694
10.14799520164927
10.17878457464502
10.209969901616056
10.243625183363635
10.255285343290314
10.268720562035272
10.284696519700672
10.300142575281496
10.347315464228965
10.368324987949018
10.391122264940549
10.406208402486584
10.440470394205533
10.446580561361266
10.469187012394311
10.513606715025835
10.535911546701922
10.552001067837612
10.590841093832527
10.631989842409142
10.674326867547824
10.69253889386167
10.704996794105421
10.733230711583792
10.75279600609418
10.760640615203373
10.797595956701164
10.81144946965337
10.8420193786231
10.856364279169913
10.9046637818542
10.936587371456174
10.98736977195357
11.011109136039776
11.025437814059162
11.046923102036432
11.086423881278995
11.113136037038483
11.186327541198665
11.202386528516993
11.214039905970651
11.24048922251301
11.261586061367273
11.279577720896965
11.290917952854524
11.306463278798757
11.336292281702022
11.367718889639404
11.40043061012814
11.45081231161876
11.458058590271824
11.518260650847747
11.539706858967175
11.557579026940257
11.58542813525306
11.612655985220968
11.636293089964678
11.674166495710606
11.69552473312776
11.71733163083723
11.753241374668567
11.766397373449141
11.80734453885919
11.82979262524182
11.852856138473047
11.866437048091482
11.89423010801209
11.914718955391837
11.93518551461289
11.972271776979431
11.985347580626604
11.993089966793267
12.022686725535019
12.082538816059959
12.108909685172282
12.129884639606233
12.149032363472271
12.165279572621095
12.208592165908682
12.251085648565367
12.307396965501727
12.324178509253342
12.37103085005714
12.390628056091769
12.401925466770603
12.409997349735445
12.424296917945094
12.452994931560617
12.50307268913879
12.535432073719573
12.552192443684154
12.574280437920846
12.611613220834952
12.631379192580859
12.661710012317146
12.672457594076844
12.693119499802926
12.708475775671062
12.773919418737812
12.795614246720415
12.825335118197769
12.8395292908364
12.856456509563527
12.896824592187755
12.904788066278922
12.941804835230842
12.956980637172453
12.966637097116832
12.996950621716836
13.04766150932374
13.064688470078464
13.08049987181325
13.09798653092075
13.119966633921143
13.151227959313841
13.184368093778764
13.210707665635889
13.230381785960752
13.274577241949839
13.288808044215726
13.301115045557918
13.31465126261435
13.373865723515703
13.41268266191739
13.429292533884887
13.450662825748955
13.485175971450808
13.519523964536436
13.560266115707238
13.571430656839192
13.630230856116285
13.639627244521781
13.682374386766538
13.7094749413851
13.718170341611144
13.734098285164281
13.753650710272627
13.793789381620737
13.83142792150707
13.846493607784584
13.873256015742157
13.89640128935379
13.914776386736943
13.969355222900528
14.00117900300111
14.010011840082685
14.046323507746795
14.084447402408648
14.098495288400231
14.12591109027617
14.141666037744644
14.16962407745615
14.23324357283191
14.269734567226859
14.276180856792298
14.289517079399483
14.319441352956398
14.350478193650545
14.369123380731072
14.400569181135994
14.425338954593652
14.484021781759267
14.500133557006214
14.518315002091203
14.552278572026358
14.583384891517484
14.627147136334171
14.6451105730896
14.650871396004462
14.705641869681703
14.734094609605465
14.753210022188656
14.780365673432376
14.801868408881464
14.84558613464576
14.87330529336424
14.913225424193763
14.94117793409002
14.965546674188015
14.978995449340609
15.001058687632788
15.068980960560797
15.091967727658346
15.155514016228455
15.176595636048175
15.196049633228924
15.224356486708881
15.26014819906229
15.286460051055403
15.308644854938679
15.330864438242083
15.347007830285742
15.379286832675788
15.412425670518127
15.430026436641961
15.475240992371933
15.5043678542788
15.52342907269649
15.554942978136136
15.61981909740484
15.633453737979018
15.645113034379511
15.675966274578382
15.702261933543808
15.75205483289662
15.812656080366944
15.853182899661892
15.90910117954446
15.94882637490688
15.963754746284286
16.002453836092407
16.033607223760278
16.080696719311415
16.11847245926189
16.149571031220685
16.19379468208323
16.202337015587126
16.238457930157445
16.25319895854575
16.277147910902343
16.32004846741097
16.340259410955284
16.402564941520872
16.411820538287433
16.437581036029997
16.50963404745883
16.522901278030854
16.55234695945404
16.58726333028982
16.64852897632205
16.65664558618616
16.67913291435997
16.703219236737993
16.731322277896915
16.79722945881188
16.816182246986376
16.826754594750053
16.837181471709155
16.909722859896338
16.930662713591243
16.94748730356683
16.990185211633843
17.022907639530203
17.050584966886706
17.08276423399122
17.08661391810464
17.121300504196284
17.15945794269821
17.16210061342307
17.221895479662695
17.28938373333653
17.322074191319484
17.339272854584983
17.396116232069847
17.425691054655694
17.492497294197697
17.533648242038783
17.573254382783393
17.624456223457504
17.634756271161606
17.65570698758373
17.701207388492502
17.713788850148482
17.78868026306097
17.809571891628153
17.84732684094174
17.887873378175865
17.923308971692975
17.98943810251706
18.014898469358243
18.040460756105762
18.0760243072984
18.093329657062526
18.15647082179802
18.179246925963227
18.228592375586405
18.262492946364414
18.295010504962104
18.33974418988764
18.361402923380293
18.40257142187423
18.449923634045
18.52306911700763
18.55227191190211
18.592482428478135
18.67874922384637
18.74477212413991
18.82604886478075
18.830785515265383
18.878192928601724
18.95547003737029
18.991304438653774
19.042885723545748
19.08083410223973
19.148011007507726
19.172484301452858
19.18008982382621
19.20676571029818
19.278551657831596
19.311070050801526
19.348604214807008
19.36733529749042
19.37995008325189
19.455765323237166
19.525663646725615
19.537352914163744
19.590689746323743
19.646252154492302
19.681227719322326
19.707671188373673
19.73666939884942
19.797305866943947
19.840874315466234
19.852856408670895
19.920738645032113
19.984372616770894
19.997172940325918
20.03114752783414
20.0900531012866
20.171555466315343
20.23006801097568
20.302920405203817
20.361954213049835
20.41612835072436
20.455545893968978
20.53954373177227
20.633865013807448
20.640661890047024
20.743853645159348
20.752174030288906
20.813027485380495
20.850611754235363
20.867065298105782
20.896134611265477
20.94056467066765
20.974923757838987
21.047424113523086
21.067659502912534
21.122671760320728
21.141827299174892
21.225064312115876
21.32920021512263
21.40121433593965
21.435753735761306
21.47281805809604
21.561231310100307
21.676446913661092
21.725821541609317
21.82561540916338
22.011276343435064
22.0324899833109
22.250567770079567
22.34452284602466
22.399933349639223
22.50054216107093
22.50979801145933
22.822990685367955
22.93749398604347
23.265558475855627
23.32914742448639
23.71272665171675
23.734008485403486
24.113104652859562
24.785292112394313
