0.5304255833541474
0.7186985942927788
0.7905472811252773
0.8244470133380646
0.8632581934839028
0.9541021467717734
0.9721429806560804
1.1686124815661174
1.2267527721512026
4.352368430520366
4.9445424600710215
5.016288777478673
5.2879173761762575
5.296175228193752
5.590751688087763
5.668639943774088
5.732662180671099
5.793621849451259
5.827027979198002
5.846801223926035
5.887984817545301
5.939093010353282
6.076092167464952
6.101161937807125
6.187338385321263
6.250329708985711
6.27656121350189
6.330989046372208
6.427464928003341
6.49439924170957
6.523854629137048
6.61403448604847
6.649215658115497
6.65247041705317
6.7263561626134845
6.76093149989349
6.863491733218987
6.874845751228762
6.8972527031788875
6.90503831987642
6.954432190564482
7.0276854706439185
7.051716684251326
7.137718179315783
7.172253533394835
7.23151383033596
7.251704178090359
7.277760152252579
7.329629840070062
7.340297220369054
7.398217661393372
7.426048976040569
7.448183470040281
7.473416045867021
7.538666915519278
7.562197949376323
7.571877810769732
7.590574231389042
7.632691781635772
7.682237629495585
7.705196712381487
7.734214294339841
7.763362057236318
7.788003100780729
7.830547673051506
7.85592904758409
7.9036078128070235
7.932230363599039
7.949448456247548
7.980100142665733
7.986318934078124
8.012010393995316
8.07875120032727
8.127990741283018
8.13551605528733
8.171412001102302
8.213157645769403
8.253265630254544
8.26304076482855
8.306499302950614
8.377079409177899
8.401632153501652
8.432204238595096
8.456268768337068
8.46876100547023
8.489691412042184
8.50580510519066
8.528117779679054
8.568729037034853
8.588150542588597
8.625755321673523
8.66468516308065
8.681276106866987
8.695631952615853
8.731801097106677
8.765417613066699
8.767586029854645
8.837872805390472
8.86614947834662
8.886907756956438
8.915512638273931
8.93524392841088
8.960295375662778
8.990084714444654
9.021967409193751
9.04176494786801
9.072998224249243
9.086862893417981
9.125490583880119
9.150459226317038
9.175522974570525
9.1908576082359
9.210419398861445
9.271317019114038
9.28167806519172
9.294719151375956
9.33056984941936
9.340040778995226
9.372029207199574
9.399754614410897
9.417123315336038
9.45940970826278
9.482563264569105
9.524427234251009
9.55839008504075
9.571655839538591
9.607253394059912
9.626875260750035
9.681567263149656
9.699621604192501
9.72939609986698
9.74290923931182
9.758653780727007
9.799327796125613
9.827632823658917
9.844054012785753
9.916300565513104
9.92091107151641
9.934771023292333
9.971101987487469
9.993600749635258
10.043431627457771
10.063452611075505
10.08073470743232
10.128844182850575
10.137890109395709
10.179576802606865
10.192683193896316
10.22545647642565
10.289408713646559
10.300606137808927
10.341189467771555
10.370257797961893
10.396580379342863
10.407577331862589
10.425837713130859
10.456133541988772
10.485134385085631
10.530165904701821
10.546236841275144
10.56837148138831
10.60488592551203
10.62895629965267
10.654207760985024
10.695284035767438
10.730267171351093
10.734751108237907
10.773635578077311
10.803679165261084
10.839704997131733
10.852222225426816
10.886166405397711
10.910442784206614
10.932517462435188
10.962535331417808
10.973690725895201
10.999059919587081
11.033394876701221
11.044691894066952
11.085123399638137
11.114336180826792
11.135746710776154
11.161529251533945
11.187974036246214
11.201621985171963
11.247812526556485
11.280879279677627
11.309526600441965
11.326145697384794
11.354848959831811
11.38996845377514
11.393968505173332
11.432230464810079
11.446854978030514
11.468244498910707
11.487559781562211
11.528213206897252
11.532820433216981
11.562977045902098
11.585010388090291
11.626372137019672
11.65687898966437
11.705355751104898
11.720879593434802
11.742930779621892
11.750535209691256
11.790253269312702
11.812113844577668
11.81500744456512
11.847502562158443
11.862977505649798
11.886310336445455
11.952035491417128
11.995861649309719
12.034478266659592
12.05086078361383
12.06387642719383
12.102584668518654
12.13032317998075
12.145827687361162
12.17470389551133
12.190029981778222
12.22576848387246
12.262192197839536
12.302388542015319
12.32453651027294
12.368826773945734
12.384515746657588
12.390158475663284
12.425952748567783
12.473071964585086
12.513192397743643
12.53259683222588
12.587792064030056
12.615413549359806
12.643508568272875
12.686311294409084
12.719773139722657
12.72683231730795
12.750178787197452
12.764465149462865
12.781891073223777
12.81538372363964
12.851669643179127
12.880857477458179
12.932952031491169
12.954624560138514
12.969883056878746
12.985668069872451
13.050213599603826
13.095356614251957
13.112068416894969
13.156701775350399
13.179505640792952
13.215889065548474
13.258812451259189
13.27810636304693
13.299884887162772
13.337049833417964
13.364845718466526
13.399270610710932
13.414807392498794
13.423606440289296
13.486597399003363
13.50636258022291
13.514033539621874
13.55306809341
13.582804000237703
13.617414613532912
13.633388208672189
13.674958507262174
13.69777411806822
13.74044465342392
13.77294752437926
13.797175486553064
13.802924068406336
13.828505043392314
13.856446193343539
13.872701143534714
13.894130257148387
13.903728820329793
13.917173356623968
13.943089791994119
13.98144091264889
14.014050612864013
14.036040814464577
14.061556814014184
14.107445700225226
14.122743883554548
14.182113897679615
14.196834309836248
14.217330429822258
14.238746999294369
14.275441893703622
14.288779475855394
14.323136885399009
14.361594987164658
14.36821961773151
14.382232509882622
14.433074888060895
14.452838006254277
14.492211923477285
14.50002085300955
14.543380393883675
14.550594554714385
14.576413843360998
14.60330190790342
14.631180355970667
14.673002955810505
14.679158870141409
14.737459001246606
14.768887092402501
14.776817467566062
14.81428683337752
14.862677514922096
14.865357188549563
14.895618486885134
14.900950786776706
14.934909368289208
14.980810150403864
15.013545014638737
15.034010184439746
15.049778857160552
15.08843727731173
15.137755982968045
15.14884897319098
15.190330840678312
15.214993350367202
15.241113147904883
15.300392335778666
15.310691156202719
15.338486951226704
15.355625736861635
15.368304571320769
15.39722100313126
15.435479463884178
15.473726375491738
15.517966710561128
15.561937276099153
15.567026729393692
15.627024310224003
15.655454785802705
15.6600214789835
15.693607952164372
15.712142409127399
15.743212185151187
15.777861685076175
15.80234696825404
15.812788709673812
15.912263084310526
15.951620199625873
15.981337270292121
15.984858811374059
15.993395482061393
16.02447380145083
16.085796187940105
16.087320460473265
16.139746178006213
16.18641209659713
16.239421515809862
16.242050015305423
16.26488511902228
16.304284045195985
16.32674047925677
16.361107711115505
16.39969763053631
16.41873129377015
16.455088246197583
16.510546842542034
16.533748113754704
16.569359206332116
16.595292608810002
16.6343871724916
16.642955273362734
16.695607733161665
16.754417489652603
16.77927017644519
16.79655548964123
16.830186467678672
16.84230833736031
16.887090349587574
16.922033405757134
16.934127459189888
16.975600713615588
16.994343032089297
17.05190588968152
17.07944140566853
17.109558397793013
17.118930538100226
17.161562526121482
17.182279657267596
17.20007230038411
17.240821516024837
17.325619488453263
17.359746339230576
17.373298096919097
17.407405860712938
17.449158873976767
17.491428471096324
17.55291379389733
17.56446933782413
17.60514895008629
17.627856959606813
17.679255565504356
17.727290637742755
17.763406636235164
17.790014256679267
17.80523557770286
17.861439392871247
17.877077996771185
17.887020720512485
17.98339641748556
18.015701798662874
18.053039995033703
18.08486002059815
18.15641391818038
18.183624671088054
18.24626058268372
18.265159813208115
18.28209248965719
18.34544831402538
18.415573333763334
18.445974403907897
18.49238818990444
18.508663751410058
18.522285473483908
18.632230002000213
18.65155970031772
18.679894152943156
18.69419981765333
18.74319276808
18.80791936312621
18.851023488714
18.870427846235817
18.903951005672564
18.91759294334236
18.97056129845959
19.02401706520285
19.02978883927861
19.17084066633165
19.175731967630817
19.211764182796337
19.28660504479375
19.33333150360207
19.356397541873
19.38582241849936
19.515846709817552
19.54522869577098
19.58547752967965
19.646750374115065
19.70192503774722
19.71964123619875
19.80570730980096
19.835050023652904
19.868784749086174
19.96310031607252
19.96534160309549
20.01848460988819
20.02162735632522
20.11448097612741
20.150047450923218
20.242003535037203
20.265824484828627
20.289290722249536
20.422944715077055
20.480257644263773
20.63177567661788
20.713259992300802
20.80585910606538
20.879393819366356
21.030396051674515
21.06199690963807
21.102985276481974
21.129482807992183
21.252920864841567
21.385454680277203
21.454909599233204
21.571674236584258
21.604805386440823
21.727597759833763
21.821103407767694
21.83462516289979
22.111586863756067
22.173408245168183
22.212926989147945
22.316452798242548
22.319155908688412
22.426749696763597
22.526436209606192
22.755921690473595
22.97092563721557
23.326621082695212
23.63160001874397
24.052315697608634
24.136872429667605
24.558233032525862
25.253053150835942
25.634318452927673
27.037698303028066
0.5304255833541474
0.7186985942927788
0.7905472811252773
0.8244470133380646
0.8632581934839028
0.9541021467717734
0.9721429806560804
1.1686124815661174
1.2267527721512026
4.352368430520366
4.9445424600710215
5.016288777478673
5.2879173761762575
5.296175228193752
5.590751688087763
5.668639943774088
5.732662180671099
5.793621849451259
5.827027979198002
5.846801223926035
5.887984817545301
5.939093010353282
6.076092167464952
6.101161937807125
6.187338385321263
6.250329708985711
6.27656121350189
6.330989046372208
6.427464928003341
6.49439924170957
6.523854629137048
6.61403448604847
6.649215658115497
6.65247041705317
6.7263561626134845
6.76093149989349
6.863491733218987
6.874845751228762
6.8972527031788875
6.90503831987642
6.954432190564482
7.0276854706439185
7.051716684251326
7.137718179315783
7.172253533394835
7.23151383033596
7.251704178090359
7.277760152252579
7.329629840070062
7.340297220369054
7.398217661393372
7.426048976040569
7.448183470040281
7.473416045867021
7.538666915519278
7.562197949376323
7.571877810769732
7.590574231389042
7.632691781635772
7.682237629495585
7.705196712381487
7.734214294339841
7.763362057236318
7.788003100780729
7.830547673051506
7.85592904758409
7.9036078128070235
7.932230363599039
7.949448456247548
7.980100142665733
7.986318934078124
8.012010393995316
8.07875120032727
8.127990741283018
8.13551605528733
8.171412001102302
8.213157645769403
8.253265630254544
8.26304076482855
8.306499302950614
8.377079409177899
8.401632153501652
8.432204238595096
8.456268768337068
8.46876100547023
8.489691412042184
8.50580510519066
8.528117779679054
8.568729037034853
8.588150542588597
8.625755321673523
8.66468516308065
8.681276106866987
8.695631952615853
8.731801097106677
8.765417613066699
8.767586029854645
8.837872805390472
8.86614947834662
8.886907756956438
8.915512638273931
8.93524392841088
8.960295375662778
8.990084714444654
9.021967409193751
9.04176494786801
9.072998224249243
9.086862893417981
9.125490583880119
9.150459226317038
9.175522974570525
9.1908576082359
9.210419398861445
9.271317019114038
9.28167806519172
9.294719151375956
9.33056984941936
9.340040778995226
9.372029207199574
9.399754614410897
9.417123315336038
9.45940970826278
9.482563264569105
9.524427234251009
9.55839008504075
9.571655839538591
9.607253394059912
9.626875260750035
9.681567263149656
9.699621604192501
9.72939609986698
9.74290923931182
9.758653780727007
9.799327796125613
9.827632823658917
9.844054012785753
9.916300565513104
9.92091107151641
9.934771023292333
9.971101987487469
9.993600749635258
10.043431627457771
10.063452611075505
10.08073470743232
10.128844182850575
10.137890109395709
10.179576802606865
10.192683193896316
10.22545647642565
10.289408713646559
10.300606137808927
10.341189467771555
10.370257797961893
10.396580379342863
10.407577331862589
10.425837713130859
10.456133541988772
10.485134385085631
10.530165904701821
10.546236841275144
10.56837148138831
10.60488592551203
10.62895629965267
10.654207760985024
10.695284035767438
10.730267171351093
10.734751108237907
10.773635578077311
10.803679165261084
10.839704997131733
10.852222225426816
10.886166405397711
10.910442784206614
10.932517462435188
10.962535331417808
10.973690725895201
10.999059919587081
11.033394876701221
11.044691894066952
11.085123399638137
11.114336180826792
11.135746710776154
11.161529251533945
11.187974036246214
11.201621985171963
11.247812526556485
11.280879279677627
11.309526600441965
11.326145697384794
11.354848959831811
11.38996845377514
11.393968505173332
11.432230464810079
11.446854978030514
11.468244498910707
11.487559781562211
11.528213206897252
11.532820433216981
11.562977045902098
11.585010388090291
11.626372137019672
11.65687898966437
11.705355751104898
11.720879593434802
11.742930779621892
11.750535209691256
11.790253269312702
11.812113844577668
11.81500744456512
11.847502562158443
11.862977505649798
11.886310336445455
11.952035491417128
11.995861649309719
12.034478266659592
12.05086078361383
12.06387642719383
12.102584668518654
12.13032317998075
12.145827687361162
12.17470389551133
12.190029981778222
12.22576848387246
12.262192197839536
12.302388542015319
12.32453651027294
12.368826773945734
12.384515746657588
12.390158475663284
12.425952748567783
12.473071964585086
12.513192397743643
12.53259683222588
12.587792064030056
12.615413549359806
12.643508568272875
12.686311294409084
12.719773139722657
12.72683231730795
12.750178787197452
12.764465149462865
12.781891073223777
12.81538372363964
12.851669643179127
12.880857477458179
12.932952031491169
12.954624560138514
12.969883056878746
12.985668069872451
13.050213599603826
13.095356614251957
13.112068416894969
13.156701775350399
13.179505640792952
13.215889065548474
13.258812451259189
13.27810636304693
13.299884887162772
13.337049833417964
13.364845718466526
13.399270610710932
13.414807392498794
13.423606440289296
13.486597399003363
13.50636258022291
13.514033539621874
13.55306809341
13.582804000237703
13.617414613532912
13.633388208672189
13.674958507262174
13.69777411806822
13.74044465342392
13.77294752437926
13.797175486553064
13.802924068406336
13.828505043392314
13.856446193343539
13.872701143534714
13.894130257148387
13.903728820329793
13.917173356623968
13.943089791994119
13.98144091264889
14.014050612864013
14.036040814464577
14.061556814014184
14.107445700225226
14.122743883554548
14.182113897679615
14.196834309836248
14.217330429822258
14.238746999294369
14.275441893703622
14.288779475855394
14.323136885399009
14.361594987164658
14.36821961773151
14.382232509882622
14.433074888060895
14.452838006254277
14.492211923477285
14.50002085300955
14.543380393883675
14.550594554714385
14.576413843360998
14.60330190790342
14.631180355970667
14.673002955810505
14.679158870141409
14.737459001246606
14.768887092402501
14.776817467566062
14.81428683337752
14.862677514922096
14.865357188549563
14.895618486885134
14.900950786776706
14.934909368289208
14.980810150403864
15.013545014638737
15.034010184439746
15.049778857160552
15.08843727731173
15.137755982968045
15.14884897319098
15.190330840678312
15.214993350367202
15.241113147904883
15.300392335778666
15.310691156202719
15.338486951226704
15.355625736861635
15.368304571320769
15.39722100313126
15.435479463884178
15.473726375491738
15.517966710561128
15.561937276099153
15.567026729393692
15.627024310224003
15.655454785802705
15.6600214789835
15.693607952164372
15.712142409127399
15.743212185151187
15.777861685076175
15.80234696825404
15.812788709673812
15.912263084310526
15.951620199625873
15.981337270292121
15.984858811374059
15.993395482061393
16.02447380145083
16.085796187940105
16.087320460473265
16.139746178006213
16.18641209659713
16.239421515809862
16.242050015305423
16.26488511902228
16.304284045195985
16.32674047925677
16.361107711115505
16.39969763053631
16.41873129377015
16.455088246197583
16.510546842542034
16.533748113754704
16.569359206332116
16.595292608810002
16.6343871724916
16.642955273362734
16.695607733161665
16.754417489652603
16.77927017644519
16.79655548964123
16.830186467678672
16.84230833736031
16.887090349587574
16.922033405757134
16.934127459189888
16.975600713615588
16.994343032089297
17.05190588968152
17.07944140566853
17.109558397793013
17.118930538100226
17.161562526121482
17.182279657267596
17.20007230038411
17.240821516024837
17.325619488453263
17.359746339230576
17.373298096919097
17.407405860712938
17.449158873976767
17.491428471096324
17.55291379389733
17.56446933782413
17.60514895008629
17.627856959606813
17.679255565504356
17.727290637742755
17.763406636235164
17.790014256679267
17.80523557770286
17.861439392871247
17.877077996771185
17.887020720512485
17.98339641748556
18.015701798662874
18.053039995033703
18.08486002059815
18.15641391818038
18.183624671088054
18.24626058268372
18.265159813208115
18.28209248965719
18.34544831402538
18.415573333763334
18.445974403907897
18.49238818990444
18.508663751410058
18.522285473483908
18.632230002000213
18.65155970031772
18.679894152943156
18.69419981765333
18.74319276808
18.80791936312621
18.851023488714
18.870427846235817
18.903951005672564
18.91759294334236
18.97056129845959
19.02401706520285
19.02978883927861
19.17084066633165
19.175731967630817
19.211764182796337
19.28660504479375
19.33333150360207
19.356397541873
19.38582241849936
19.515846709817552
19.54522869577098
19.58547752967965
19.646750374115065
19.70192503774722
19.71964123619875
19.80570730980096
19.835050023652904
19.868784749086174
19.96310031607252
19.96534160309549
20.01848460988819
20.02162735632522
20.11448097612741
20.150047450923218
20.242003535037203
20.265824484828627
20.289290722249536
20.422944715077055
20.480257644263773
20.63177567661788
20.713259992300802
20.80585910606538
20.879393819366356
21.030396051674515
21.06199690963807
21.102985276481974
21.129482807992183
21.252920864841567
21.385454680277203
21.454909599233204
21.571674236584258
21.604805386440823
21.727597759833763
21.821103407767694
21.83462516289979
22.111586863756067
22.173408245168183
22.212926989147945
22.316452798242548
22.319155908688412
22.426749696763597
22.526436209606192
22.755921690473595
22.97092563721557
23.326621082695212
23.63160001874397
24.052315697608634
24.136872429667605
24.558233032525862
25.253053150835942
25.634318452927673
27.037698303028066
