0.7003132233714302
0.8117205043248013
0.8428107179519507
0.922584258208744
1.036908244153131
9.101013603397105
9.244718910755218
10.709289707457796
10.807255518175408
10.898225679279477
11.180158223737907
11.383044868020459
11.506644136458874
11.57714610923693
11.737381465513161
11.829387355451967
11.950048707648353
12.005247513891948
12.007187614304677
12.084371488702416
12.242273499019733
12.24665323476818
12.320420537926964
12.338532483061105
12.359898521138001
12.442885040278002
12.51599820473009
12.548095479000823
12.657056595348415
12.690006690193488
12.781651304125825
12.861878619694176
12.871290289908314
12.98176064622374
12.992881173339331
13.008406320960905
13.074667698421422
13.115278109911293
13.148504072069317
13.170915194620363
13.1929831147869
13.299357554299581
13.328949182372996
13.352375978056914
13.44117900973766
13.461317211139034
13.542060652983308
13.605402104218987
13.65227436502202
13.688539464468777
13.727531806622983
13.762391546064778
13.804641618449695
13.817197260500855
13.877200576715634
13.886624358487326
13.92165838784745
13.969691392117113
14.017847579409109
14.137899619220184
14.142054764613205
14.169694750309196
14.234980926210817
14.278251201130082
14.313243744788116
14.355600743013886
14.37723330158338
14.422939385797973
14.453210639081417
14.485847100632949
14.552217018205525
14.576817187091883
14.616427570379576
14.636477723387065
14.67122713418144
14.748830470361803
14.758781037103033
14.8121235257818
14.869866836366251
14.917687123131302
14.926584364806537
14.971221018790187
15.099399453881901
15.111567708206932
15.154620573912167
15.19570295416577
15.256770454499863
15.273830097582051
15.286664713457247
15.306220548527122
15.334207938620581
15.415014336848477
15.448377245939527
15.494063952828144
15.520895679583674
15.5377720666151
15.580631622287715
15.632750482732817
15.69429834639559
15.732071453262872
15.776239735826302
15.798185217985298
15.819608293943586
15.884050267880118
15.895730348434794
15.927189788915392
15.994725686730776
16.026648000023513
16.034521403198138
16.087744534495034
16.12631326282987
16.142299900362598
16.181971462541405
16.205323003491376
16.23480250974258
16.263485391648754
16.299141972462557
16.32389173387062
16.34222985073522
16.42133504166653
16.466130582317653
16.473094084519794
16.50243685562835
16.533260019373152
16.587116974528424
16.593402088802357
16.650793866884026
16.674840662417804
16.694701944682578
16.74162596288615
16.77130265318081
16.800496636593536
16.81851075948773
16.86570222900384
16.89715755207061
16.961541111388353
16.975135158086847
17.01578627552148
17.024305635442587
17.056624160850625
17.089805933516672
17.12065365273883
17.130222800769406
17.205938186815136
17.26581050931937
17.282958438705727
17.313876160707636
17.34864734362571
17.394715218694447
17.41279939600006
17.437551189209255
17.46901657797638
17.486551104123674
17.540308187976258
17.559536636809007
17.570195513061794
17.617183063997263
17.646797614951936
17.69516663229502
17.721667557743555
17.755042863893593
17.817252864608285
17.85651716123648
17.884971428343665
17.899359971553192
17.931947765197553
18.001007545023715
18.016106578776462
18.037200345825944
18.070883513937545
18.12390417028869
18.159349192689017
18.211249679485373
18.252683928886416
18.25910850958219
18.283924104168126
18.314165716640694
18.351562268858878
18.39610667174892
18.463412908236265
18.492130007195758
18.50640409607578
18.543544827736007
18.580292341732292
18.609873955159824
18.648470758463862
18.672351801222355
18.711586649876924
18.72198236116801
18.769345713590084
18.812629213828874
18.82739640336849
18.849380911523152
18.90320259266925
18.92828491602852
18.96700934506286
19.014577228877332
19.060167698672906
19.086394119623233
19.101969420462858
19.12889587450008
19.17485140824641
19.207589423070242
19.230147918870443
19.272326876807405
19.305066929680166
19.356830139753427
19.374214996958656
19.395380151980724
19.435771315965805
19.490892827535998
19.52584839866722
19.582469885313934
19.616539537231297
19.62376507367922
19.687634700893742
19.729620311096415
19.744542911440195
19.778842117778407
19.802515265106493
19.853561600496512
19.91052459211525
19.94380913566121
19.951539400494834
19.96945077603323
19.9995627596083
20.036878054931158
20.06090618998982
20.09543803978968
20.11903349939769
20.13414638961466
20.20951430923352
20.227615127991694
20.263873216018123
20.308706062130174
20.349670230305026
20.36814617689741
20.402519274338523
20.463995394227645
20.494961124970985
20.516091190004136
20.544928085607093
20.579194141802525
20.627562049957486
20.65362282318735
20.70082314351811
20.741176734518746
20.753763340670584
20.812210527729874
20.85316662002629
20.882567134810476
20.9376920603368
20.99162573223296
21.00019341625971
21.019224310582818
21.043765992490314
21.09250005372281
21.100423153792722
21.145493138143422
21.160383882633333
21.21760909652642
21.298514931001325
21.308012640327057
21.34451593870438
21.348331652703056
21.379135734589713
21.479857455551247
21.492129092129886
21.520492566230217
21.57853699063326
21.61467436395591
21.660389313928835
21.67522347519681
21.719810941308463
21.74924521463681
21.765525279869127
21.78109784813276
21.806374163135022
21.86874372619266
21.890012453980557
21.96251599556958
21.995437705289152
22.016954192884686
22.062818384437893
22.082943927909554
22.10599207340471
22.149277422341868
22.203673842699118
22.27796055273917
22.297674699000606
22.34310392013534
22.369329883468964
22.400815234772367
22.426875108136393
22.446307379611333
22.480677458787508
22.530793619909492
22.550674082697554
22.607583739115523
22.623870262984664
22.648234593415168
22.66135517517577
22.693672861362167
22.747387735587672
22.79124093302446
22.811473193233343
22.827618204147353
22.876140975181215
22.92272545761403
22.96558386133358
22.975885737228815
23.008312491097808
23.050607612129582
23.10003560852907
23.11723147304932
23.160219611209314
23.21049229169607
23.230959748821714
23.283914078241043
23.312207896279677
23.358842124216608
23.370139393486404
23.44462549163654
23.45928340569337
23.508811130320165
23.541048142043756
23.56167924379968
23.59870150205189
23.643038913467656
23.69636784277617
23.726956827310154
23.76907259507741
23.796208615930208
23.857905696428258
23.90399001100412
23.923293634339785
23.95468575376041
24.002179248922776
24.015307549326945
24.055906818180507
24.096008923005176
24.115712312902705
24.153127606911173
24.161630970888226
24.201007224894003
24.21743825225122
24.25601046346622
24.31208247300333
24.331472191445293
24.36561606791694
24.378480462033618
24.421371762837392
24.558394485720587
24.567765814322104
24.591339729928805
24.65281835955798
24.69003821087127
24.71332073209188
24.760609844785858
24.834344369728154
24.86655448641196
24.916666701184624
24.95395915722902
25.00084962410245
25.032387656125934
25.07068659746105
25.118331394519657
25.184962907709107
25.215183162469355
25.232951299803627
25.25952966659638
25.308989558120114
25.360535580366633
25.429918485712246
25.440938845041167
25.48000503379271
25.495729482042677
25.561812137075577
25.5885773782984
25.641109404047942
25.650820522404782
25.67907671229165
25.720251062701006
25.744669991164226
25.81115251210358
25.858102769708676
25.94430462987835
25.957158908276877
26.03406265688203
26.069199591311417
26.155579009037524
26.220879496592765
26.263388611620567
26.31920814917697
26.335645518511985
26.37433028412659
26.393446026443495
26.483468579837457
26.527954768476416
26.53819110418962
26.58056581164818
26.6565923714492
26.720076656031345
26.736054621751602
26.82790527751842
26.882293507119144
26.88605753804527
26.936154099358003
27.014439010959872
27.063239234321788
27.093701796259605
27.11889648572401
27.220058097689346
27.239193026845193
27.305781185866767
27.355086509489148
27.413805041358724
27.447126142053353
27.461901984396995
27.515628251615173
27.543419007989772
27.63526213522647
27.662620165767276
27.744299352007896
27.76652383908365
27.83019875343679
27.87599819208642
27.959952452918227
28.003451303344455
28.026029685192515
28.11739558882797
28.22196091780401
28.237011203589212
28.25378607165057
28.407309009561516
28.43676349557866
28.47019437460623
28.52933027940066
28.588573173288854
28.607141548923845
28.6096538416478
28.658437717056756
28.754035663351832
28.820909996489192
28.920867893710422
28.970755201300072
29.041570559763123
29.061505338206672
29.102254650635622
29.14373304427864
29.251512560448894
29.289909099452654
29.345798740182822
29.455271656244605
29.470420110888345
29.546515928372216
29.63350820590247
29.694259552537027
29.796597884600782
29.827114898663673
30.01345762938743
30.082387942057554
30.157723608663098
30.227638683734618
30.278677954945262
30.282349917370464
30.329001234734786
30.39999638924237
30.473326064409772
30.547348375297318
30.58194820612169
30.63228295876258
30.733752968640193
30.91282194427948
30.931896082697527
31.030592928321735
31.112582172683304
31.12956986788284
31.27640854579644
31.34409574168098
31.51330094125968
31.561948637967305
31.63987003245365
31.713037683748375
31.910830525702288
32.06833637522979
32.18911412705199
32.24426330365616
32.34592049511812
32.42192399965701
32.474816688796096
32.57404011798758
32.775846024007855
33.24235228003489
33.76145237795803
33.84163117556546
35.233516887098794
36.25402512441118
38.900116292844956
0.7003132233714302
0.8117205043248013
0.8428107179519507
0.922584258208744
1.036908244153131
9.101013603397105
9.244718910755218
10.709289707457796
10.807255518175408
10.898225679279477
11.180158223737907
11.383044868020459
11.506644136458874
11.57714610923693
11.737381465513161
11.829387355451967
11.950048707648353
12.005247513891948
12.007187614304677
12.084371488702416
12.242273499019733
12.24665323476818
12.320420537926964
12.338532483061105
12.359898521138001
12.442885040278002
12.51599820473009
12.548095479000823
12.657056595348415
12.690006690193488
12.781651304125825
12.861878619694176
12.871290289908314
12.98176064622374
12.992881173339331
13.008406320960905
13.074667698421422
13.115278109911293
13.148504072069317
13.170915194620363
13.1929831147869
13.299357554299581
13.328949182372996
13.352375978056914
13.44117900973766
13.461317211139034
13.542060652983308
13.605402104218987
13.65227436502202
13.688539464468777
13.727531806622983
13.762391546064778
13.804641618449695
13.817197260500855
13.877200576715634
13.886624358487326
13.92165838784745
13.969691392117113
14.017847579409109
14.137899619220184
14.142054764613205
14.169694750309196
14.234980926210817
14.278251201130082
14.313243744788116
14.355600743013886
14.37723330158338
14.422939385797973
14.453210639081417
14.485847100632949
14.552217018205525
14.576817187091883
14.616427570379576
14.636477723387065
14.67122713418144
14.748830470361803
14.758781037103033
14.8121235257818
14.869866836366251
14.917687123131302
14.926584364806537
14.971221018790187
15.099399453881901
15.111567708206932
15.154620573912167
15.19570295416577
15.256770454499863
15.273830097582051
15.286664713457247
15.306220548527122
15.334207938620581
15.415014336848477
15.448377245939527
15.494063952828144
15.520895679583674
15.5377720666151
15.580631622287715
15.632750482732817
15.69429834639559
15.732071453262872
15.776239735826302
15.798185217985298
15.819608293943586
15.884050267880118
15.895730348434794
15.927189788915392
15.994725686730776
16.026648000023513
16.034521403198138
16.087744534495034
16.12631326282987
16.142299900362598
16.181971462541405
16.205323003491376
16.23480250974258
16.263485391648754
16.299141972462557
16.32389173387062
16.34222985073522
16.42133504166653
16.466130582317653
16.473094084519794
16.50243685562835
16.533260019373152
16.587116974528424
16.593402088802357
16.650793866884026
16.674840662417804
16.694701944682578
16.74162596288615
16.77130265318081
16.800496636593536
16.81851075948773
16.86570222900384
16.89715755207061
16.961541111388353
16.975135158086847
17.01578627552148
17.024305635442587
17.056624160850625
17.089805933516672
17.12065365273883
17.130222800769406
17.205938186815136
17.26581050931937
17.282958438705727
17.313876160707636
17.34864734362571
17.394715218694447
17.41279939600006
17.437551189209255
17.46901657797638
17.486551104123674
17.540308187976258
17.559536636809007
17.570195513061794
17.617183063997263
17.646797614951936
17.69516663229502
17.721667557743555
17.755042863893593
17.817252864608285
17.85651716123648
17.884971428343665
17.899359971553192
17.931947765197553
18.001007545023715
18.016106578776462
18.037200345825944
18.070883513937545
18.12390417028869
18.159349192689017
18.211249679485373
18.252683928886416
18.25910850958219
18.283924104168126
18.314165716640694
18.351562268858878
18.39610667174892
18.463412908236265
18.492130007195758
18.50640409607578
18.543544827736007
18.580292341732292
18.609873955159824
18.648470758463862
18.672351801222355
18.711586649876924
18.72198236116801
18.769345713590084
18.812629213828874
18.82739640336849
18.849380911523152
18.90320259266925
18.92828491602852
18.96700934506286
19.014577228877332
19.060167698672906
19.086394119623233
19.101969420462858
19.12889587450008
19.17485140824641
19.207589423070242
19.230147918870443
19.272326876807405
19.305066929680166
19.356830139753427
19.374214996958656
19.395380151980724
19.435771315965805
19.490892827535998
19.52584839866722
19.582469885313934
19.616539537231297
19.62376507367922
19.687634700893742
19.729620311096415
19.744542911440195
19.778842117778407
19.802515265106493
19.853561600496512
19.91052459211525
19.94380913566121
19.951539400494834
19.96945077603323
19.9995627596083
20.036878054931158
20.06090618998982
20.09543803978968
20.11903349939769
20.13414638961466
20.20951430923352
20.227615127991694
20.263873216018123
20.308706062130174
20.349670230305026
20.36814617689741
20.402519274338523
20.463995394227645
20.494961124970985
20.516091190004136
20.544928085607093
20.579194141802525
20.627562049957486
20.65362282318735
20.70082314351811
20.741176734518746
20.753763340670584
20.812210527729874
20.85316662002629
20.882567134810476
20.9376920603368
20.99162573223296
21.00019341625971
21.019224310582818
21.043765992490314
21.09250005372281
21.100423153792722
21.145493138143422
21.160383882633333
21.21760909652642
21.298514931001325
21.308012640327057
21.34451593870438
21.348331652703056
21.379135734589713
21.479857455551247
21.492129092129886
21.520492566230217
21.57853699063326
21.61467436395591
21.660389313928835
21.67522347519681
21.719810941308463
21.74924521463681
21.765525279869127
21.78109784813276
21.806374163135022
21.86874372619266
21.890012453980557
21.96251599556958
21.995437705289152
22.016954192884686
22.062818384437893
22.082943927909554
22.10599207340471
22.149277422341868
22.203673842699118
22.27796055273917
22.297674699000606
22.34310392013534
22.369329883468964
22.400815234772367
22.426875108136393
22.446307379611333
22.480677458787508
22.530793619909492
22.550674082697554
22.607583739115523
22.623870262984664
22.648234593415168
22.66135517517577
22.693672861362167
22.747387735587672
22.79124093302446
22.811473193233343
22.827618204147353
22.876140975181215
22.92272545761403
22.96558386133358
22.975885737228815
23.008312491097808
23.050607612129582
23.10003560852907
23.11723147304932
23.160219611209314
23.21049229169607
23.230959748821714
23.283914078241043
23.312207896279677
23.358842124216608
23.370139393486404
23.44462549163654
23.45928340569337
23.508811130320165
23.541048142043756
23.56167924379968
23.59870150205189
23.643038913467656
23.69636784277617
23.726956827310154
23.76907259507741
23.796208615930208
23.857905696428258
23.90399001100412
23.923293634339785
23.95468575376041
24.002179248922776
24.015307549326945
24.055906818180507
24.096008923005176
24.115712312902705
24.153127606911173
24.161630970888226
24.201007224894003
24.21743825225122
24.25601046346622
24.31208247300333
24.331472191445293
24.36561606791694
24.378480462033618
24.421371762837392
24.558394485720587
24.567765814322104
24.591339729928805
24.65281835955798
24.69003821087127
24.71332073209188
24.760609844785858
24.834344369728154
24.86655448641196
24.916666701184624
24.95395915722902
25.00084962410245
25.032387656125934
25.07068659746105
25.118331394519657
25.184962907709107
25.215183162469355
25.232951299803627
25.25952966659638
25.308989558120114
25.360535580366633
25.429918485712246
25.440938845041167
25.48000503379271
25.495729482042677
25.561812137075577
25.5885773782984
25.641109404047942
25.650820522404782
25.67907671229165
25.720251062701006
25.744669991164226
25.81115251210358
25.858102769708676
25.94430462987835
25.957158908276877
26.03406265688203
26.069199591311417
26.155579009037524
26.220879496592765
26.263388611620567
26.31920814917697
26.335645518511985
26.37433028412659
26.393446026443495
26.483468579837457
26.527954768476416
26.53819110418962
26.58056581164818
26.6565923714492
26.720076656031345
26.736054621751602
26.82790527751842
26.882293507119144
26.88605753804527
26.936154099358003
27.014439010959872
27.063239234321788
27.093701796259605
27.11889648572401
27.220058097689346
27.239193026845193
27.305781185866767
27.355086509489148
27.413805041358724
27.447126142053353
27.461901984396995
27.515628251615173
27.543419007989772
27.63526213522647
27.662620165767276
27.744299352007896
27.76652383908365
27.83019875343679
27.87599819208642
27.959952452918227
28.003451303344455
28.026029685192515
28.11739558882797
28.22196091780401
28.237011203589212
28.25378607165057
28.407309009561516
28.43676349557866
28.47019437460623
28.52933027940066
28.588573173288854
28.607141548923845
28.6096538416478
28.658437717056756
28.754035663351832
28.820909996489192
28.920867893710422
28.970755201300072
29.041570559763123
29.061505338206672
29.102254650635622
29.14373304427864
29.251512560448894
29.289909099452654
29.345798740182822
29.455271656244605
29.470420110888345
29.546515928372216
29.63350820590247
29.694259552537027
29.796597884600782
29.827114898663673
30.01345762938743
30.082387942057554
30.157723608663098
30.227638683734618
30.278677954945262
30.282349917370464
30.329001234734786
30.39999638924237
30.473326064409772
30.547348375297318
30.58194820612169
30.63228295876258
30.733752968640193
30.91282194427948
30.931896082697527
31.030592928321735
31.112582172683304
31.12956986788284
31.27640854579644
31.34409574168098
31.51330094125968
31.561948637967305
31.63987003245365
31.713037683748375
31.910830525702288
32.06833637522979
32.18911412705199
32.24426330365616
32.34592049511812
32.42192399965701
32.474816688796096
32.57404011798758
32.775846024007855
33.24235228003489
33.76145237795803
33.84163117556546
35.233516887098794
36.25402512441118
38.900116292844956
