0.6065059864596339
0.7341843777101689
0.8172875295808761
0.8302049059070362
1.0733928742092995
8.297695390020733
8.9375591515251
9.619648953319299
9.632110957027782
9.730361688610582
9.847300021165218
9.922171562082191
10.502863509746579
10.831756662227406
11.112290419456823
11.146802455444432
11.162935549789097
11.188179267475217
11.346169129298474
11.50124875055357
11.575008367382878
11.60181916519565
11.696214198893433
11.74809995170246
11.801859294332072
11.831285554546511
11.948940881538581
12.025833881714512
12.163125593479016
12.19299572567659
12.226199205753199
12.24241078006109
12.333935892844325
12.37069870687759
12.387605178948105
12.52443742816564
12.606271628167088
12.612585048190283
12.652162476310268
12.726617211648895
12.757033977745149
12.805298336608493
12.844768742389952
12.892476591911976
12.95469101640698
13.025140920215367
13.05004610915199
13.157452131460929
13.17594243584732
13.25519625630593
13.308494549223532
13.326087145739274
13.365568243370028
13.39483050113887
13.45064755570109
13.482629683672945
13.543666079702318
13.579773111706086
13.621403953559577
13.64116124694738
13.679378286000146
13.697976622205315
13.74565213642494
13.765972570510296
13.793533066518723
13.816467580489068
13.871456566398805
13.885518181536623
13.915396248218814
13.935069336786992
14.025272753006378
14.09168099371118
14.111692310345042
14.143344078430314
14.18586890267953
14.239255920538048
14.306877862789914
14.329264029975974
14.382886106131314
14.416295669886038
14.455274991464977
14.482822532329974
14.533255845464854
14.540130237070894
14.555175319750395
14.576491028629727
14.620078337493755
14.718646834604883
14.772810341458765
14.799178429718
14.85289035413144
14.875691716495396
14.92805805286572
14.96046831801462
15.00888766748567
15.06977533938334
15.082512023071217
15.158507879480505
15.228148677197305
15.280076847643075
15.308525266075568
15.329109032479225
15.381124095286818
15.401006488419993
15.452263152328932
15.468499380105987
15.548731450228233
15.605503144103274
15.64059462828185
15.648823150903786
15.65527037284398
15.70324223406525
15.71248784814779
15.775423755138986
15.807953632248108
15.865687768434539
15.896004280616568
15.915780101335082
15.947673292191647
16.03156775133726
16.050085989776427
16.07525314135165
16.122782663165637
16.1431725639805
16.17798696060842
16.22503910470842
16.265796413952597
16.279747725384826
16.315013284494896
16.345023414881137
16.41361393129534
16.489006674586005
16.516270250799483
16.52871022957792
16.57950885606976
16.59683584062925
16.652340955560934
16.68469215906408
16.759131998160985
16.785718269758824
16.803058548543163
16.832545662015598
16.87084650758903
16.896577624354887
16.916559470495052
16.93829909144541
16.980486827840966
16.997823087674664
17.07491292634983
17.084555214710395
17.139223741136828
17.149987274956935
17.197985499867386
17.217386563574088
17.260042537827243
17.28948772619101
17.33842725999831
17.38394787799515
17.41376039664371
17.472309198810777
17.489468815909028
17.527600891530362
17.55739396829344
17.596122976753662
17.672128587111537
17.683593715292904
17.721766988736587
17.754718002794373
17.79040291247776
17.820949568511388
17.879307720438817
17.903959612271905
17.92803093935998
17.972260457164793
18.02872410785523
18.0391079868734
18.050871281171663
18.09473028715807
18.11853102352505
18.137197708691904
18.22494432844074
18.254436739097653
18.26882797992353
18.31128955004804
18.359873043484345
18.372055771892747
18.41861247461715
18.475996687886838
18.49608986829221
18.541383200561754
18.56603864671773
18.574702599245857
18.665247805566104
18.674866390776558
18.709466838886264
18.718095681725
18.76864778815437
18.78339830135306
18.82536185128134
18.87442086185166
18.885360625199816
18.941740101211984
18.96845153939109
18.98576633378016
19.01247741081812
19.066449565169396
19.09620904716044
19.1319838958298
19.21422702233434
19.225215363664773
19.264044381341975
19.29701122054739
19.317085317058062
19.369224410882456
19.401942463908803
19.431516498864294
19.481364466936355
19.530937518611285
19.560214205571146
19.588971761062528
19.615909978016397
19.642763736737543
19.671206876765577
19.719537075413797
19.777853713412366
19.79377640015318
19.811942601800478
19.844076807485344
19.87596457823488
19.902311404191007
19.964014180937465
20.000619706941126
20.019648898384954
20.052391217991136
20.107573740526654
20.131585500322863
20.147902864901475
20.17607634018543
20.236386302764917
20.255786473938187
20.29805374959893
20.38239296610314
20.391448170864088
20.41031935310106
20.45831732047766
20.496403698775193
20.521848133820615
20.5283797205477
20.561994020051152
20.62311416781828
20.637095131715697
20.673872344943433
20.713898833766965
20.760284075537925
20.766050027930085
20.79157768385313
20.805474518842697
20.906989761743684
20.92329314260806
20.947901022206285
20.99801105571373
21.013825941119585
21.030125738030264
21.066766324030347
21.110902469060623
21.139704832766494
21.198440691099503
21.221838897312225
21.268055305943655
21.28287988835087
21.34845716536777
21.382702347694654
21.407522620563437
21.454565754818063
21.46607488954022
21.513259162264493
21.530311056756286
21.58161902012851
21.587100800096387
21.623607351990557
21.64301572400363
21.691689292628183
21.704129984381563
21.769132986689133
21.805534596830928
21.810635245136808
21.831348784558905
21.86729245787947
21.885746930861654
21.92948805997933
21.955949627666374
22.01042430323439
22.04051908918462
22.125027319502134
22.162201154501755
22.199016500854864
22.202891866546537
22.233659769558965
22.30718796438973
22.316039496842897
22.386292488317437
22.429673365162472
22.45587527888526
22.476391830772705
22.496452717126566
22.563263097007177
22.57256894198395
22.61659665491082
22.620462689461984
22.6482409654386
22.698979074887426
22.712896735305037
22.75318814582576
22.786790942703977
22.84942342672687
22.858124803319953
22.923673013469376
22.94885068012972
22.974358264464833
22.991789350020127
23.0371617459776
23.085207818173
23.096189148366705
23.107785053291447
23.151840265898663
23.170315636750136
23.210988565993038
23.25469423073043
23.26656464644371
23.31208872085001
23.35435876599713
23.370298479135748
23.41197203811499
23.4804685192467
23.50684815471698
23.558961633338985
23.583219500445114
23.59908731753927
23.65811014033877
23.676733872032965
23.683737811326104
23.715132529076687
23.796743613735483
23.81365209631271
23.852986626527546
23.897234534874872
23.92731188623433
23.967206620085236
23.98114717832898
24.025851775545387
24.099870900280735
24.10525224508783
24.155605689135903
24.182168861771153
24.24668284124159
24.25498163798999
24.279489098985884
24.334976978535348
24.389339406888745
24.410321935254824
24.45359005970982
24.50916226325419
24.52890344215079
24.565643903633713
24.605452613088477
24.654546793998456
24.715553859958703
24.767176507858384
24.788670374057016
24.81182534228139
24.834125547550425
24.906344468166182
24.929258802191008
24.93677890335234
24.95520646498398
25.00525306412507
25.051418120776503
25.099545161516996
25.14254146062428
25.20091194187626
25.244573821399683
25.271456356915536
25.316057910932933
25.350018364139263
25.405120778405657
25.432673417032326
25.451396517695564
25.484246007140264
25.541112916231246
25.58300440779072
25.634804735484025
25.73011278963913
25.73297046777564
25.811413956668275
25.83980013673044
25.90284778463337
25.915599101204638
25.943442119872618
26.009349528130944
26.06169873719348
26.131652902340033
26.164375033051645
26.213936508245734
26.26376956406531
26.29928155384939
26.349142160758376
26.376390204066432
26.41514106174173
26.4210234147785
26.491094118227974
26.57161338560083
26.60558286262018
26.686479302982377
26.695633324946474
26.748842170046263
26.799779968019788
26.808797163120186
26.931238491866353
26.956490842976873
27.010520191458266
27.081884149985896
27.102464837943167
27.153004380413527
27.168532534745097
27.195596089358983
27.294314493344643
27.356044094297413
27.392796313432587
27.454889956638276
27.462642343057617
27.560043448080435
27.576258126751195
27.62667445366705
27.656414805721035
27.728302183769742
27.799659570481435
27.827518736073383
27.896553369632706
27.917445150523168
27.94365623673536
27.988353034527375
28.06326523180672
28.12134209980726
28.160357572824662
28.219552680603464
28.289537023934297
28.304664615962086
28.359809154026735
28.370395678516942
28.539160181275847
28.58748584076369
28.691553761064096
28.789899047087196
28.84918557792551
28.886058683202037
28.967817205280227
29.032734537368043
29.12767534009547
29.19908071306478
29.325425482048587
29.36303483794905
29.449459881581443
29.48195280294814
29.53497989305893
29.574847258635934
29.66560305130378
29.710792106775685
29.73438919708272
29.78428558932364
29.903698209306516
30.039335586969546
30.14637682704108
30.25333050093322
30.34801080477924
30.423050034131283
30.53576238405818
30.629123508030936
30.70802123790577
30.75620461725043
30.89210112743337
31.09549808856116
31.179945513541384
31.24196116924276
31.397487070787353
31.66745425581223
31.73036180865122
31.798683856624816
31.858127213281925
31.914278696534378
32.000276826119446
32.23705016758833
32.57168601689678
32.88313321535088
33.000490907758525
33.04740534822928
33.49325800376479
33.85670291957669
34.53585102307355
35.22546153387157
0.6065059864596339
0.7341843777101689
0.8172875295808761
0.8302049059070362
1.0733928742092995
8.297695390020733
8.9375591515251
9.619648953319299
9.632110957027782
9.730361688610582
9.847300021165218
9.922171562082191
10.502863509746579
10.831756662227406
11.112290419456823
11.146802455444432
11.162935549789097
11.188179267475217
11.346169129298474
11.50124875055357
11.575008367382878
11.60181916519565
11.696214198893433
11.74809995170246
11.801859294332072
11.831285554546511
11.948940881538581
12.025833881714512
12.163125593479016
12.19299572567659
12.226199205753199
12.24241078006109
12.333935892844325
12.37069870687759
12.387605178948105
12.52443742816564
12.606271628167088
12.612585048190283
12.652162476310268
12.726617211648895
12.757033977745149
12.805298336608493
12.844768742389952
12.892476591911976
12.95469101640698
13.025140920215367
13.05004610915199
13.157452131460929
13.17594243584732
13.25519625630593
13.308494549223532
13.326087145739274
13.365568243370028
13.39483050113887
13.45064755570109
13.482629683672945
13.543666079702318
13.579773111706086
13.621403953559577
13.64116124694738
13.679378286000146
13.697976622205315
13.74565213642494
13.765972570510296
13.793533066518723
13.816467580489068
13.871456566398805
13.885518181536623
13.915396248218814
13.935069336786992
14.025272753006378
14.09168099371118
14.111692310345042
14.143344078430314
14.18586890267953
14.239255920538048
14.306877862789914
14.329264029975974
14.382886106131314
14.416295669886038
14.455274991464977
14.482822532329974
14.533255845464854
14.540130237070894
14.555175319750395
14.576491028629727
14.620078337493755
14.718646834604883
14.772810341458765
14.799178429718
14.85289035413144
14.875691716495396
14.92805805286572
14.96046831801462
15.00888766748567
15.06977533938334
15.082512023071217
15.158507879480505
15.228148677197305
15.280076847643075
15.308525266075568
15.329109032479225
15.381124095286818
15.401006488419993
15.452263152328932
15.468499380105987
15.548731450228233
15.605503144103274
15.64059462828185
15.648823150903786
15.65527037284398
15.70324223406525
15.71248784814779
15.775423755138986
15.807953632248108
15.865687768434539
15.896004280616568
15.915780101335082
15.947673292191647
16.03156775133726
16.050085989776427
16.07525314135165
16.122782663165637
16.1431725639805
16.17798696060842
16.22503910470842
16.265796413952597
16.279747725384826
16.315013284494896
16.345023414881137
16.41361393129534
16.489006674586005
16.516270250799483
16.52871022957792
16.57950885606976
16.59683584062925
16.652340955560934
16.68469215906408
16.759131998160985
16.785718269758824
16.803058548543163
16.832545662015598
16.87084650758903
16.896577624354887
16.916559470495052
16.93829909144541
16.980486827840966
16.997823087674664
17.07491292634983
17.084555214710395
17.139223741136828
17.149987274956935
17.197985499867386
17.217386563574088
17.260042537827243
17.28948772619101
17.33842725999831
17.38394787799515
17.41376039664371
17.472309198810777
17.489468815909028
17.527600891530362
17.55739396829344
17.596122976753662
17.672128587111537
17.683593715292904
17.721766988736587
17.754718002794373
17.79040291247776
17.820949568511388
17.879307720438817
17.903959612271905
17.92803093935998
17.972260457164793
18.02872410785523
18.0391079868734
18.050871281171663
18.09473028715807
18.11853102352505
18.137197708691904
18.22494432844074
18.254436739097653
18.26882797992353
18.31128955004804
18.359873043484345
18.372055771892747
18.41861247461715
18.475996687886838
18.49608986829221
18.541383200561754
18.56603864671773
18.574702599245857
18.665247805566104
18.674866390776558
18.709466838886264
18.718095681725
18.76864778815437
18.78339830135306
18.82536185128134
18.87442086185166
18.885360625199816
18.941740101211984
18.96845153939109
18.98576633378016
19.01247741081812
19.066449565169396
19.09620904716044
19.1319838958298
19.21422702233434
19.225215363664773
19.264044381341975
19.29701122054739
19.317085317058062
19.369224410882456
19.401942463908803
19.431516498864294
19.481364466936355
19.530937518611285
19.560214205571146
19.588971761062528
19.615909978016397
19.642763736737543
19.671206876765577
19.719537075413797
19.777853713412366
19.79377640015318
19.811942601800478
19.844076807485344
19.87596457823488
19.902311404191007
19.964014180937465
20.000619706941126
20.019648898384954
20.052391217991136
20.107573740526654
20.131585500322863
20.147902864901475
20.17607634018543
20.236386302764917
20.255786473938187
20.29805374959893
20.38239296610314
20.391448170864088
20.41031935310106
20.45831732047766
20.496403698775193
20.521848133820615
20.5283797205477
20.561994020051152
20.62311416781828
20.637095131715697
20.673872344943433
20.713898833766965
20.760284075537925
20.766050027930085
20.79157768385313
20.805474518842697
20.906989761743684
20.92329314260806
20.947901022206285
20.99801105571373
21.013825941119585
21.030125738030264
21.066766324030347
21.110902469060623
21.139704832766494
21.198440691099503
21.221838897312225
21.268055305943655
21.28287988835087
21.34845716536777
21.382702347694654
21.407522620563437
21.454565754818063
21.46607488954022
21.513259162264493
21.530311056756286
21.58161902012851
21.587100800096387
21.623607351990557
21.64301572400363
21.691689292628183
21.704129984381563
21.769132986689133
21.805534596830928
21.810635245136808
21.831348784558905
21.86729245787947
21.885746930861654
21.92948805997933
21.955949627666374
22.01042430323439
22.04051908918462
22.125027319502134
22.162201154501755
22.199016500854864
22.202891866546537
22.233659769558965
22.30718796438973
22.316039496842897
22.386292488317437
22.429673365162472
22.45587527888526
22.476391830772705
22.496452717126566
22.563263097007177
22.57256894198395
22.61659665491082
22.620462689461984
22.6482409654386
22.698979074887426
22.712896735305037
22.75318814582576
22.786790942703977
22.84942342672687
22.858124803319953
22.923673013469376
22.94885068012972
22.974358264464833
22.991789350020127
23.0371617459776
23.085207818173
23.096189148366705
23.107785053291447
23.151840265898663
23.170315636750136
23.210988565993038
23.25469423073043
23.26656464644371
23.31208872085001
23.35435876599713
23.370298479135748
23.41197203811499
23.4804685192467
23.50684815471698
23.558961633338985
23.583219500445114
23.59908731753927
23.65811014033877
23.676733872032965
23.683737811326104
23.715132529076687
23.796743613735483
23.81365209631271
23.852986626527546
23.897234534874872
23.92731188623433
23.967206620085236
23.98114717832898
24.025851775545387
24.099870900280735
24.10525224508783
24.155605689135903
24.182168861771153
24.24668284124159
24.25498163798999
24.279489098985884
24.334976978535348
24.389339406888745
24.410321935254824
24.45359005970982
24.50916226325419
24.52890344215079
24.565643903633713
24.605452613088477
24.654546793998456
24.715553859958703
24.767176507858384
24.788670374057016
24.81182534228139
24.834125547550425
24.906344468166182
24.929258802191008
24.93677890335234
24.95520646498398
25.00525306412507
25.051418120776503
25.099545161516996
25.14254146062428
25.20091194187626
25.244573821399683
25.271456356915536
25.316057910932933
25.350018364139263
25.405120778405657
25.432673417032326
25.451396517695564
25.484246007140264
25.541112916231246
25.58300440779072
25.634804735484025
25.73011278963913
25.73297046777564
25.811413956668275
25.83980013673044
25.90284778463337
25.915599101204638
25.943442119872618
26.009349528130944
26.06169873719348
26.131652902340033
26.164375033051645
26.213936508245734
26.26376956406531
26.29928155384939
26.349142160758376
26.376390204066432
26.41514106174173
26.4210234147785
26.491094118227974
26.57161338560083
26.60558286262018
26.686479302982377
26.695633324946474
26.748842170046263
26.799779968019788
26.808797163120186
26.931238491866353
26.956490842976873
27.010520191458266
27.081884149985896
27.102464837943167
27.153004380413527
27.168532534745097
27.195596089358983
27.294314493344643
27.356044094297413
27.392796313432587
27.454889956638276
27.462642343057617
27.560043448080435
27.576258126751195
27.62667445366705
27.656414805721035
27.728302183769742
27.799659570481435
27.827518736073383
27.896553369632706
27.917445150523168
27.94365623673536
27.988353034527375
28.06326523180672
28.12134209980726
28.160357572824662
28.219552680603464
28.289537023934297
28.304664615962086
28.359809154026735
28.370395678516942
28.539160181275847
28.58748584076369
28.691553761064096
28.789899047087196
28.84918557792551
28.886058683202037
28.967817205280227
29.032734537368043
29.12767534009547
29.19908071306478
29.325425482048587
29.36303483794905
29.449459881581443
29.48195280294814
29.53497989305893
29.574847258635934
29.66560305130378
29.710792106775685
29.73438919708272
29.78428558932364
29.903698209306516
30.039335586969546
30.14637682704108
30.25333050093322
30.34801080477924
30.423050034131283
30.53576238405818
30.629123508030936
30.70802123790577
30.75620461725043
30.89210112743337
31.09549808856116
31.179945513541384
31.24196116924276
31.397487070787353
31.66745425581223
31.73036180865122
31.798683856624816
31.858127213281925
31.914278696534378
32.000276826119446
32.23705016758833
32.57168601689678
32.88313321535088
33.000490907758525
33.04740534822928
33.49325800376479
33.85670291957669
34.53585102307355
35.22546153387157
