0.7926223936024035
0.8806121671636138
0.9658507869541036
1.1085021783432436
1.228553441730947
8.443529120436502
9.873731374519796
10.025609028894747
10.091259578507545
10.654015050638652
10.780039603356958
10.857869126044326
10.928674203016287
11.31002548096237
11.452032937234925
11.52813250611482
11.850814055167556
12.077369558821896
12.173351783067233
12.198162234080185
12.370264992145845
12.450982058831004
12.59589439300905
12.632752422718541
12.666234978211396
12.698457893053371
12.712389976761369
12.762190586537633
12.841075023416263
12.865814765198872
12.905060603283438
12.950057542065156
12.963959261316445
13.074839719232052
13.099556570588922
13.141076958198774
13.151764526517928
13.209087393619813
13.223594349864724
13.257421131718658
13.354346419083122
13.381638297023335
13.4323656685495
13.46265007735299
13.51782794591335
13.546887311068339
13.564909897626018
13.608547542777929
13.633976529256651
13.693942329706685
13.732469611747515
13.747228990076133
13.824846789598169
13.875725075063562
13.923477169730235
13.976018429090153
13.998482110909022
14.128070985933382
14.173445383871378
14.211542967412015
14.252437017659418
14.279082127522225
14.288376698108719
14.332447434771744
14.389678535026583
14.431121810338317
14.445491606744676
14.503503612503751
14.513410142735607
14.590947999072357
14.61104705958447
14.654326996429111
14.659550513708954
14.676090050065122
14.701475737836244
14.758293848738498
14.806043289268839
14.84822232791382
14.860829279862692
14.896065702700222
14.922608914414702
14.944581718392415
14.960416707444544
15.04921407319495
15.105119348865962
15.161499478765448
15.23409268437866
15.292042338144505
15.410879497436884
15.422475484818397
15.440435417770141
15.446001834362496
15.52223986308053
15.55383596516162
15.62886080240756
15.644900833509615
15.689153616921221
15.70240897125711
15.73168200483359
15.779075030766966
15.786037389495087
15.814174313934325
15.860703922190194
15.884593905460038
15.91743294439353
15.964637744718022
15.992966217530013
16.02082951498622
16.070975133017956
16.11290607619112
16.131258279125202
16.167571554066434
16.194393468250645
16.211592956757404
16.22126388919101
16.275096018312755
16.30091044517929
16.352321111880162
16.394923245351556
16.412001722799374
16.46486287388771
16.4965871636914
16.568022262344726
16.57523751814848
16.625470688713012
16.664137072770416
16.67357647905478
16.69379376771131
16.74203781226675
16.84038111693985
16.899147796889583
16.91694143989047
16.97583756495938
17.009376933335947
17.04776029037445
17.088389490852222
17.09166673728871
17.10534974823195
17.16963549370948
17.241842349318414
17.24590602498068
17.303445956599752
17.328156698200115
17.358938123787482
17.380819178781202
17.3964539744373
17.432822078890204
17.451845842722424
17.504763546029
17.5406597738985
17.582125228534164
17.593179197628118
17.648090358143772
17.65998264978119
17.69621382381861
17.741529550529997
17.756278699113505
17.78359118005291
17.824609386948897
17.845031797013522
17.857883527533883
17.898927438509695
17.947061632785807
17.959776482025493
17.976675810811564
18.005072490511505
18.063124809265812
18.120295005469345
18.13933455148805
18.189977386241363
18.256845463163415
18.286315626761066
18.30591341618564
18.359828157977695
18.392109141285438
18.41699534459797
18.468225094885803
18.519698355944833
18.54855696898199
18.588298315438962
18.616966844808942
18.686403057058797
18.701566248108698
18.743091668766507
18.769263422706153
18.818073356705987
18.853003983714707
18.89370155815797
18.92369133331133
18.947791917614055
18.968567263273364
19.00022636610431
19.043253481383346
19.067993105844597
19.098231128218725
19.184651736509952
19.216145820327394
19.258925057113686
19.31160288908703
19.33299739741023
19.3541362401154
19.373235488847428
19.41427123047392
19.456693925184513
19.48941141535579
19.49936772623863
19.541719797951266
19.57624457370565
19.655529548353346
19.677850328348704
19.695785765549463
19.753001901316225
19.79076442728972
19.80048328924413
19.837181842083748
19.886639763042737
19.89980892897771
19.917081593531204
19.967621034881294
19.98096038696351
20.013325431505677
20.059344850873277
20.071008647322238
20.10885729210232
20.145574754075362
20.15832495006963
20.20227199215208
20.220088961265503
20.251136964754842
20.292326855209033
20.330950911865486
20.355365697565443
20.392221692327222
20.428962889148103
20.4534265087757
20.46324366810407
20.479206175161625
20.518053168763533
20.581401615439493
20.626390797949316
20.652097247337586
20.678905576401036
20.744925351147746
20.757922603598857
20.81499400605251
20.835053091752354
20.841452650803138
20.89780675648389
20.91684199634414
20.94919659932523
21.019438714626382
21.045121764801678
21.09056831945016
21.156099772299306
21.175438612588646
21.205334489053108
21.22247728938318
21.23928755826899
21.27043433755495
21.319382540984087
21.366023628271535
21.397061241902282
21.430207140089536
21.435124002848386
21.506754912629738
21.53801769571109
21.545485940522106
21.603446393293755
21.628494694908113
21.666650755585426
21.696986120271468
21.71899051245076
21.787614359374157
21.816584323713784
21.846401342657654
21.905240774484003
21.94178265202028
21.96558752769253
21.971710216013868
22.017283534105157
22.06102172057337
22.09916464961172
22.11586030653734
22.156544372967996
22.198373384978154
22.21752298670452
22.226127379283678
22.282339268798346
22.321433876972566
22.366007216948024
22.407890766834935
22.425931289898582
22.458274244315078
22.49967597353865
22.549703485807537
22.61016681343498
22.64796482426066
22.687999864397618
22.733587719987863
22.75349283354257
22.788110527997752
22.814714661543206
22.839894595791087
22.879688247700418
22.90748575233758
22.94243058400983
22.956747201897482
22.974913472621356
23.047075678523363
23.083742133012354
23.119197954984134
23.127303361871043
23.201624700210726
23.220472858294
23.261249752018283
23.310385754993288
23.336976390095344
23.361501215085703
23.44204908992199
23.48562333772081
23.52028067402952
23.550128651615434
23.60714468671187
23.64099450272091
23.653282671422613
23.66991307357996
23.69054598634587
23.77374599972887
23.797619977374318
23.808282387998755
23.856376122035883
23.879196193747067
23.912837800780988
23.99257553054204
24.02699822650701
24.05406055734078
24.063600466544003
24.066823183237283
24.10784057382043
24.164682242090738
24.19318727638527
24.275271283217872
24.317393688084934
24.351058371040967
24.368113216066234
24.42406869094913
24.515418473635204
24.5220045052835
24.5341672453345
24.589557574539842
24.645596176566347
24.694274073659113
24.733453044687103
24.757615623233463
24.78560264732963
24.81943150274937
24.85225258249044
24.874725486914517
24.923106734062774
24.931804083589487
24.95578676923971
25.05539341912742
25.070685480447057
25.120366255403813
25.180024289174206
25.240904247113633
25.251308142830112
25.2837680006492
25.336615757138084
25.369081044698518
25.406063617051206
25.49569531606075
25.538565366241254
25.57964670626783
25.609027771844012
25.670029850779475
25.745098462275628
25.752926773825006
25.78097110831052
25.821750050986786
25.846013949718046
25.94482741743941
25.967822573899234
25.99230418936651
26.00401204818581
26.009783048067966
26.06796202615784
26.09128624216972
26.13037383241827
26.187955492774663
26.23224585507585
26.266459539523147
26.316708171906832
26.357169552367697
26.371580578893084
26.402428595523972
26.484716999837392
26.57130058779543
26.596182636174046
26.66425613043025
26.78025759183467
26.812475524759936
26.84387989902513
26.88459513605709
26.947084548221348
26.97179331625207
27.01394582033381
27.041816962035185
27.071201228566736
27.115680215091814
27.16165788862956
27.22792005599848
27.238720092845362
27.28657763952486
27.353131636049998
27.388966405769136
27.40073125522728
27.466315791117665
27.544932013636654
27.591587575595987
27.603395591144253
27.65138360069077
27.696155114229786
27.74833223567354
27.823213479509235
27.844281218216572
27.91755800719434
28.00916383312284
28.028811188502488
28.069168507837546
28.119720686125255
28.153032563712184
28.313941784366605
28.33858000958227
28.380011636270968
28.440243062533785
28.461865919978102
28.51832695195257
28.588349113280792
28.666999320653886
28.69542800723378
28.761731385617498
28.841574817644684
28.88368931258282
28.93767688386374
29.007648907162626
29.0232984585347
29.112901346990697
29.144263673700223
29.23571438404726
29.262504063365274
29.361040505493264
29.410201066188595
29.448468636284062
29.52438135779236
29.6392537033812
29.6500470508976
29.79419817483986
29.841799265530504
29.878807530001207
29.996081933923136
30.042910137165215
30.146722040045354
30.215481779161095
30.26037370676202
30.354580419237166
30.381549953977093
30.46249444321755
30.528116978067544
30.648312397999142
30.709884857033224
30.878554891676607
31.07111297815611
31.159638808484154
31.306383303088133
31.36241478166534
31.403308584401522
31.484743263695393
31.544350316442333
31.608082392036724
31.658526892326773
31.832141646099497
31.93585168608888
32.033063321042185
32.16365575987646
32.221894343010455
32.293415743733554
32.3416179944016
32.65110138856703
32.68717437900044
32.84133764893337
33.092789208270496
33.52975397583654
33.55512466780435
33.672048011819186
34.79317189813698
34.981594340640136
37.939460052702984
41.75909826683129
0.7926223936024035
0.8806121671636138
0.9658507869541036
1.1085021783432436
1.228553441730947
8.443529120436502
9.873731374519796
10.025609028894747
10.091259578507545
10.654015050638652
10.780039603356958
10.857869126044326
10.928674203016287
11.31002548096237
11.452032937234925
11.52813250611482
11.850814055167556
12.077369558821896
12.173351783067233
12.198162234080185
12.370264992145845
12.450982058831004
12.59589439300905
12.632752422718541
12.666234978211396
12.698457893053371
12.712389976761369
12.762190586537633
12.841075023416263
12.865814765198872
12.905060603283438
12.950057542065156
12.963959261316445
13.074839719232052
13.099556570588922
13.141076958198774
13.151764526517928
13.209087393619813
13.223594349864724
13.257421131718658
13.354346419083122
13.381638297023335
13.4323656685495
13.46265007735299
13.51782794591335
13.546887311068339
13.564909897626018
13.608547542777929
13.633976529256651
13.693942329706685
13.732469611747515
13.747228990076133
13.824846789598169
13.875725075063562
13.923477169730235
13.976018429090153
13.998482110909022
14.128070985933382
14.173445383871378
14.211542967412015
14.252437017659418
14.279082127522225
14.288376698108719
14.332447434771744
14.389678535026583
14.431121810338317
14.445491606744676
14.503503612503751
14.513410142735607
14.590947999072357
14.61104705958447
14.654326996429111
14.659550513708954
14.676090050065122
14.701475737836244
14.758293848738498
14.806043289268839
14.84822232791382
14.860829279862692
14.896065702700222
14.922608914414702
14.944581718392415
14.960416707444544
15.04921407319495
15.105119348865962
15.161499478765448
15.23409268437866
15.292042338144505
15.410879497436884
15.422475484818397
15.440435417770141
15.446001834362496
15.52223986308053
15.55383596516162
15.62886080240756
15.644900833509615
15.689153616921221
15.70240897125711
15.73168200483359
15.779075030766966
15.786037389495087
15.814174313934325
15.860703922190194
15.884593905460038
15.91743294439353
15.964637744718022
15.992966217530013
16.02082951498622
16.070975133017956
16.11290607619112
16.131258279125202
16.167571554066434
16.194393468250645
16.211592956757404
16.22126388919101
16.275096018312755
16.30091044517929
16.352321111880162
16.394923245351556
16.412001722799374
16.46486287388771
16.4965871636914
16.568022262344726
16.57523751814848
16.625470688713012
16.664137072770416
16.67357647905478
16.69379376771131
16.74203781226675
16.84038111693985
16.899147796889583
16.91694143989047
16.97583756495938
17.009376933335947
17.04776029037445
17.088389490852222
17.09166673728871
17.10534974823195
17.16963549370948
17.241842349318414
17.24590602498068
17.303445956599752
17.328156698200115
17.358938123787482
17.380819178781202
17.3964539744373
17.432822078890204
17.451845842722424
17.504763546029
17.5406597738985
17.582125228534164
17.593179197628118
17.648090358143772
17.65998264978119
17.69621382381861
17.741529550529997
17.756278699113505
17.78359118005291
17.824609386948897
17.845031797013522
17.857883527533883
17.898927438509695
17.947061632785807
17.959776482025493
17.976675810811564
18.005072490511505
18.063124809265812
18.120295005469345
18.13933455148805
18.189977386241363
18.256845463163415
18.286315626761066
18.30591341618564
18.359828157977695
18.392109141285438
18.41699534459797
18.468225094885803
18.519698355944833
18.54855696898199
18.588298315438962
18.616966844808942
18.686403057058797
18.701566248108698
18.743091668766507
18.769263422706153
18.818073356705987
18.853003983714707
18.89370155815797
18.92369133331133
18.947791917614055
18.968567263273364
19.00022636610431
19.043253481383346
19.067993105844597
19.098231128218725
19.184651736509952
19.216145820327394
19.258925057113686
19.31160288908703
19.33299739741023
19.3541362401154
19.373235488847428
19.41427123047392
19.456693925184513
19.48941141535579
19.49936772623863
19.541719797951266
19.57624457370565
19.655529548353346
19.677850328348704
19.695785765549463
19.753001901316225
19.79076442728972
19.80048328924413
19.837181842083748
19.886639763042737
19.89980892897771
19.917081593531204
19.967621034881294
19.98096038696351
20.013325431505677
20.059344850873277
20.071008647322238
20.10885729210232
20.145574754075362
20.15832495006963
20.20227199215208
20.220088961265503
20.251136964754842
20.292326855209033
20.330950911865486
20.355365697565443
20.392221692327222
20.428962889148103
20.4534265087757
20.46324366810407
20.479206175161625
20.518053168763533
20.581401615439493
20.626390797949316
20.652097247337586
20.678905576401036
20.744925351147746
20.757922603598857
20.81499400605251
20.835053091752354
20.841452650803138
20.89780675648389
20.91684199634414
20.94919659932523
21.019438714626382
21.045121764801678
21.09056831945016
21.156099772299306
21.175438612588646
21.205334489053108
21.22247728938318
21.23928755826899
21.27043433755495
21.319382540984087
21.366023628271535
21.397061241902282
21.430207140089536
21.435124002848386
21.506754912629738
21.53801769571109
21.545485940522106
21.603446393293755
21.628494694908113
21.666650755585426
21.696986120271468
21.71899051245076
21.787614359374157
21.816584323713784
21.846401342657654
21.905240774484003
21.94178265202028
21.96558752769253
21.971710216013868
22.017283534105157
22.06102172057337
22.09916464961172
22.11586030653734
22.156544372967996
22.198373384978154
22.21752298670452
22.226127379283678
22.282339268798346
22.321433876972566
22.366007216948024
22.407890766834935
22.425931289898582
22.458274244315078
22.49967597353865
22.549703485807537
22.61016681343498
22.64796482426066
22.687999864397618
22.733587719987863
22.75349283354257
22.788110527997752
22.814714661543206
22.839894595791087
22.879688247700418
22.90748575233758
22.94243058400983
22.956747201897482
22.974913472621356
23.047075678523363
23.083742133012354
23.119197954984134
23.127303361871043
23.201624700210726
23.220472858294
23.261249752018283
23.310385754993288
23.336976390095344
23.361501215085703
23.44204908992199
23.48562333772081
23.52028067402952
23.550128651615434
23.60714468671187
23.64099450272091
23.653282671422613
23.66991307357996
23.69054598634587
23.77374599972887
23.797619977374318
23.808282387998755
23.856376122035883
23.879196193747067
23.912837800780988
23.99257553054204
24.02699822650701
24.05406055734078
24.063600466544003
24.066823183237283
24.10784057382043
24.164682242090738
24.19318727638527
24.275271283217872
24.317393688084934
24.351058371040967
24.368113216066234
24.42406869094913
24.515418473635204
24.5220045052835
24.5341672453345
24.589557574539842
24.645596176566347
24.694274073659113
24.733453044687103
24.757615623233463
24.78560264732963
24.81943150274937
24.85225258249044
24.874725486914517
24.923106734062774
24.931804083589487
24.95578676923971
25.05539341912742
25.070685480447057
25.120366255403813
25.180024289174206
25.240904247113633
25.251308142830112
25.2837680006492
25.336615757138084
25.369081044698518
25.406063617051206
25.49569531606075
25.538565366241254
25.57964670626783
25.609027771844012
25.670029850779475
25.745098462275628
25.752926773825006
25.78097110831052
25.821750050986786
25.846013949718046
25.94482741743941
25.967822573899234
25.99230418936651
26.00401204818581
26.009783048067966
26.06796202615784
26.09128624216972
26.13037383241827
26.187955492774663
26.23224585507585
26.266459539523147
26.316708171906832
26.357169552367697
26.371580578893084
26.402428595523972
26.484716999837392
26.57130058779543
26.596182636174046
26.66425613043025
26.78025759183467
26.812475524759936
26.84387989902513
26.88459513605709
26.947084548221348
26.97179331625207
27.01394582033381
27.041816962035185
27.071201228566736
27.115680215091814
27.16165788862956
27.22792005599848
27.238720092845362
27.28657763952486
27.353131636049998
27.388966405769136
27.40073125522728
27.466315791117665
27.544932013636654
27.591587575595987
27.603395591144253
27.65138360069077
27.696155114229786
27.74833223567354
27.823213479509235
27.844281218216572
27.91755800719434
28.00916383312284
28.028811188502488
28.069168507837546
28.119720686125255
28.153032563712184
28.313941784366605
28.33858000958227
28.380011636270968
28.440243062533785
28.461865919978102
28.51832695195257
28.588349113280792
28.666999320653886
28.69542800723378
28.761731385617498
28.841574817644684
28.88368931258282
28.93767688386374
29.007648907162626
29.0232984585347
29.112901346990697
29.144263673700223
29.23571438404726
29.262504063365274
29.361040505493264
29.410201066188595
29.448468636284062
29.52438135779236
29.6392537033812
29.6500470508976
29.79419817483986
29.841799265530504
29.878807530001207
29.996081933923136
30.042910137165215
30.146722040045354
30.215481779161095
30.26037370676202
30.354580419237166
30.381549953977093
30.46249444321755
30.528116978067544
30.648312397999142
30.709884857033224
30.878554891676607
31.07111297815611
31.159638808484154
31.306383303088133
31.36241478166534
31.403308584401522
31.484743263695393
31.544350316442333
31.608082392036724
31.658526892326773
31.832141646099497
31.93585168608888
32.033063321042185
32.16365575987646
32.221894343010455
32.293415743733554
32.3416179944016
32.65110138856703
32.68717437900044
32.84133764893337
33.092789208270496
33.52975397583654
33.55512466780435
33.672048011819186
34.79317189813698
34.981594340640136
37.939460052702984
41.75909826683129
