0.6068822011212248
0.6686942053600734
0.7097612504916496
0.7552277371070794
0.8169382921753178
0.8936756238139804
0.964853451117072
1.0552217907815569
1.098065570015635
3.629478974181621
4.36408947801296
4.539483823974029
4.546464028761804
4.576751983668094
5.057025383332705
5.221252456130731
5.674132121608839
5.846944788125177
5.9801065383200775
6.12050927098852
6.17416763503365
6.2314523334221015
6.339254668615384
6.3579354287797845
6.412710750527053
6.488248212678203
6.5741112706446785
6.602508291688756
6.608813991591481
6.698513674975895
6.763292673202939
6.816080337733083
6.860694991829506
6.933792750382432
6.971374684630302
7.015037256142728
7.049584391929439
7.094132742846376
7.179772173150597
7.190183553928406
7.2003327338638385
7.2304679488746
7.287779943932181
7.33337068195602
7.378151201098195
7.450533317485073
7.4601149703107525
7.510077436711073
7.520163603056102
7.538572786515383
7.566305285216027
7.595282616987436
7.615646140749036
7.650345091924241
7.676869539662294
7.747057907247928
7.764969982412234
7.7968776789621135
7.800902568672489
7.849560989901817
7.903057936712908
7.93591907284333
7.971728749305657
8.045560024941583
8.089683429473245
8.111668563534073
8.11957255289184
8.13708289393437
8.222782896907257
8.254251688020815
8.272144266232894
8.277190903066264
8.339774667107747
8.400017160675047
8.439776217299364
8.459450878665308
8.475742070846767
8.515626250121105
8.552326728505367
8.602543331762753
8.625143328368722
8.668951876618946
8.719065034941346
8.752687913217462
8.797892397713149
8.803800169207921
8.833424975410754
8.869890323255728
8.900355146655272
8.941009638552844
8.967115149357653
8.994777044156148
9.02305847943806
9.025036999300212
9.083097993863108
9.09348742496497
9.140179646428159
9.170993919476189
9.182085562597871
9.195774379863872
9.26706757263948
9.283300361123983
9.317441983545192
9.364124298447972
9.405758010397825
9.423414921199305
9.455457972454045
9.479318267628702
9.503084327392171
9.523705609909573
9.530380611775831
9.539824793439536
9.568138282091882
9.59019871034153
9.62690783767699
9.667296937417868
9.706583729697615
9.753454596369512
9.759325669276405
9.771487072090737
9.849972647161662
9.882153927677534
9.907097064319009
9.929625693487159
9.954431337225143
9.987429796757572
10.011947671104778
10.02873842601292
10.075224348669211
10.081321905237301
10.108148776124434
10.133396633655359
10.164721376947883
10.185707143902222
10.202182768451825
10.236990233459451
10.275134663669997
10.306232360610851
10.33263268514165
10.366163586180804
10.378924318470265
10.392672553664594
10.451999197472922
10.476479541970335
10.491300538185229
10.544814589912571
10.587027428948764
10.624697657310156
10.65181102678294
10.682686126930173
10.725282426703265
10.765825981536272
10.780800985603625
10.788097779802282
10.822106957990583
10.837851654628203
10.876121092215834
10.887866220233935
10.921382117545841
10.950253017656605
10.96062752404654
11.004390867961522
11.032525479060746
11.064016955113823
11.084909444675073
11.106426753518427
11.126321755228723
11.159724299437421
11.189377882464608
11.21900412748084
11.267936870920225
11.275090948636498
11.294194092552052
11.332801717813295
11.34399010358184
11.361207800176754
11.373122878063205
11.387292947798421
11.425739119118116
11.434909951317467
11.48411917213485
11.490551953095347
11.526079085946467
11.543737714652492
11.596429853945155
11.629989057074322
11.67698930356807
11.707051528134318
11.728049812188578
11.75752104458569
11.76185611680459
11.813522433089885
11.831312608095315
11.83305743334656
11.843537171973278
11.901834294927937
11.941635787098148
11.964098423771174
11.9904377463286
12.013751779362453
12.02564100145534
12.082530708622883
12.097094759074592
12.120339239696335
12.156043276350777
12.161771653870428
12.208632022060277
12.210427006945467
12.263825910171134
12.28704017024147
12.300591165645873
12.339275503020232
12.346632637990785
12.352861237823474
12.381063146484323
12.427922187229926
12.441786773448554
12.455838669118522
12.499407620616136
12.515228117507656
12.545157160364353
12.561201342545045
12.591153559922837
12.61855923494289
12.641207171887011
12.655842295853903
12.715490779171674
12.729784262235428
12.759676433179266
12.780057617215144
12.818055056588738
12.842741444631994
12.877262599894134
12.880783134973884
12.936171718417876
12.97541745504432
13.017951749389557
13.056777013429482
13.079503765429115
13.100853226232001
13.120578508132256
13.177765473093212
13.186763708699246
13.257475178230782
13.296922715822387
13.311303163918396
13.331650959454008
13.354088522190471
13.383454009319362
13.390809323001282
13.397622990716837
13.435378727718229
13.477995560673119
13.50323064388403
13.516862666416973
13.564277565649935
13.574318559901318
13.589778202228626
13.614482047727336
13.658910769922898
13.666896562992536
13.70270610152628
13.738921416057176
13.772580465163813
13.782221995158249
13.83820038727905
13.854175158124084
13.870003354261055
13.907474100081025
13.925465813473117
13.931860067202663
13.96761863754534
13.992034806720742
14.025222629911122
14.065750525241931
14.072780756396781
14.108141153368942
14.167803994498817
14.19973413479198
14.22437589895918
14.278164949158873
14.309510312209552
14.351263399807475
14.380089526380038
14.409911598574011
14.435654990143473
14.47157115601288
14.504633964422242
14.526470588765129
14.555469380873776
14.57871250832251
14.588712438605917
14.62488438446628
14.644149156167606
14.665467024394639
14.719970069782994
14.72162482760668
14.767318310315826
14.77311985158074
14.790329755349605
14.846602213359459
14.858411716282076
14.88553354580178
14.937269597146448
14.9594220761435
14.981761501225456
15.026591055054572
15.058182056120627
15.081044525837065
15.129371536752414
15.143921590221698
15.179954320467683
15.200751208860407
15.229916802359572
15.276348201868341
15.306948874788691
15.354213553067096
15.40365136720925
15.410242124165515
15.44419040611761
15.468406500526752
15.50546103109173
15.528353338339048
15.54928969886338
15.587914782990973
15.638157883336659
15.648491595299
15.694901245431573
15.715488297223507
15.726565433964103
15.780906800143892
15.79444974564978
15.82200755195627
15.846811990565705
15.861384760525235
15.905201314510794
15.936144176967682
15.972587778105133
16.015603029216592
16.03054010217153
16.052605937472645
16.09036464548093
16.119486817065894
16.167697923950517
16.181797571156345
16.229186703852577
16.27786146617578
16.30817843046739
16.332948989222434
16.38317340082744
16.39837242537231
16.423173717713716
16.457583440478093
16.47150249715233
16.49871188914735
16.556510467773222
16.599292317376836
16.61393862027526
16.621543547260824
16.687609666834057
16.71021710886223
16.74387604050276
16.76496020973422
16.79891828091458
16.835053669032664
16.880892277208332
16.915143168451486
16.960795750998177
16.971487350768136
17.040277890053762
17.058178045147137
17.099710230871803
17.1219311991304
17.144146154958566
17.187364698901376
17.21769198661985
17.22985344122471
17.275985052968565
17.30569943132746
17.336287146968896
17.357743722421876
17.414019572249675
17.46434887164305
17.4710876385759
17.526671181312082
17.555819898888757
17.59517513602505
17.62064805977119
17.685183031942604
17.707867395094148
17.73599231080815
17.804368968754684
17.825606494949408
17.85129672797492
17.889924174414215
17.937657092131055
17.989203818848743
18.034895654319925
18.057076613208615
18.1265941585637
18.16190191075088
18.213114365426943
18.23671596391464
18.27591788394437
18.32391401468602
18.33919650057326
18.3910972635564
18.42445753853651
18.453218376162326
18.497980480851272
18.523545703332257
18.54011455958623
18.559401376685194
18.598049118640937
18.63630924998381
18.662385479403394
18.690344344291983
18.734283136556133
18.779635992566046
18.795320238226594
18.854614007903304
18.9308563152257
18.959270131521738
18.96923652105574
19.015972693729474
19.032086917234295
19.05985855821414
19.126847444287698
19.165382099763207
19.236322769440584
19.300395370731213
19.367614983043666
19.39973876027618
19.421311831873986
19.46744549700544
19.500986661553682
19.519194026009803
19.5496962237827
19.571621497960482
19.67148220529794
19.69126396613068
19.73963662401648
19.88527947138759
19.94386092426867
19.966198316863597
19.99128831943964
20.092253816516706
20.170040681352987
20.21166847333958
20.28763575330137
20.301688541295924
20.372159940351995
20.389701696851944
20.45651010511694
20.478431097371196
20.507318375425157
20.55050944046291
20.616542831739455
20.701524049121915
20.721396680864565
20.751305969362814
20.795573301519436
20.874280394977628
20.938590148186847
20.98800650566531
21.073321397522307
21.117648112414606
21.18429751662402
21.243118052749775
21.323823957014614
21.410094848206988
21.440630520780015
21.5135858657358
21.574691781451033
21.656673958118574
21.698864728610864
21.800316310104364
21.864213483456837
22.001927322538286
22.07168599338352
22.14548910952835
22.165480430043903
22.30178811920329
22.335483219202036
22.514164729435677
22.74318130862385
22.80889612166019
22.93549653244936
22.95069683709356
23.16986091252566
23.198841129329868
23.279306631098205
23.31669903355234
23.539583631559793
23.63188971027503
24.287555208133277
25.108607418652742
25.63460474051624
26.15449659347999
0.6068822011212248
0.6686942053600734
0.7097612504916496
0.7552277371070794
0.8169382921753178
0.8936756238139804
0.964853451117072
1.0552217907815569
1.098065570015635
3.629478974181621
4.36408947801296
4.539483823974029
4.546464028761804
4.576751983668094
5.057025383332705
5.221252456130731
5.674132121608839
5.846944788125177
5.9801065383200775
6.12050927098852
6.17416763503365
6.2314523334221015
6.339254668615384
6.3579354287797845
6.412710750527053
6.488248212678203
6.5741112706446785
6.602508291688756
6.608813991591481
6.698513674975895
6.763292673202939
6.816080337733083
6.860694991829506
6.933792750382432
6.971374684630302
7.015037256142728
7.049584391929439
7.094132742846376
7.179772173150597
7.190183553928406
7.2003327338638385
7.2304679488746
7.287779943932181
7.33337068195602
7.378151201098195
7.450533317485073
7.4601149703107525
7.510077436711073
7.520163603056102
7.538572786515383
7.566305285216027
7.595282616987436
7.615646140749036
7.650345091924241
7.676869539662294
7.747057907247928
7.764969982412234
7.7968776789621135
7.800902568672489
7.849560989901817
7.903057936712908
7.93591907284333
7.971728749305657
8.045560024941583
8.089683429473245
8.111668563534073
8.11957255289184
8.13708289393437
8.222782896907257
8.254251688020815
8.272144266232894
8.277190903066264
8.339774667107747
8.400017160675047
8.439776217299364
8.459450878665308
8.475742070846767
8.515626250121105
8.552326728505367
8.602543331762753
8.625143328368722
8.668951876618946
8.719065034941346
8.752687913217462
8.797892397713149
8.803800169207921
8.833424975410754
8.869890323255728
8.900355146655272
8.941009638552844
8.967115149357653
8.994777044156148
9.02305847943806
9.025036999300212
9.083097993863108
9.09348742496497
9.140179646428159
9.170993919476189
9.182085562597871
9.195774379863872
9.26706757263948
9.283300361123983
9.317441983545192
9.364124298447972
9.405758010397825
9.423414921199305
9.455457972454045
9.479318267628702
9.503084327392171
9.523705609909573
9.530380611775831
9.539824793439536
9.568138282091882
9.59019871034153
9.62690783767699
9.667296937417868
9.706583729697615
9.753454596369512
9.759325669276405
9.771487072090737
9.849972647161662
9.882153927677534
9.907097064319009
9.929625693487159
9.954431337225143
9.987429796757572
10.011947671104778
10.02873842601292
10.075224348669211
10.081321905237301
10.108148776124434
10.133396633655359
10.164721376947883
10.185707143902222
10.202182768451825
10.236990233459451
10.275134663669997
10.306232360610851
10.33263268514165
10.366163586180804
10.378924318470265
10.392672553664594
10.451999197472922
10.476479541970335
10.491300538185229
10.544814589912571
10.587027428948764
10.624697657310156
10.65181102678294
10.682686126930173
10.725282426703265
10.765825981536272
10.780800985603625
10.788097779802282
10.822106957990583
10.837851654628203
10.876121092215834
10.887866220233935
10.921382117545841
10.950253017656605
10.96062752404654
11.004390867961522
11.032525479060746
11.064016955113823
11.084909444675073
11.106426753518427
11.126321755228723
11.159724299437421
11.189377882464608
11.21900412748084
11.267936870920225
11.275090948636498
11.294194092552052
11.332801717813295
11.34399010358184
11.361207800176754
11.373122878063205
11.387292947798421
11.425739119118116
11.434909951317467
11.48411917213485
11.490551953095347
11.526079085946467
11.543737714652492
11.596429853945155
11.629989057074322
11.67698930356807
11.707051528134318
11.728049812188578
11.75752104458569
11.76185611680459
11.813522433089885
11.831312608095315
11.83305743334656
11.843537171973278
11.901834294927937
11.941635787098148
11.964098423771174
11.9904377463286
12.013751779362453
12.02564100145534
12.082530708622883
12.097094759074592
12.120339239696335
12.156043276350777
12.161771653870428
12.208632022060277
12.210427006945467
12.263825910171134
12.28704017024147
12.300591165645873
12.339275503020232
12.346632637990785
12.352861237823474
12.381063146484323
12.427922187229926
12.441786773448554
12.455838669118522
12.499407620616136
12.515228117507656
12.545157160364353
12.561201342545045
12.591153559922837
12.61855923494289
12.641207171887011
12.655842295853903
12.715490779171674
12.729784262235428
12.759676433179266
12.780057617215144
12.818055056588738
12.842741444631994
12.877262599894134
12.880783134973884
12.936171718417876
12.97541745504432
13.017951749389557
13.056777013429482
13.079503765429115
13.100853226232001
13.120578508132256
13.177765473093212
13.186763708699246
13.257475178230782
13.296922715822387
13.311303163918396
13.331650959454008
13.354088522190471
13.383454009319362
13.390809323001282
13.397622990716837
13.435378727718229
13.477995560673119
13.50323064388403
13.516862666416973
13.564277565649935
13.574318559901318
13.589778202228626
13.614482047727336
13.658910769922898
13.666896562992536
13.70270610152628
13.738921416057176
13.772580465163813
13.782221995158249
13.83820038727905
13.854175158124084
13.870003354261055
13.907474100081025
13.925465813473117
13.931860067202663
13.96761863754534
13.992034806720742
14.025222629911122
14.065750525241931
14.072780756396781
14.108141153368942
14.167803994498817
14.19973413479198
14.22437589895918
14.278164949158873
14.309510312209552
14.351263399807475
14.380089526380038
14.409911598574011
14.435654990143473
14.47157115601288
14.504633964422242
14.526470588765129
14.555469380873776
14.57871250832251
14.588712438605917
14.62488438446628
14.644149156167606
14.665467024394639
14.719970069782994
14.72162482760668
14.767318310315826
14.77311985158074
14.790329755349605
14.846602213359459
14.858411716282076
14.88553354580178
14.937269597146448
14.9594220761435
14.981761501225456
15.026591055054572
15.058182056120627
15.081044525837065
15.129371536752414
15.143921590221698
15.179954320467683
15.200751208860407
15.229916802359572
15.276348201868341
15.306948874788691
15.354213553067096
15.40365136720925
15.410242124165515
15.44419040611761
15.468406500526752
15.50546103109173
15.528353338339048
15.54928969886338
15.587914782990973
15.638157883336659
15.648491595299
15.694901245431573
15.715488297223507
15.726565433964103
15.780906800143892
15.79444974564978
15.82200755195627
15.846811990565705
15.861384760525235
15.905201314510794
15.936144176967682
15.972587778105133
16.015603029216592
16.03054010217153
16.052605937472645
16.09036464548093
16.119486817065894
16.167697923950517
16.181797571156345
16.229186703852577
16.27786146617578
16.30817843046739
16.332948989222434
16.38317340082744
16.39837242537231
16.423173717713716
16.457583440478093
16.47150249715233
16.49871188914735
16.556510467773222
16.599292317376836
16.61393862027526
16.621543547260824
16.687609666834057
16.71021710886223
16.74387604050276
16.76496020973422
16.79891828091458
16.835053669032664
16.880892277208332
16.915143168451486
16.960795750998177
16.971487350768136
17.040277890053762
17.058178045147137
17.099710230871803
17.1219311991304
17.144146154958566
17.187364698901376
17.21769198661985
17.22985344122471
17.275985052968565
17.30569943132746
17.336287146968896
17.357743722421876
17.414019572249675
17.46434887164305
17.4710876385759
17.526671181312082
17.555819898888757
17.59517513602505
17.62064805977119
17.685183031942604
17.707867395094148
17.73599231080815
17.804368968754684
17.825606494949408
17.85129672797492
17.889924174414215
17.937657092131055
17.989203818848743
18.034895654319925
18.057076613208615
18.1265941585637
18.16190191075088
18.213114365426943
18.23671596391464
18.27591788394437
18.32391401468602
18.33919650057326
18.3910972635564
18.42445753853651
18.453218376162326
18.497980480851272
18.523545703332257
18.54011455958623
18.559401376685194
18.598049118640937
18.63630924998381
18.662385479403394
18.690344344291983
18.734283136556133
18.779635992566046
18.795320238226594
18.854614007903304
18.9308563152257
18.959270131521738
18.96923652105574
19.015972693729474
19.032086917234295
19.05985855821414
19.126847444287698
19.165382099763207
19.236322769440584
19.300395370731213
19.367614983043666
19.39973876027618
19.421311831873986
19.46744549700544
19.500986661553682
19.519194026009803
19.5496962237827
19.571621497960482
19.67148220529794
19.69126396613068
19.73963662401648
19.88527947138759
19.94386092426867
19.966198316863597
19.99128831943964
20.092253816516706
20.170040681352987
20.21166847333958
20.28763575330137
20.301688541295924
20.372159940351995
20.389701696851944
20.45651010511694
20.478431097371196
20.507318375425157
20.55050944046291
20.616542831739455
20.701524049121915
20.721396680864565
20.751305969362814
20.795573301519436
20.874280394977628
20.938590148186847
20.98800650566531
21.073321397522307
21.117648112414606
21.18429751662402
21.243118052749775
21.323823957014614
21.410094848206988
21.440630520780015
21.5135858657358
21.574691781451033
21.656673958118574
21.698864728610864
21.800316310104364
21.864213483456837
22.001927322538286
22.07168599338352
22.14548910952835
22.165480430043903
22.30178811920329
22.335483219202036
22.514164729435677
22.74318130862385
22.80889612166019
22.93549653244936
22.95069683709356
23.16986091252566
23.198841129329868
23.279306631098205
23.31669903355234
23.539583631559793
23.63188971027503
24.287555208133277
25.108607418652742
25.63460474051624
26.15449659347999
