0.6667442502860175
0.7736138984585661
0.803259104511309
0.8247438821948369
0.8396142582179861
0.9336498925024264
0.9612605067313229
1.052906900080589
1.103226222989679
3.6817908941712094
4.448971004933297
4.857572657025257
5.119750770712619
5.189925769179905
5.257716445205751
5.277752091678255
5.3494256234503545
5.5260614664321785
5.593512095596017
5.658101540358897
5.683612805446337
5.838041015127394
5.9133936547030945
5.9683913753625335
6.03040910330893
6.087397211344801
6.18314310165445
6.209800336777857
6.301487550342561
6.332063986004799
6.422966414926137
6.502889948282427
6.545424242961407
6.558119767341558
6.631902578728916
6.648892349115138
6.774077238124026
6.8185164091509805
6.864325134291244
6.902442067887232
6.925619314800758
6.962019983728591
6.993795270341012
7.042898344896172
7.060868474561293
7.120136485196635
7.125857908348673
7.175308280619204
7.215235961950917
7.22606055677628
7.334032074251177
7.34498542870954
7.387676779992101
7.4338944135891944
7.44966129699636
7.480462652995807
7.511748917651804
7.5246257914506
7.561621866307936
7.608700643914779
7.648784177074223
7.658138169751704
7.680467756135324
7.705874094805313
7.724583957141496
7.75077367710239
7.809932024382119
7.828501516174684
7.882970894941724
7.923549493462108
7.931873720597767
7.959857514332961
7.975639853462921
8.020474579576536
8.049877068055391
8.093734181699327
8.131755002073566
8.151498111880931
8.190930260190031
8.213583267428238
8.238596462709461
8.2972008957997
8.305436594478252
8.351414492837158
8.38358383688341
8.43630992278221
8.466066983787696
8.482023178112515
8.507064935060049
8.575027990811387
8.588501074518613
8.607051158966451
8.674069018253746
8.693790368305564
8.718316006730229
8.73605319519799
8.743351949594217
8.798766680920108
8.870009424750837
8.896253133123444
8.92368171343237
8.963833977597373
8.9868135918139
9.013757591550574
9.049987855021216
9.076970878414812
9.090874377379455
9.12191535661796
9.160166498094283
9.165548771962222
9.193079917454996
9.221553056404472
9.24959624400357
9.284096101493413
9.289721959208146
9.306529850612943
9.321683689843795
9.401905340085454
9.411702250963245
9.44689119818334
9.456942322462702
9.485415747684652
9.516881862346386
9.530526066863176
9.576749259757934
9.590938441292097
9.626161424545133
9.6578313598444
9.707534008535184
9.716281770259958
9.774445827026247
9.797849067173493
9.811894778685385
9.829876797374535
9.845675273585089
9.863978953616316
9.88347049495799
9.936195681827984
9.950735309975224
9.970423952811041
9.991540573145787
10.0026484913875
10.01891995013716
10.073686048146346
10.085680789028752
10.111482665276613
10.112237423186054
10.17070218840114
10.21665238484143
10.226596298148253
10.244772911711978
10.28712905700223
10.317944106168575
10.323274673620363
10.342053192883943
10.35465658062378
10.37999139508676
10.402744761060195
10.44001551119539
10.472168143350931
10.49143177917305
10.50556616569594
10.532001916048252
10.56181654720726
10.572547217467982
10.65004532245459
10.659749432384627
10.698504264404901
10.710718260568182
10.752299689916136
10.767684897684662
10.822927305682844
10.859570508247995
10.88611123914607
10.896121539158035
10.91828571501506
10.965585240934757
10.974410655660156
11.019567375121186
11.025994580363582
11.084885123753434
11.101338342521684
11.151668616911294
11.154360048840894
11.161287853816534
11.197577039036247
11.244664812427725
11.272214222870817
11.282043672455272
11.325414853416703
11.351462801592207
11.359903280969379
11.401519825469524
11.420780725714453
11.425302110818462
11.450253681249128
11.476473354177621
11.502887199822561
11.537220254016283
11.556968743698716
11.605986732704098
11.636104994168663
11.653167399523536
11.668097925488357
11.686912109174424
11.7266766759246
11.759385771977014
11.771241400166055
11.785325177569042
11.811733471714945
11.836161918052037
11.85818048997674
11.882086444461912
11.915831336618547
11.932220824345952
11.951283315027458
11.976421519773686
11.999814904190913
12.024018369756623
12.036656347493262
12.055405778988039
12.075842974378627
12.13581903759295
12.156336662449782
12.1684467011121
12.187725853336943
12.218745805504811
12.240496698490393
12.28580304216395
12.296209919635674
12.318029624955459
12.382411469109968
12.40810200523098
12.428120479978206
12.462117522578543
12.472441344949136
12.49516642631603
12.527227813396658
12.544526733258474
12.579576280503339
12.598371901638581
12.630060495102864
12.682539001689568
12.71493279139237
12.739187190880708
12.787986194389774
12.79721939909748
12.824368329743542
12.848774626360823
12.867403571471153
12.911455994396812
12.964676702580702
12.980235871198898
13.023172217183609
13.058314598809405
13.065879678918
13.0945292281016
13.122345362384179
13.149234689382087
13.157957314283465
13.169011867179197
13.197554015475701
13.223886739216267
13.276591030519702
13.306763125122101
13.372817811992677
13.380024150311815
13.39831209718528
13.40194656906845
13.434025195919823
13.456171174743002
13.490211467574586
13.49524986790058
13.506490780084414
13.563809410202174
13.591921308706711
13.62416324312426
13.63736559746616
13.654746109794422
13.702720664522202
13.717649114459274
13.744044250711944
13.782019899661549
13.801936092650681
13.820990950749989
13.827302892749657
13.863220528600326
13.877735023230917
13.935184857181882
13.947334641015049
13.955371792637845
13.972576026245834
14.013648717976968
14.03391435136016
14.060850508550335
14.09650004795828
14.113640514350772
14.124366433032069
14.148470094344463
14.188724858563084
14.20760840396371
14.216648474825606
14.286502074735244
14.302443878642995
14.345772245299404
14.37208124177831
14.411654926668836
14.447572195448894
14.479606294918028
14.490001359775873
14.506198821504741
14.518688711441353
14.58282064294324
14.600687981637073
14.608742401100384
14.637763231289927
14.677278959196991
14.702506198365207
14.711886744936091
14.753488526810976
14.769395264270582
14.813853259056472
14.842910105777117
14.882355018130049
14.909590146488586
14.928519449132855
14.953269293193348
14.993494900217426
15.032097646382917
15.05284297451308
15.108364556495479
15.111417263697058
15.12019744266272
15.149530371623243
15.173937331420866
15.232983211360626
15.285560331028957
15.307746919440868
15.3335422724947
15.3767106132385
15.385169551143163
15.421895779126569
15.468078765318367
15.550799411950871
15.572104081697555
15.597908068545854
15.632883486530032
15.66937282907854
15.710729650191968
15.721557239445927
15.747259385642538
15.806374966725201
15.817709898816718
15.872964354295437
15.889954684592626
15.908279509083547
15.945679082260112
16.01819778923472
16.044292420629613
16.05620623077843
16.087299855699428
16.11075439405498
16.135773992220734
16.18389351457204
16.216484287424187
16.252728908691633
16.290638345228444
16.303422386262937
16.345671809731446
16.406018978312243
16.45968297921962
16.488567646852694
16.507257067861573
16.518372284286382
16.522424492566966
16.57176133057638
16.611911551279103
16.631160405582285
16.67235496719871
16.709927736301214
16.732659829162035
16.763317393375463
16.800394502749512
16.828463920556402
16.844188813739578
16.860702480695238
16.928001958458044
16.937912614691488
16.96098039186236
16.97825144474298
17.014127631982095
17.05645127039824
17.08870857550312
17.111925977277515
17.13220740475577
17.17958258478724
17.222969479770857
17.25711742073021
17.280427799320638
17.29866342695205
17.315424847628254
17.357160033172615
17.409808816359593
17.430845812281888
17.493073734559214
17.550238683386976
17.631410378001366
17.682411388200247
17.71500106704173
17.723849282873697
17.76339814823747
17.799576273858023
17.852712695737942
17.89364193949577
17.923236560876347
17.93723461268779
18.015189603016506
18.076992008946757
18.091568265144517
18.143876984642848
18.187500132937434
18.221134183672447
18.27564650071845
18.31823763062827
18.394354697309904
18.417940565153927
18.44881892081289
18.467245832801094
18.540021221293227
18.597920764920424
18.611231918043394
18.683262726295098
18.736822636565112
18.78288063107157
18.826444876737707
18.869746811451712
18.904981689065835
18.931070791590802
19.0008184452031
19.047747443119942
19.07566334168282
19.145448420354402
19.15401984006022
19.190726892838352
19.208636743360124
19.273503418439947
19.358251009952284
19.371008189563174
19.46134586623463
19.476202016185475
19.518931698930896
19.55909446094411
19.61894704037917
19.64996874670267
19.723450151625904
19.77737256828924
19.804907230144575
19.83739755363748
19.891130857780887
19.962880395563324
20.012231570923195
20.062553126006847
20.133987862890258
20.181637422925906
20.217664410223193
20.251770035179145
20.314571834922155
20.37672632399557
20.42989717434759
20.51660484901336
20.587066418261255
20.736078195378965
20.76578996795001
20.829595116435453
20.911817928384203
21.004385297936153
21.06281258302489
21.181887330735652
21.263116008584426
21.366777505860785
21.516775793085507
21.55550958817027
21.618344479870636
21.789587358465816
21.819600604379733
21.909000702024223
21.928387458357285
22.049208884022153
22.101693928098747
22.146980934931
22.45500334442185
22.501559715515945
22.701529305575026
22.941149600817692
23.197297110801625
23.9067532722805
24.103267470600212
25.636443575109496
26.684976285019445
0.6667442502860175
0.7736138984585661
0.803259104511309
0.8247438821948369
0.8396142582179861
0.9336498925024264
0.9612605067313229
1.052906900080589
1.103226222989679
3.6817908941712094
4.448971004933297
4.857572657025257
5.119750770712619
5.189925769179905
5.257716445205751
5.277752091678255
5.3494256234503545
5.5260614664321785
5.593512095596017
5.658101540358897
5.683612805446337
5.838041015127394
5.9133936547030945
5.9683913753625335
6.03040910330893
6.087397211344801
6.18314310165445
6.209800336777857
6.301487550342561
6.332063986004799
6.422966414926137
6.502889948282427
6.545424242961407
6.558119767341558
6.631902578728916
6.648892349115138
6.774077238124026
6.8185164091509805
6.864325134291244
6.902442067887232
6.925619314800758
6.962019983728591
6.993795270341012
7.042898344896172
7.060868474561293
7.120136485196635
7.125857908348673
7.175308280619204
7.215235961950917
7.22606055677628
7.334032074251177
7.34498542870954
7.387676779992101
7.4338944135891944
7.44966129699636
7.480462652995807
7.511748917651804
7.5246257914506
7.561621866307936
7.608700643914779
7.648784177074223
7.658138169751704
7.680467756135324
7.705874094805313
7.724583957141496
7.75077367710239
7.809932024382119
7.828501516174684
7.882970894941724
7.923549493462108
7.931873720597767
7.959857514332961
7.975639853462921
8.020474579576536
8.049877068055391
8.093734181699327
8.131755002073566
8.151498111880931
8.190930260190031
8.213583267428238
8.238596462709461
8.2972008957997
8.305436594478252
8.351414492837158
8.38358383688341
8.43630992278221
8.466066983787696
8.482023178112515
8.507064935060049
8.575027990811387
8.588501074518613
8.607051158966451
8.674069018253746
8.693790368305564
8.718316006730229
8.73605319519799
8.743351949594217
8.798766680920108
8.870009424750837
8.896253133123444
8.92368171343237
8.963833977597373
8.9868135918139
9.013757591550574
9.049987855021216
9.076970878414812
9.090874377379455
9.12191535661796
9.160166498094283
9.165548771962222
9.193079917454996
9.221553056404472
9.24959624400357
9.284096101493413
9.289721959208146
9.306529850612943
9.321683689843795
9.401905340085454
9.411702250963245
9.44689119818334
9.456942322462702
9.485415747684652
9.516881862346386
9.530526066863176
9.576749259757934
9.590938441292097
9.626161424545133
9.6578313598444
9.707534008535184
9.716281770259958
9.774445827026247
9.797849067173493
9.811894778685385
9.829876797374535
9.845675273585089
9.863978953616316
9.88347049495799
9.936195681827984
9.950735309975224
9.970423952811041
9.991540573145787
10.0026484913875
10.01891995013716
10.073686048146346
10.085680789028752
10.111482665276613
10.112237423186054
10.17070218840114
10.21665238484143
10.226596298148253
10.244772911711978
10.28712905700223
10.317944106168575
10.323274673620363
10.342053192883943
10.35465658062378
10.37999139508676
10.402744761060195
10.44001551119539
10.472168143350931
10.49143177917305
10.50556616569594
10.532001916048252
10.56181654720726
10.572547217467982
10.65004532245459
10.659749432384627
10.698504264404901
10.710718260568182
10.752299689916136
10.767684897684662
10.822927305682844
10.859570508247995
10.88611123914607
10.896121539158035
10.91828571501506
10.965585240934757
10.974410655660156
11.019567375121186
11.025994580363582
11.084885123753434
11.101338342521684
11.151668616911294
11.154360048840894
11.161287853816534
11.197577039036247
11.244664812427725
11.272214222870817
11.282043672455272
11.325414853416703
11.351462801592207
11.359903280969379
11.401519825469524
11.420780725714453
11.425302110818462
11.450253681249128
11.476473354177621
11.502887199822561
11.537220254016283
11.556968743698716
11.605986732704098
11.636104994168663
11.653167399523536
11.668097925488357
11.686912109174424
11.7266766759246
11.759385771977014
11.771241400166055
11.785325177569042
11.811733471714945
11.836161918052037
11.85818048997674
11.882086444461912
11.915831336618547
11.932220824345952
11.951283315027458
11.976421519773686
11.999814904190913
12.024018369756623
12.036656347493262
12.055405778988039
12.075842974378627
12.13581903759295
12.156336662449782
12.1684467011121
12.187725853336943
12.218745805504811
12.240496698490393
12.28580304216395
12.296209919635674
12.318029624955459
12.382411469109968
12.40810200523098
12.428120479978206
12.462117522578543
12.472441344949136
12.49516642631603
12.527227813396658
12.544526733258474
12.579576280503339
12.598371901638581
12.630060495102864
12.682539001689568
12.71493279139237
12.739187190880708
12.787986194389774
12.79721939909748
12.824368329743542
12.848774626360823
12.867403571471153
12.911455994396812
12.964676702580702
12.980235871198898
13.023172217183609
13.058314598809405
13.065879678918
13.0945292281016
13.122345362384179
13.149234689382087
13.157957314283465
13.169011867179197
13.197554015475701
13.223886739216267
13.276591030519702
13.306763125122101
13.372817811992677
13.380024150311815
13.39831209718528
13.40194656906845
13.434025195919823
13.456171174743002
13.490211467574586
13.49524986790058
13.506490780084414
13.563809410202174
13.591921308706711
13.62416324312426
13.63736559746616
13.654746109794422
13.702720664522202
13.717649114459274
13.744044250711944
13.782019899661549
13.801936092650681
13.820990950749989
13.827302892749657
13.863220528600326
13.877735023230917
13.935184857181882
13.947334641015049
13.955371792637845
13.972576026245834
14.013648717976968
14.03391435136016
14.060850508550335
14.09650004795828
14.113640514350772
14.124366433032069
14.148470094344463
14.188724858563084
14.20760840396371
14.216648474825606
14.286502074735244
14.302443878642995
14.345772245299404
14.37208124177831
14.411654926668836
14.447572195448894
14.479606294918028
14.490001359775873
14.506198821504741
14.518688711441353
14.58282064294324
14.600687981637073
14.608742401100384
14.637763231289927
14.677278959196991
14.702506198365207
14.711886744936091
14.753488526810976
14.769395264270582
14.813853259056472
14.842910105777117
14.882355018130049
14.909590146488586
14.928519449132855
14.953269293193348
14.993494900217426
15.032097646382917
15.05284297451308
15.108364556495479
15.111417263697058
15.12019744266272
15.149530371623243
15.173937331420866
15.232983211360626
15.285560331028957
15.307746919440868
15.3335422724947
15.3767106132385
15.385169551143163
15.421895779126569
15.468078765318367
15.550799411950871
15.572104081697555
15.597908068545854
15.632883486530032
15.66937282907854
15.710729650191968
15.721557239445927
15.747259385642538
15.806374966725201
15.817709898816718
15.872964354295437
15.889954684592626
15.908279509083547
15.945679082260112
16.01819778923472
16.044292420629613
16.05620623077843
16.087299855699428
16.11075439405498
16.135773992220734
16.18389351457204
16.216484287424187
16.252728908691633
16.290638345228444
16.303422386262937
16.345671809731446
16.406018978312243
16.45968297921962
16.488567646852694
16.507257067861573
16.518372284286382
16.522424492566966
16.57176133057638
16.611911551279103
16.631160405582285
16.67235496719871
16.709927736301214
16.732659829162035
16.763317393375463
16.800394502749512
16.828463920556402
16.844188813739578
16.860702480695238
16.928001958458044
16.937912614691488
16.96098039186236
16.97825144474298
17.014127631982095
17.05645127039824
17.08870857550312
17.111925977277515
17.13220740475577
17.17958258478724
17.222969479770857
17.25711742073021
17.280427799320638
17.29866342695205
17.315424847628254
17.357160033172615
17.409808816359593
17.430845812281888
17.493073734559214
17.550238683386976
17.631410378001366
17.682411388200247
17.71500106704173
17.723849282873697
17.76339814823747
17.799576273858023
17.852712695737942
17.89364193949577
17.923236560876347
17.93723461268779
18.015189603016506
18.076992008946757
18.091568265144517
18.143876984642848
18.187500132937434
18.221134183672447
18.27564650071845
18.31823763062827
18.394354697309904
18.417940565153927
18.44881892081289
18.467245832801094
18.540021221293227
18.597920764920424
18.611231918043394
18.683262726295098
18.736822636565112
18.78288063107157
18.826444876737707
18.869746811451712
18.904981689065835
18.931070791590802
19.0008184452031
19.047747443119942
19.07566334168282
19.145448420354402
19.15401984006022
19.190726892838352
19.208636743360124
19.273503418439947
19.358251009952284
19.371008189563174
19.46134586623463
19.476202016185475
19.518931698930896
19.55909446094411
19.61894704037917
19.64996874670267
19.723450151625904
19.77737256828924
19.804907230144575
19.83739755363748
19.891130857780887
19.962880395563324
20.012231570923195
20.062553126006847
20.133987862890258
20.181637422925906
20.217664410223193
20.251770035179145
20.314571834922155
20.37672632399557
20.42989717434759
20.51660484901336
20.587066418261255
20.736078195378965
20.76578996795001
20.829595116435453
20.911817928384203
21.004385297936153
21.06281258302489
21.181887330735652
21.263116008584426
21.366777505860785
21.516775793085507
21.55550958817027
21.618344479870636
21.789587358465816
21.819600604379733
21.909000702024223
21.928387458357285
22.049208884022153
22.101693928098747
22.146980934931
22.45500334442185
22.501559715515945
22.701529305575026
22.941149600817692
23.197297110801625
23.9067532722805
24.103267470600212
25.636443575109496
26.684976285019445
