0.6727415590585855
0.872959718157302
0.9640613895124153
0.9916860548927257
1.1154375454362284
9.571157994354941
10.241279260062235
10.640586351592395
10.726093175785294
10.778188698631755
10.819639618709962
10.966341759508612
11.009092355865317
11.08029456038849
11.194400588914153
11.3693884942158
11.421811446208864
11.520885852158818
11.824534290447119
11.896010847432233
11.982230298941175
12.0442966228509
12.06273210945818
12.085392516316862
12.186650790663087
12.18740272999179
12.196742606535206
12.220260603780245
12.315818459830178
12.382590882578782
12.414105828426084
12.440297274218093
12.596332482216145
12.664801656529571
12.702408926068886
12.7748502141819
12.821181752291002
12.886837885140457
12.935762484830551
12.959564508058648
13.009439333582767
13.144660331086806
13.17295823550811
13.22567605272588
13.276237865417375
13.335842828800347
13.381556073194421
13.39333656532246
13.500849369480648
13.512840601324541
13.539435092307071
13.620086199317736
13.641694841954239
13.740855974993394
13.761761455230136
13.841198872784476
13.931260809981511
13.965379632836314
14.059941206505858
14.089728325318246
14.13709351855806
14.175490004233117
14.214257815265535
14.250270621821278
14.279245178571015
14.35348600767672
14.38011108227737
14.410093786871066
14.447274192980204
14.500512851238453
14.55024366377095
14.575077836027013
14.612850254426993
14.625041366296905
14.686611146862163
14.700897178418076
14.744799755960157
14.805789979152191
14.813609754724435
14.855904976835578
14.879897799147264
14.917140799465036
14.934859471210697
14.976174336428212
15.034437776520694
15.062343398905524
15.109198977107283
15.127533575191546
15.191232188231941
15.219378148680947
15.262565786470196
15.321852692581302
15.396079025192382
15.400496419381119
15.428969904402743
15.485405758031145
15.520895485325601
15.546274044231232
15.574324026154658
15.58205059737939
15.644650805054225
15.670949617495939
15.729636071159609
15.802554530212669
15.8468320195658
15.876039086241702
15.913500594892907
15.949056916815548
15.974723405566804
15.996311565355631
16.009662129717945
16.085289530717038
16.106316605506805
16.121726264042557
16.151754264051934
16.195323503453196
16.251166337670025
16.311088737211925
16.384286876512164
16.434387307821495
16.45180140330867
16.517785182702795
16.548803601101934
16.59840231738238
16.66744177822764
16.677518187177245
16.70586715898805
16.733134021780117
16.7538439247341
16.765485222024157
16.795878714850154
16.856519955767503
16.885603096206417
16.91303775710537
16.9339487310283
16.95120985483008
16.9655940099833
16.984813450418383
17.01929006738122
17.0926112333532
17.14774459455914
17.173265243232038
17.216781530659226
17.275979205651737
17.29157072508931
17.322604647039963
17.364946865129948
17.38059723661416
17.402582116404567
17.45325686674809
17.5034186851055
17.52884025769504
17.589293170352008
17.624933155783072
17.66700877370354
17.718191826131083
17.736041280943457
17.766998173297374
17.797216341974355
17.828063023719643
17.869089170062722
17.897950309568216
17.905135814002154
17.935406341913932
18.013012158267017
18.029237246686105
18.03855294823126
18.10235177361655
18.143925578595482
18.182868814295535
18.194664157413364
18.251730482423472
18.292561040095897
18.308421795214812
18.34970233208017
18.357196262300317
18.41357537556829
18.4301790560685
18.49754327468538
18.51830025902658
18.601997465955154
18.63425111491245
18.66880096029276
18.695504816036298
18.72852160275879
18.746893268820646
18.77459786106664
18.836682364952942
18.851737699175676
18.87204698428574
18.906894267953447
19.00327706340932
19.026256971947827
19.060886185883213
19.08071722186615
19.111278696478067
19.14022118294983
19.18311499848878
19.23743338124859
19.253345920787122
19.263109375552823
19.278451352740092
19.310845978856694
19.33464322796833
19.40276806231832
19.40375155614866
19.435136381305817
19.471205947816603
19.48942192649385
19.51319545165273
19.562718795556865
19.59765332903046
19.6332531432556
19.662447738807668
19.716809558435326
19.76469234640006
19.794658332598264
19.817505970490267
19.84973972974692
19.909591768270644
19.951404351843834
19.996443657689035
20.045652019879512
20.08271122876503
20.095957628707673
20.148362587115543
20.18335986294824
20.198097972035992
20.280431897755722
20.28464438228095
20.319533370971584
20.341611768300883
20.418795068773875
20.440119964376997
20.51771106835937
20.54429194568294
20.593640791322546
20.619920319797288
20.66571352996682
20.699884993283327
20.706512959301307
20.771907801519955
20.779724339035806
20.792852806586524
20.848617987010886
20.858547976775498
20.887851567270694
20.93764268522125
20.960651333627162
21.00176510956286
21.052367679485336
21.08293883207249
21.10576945658236
21.14987844520942
21.180301968279082
21.202034313327097
21.28618929647307
21.30612908897854
21.35798673059438
21.361557276810966
21.399684793236627
21.423555891332697
21.457905505351764
21.487230307042513
21.544314810436504
21.561248590433802
21.616508549740388
21.668002708473686
21.708003314482884
21.715431931687355
21.75046833046033
21.778720884951582
21.831777174106545
21.843586784024648
21.873755152248457
21.918053411216814
21.926631160333365
21.961191989784695
21.97778782645741
22.047266912768986
22.099527622602096
22.15902064757923
22.18086895285094
22.209084990649455
22.23929184869054
22.260804170967763
22.28412751968298
22.368203934235474
22.402629284628897
22.45552092043656
22.45984942457398
22.50046315957977
22.510199580685555
22.560250615411864
22.584988223844135
22.61764343854732
22.65540334873615
22.669339184579556
22.713849927436826
22.73101080592494
22.755580034703176
22.786051724492996
22.85890675056095
22.86424753856313
22.905068699139022
22.963811299701874
22.986091385907294
23.023186618911573
23.100791334945676
23.127559995738086
23.15127835511878
23.223307824626307
23.232295771380393
23.29029458868012
23.344801987921585
23.391081036491098
23.409896551883072
23.450969436164645
23.495591794159846
23.516026891380776
23.548443910142378
23.568696579563866
23.642048701714426
23.675425293504194
23.72051177256539
23.739768049803132
23.749512368745357
23.85429177384195
23.863044978100195
23.882111280830415
23.897807359203977
23.955843392223425
23.975902267337677
24.01297957937719
24.061285427284425
24.125811380926965
24.152343598874275
24.17042793854542
24.215218479934713
24.22032980364167
24.292734513364184
24.324056542550217
24.358749242954016
24.367998747681163
24.40681878913826
24.462549199036864
24.503894476412984
24.524657563782867
24.574067288415915
24.595702023114825
24.628672437999956
24.69283554629866
24.704568711228777
24.757449867929562
24.794571202413582
24.838834361536126
24.846571828007967
24.904667653763767
24.91653837279217
24.957311114057998
24.97736176759427
25.079361574613497
25.130053718196933
25.138534774521837
25.191485828834793
25.228031859048237
25.291849375701005
25.337603551832764
25.341569350417064
25.437771889252293
25.500977019572712
25.54310655795377
25.58152823926568
25.601191734884402
25.656653034121497
25.689749981497076
25.736946309034472
25.768696041253687
25.80887489578026
25.856203167126854
25.933282273710873
25.98500013370294
26.013912572755462
26.037760279296855
26.06887442874214
26.081982318030178
26.167561362637077
26.181015161667425
26.301268808782638
26.314379582381473
26.387453223173676
26.425963183140837
26.483956930971118
26.51534424737888
26.599378774385567
26.68812940807861
26.71836323414776
26.755512872601486
26.764937965510537
26.81460185962187
26.85823775083785
26.867694911418106
26.914453785007865
27.017597978156264
27.044988425636088
27.10834987639191
27.148179511909543
27.16695238414706
27.226786399457154
27.264294635180516
27.317054528357552
27.325241178218516
27.356743978593006
27.429203621348634
27.505736339113902
27.53428580989136
27.588463827494426
27.6560002242378
27.699374817109987
27.714607268017488
27.726446562099188
27.767715795468153
27.868852157312947
27.927570861603435
27.978232964799723
28.051117177116332
28.081949978126488
28.13333538687451
28.17500074807932
28.183637571349855
28.237456366095785
28.285845310426076
28.308953797479827
28.414299300570107
28.439777772964273
28.492404251686807
28.546806711946736
28.55780915043818
28.661795555293725
28.759323928474178
28.790311988788265
28.86250632055205
28.930980259646336
28.9501216576131
29.007338120772257
29.036524396368257
29.134459927026505
29.207845756361593
29.261872856600686
29.294593524751644
29.344517020600804
29.36901954879686
29.512789886321244
29.54699461206752
29.605818323932212
29.686918935662618
29.730201653281824
29.779731969923358
29.8303072494717
29.871019186883288
29.980990720945083
30.01962808748895
30.10073355417454
30.171310555905926
30.247934024406305
30.291626500620758
30.366129161108518
30.458622041544366
30.520370212542385
30.564436107296018
30.62805689647736
30.687664080409306
30.78177504180552
30.88810565099607
30.928201093750037
30.93551439194422
31.066413520186625
31.164996565493002
31.361359648092073
31.542269791019663
31.571403173116842
31.731572904741775
31.85293209073754
31.971612688079272
32.02096480379543
32.10464849027054
32.13418310414577
32.276870899513085
32.42496896704797
32.60814619296993
32.7960835950886
33.06261154450136
33.3726220290282
33.39571181975708
33.67478821096999
33.895571727944365
35.179979115940945
36.38173142783455
37.83815895602781
0.6727415590585855
0.872959718157302
0.9640613895124153
0.9916860548927257
1.1154375454362284
9.571157994354941
10.241279260062235
10.640586351592395
10.726093175785294
10.778188698631755
10.819639618709962
10.966341759508612
11.009092355865317
11.08029456038849
11.194400588914153
11.3693884942158
11.421811446208864
11.520885852158818
11.824534290447119
11.896010847432233
11.982230298941175
12.0442966228509
12.06273210945818
12.085392516316862
12.186650790663087
12.18740272999179
12.196742606535206
12.220260603780245
12.315818459830178
12.382590882578782
12.414105828426084
12.440297274218093
12.596332482216145
12.664801656529571
12.702408926068886
12.7748502141819
12.821181752291002
12.886837885140457
12.935762484830551
12.959564508058648
13.009439333582767
13.144660331086806
13.17295823550811
13.22567605272588
13.276237865417375
13.335842828800347
13.381556073194421
13.39333656532246
13.500849369480648
13.512840601324541
13.539435092307071
13.620086199317736
13.641694841954239
13.740855974993394
13.761761455230136
13.841198872784476
13.931260809981511
13.965379632836314
14.059941206505858
14.089728325318246
14.13709351855806
14.175490004233117
14.214257815265535
14.250270621821278
14.279245178571015
14.35348600767672
14.38011108227737
14.410093786871066
14.447274192980204
14.500512851238453
14.55024366377095
14.575077836027013
14.612850254426993
14.625041366296905
14.686611146862163
14.700897178418076
14.744799755960157
14.805789979152191
14.813609754724435
14.855904976835578
14.879897799147264
14.917140799465036
14.934859471210697
14.976174336428212
15.034437776520694
15.062343398905524
15.109198977107283
15.127533575191546
15.191232188231941
15.219378148680947
15.262565786470196
15.321852692581302
15.396079025192382
15.400496419381119
15.428969904402743
15.485405758031145
15.520895485325601
15.546274044231232
15.574324026154658
15.58205059737939
15.644650805054225
15.670949617495939
15.729636071159609
15.802554530212669
15.8468320195658
15.876039086241702
15.913500594892907
15.949056916815548
15.974723405566804
15.996311565355631
16.009662129717945
16.085289530717038
16.106316605506805
16.121726264042557
16.151754264051934
16.195323503453196
16.251166337670025
16.311088737211925
16.384286876512164
16.434387307821495
16.45180140330867
16.517785182702795
16.548803601101934
16.59840231738238
16.66744177822764
16.677518187177245
16.70586715898805
16.733134021780117
16.7538439247341
16.765485222024157
16.795878714850154
16.856519955767503
16.885603096206417
16.91303775710537
16.9339487310283
16.95120985483008
16.9655940099833
16.984813450418383
17.01929006738122
17.0926112333532
17.14774459455914
17.173265243232038
17.216781530659226
17.275979205651737
17.29157072508931
17.322604647039963
17.364946865129948
17.38059723661416
17.402582116404567
17.45325686674809
17.5034186851055
17.52884025769504
17.589293170352008
17.624933155783072
17.66700877370354
17.718191826131083
17.736041280943457
17.766998173297374
17.797216341974355
17.828063023719643
17.869089170062722
17.897950309568216
17.905135814002154
17.935406341913932
18.013012158267017
18.029237246686105
18.03855294823126
18.10235177361655
18.143925578595482
18.182868814295535
18.194664157413364
18.251730482423472
18.292561040095897
18.308421795214812
18.34970233208017
18.357196262300317
18.41357537556829
18.4301790560685
18.49754327468538
18.51830025902658
18.601997465955154
18.63425111491245
18.66880096029276
18.695504816036298
18.72852160275879
18.746893268820646
18.77459786106664
18.836682364952942
18.851737699175676
18.87204698428574
18.906894267953447
19.00327706340932
19.026256971947827
19.060886185883213
19.08071722186615
19.111278696478067
19.14022118294983
19.18311499848878
19.23743338124859
19.253345920787122
19.263109375552823
19.278451352740092
19.310845978856694
19.33464322796833
19.40276806231832
19.40375155614866
19.435136381305817
19.471205947816603
19.48942192649385
19.51319545165273
19.562718795556865
19.59765332903046
19.6332531432556
19.662447738807668
19.716809558435326
19.76469234640006
19.794658332598264
19.817505970490267
19.84973972974692
19.909591768270644
19.951404351843834
19.996443657689035
20.045652019879512
20.08271122876503
20.095957628707673
20.148362587115543
20.18335986294824
20.198097972035992
20.280431897755722
20.28464438228095
20.319533370971584
20.341611768300883
20.418795068773875
20.440119964376997
20.51771106835937
20.54429194568294
20.593640791322546
20.619920319797288
20.66571352996682
20.699884993283327
20.706512959301307
20.771907801519955
20.779724339035806
20.792852806586524
20.848617987010886
20.858547976775498
20.887851567270694
20.93764268522125
20.960651333627162
21.00176510956286
21.052367679485336
21.08293883207249
21.10576945658236
21.14987844520942
21.180301968279082
21.202034313327097
21.28618929647307
21.30612908897854
21.35798673059438
21.361557276810966
21.399684793236627
21.423555891332697
21.457905505351764
21.487230307042513
21.544314810436504
21.561248590433802
21.616508549740388
21.668002708473686
21.708003314482884
21.715431931687355
21.75046833046033
21.778720884951582
21.831777174106545
21.843586784024648
21.873755152248457
21.918053411216814
21.926631160333365
21.961191989784695
21.97778782645741
22.047266912768986
22.099527622602096
22.15902064757923
22.18086895285094
22.209084990649455
22.23929184869054
22.260804170967763
22.28412751968298
22.368203934235474
22.402629284628897
22.45552092043656
22.45984942457398
22.50046315957977
22.510199580685555
22.560250615411864
22.584988223844135
22.61764343854732
22.65540334873615
22.669339184579556
22.713849927436826
22.73101080592494
22.755580034703176
22.786051724492996
22.85890675056095
22.86424753856313
22.905068699139022
22.963811299701874
22.986091385907294
23.023186618911573
23.100791334945676
23.127559995738086
23.15127835511878
23.223307824626307
23.232295771380393
23.29029458868012
23.344801987921585
23.391081036491098
23.409896551883072
23.450969436164645
23.495591794159846
23.516026891380776
23.548443910142378
23.568696579563866
23.642048701714426
23.675425293504194
23.72051177256539
23.739768049803132
23.749512368745357
23.85429177384195
23.863044978100195
23.882111280830415
23.897807359203977
23.955843392223425
23.975902267337677
24.01297957937719
24.061285427284425
24.125811380926965
24.152343598874275
24.17042793854542
24.215218479934713
24.22032980364167
24.292734513364184
24.324056542550217
24.358749242954016
24.367998747681163
24.40681878913826
24.462549199036864
24.503894476412984
24.524657563782867
24.574067288415915
24.595702023114825
24.628672437999956
24.69283554629866
24.704568711228777
24.757449867929562
24.794571202413582
24.838834361536126
24.846571828007967
24.904667653763767
24.91653837279217
24.957311114057998
24.97736176759427
25.079361574613497
25.130053718196933
25.138534774521837
25.191485828834793
25.228031859048237
25.291849375701005
25.337603551832764
25.341569350417064
25.437771889252293
25.500977019572712
25.54310655795377
25.58152823926568
25.601191734884402
25.656653034121497
25.689749981497076
25.736946309034472
25.768696041253687
25.80887489578026
25.856203167126854
25.933282273710873
25.98500013370294
26.013912572755462
26.037760279296855
26.06887442874214
26.081982318030178
26.167561362637077
26.181015161667425
26.301268808782638
26.314379582381473
26.387453223173676
26.425963183140837
26.483956930971118
26.51534424737888
26.599378774385567
26.68812940807861
26.71836323414776
26.755512872601486
26.764937965510537
26.81460185962187
26.85823775083785
26.867694911418106
26.914453785007865
27.017597978156264
27.044988425636088
27.10834987639191
27.148179511909543
27.16695238414706
27.226786399457154
27.264294635180516
27.317054528357552
27.325241178218516
27.356743978593006
27.429203621348634
27.505736339113902
27.53428580989136
27.588463827494426
27.6560002242378
27.699374817109987
27.714607268017488
27.726446562099188
27.767715795468153
27.868852157312947
27.927570861603435
27.978232964799723
28.051117177116332
28.081949978126488
28.13333538687451
28.17500074807932
28.183637571349855
28.237456366095785
28.285845310426076
28.308953797479827
28.414299300570107
28.439777772964273
28.492404251686807
28.546806711946736
28.55780915043818
28.661795555293725
28.759323928474178
28.790311988788265
28.86250632055205
28.930980259646336
28.9501216576131
29.007338120772257
29.036524396368257
29.134459927026505
29.207845756361593
29.261872856600686
29.294593524751644
29.344517020600804
29.36901954879686
29.512789886321244
29.54699461206752
29.605818323932212
29.686918935662618
29.730201653281824
29.779731969923358
29.8303072494717
29.871019186883288
29.980990720945083
30.01962808748895
30.10073355417454
30.171310555905926
30.247934024406305
30.291626500620758
30.366129161108518
30.458622041544366
30.520370212542385
30.564436107296018
30.62805689647736
30.687664080409306
30.78177504180552
30.88810565099607
30.928201093750037
30.93551439194422
31.066413520186625
31.164996565493002
31.361359648092073
31.542269791019663
31.571403173116842
31.731572904741775
31.85293209073754
31.971612688079272
32.02096480379543
32.10464849027054
32.13418310414577
32.276870899513085
32.42496896704797
32.60814619296993
32.7960835950886
33.06261154450136
33.3726220290282
33.39571181975708
33.67478821096999
33.895571727944365
35.179979115940945
36.38173142783455
37.83815895602781
