0.628751138772131
0.7113573446902384
0.8382394610474607
0.8513811505768318
0.8749912353072137
0.9414364206085802
1.033263978501818
1.086168675604497
1.1881788700350537
5.234394059310349
5.370461807023759
5.430331986418825
5.8139247868736295
5.855039304492616
5.902957378820211
5.941503481525183
5.967091047703364
6.079054820066954
6.156713248707973
6.210307991520878
6.245796942877134
6.275585509262482
6.287554417085641
6.306771891439251
6.32022361417136
6.37029992843491
6.552942878158654
6.63283782442562
6.682602579082011
6.7069299510195926
6.755767486116969
6.795581574235843
6.829897040213051
6.842998396113531
6.8973486970681686
6.938754042995396
6.946482092714052
6.966947523979617
6.999083100933303
7.0469685373452045
7.080129199244614
7.096306688713671
7.122810383872208
7.149384448497513
7.269443514333149
7.353840077497543
7.354053720272381
7.3815327398555795
7.389562394845964
7.412535921902782
7.476636187012231
7.4937307099994745
7.514221267059936
7.528671037532336
7.575036152673226
7.604401312290073
7.640286098678801
7.677909235308222
7.695884772960308
7.7107467709934285
7.727339128726404
7.760024662130116
7.8052645350963
7.83560705276008
7.862801583715761
7.9144359914299995
7.9473550835739095
8.005090354880029
8.069581598720898
8.081660236739
8.121524400184377
8.13237074526254
8.210341728011516
8.25602194853175
8.272553258411909
8.29618718594305
8.34671376362636
8.390828082293146
8.406525772877393
8.433224806924912
8.458897409242923
8.476418851578241
8.485535731320418
8.519317055873305
8.589310399802637
8.607877657458747
8.625466594758906
8.6751477335565
8.686862730446478
8.752913731034122
8.769697782890018
8.781035972923634
8.82076934363504
8.888000372565902
8.925018148465291
8.942862333104086
8.984404042411601
9.024497911782815
9.031649819560096
9.067384549679515
9.087597691292768
9.106289791056204
9.129931645787142
9.151669134013341
9.161378151200504
9.185388386891766
9.193420288225244
9.247401455558286
9.269313642341075
9.279598127580673
9.33965053247287
9.364092932850427
9.397355185454463
9.439767324021965
9.456194654644905
9.533474082512669
9.57313152655315
9.599230059511335
9.633938574795943
9.661181804228
9.697843945433243
9.722873888065097
9.764313941978545
9.813221703173665
9.835316558806387
9.851027331891599
9.863430101701924
9.893598645644254
9.905788249848651
9.933368929350792
9.948580381668432
9.987571646985911
9.99864906623051
10.017426575258973
10.04479401384084
10.058880185434662
10.085604824853318
10.108217189394148
10.172082149264863
10.185156284701069
10.201012490856964
10.202116880829585
10.221788580689982
10.262520766212395
10.290906682948613
10.306378427032913
10.34849418392618
10.36230210678734
10.38320533755027
10.426571352973822
10.454332460003172
10.48486771660507
10.510958139180445
10.531963373776287
10.544316564801937
10.548351194022615
10.612043869826076
10.617624145798276
10.647849461982087
10.673351644717217
10.686430337225966
10.701887343043154
10.719179356300621
10.749436680007173
10.777587559830968
10.821695064355385
10.835162826567021
10.856843442437125
10.88057238405512
10.884709431366186
10.910654710190265
10.955071058842677
10.999219301851124
11.007111975074556
11.061843509014892
11.095082620675024
11.1035785341504
11.128909205802502
11.142709414414515
11.190720918736211
11.22372399541387
11.245891770920078
11.273999196765889
11.292645216902372
11.363303054401223
11.375827060406339
11.39268683235864
11.415483514046505
11.44244832852564
11.47118734995415
11.486037914641123
11.51069503487324
11.538830060541637
11.567806494328202
11.608511816036337
11.624226720349249
11.659324916414372
11.690389050932302
11.751929388388497
11.761612568382521
11.788589975756334
11.822362176544816
11.846109903442105
11.876971823357641
11.914889031676216
11.930194005780189
11.942662480469
11.97008763475398
11.976235984051538
11.99946419115222
12.036404012734097
12.057342893399172
12.06606433610426
12.085700587356348
12.094929834018053
12.145887415361177
12.165806182987536
12.190898406864818
12.22521820570664
12.231867049643187
12.291742567751482
12.306251010061658
12.330656963699383
12.373713057713314
12.38587404091183
12.420581036629862
12.4599455459863
12.484110693793557
12.51793078147794
12.529780037601071
12.584984747995083
12.604654059140326
12.613295155954031
12.645452759573098
12.68084552564184
12.718030184186679
12.740556496813838
12.786221772153654
12.8156675493715
12.83713463577044
12.858654890391682
12.897599891970858
12.90956800743042
12.934759453218694
12.943661551776621
13.01123444802386
13.040161370698893
13.075412986129631
13.091361400453282
13.116018030556837
13.161427925455387
13.204977452649993
13.22700917816779
13.256099624960047
13.265384410616761
13.28132655341173
13.314087803205483
13.359318529784588
13.374812235294161
13.41359518283744
13.438633682667591
13.453301636214311
13.497452459829912
13.504548654189147
13.519893325553085
13.562144881910479
13.593686413722528
13.617029080849765
13.669977050230004
13.695137910823911
13.720153507857868
13.777511941472602
13.79419854954308
13.825306764568142
13.846354264567038
13.892457623215027
13.91451817826103
13.947902064048838
14.003617462740884
14.011740398800876
14.031243402031631
14.052356851571865
14.116800139269476
14.145449435464693
14.16313633462172
14.187862338444084
14.221282280042104
14.244153580942132
14.263873230374543
14.289862742197707
14.346852834767647
14.382567556184261
14.396526743142555
14.406723970970031
14.43482072987071
14.504153920623486
14.51472919890343
14.557573853331458
14.587935819073031
14.611079235145464
14.612982134245426
14.650228006552549
14.66227859733366
14.69706696948483
14.707252428904738
14.741498269860463
14.77440191236367
14.822328028565318
14.85523495959431
14.867038041759505
14.896198023494097
14.940300426478844
14.96032989079995
14.988017089108974
15.009311625577087
15.024262207244744
15.071450668150632
15.081775286883653
15.092288107974433
15.166313024638427
15.19282583555064
15.211473310169373
15.234191061664655
15.251997938208005
15.281697333955377
15.324938246820325
15.361222880318666
15.380597168511041
15.437890464962122
15.491593706336413
15.520365861890458
15.539481639639824
15.545338578092885
15.583430581940192
15.614378260367621
15.641816897850287
15.691917981295171
15.716259023968165
15.743959511424107
15.804987009116415
15.827254482080267
15.836057028375093
15.864164871834133
15.890377247961622
15.919340125069837
15.962976182269113
16.009207486539214
16.047153972859565
16.051901281949025
16.070774527096045
16.163758212839433
16.17326144772489
16.205797921748783
16.231383100001132
16.30182664733157
16.327952393385953
16.361131548023607
16.390891672994474
16.415126959839938
16.468460677492484
16.473918374790536
16.508293829261298
16.549378882444405
16.569177084822385
16.600698246990838
16.619522365310978
16.642493614858736
16.682349405839975
16.701217953908145
16.7364469795782
16.7696363575164
16.784419488911958
16.815991282713533
16.854971119367047
16.874872437842516
16.97245532347641
16.99022395205464
17.017682251995844
17.06642208075803
17.093942032372496
17.153729678864014
17.168416373195257
17.20859612197314
17.226016374133156
17.262640399909262
17.30005927538244
17.323398938894954
17.368013812726694
17.397772569555016
17.441979582964713
17.509417119362936
17.529298204321464
17.56214021714629
17.58566245026701
17.642499453062232
17.678568120677596
17.709997437283533
17.748891814210946
17.77662121972827
17.805882485260707
17.82424277842937
17.85172766019912
17.884110604173287
17.929663108059845
17.951028485163878
18.009290981735905
18.036373881439573
18.10035277023245
18.127792671752704
18.161060115561014
18.20202823827056
18.22651765082036
18.260254980118347
18.308661393413455
18.32474315143372
18.43736503834802
18.528239344048473
18.551352555805313
18.574776630543568
18.641379999980998
18.676383789236986
18.740932548709253
18.788182053275875
18.794100000994177
18.851113050969378
18.861216178473228
18.868779166787988
18.92435571284983
18.972375409769914
18.9912807329866
19.049955874467415
19.0700420023433
19.187191869252246
19.20069134076238
19.234597695028913
19.313735574303447
19.33761586233113
19.353390344771995
19.39850880378594
19.412706678431864
19.51852341322006
19.52000452857481
19.588648817411833
19.61407465098455
19.63498475854142
19.661134870022963
19.715568283249606
19.74789754678366
19.8053970644783
19.8875395308102
19.940146416887323
19.965514994585654
20.021141993522896
20.060029962285995
20.111621755196754
20.12839186906055
20.175119481942776
20.21301630832042
20.226675276984725
20.334599530586843
20.353784078849994
20.43046331921619
20.5464113412694
20.579704381310663
20.63498443912468
20.686174907873674
20.72052564246839
20.781197351299344
20.870803520145486
20.8900364742567
20.953864399939558
21.05462803572959
21.138741896789206
21.190139873267732
21.24577498052057
21.30994852332248
21.329155432758096
21.375146346348597
21.48720904194445
21.69179377067407
21.777759087720277
21.892472337294425
21.972022349372207
22.02332175538049
22.220827317388732
22.2733271112141
22.33476625291046
22.39600011462499
22.510447676857744
22.56068067858692
22.625683333705407
22.759275257837746
23.373816395143127
23.499725843131458
23.865046319889615
24.82574415910464
24.91207424753535
25.35880229444013
25.74376782321927
0.628751138772131
0.7113573446902384
0.8382394610474607
0.8513811505768318
0.8749912353072137
0.9414364206085802
1.033263978501818
1.086168675604497
1.1881788700350537
5.234394059310349
5.370461807023759
5.430331986418825
5.8139247868736295
5.855039304492616
5.902957378820211
5.941503481525183
5.967091047703364
6.079054820066954
6.156713248707973
6.210307991520878
6.245796942877134
6.275585509262482
6.287554417085641
6.306771891439251
6.32022361417136
6.37029992843491
6.552942878158654
6.63283782442562
6.682602579082011
6.7069299510195926
6.755767486116969
6.795581574235843
6.829897040213051
6.842998396113531
6.8973486970681686
6.938754042995396
6.946482092714052
6.966947523979617
6.999083100933303
7.0469685373452045
7.080129199244614
7.096306688713671
7.122810383872208
7.149384448497513
7.269443514333149
7.353840077497543
7.354053720272381
7.3815327398555795
7.389562394845964
7.412535921902782
7.476636187012231
7.4937307099994745
7.514221267059936
7.528671037532336
7.575036152673226
7.604401312290073
7.640286098678801
7.677909235308222
7.695884772960308
7.7107467709934285
7.727339128726404
7.760024662130116
7.8052645350963
7.83560705276008
7.862801583715761
7.9144359914299995
7.9473550835739095
8.005090354880029
8.069581598720898
8.081660236739
8.121524400184377
8.13237074526254
8.210341728011516
8.25602194853175
8.272553258411909
8.29618718594305
8.34671376362636
8.390828082293146
8.406525772877393
8.433224806924912
8.458897409242923
8.476418851578241
8.485535731320418
8.519317055873305
8.589310399802637
8.607877657458747
8.625466594758906
8.6751477335565
8.686862730446478
8.752913731034122
8.769697782890018
8.781035972923634
8.82076934363504
8.888000372565902
8.925018148465291
8.942862333104086
8.984404042411601
9.024497911782815
9.031649819560096
9.067384549679515
9.087597691292768
9.106289791056204
9.129931645787142
9.151669134013341
9.161378151200504
9.185388386891766
9.193420288225244
9.247401455558286
9.269313642341075
9.279598127580673
9.33965053247287
9.364092932850427
9.397355185454463
9.439767324021965
9.456194654644905
9.533474082512669
9.57313152655315
9.599230059511335
9.633938574795943
9.661181804228
9.697843945433243
9.722873888065097
9.764313941978545
9.813221703173665
9.835316558806387
9.851027331891599
9.863430101701924
9.893598645644254
9.905788249848651
9.933368929350792
9.948580381668432
9.987571646985911
9.99864906623051
10.017426575258973
10.04479401384084
10.058880185434662
10.085604824853318
10.108217189394148
10.172082149264863
10.185156284701069
10.201012490856964
10.202116880829585
10.221788580689982
10.262520766212395
10.290906682948613
10.306378427032913
10.34849418392618
10.36230210678734
10.38320533755027
10.426571352973822
10.454332460003172
10.48486771660507
10.510958139180445
10.531963373776287
10.544316564801937
10.548351194022615
10.612043869826076
10.617624145798276
10.647849461982087
10.673351644717217
10.686430337225966
10.701887343043154
10.719179356300621
10.749436680007173
10.777587559830968
10.821695064355385
10.835162826567021
10.856843442437125
10.88057238405512
10.884709431366186
10.910654710190265
10.955071058842677
10.999219301851124
11.007111975074556
11.061843509014892
11.095082620675024
11.1035785341504
11.128909205802502
11.142709414414515
11.190720918736211
11.22372399541387
11.245891770920078
11.273999196765889
11.292645216902372
11.363303054401223
11.375827060406339
11.39268683235864
11.415483514046505
11.44244832852564
11.47118734995415
11.486037914641123
11.51069503487324
11.538830060541637
11.567806494328202
11.608511816036337
11.624226720349249
11.659324916414372
11.690389050932302
11.751929388388497
11.761612568382521
11.788589975756334
11.822362176544816
11.846109903442105
11.876971823357641
11.914889031676216
11.930194005780189
11.942662480469
11.97008763475398
11.976235984051538
11.99946419115222
12.036404012734097
12.057342893399172
12.06606433610426
12.085700587356348
12.094929834018053
12.145887415361177
12.165806182987536
12.190898406864818
12.22521820570664
12.231867049643187
12.291742567751482
12.306251010061658
12.330656963699383
12.373713057713314
12.38587404091183
12.420581036629862
12.4599455459863
12.484110693793557
12.51793078147794
12.529780037601071
12.584984747995083
12.604654059140326
12.613295155954031
12.645452759573098
12.68084552564184
12.718030184186679
12.740556496813838
12.786221772153654
12.8156675493715
12.83713463577044
12.858654890391682
12.897599891970858
12.90956800743042
12.934759453218694
12.943661551776621
13.01123444802386
13.040161370698893
13.075412986129631
13.091361400453282
13.116018030556837
13.161427925455387
13.204977452649993
13.22700917816779
13.256099624960047
13.265384410616761
13.28132655341173
13.314087803205483
13.359318529784588
13.374812235294161
13.41359518283744
13.438633682667591
13.453301636214311
13.497452459829912
13.504548654189147
13.519893325553085
13.562144881910479
13.593686413722528
13.617029080849765
13.669977050230004
13.695137910823911
13.720153507857868
13.777511941472602
13.79419854954308
13.825306764568142
13.846354264567038
13.892457623215027
13.91451817826103
13.947902064048838
14.003617462740884
14.011740398800876
14.031243402031631
14.052356851571865
14.116800139269476
14.145449435464693
14.16313633462172
14.187862338444084
14.221282280042104
14.244153580942132
14.263873230374543
14.289862742197707
14.346852834767647
14.382567556184261
14.396526743142555
14.406723970970031
14.43482072987071
14.504153920623486
14.51472919890343
14.557573853331458
14.587935819073031
14.611079235145464
14.612982134245426
14.650228006552549
14.66227859733366
14.69706696948483
14.707252428904738
14.741498269860463
14.77440191236367
14.822328028565318
14.85523495959431
14.867038041759505
14.896198023494097
14.940300426478844
14.96032989079995
14.988017089108974
15.009311625577087
15.024262207244744
15.071450668150632
15.081775286883653
15.092288107974433
15.166313024638427
15.19282583555064
15.211473310169373
15.234191061664655
15.251997938208005
15.281697333955377
15.324938246820325
15.361222880318666
15.380597168511041
15.437890464962122
15.491593706336413
15.520365861890458
15.539481639639824
15.545338578092885
15.583430581940192
15.614378260367621
15.641816897850287
15.691917981295171
15.716259023968165
15.743959511424107
15.804987009116415
15.827254482080267
15.836057028375093
15.864164871834133
15.890377247961622
15.919340125069837
15.962976182269113
16.009207486539214
16.047153972859565
16.051901281949025
16.070774527096045
16.163758212839433
16.17326144772489
16.205797921748783
16.231383100001132
16.30182664733157
16.327952393385953
16.361131548023607
16.390891672994474
16.415126959839938
16.468460677492484
16.473918374790536
16.508293829261298
16.549378882444405
16.569177084822385
16.600698246990838
16.619522365310978
16.642493614858736
16.682349405839975
16.701217953908145
16.7364469795782
16.7696363575164
16.784419488911958
16.815991282713533
16.854971119367047
16.874872437842516
16.97245532347641
16.99022395205464
17.017682251995844
17.06642208075803
17.093942032372496
17.153729678864014
17.168416373195257
17.20859612197314
17.226016374133156
17.262640399909262
17.30005927538244
17.323398938894954
17.368013812726694
17.397772569555016
17.441979582964713
17.509417119362936
17.529298204321464
17.56214021714629
17.58566245026701
17.642499453062232
17.678568120677596
17.709997437283533
17.748891814210946
17.77662121972827
17.805882485260707
17.82424277842937
17.85172766019912
17.884110604173287
17.929663108059845
17.951028485163878
18.009290981735905
18.036373881439573
18.10035277023245
18.127792671752704
18.161060115561014
18.20202823827056
18.22651765082036
18.260254980118347
18.308661393413455
18.32474315143372
18.43736503834802
18.528239344048473
18.551352555805313
18.574776630543568
18.641379999980998
18.676383789236986
18.740932548709253
18.788182053275875
18.794100000994177
18.851113050969378
18.861216178473228
18.868779166787988
18.92435571284983
18.972375409769914
18.9912807329866
19.049955874467415
19.0700420023433
19.187191869252246
19.20069134076238
19.234597695028913
19.313735574303447
19.33761586233113
19.353390344771995
19.39850880378594
19.412706678431864
19.51852341322006
19.52000452857481
19.588648817411833
19.61407465098455
19.63498475854142
19.661134870022963
19.715568283249606
19.74789754678366
19.8053970644783
19.8875395308102
19.940146416887323
19.965514994585654
20.021141993522896
20.060029962285995
20.111621755196754
20.12839186906055
20.175119481942776
20.21301630832042
20.226675276984725
20.334599530586843
20.353784078849994
20.43046331921619
20.5464113412694
20.579704381310663
20.63498443912468
20.686174907873674
20.72052564246839
20.781197351299344
20.870803520145486
20.8900364742567
20.953864399939558
21.05462803572959
21.138741896789206
21.190139873267732
21.24577498052057
21.30994852332248
21.329155432758096
21.375146346348597
21.48720904194445
21.69179377067407
21.777759087720277
21.892472337294425
21.972022349372207
22.02332175538049
22.220827317388732
22.2733271112141
22.33476625291046
22.39600011462499
22.510447676857744
22.56068067858692
22.625683333705407
22.759275257837746
23.373816395143127
23.499725843131458
23.865046319889615
24.82574415910464
24.91207424753535
25.35880229444013
25.74376782321927
