0.8320659909995812
0.8864494586545999
0.9751485308963088
1.0057749938079417
1.0969331709453058
9.194238024487726
9.287804933617014
10.674854975579853
11.04055464228889
11.256621394991432
11.342642913783486
11.375046129121348
11.45011952624515
11.517859595931652
11.722365437444923
11.76645576007955
11.980237912268043
12.016317779201128
12.055316000506062
12.125827102933838
12.358123701368804
12.385554754048018
12.428550982213501
12.44529289249398
12.524718504077434
12.63471573688719
12.719533860505672
12.762048959101188
12.767937166001959
12.812722790368221
12.857964864912846
12.896359672437237
12.996250697004296
13.053619516123971
13.145054158851595
13.167296259446701
13.203290033598497
13.258183521437681
13.285419320405545
13.349812473500295
13.367554385705198
13.410706189740859
13.428028950875149
13.458748148227677
13.56026550451089
13.627521084059744
13.668354261423913
13.696829991459074
13.704914480432445
13.791608666342908
13.828472849407316
13.8713531260769
13.92912288124229
13.983477609987208
14.106844657504812
14.150325665584257
14.236522307441458
14.355275144829507
14.37172590230508
14.379573720078712
14.428737137888715
14.47426443735431
14.510317230601343
14.523830808000195
14.614399566425517
14.647648506124476
14.666545694914667
14.739980684415118
14.808678828639522
14.834217622688833
14.846594613745483
14.915510461628681
14.960516310130506
15.022153913300054
15.051073249372742
15.113976177041172
15.123390686117975
15.180229777801767
15.213514398997669
15.243910968505324
15.283467509442163
15.315147259487745
15.38188721455282
15.424511866446062
15.458482596549667
15.483016004743591
15.492236361338174
15.562508126345342
15.629936303043436
15.65570028464202
15.721400493971531
15.772811962181319
15.819263914279787
15.836616396871655
15.885911918624092
15.89914434031784
15.934067210095627
15.949956453764582
16.036818896505636
16.0818789040506
16.129012628177648
16.1601127166088
16.214907755976917
16.250581669055595
16.273915787191225
16.357551121562743
16.37959277670937
16.436383355238497
16.53100803001854
16.563960876062392
16.61291372443696
16.647922854525937
16.671350416641992
16.72365501230518
16.742019140205667
16.816884813083043
16.89420769953757
16.902993744228404
16.950735434150587
16.969756159660403
17.042807336096807
17.061925578831875
17.091382544917757
17.111384655207953
17.15367787514145
17.187366679283276
17.237007160086897
17.248535601975377
17.301095009494947
17.349202393403974
17.367042492692967
17.43424064263117
17.49914002762068
17.53577501415895
17.571168245095468
17.622660695345047
17.661830881923574
17.677461392062646
17.714262195714777
17.72652441014377
17.785648618381817
17.80970009401152
17.837223180298707
17.881354340624256
17.92312606831853
17.947651895099433
18.027456753917694
18.039841441205244
18.066092981402935
18.192472157733583
18.212265417051146
18.23166074365802
18.285327119818405
18.3249089827257
18.356782137109814
18.426301062879343
18.431882362179625
18.45131976333822
18.485630323309714
18.500437359519466
18.534749798236696
18.613683857128102
18.660538416971523
18.691977893812876
18.696208198410886
18.743101470664776
18.779183351564757
18.847280093887925
18.863377415590893
18.895657768461167
18.92988321487041
18.966800105863392
19.003876119808446
19.04617421208935
19.08485032278727
19.127784138900108
19.135674365134154
19.18645321289587
19.22525698865804
19.28301978342889
19.33839122695528
19.409879670870787
19.45669941431984
19.48558328789986
19.510210885479506
19.561891124696757
19.599676012266166
19.63518921112083
19.6752377999318
19.712214071150743
19.724289544480467
19.76305621283371
19.777419366296797
19.817284777841863
19.86186829231056
19.89569960662809
19.93815220303134
19.970264121742705
20.005275638395165
20.056428257089134
20.085060233152458
20.11364195530298
20.12820494086618
20.175206008041975
20.260326375413026
20.292924952084554
20.306795653729203
20.344706727201544
20.356939977787185
20.405654834982688
20.420212473231587
20.45640679487557
20.474002909338196
20.55084837508948
20.56400808510454
20.591922288258395
20.659237114571688
20.680068999270066
20.719302966769952
20.748144373577063
20.780244017648027
20.840620847633758
20.848249912525397
20.91229223163879
20.930474061447914
20.97706547299375
21.021622407281743
21.0696678483035
21.078112313717615
21.126916110941057
21.158972461548526
21.176786098685728
21.232334150475758
21.245968682125582
21.29470167023738
21.3160767520277
21.34580248921436
21.376877046146582
21.409470252431895
21.452477863517753
21.506219708992738
21.51337314247209
21.58679809362167
21.673957904931758
21.70338182650177
21.726940040585482
21.75775690555491
21.77681594077342
21.79511531998705
21.82285980431444
21.899681879939312
21.914025874047898
21.953129843650895
22.009744879051834
22.04776581389454
22.081405111619475
22.15124842093917
22.159205875031276
22.19142475262749
22.214827672638133
22.233992121781153
22.26811690830605
22.30370011643243
22.34362647883438
22.38266658428838
22.40229062052782
22.43747170043342
22.48249089746469
22.535494477092623
22.54303559966993
22.572459851881586
22.596347229617702
22.644266552545655
22.692295923685677
22.726059979346154
22.736455518544936
22.79289317546851
22.82708846072573
22.891325429474698
22.913596433576757
22.98920477953933
23.00000408799715
23.019947189016115
23.029694041944435
23.101258761972357
23.120224795111206
23.13236229645879
23.162125350700496
23.19486819162568
23.24555103118569
23.341633868169442
23.35191956152235
23.36840072212298
23.406028957515737
23.42556395374941
23.44955593635688
23.487959464190055
23.500140920941522
23.555630421445862
23.586623704407092
23.61583445489406
23.642764631242233
23.718657719726675
23.751633002275092
23.773126819128066
23.789599830244093
23.86608967052424
23.87965465183255
23.941376630471293
23.97510346309295
24.00792977485667
24.057377646428694
24.09936940514606
24.13354455029109
24.174785201919722
24.21216045272152
24.2714808136195
24.280593286422757
24.293337818734845
24.338781976987722
24.407076938185593
24.439738356701618
24.47295671989122
24.49346265718427
24.502561215187207
24.586775562469818
24.595664059826447
24.61997922040045
24.640864403056636
24.719586303945004
24.745104677573824
24.771716552233705
24.79003695042665
24.856303448098064
24.865312721814117
24.883582300816716
24.936989150567577
24.98684246882579
25.00522780115863
25.028258522856976
25.058959004538632
25.1285364960412
25.15741512681928
25.172192568380716
25.23051200415339
25.2558874947706
25.28550715792836
25.342867063223604
25.372580445064436
25.39448770949009
25.426432389263574
25.517046343855053
25.522781709714245
25.59689576656149
25.634271532269118
25.638766803693557
25.696087375886673
25.793853768991905
25.816028096588134
25.853763993792892
25.91002530643637
25.92874497149519
25.98221881995746
25.998522955277856
26.080805544093142
26.098465563251832
26.11480626444786
26.188765098045007
26.20108883651563
26.2402335513356
26.300999671014747
26.339655860675563
26.382599874225548
26.424723669895013
26.46619604477188
26.492795955505528
26.56658116923807
26.591964623756304
26.624486936541448
26.716162895784528
26.76310860728597
26.806040062781328
26.818826356960077
26.835507690193463
26.86660657203081
26.920930580137334
26.963945083263088
27.00038347075616
27.049125649437155
27.109916851977236
27.120398822257823
27.18350290769974
27.19832523115696
27.26312960142799
27.301546981760897
27.382968106528708
27.39140976061464
27.462627019349792
27.524875945294866
27.54672584051161
27.58836210425236
27.627552548623967
27.67025231380972
27.711527230801
27.74717855144237
27.788264730620284
27.819548328239726
27.89923869710165
27.95174498820118
27.985839646314854
28.030923020324007
28.04147266916458
28.140425973812636
28.160798548400894
28.22761699620448
28.242696674684925
28.291498331498726
28.330359651026136
28.377910760189152
28.42564437614721
28.48449409053206
28.499383094810774
28.54364897674753
28.56374002300837
28.63715960783374
28.72800655670778
28.787074387394103
28.826208446425813
28.86734006910446
28.920746366444757
28.98621402797833
29.008328010564526
29.059726617642596
29.110305715577923
29.1740380899614
29.217374808040578
29.30436295663232
29.316372302933672
29.43035867401048
29.469571103952855
29.54346958351575
29.61972756193527
29.628554222289697
29.6541175857667
29.72594015053187
29.830371374359594
29.883885165394844
29.916418567848964
29.963835596318887
30.018465687472464
30.071039119920854
30.12108932896138
30.231147150380973
30.256349582421727
30.342384330861268
30.361167464088002
30.374645749091453
30.504475344984975
30.54095857092111
30.591415367856204
30.655848209787987
30.67982108231844
30.759532638797282
30.863367133334826
30.93448936006358
30.99725099369255
31.027182595038216
31.075419411218242
31.136940975073287
31.206136450285374
31.268526513446023
31.37263559016191
31.519192666091325
31.57883005454316
31.698876742076084
31.719821241973303
31.756519582545987
31.78422040649617
31.823150178560937
31.84982449174297
32.025513443446954
32.09836264318835
32.20989696376843
32.27011126581215
32.36524595458181
32.41154045792563
32.47534692140589
32.54408350837779
32.89038193355144
33.027032238828305
33.117904120885605
33.261100809199405
33.36901739109998
33.541006534127234
33.551752942637705
33.973352383715124
34.93661994777867
35.330963494357256
35.60830852239725
0.8320659909995812
0.8864494586545999
0.9751485308963088
1.0057749938079417
1.0969331709453058
9.194238024487726
9.287804933617014
10.674854975579853
11.04055464228889
11.256621394991432
11.342642913783486
11.375046129121348
11.45011952624515
11.517859595931652
11.722365437444923
11.76645576007955
11.980237912268043
12.016317779201128
12.055316000506062
12.125827102933838
12.358123701368804
12.385554754048018
12.428550982213501
12.44529289249398
12.524718504077434
12.63471573688719
12.719533860505672
12.762048959101188
12.767937166001959
12.812722790368221
12.857964864912846
12.896359672437237
12.996250697004296
13.053619516123971
13.145054158851595
13.167296259446701
13.203290033598497
13.258183521437681
13.285419320405545
13.349812473500295
13.367554385705198
13.410706189740859
13.428028950875149
13.458748148227677
13.56026550451089
13.627521084059744
13.668354261423913
13.696829991459074
13.704914480432445
13.791608666342908
13.828472849407316
13.8713531260769
13.92912288124229
13.983477609987208
14.106844657504812
14.150325665584257
14.236522307441458
14.355275144829507
14.37172590230508
14.379573720078712
14.428737137888715
14.47426443735431
14.510317230601343
14.523830808000195
14.614399566425517
14.647648506124476
14.666545694914667
14.739980684415118
14.808678828639522
14.834217622688833
14.846594613745483
14.915510461628681
14.960516310130506
15.022153913300054
15.051073249372742
15.113976177041172
15.123390686117975
15.180229777801767
15.213514398997669
15.243910968505324
15.283467509442163
15.315147259487745
15.38188721455282
15.424511866446062
15.458482596549667
15.483016004743591
15.492236361338174
15.562508126345342
15.629936303043436
15.65570028464202
15.721400493971531
15.772811962181319
15.819263914279787
15.836616396871655
15.885911918624092
15.89914434031784
15.934067210095627
15.949956453764582
16.036818896505636
16.0818789040506
16.129012628177648
16.1601127166088
16.214907755976917
16.250581669055595
16.273915787191225
16.357551121562743
16.37959277670937
16.436383355238497
16.53100803001854
16.563960876062392
16.61291372443696
16.647922854525937
16.671350416641992
16.72365501230518
16.742019140205667
16.816884813083043
16.89420769953757
16.902993744228404
16.950735434150587
16.969756159660403
17.042807336096807
17.061925578831875
17.091382544917757
17.111384655207953
17.15367787514145
17.187366679283276
17.237007160086897
17.248535601975377
17.301095009494947
17.349202393403974
17.367042492692967
17.43424064263117
17.49914002762068
17.53577501415895
17.571168245095468
17.622660695345047
17.661830881923574
17.677461392062646
17.714262195714777
17.72652441014377
17.785648618381817
17.80970009401152
17.837223180298707
17.881354340624256
17.92312606831853
17.947651895099433
18.027456753917694
18.039841441205244
18.066092981402935
18.192472157733583
18.212265417051146
18.23166074365802
18.285327119818405
18.3249089827257
18.356782137109814
18.426301062879343
18.431882362179625
18.45131976333822
18.485630323309714
18.500437359519466
18.534749798236696
18.613683857128102
18.660538416971523
18.691977893812876
18.696208198410886
18.743101470664776
18.779183351564757
18.847280093887925
18.863377415590893
18.895657768461167
18.92988321487041
18.966800105863392
19.003876119808446
19.04617421208935
19.08485032278727
19.127784138900108
19.135674365134154
19.18645321289587
19.22525698865804
19.28301978342889
19.33839122695528
19.409879670870787
19.45669941431984
19.48558328789986
19.510210885479506
19.561891124696757
19.599676012266166
19.63518921112083
19.6752377999318
19.712214071150743
19.724289544480467
19.76305621283371
19.777419366296797
19.817284777841863
19.86186829231056
19.89569960662809
19.93815220303134
19.970264121742705
20.005275638395165
20.056428257089134
20.085060233152458
20.11364195530298
20.12820494086618
20.175206008041975
20.260326375413026
20.292924952084554
20.306795653729203
20.344706727201544
20.356939977787185
20.405654834982688
20.420212473231587
20.45640679487557
20.474002909338196
20.55084837508948
20.56400808510454
20.591922288258395
20.659237114571688
20.680068999270066
20.719302966769952
20.748144373577063
20.780244017648027
20.840620847633758
20.848249912525397
20.91229223163879
20.930474061447914
20.97706547299375
21.021622407281743
21.0696678483035
21.078112313717615
21.126916110941057
21.158972461548526
21.176786098685728
21.232334150475758
21.245968682125582
21.29470167023738
21.3160767520277
21.34580248921436
21.376877046146582
21.409470252431895
21.452477863517753
21.506219708992738
21.51337314247209
21.58679809362167
21.673957904931758
21.70338182650177
21.726940040585482
21.75775690555491
21.77681594077342
21.79511531998705
21.82285980431444
21.899681879939312
21.914025874047898
21.953129843650895
22.009744879051834
22.04776581389454
22.081405111619475
22.15124842093917
22.159205875031276
22.19142475262749
22.214827672638133
22.233992121781153
22.26811690830605
22.30370011643243
22.34362647883438
22.38266658428838
22.40229062052782
22.43747170043342
22.48249089746469
22.535494477092623
22.54303559966993
22.572459851881586
22.596347229617702
22.644266552545655
22.692295923685677
22.726059979346154
22.736455518544936
22.79289317546851
22.82708846072573
22.891325429474698
22.913596433576757
22.98920477953933
23.00000408799715
23.019947189016115
23.029694041944435
23.101258761972357
23.120224795111206
23.13236229645879
23.162125350700496
23.19486819162568
23.24555103118569
23.341633868169442
23.35191956152235
23.36840072212298
23.406028957515737
23.42556395374941
23.44955593635688
23.487959464190055
23.500140920941522
23.555630421445862
23.586623704407092
23.61583445489406
23.642764631242233
23.718657719726675
23.751633002275092
23.773126819128066
23.789599830244093
23.86608967052424
23.87965465183255
23.941376630471293
23.97510346309295
24.00792977485667
24.057377646428694
24.09936940514606
24.13354455029109
24.174785201919722
24.21216045272152
24.2714808136195
24.280593286422757
24.293337818734845
24.338781976987722
24.407076938185593
24.439738356701618
24.47295671989122
24.49346265718427
24.502561215187207
24.586775562469818
24.595664059826447
24.61997922040045
24.640864403056636
24.719586303945004
24.745104677573824
24.771716552233705
24.79003695042665
24.856303448098064
24.865312721814117
24.883582300816716
24.936989150567577
24.98684246882579
25.00522780115863
25.028258522856976
25.058959004538632
25.1285364960412
25.15741512681928
25.172192568380716
25.23051200415339
25.2558874947706
25.28550715792836
25.342867063223604
25.372580445064436
25.39448770949009
25.426432389263574
25.517046343855053
25.522781709714245
25.59689576656149
25.634271532269118
25.638766803693557
25.696087375886673
25.793853768991905
25.816028096588134
25.853763993792892
25.91002530643637
25.92874497149519
25.98221881995746
25.998522955277856
26.080805544093142
26.098465563251832
26.11480626444786
26.188765098045007
26.20108883651563
26.2402335513356
26.300999671014747
26.339655860675563
26.382599874225548
26.424723669895013
26.46619604477188
26.492795955505528
26.56658116923807
26.591964623756304
26.624486936541448
26.716162895784528
26.76310860728597
26.806040062781328
26.818826356960077
26.835507690193463
26.86660657203081
26.920930580137334
26.963945083263088
27.00038347075616
27.049125649437155
27.109916851977236
27.120398822257823
27.18350290769974
27.19832523115696
27.26312960142799
27.301546981760897
27.382968106528708
27.39140976061464
27.462627019349792
27.524875945294866
27.54672584051161
27.58836210425236
27.627552548623967
27.67025231380972
27.711527230801
27.74717855144237
27.788264730620284
27.819548328239726
27.89923869710165
27.95174498820118
27.985839646314854
28.030923020324007
28.04147266916458
28.140425973812636
28.160798548400894
28.22761699620448
28.242696674684925
28.291498331498726
28.330359651026136
28.377910760189152
28.42564437614721
28.48449409053206
28.499383094810774
28.54364897674753
28.56374002300837
28.63715960783374
28.72800655670778
28.787074387394103
28.826208446425813
28.86734006910446
28.920746366444757
28.98621402797833
29.008328010564526
29.059726617642596
29.110305715577923
29.1740380899614
29.217374808040578
29.30436295663232
29.316372302933672
29.43035867401048
29.469571103952855
29.54346958351575
29.61972756193527
29.628554222289697
29.6541175857667
29.72594015053187
29.830371374359594
29.883885165394844
29.916418567848964
29.963835596318887
30.018465687472464
30.071039119920854
30.12108932896138
30.231147150380973
30.256349582421727
30.342384330861268
30.361167464088002
30.374645749091453
30.504475344984975
30.54095857092111
30.591415367856204
30.655848209787987
30.67982108231844
30.759532638797282
30.863367133334826
30.93448936006358
30.99725099369255
31.027182595038216
31.075419411218242
31.136940975073287
31.206136450285374
31.268526513446023
31.37263559016191
31.519192666091325
31.57883005454316
31.698876742076084
31.719821241973303
31.756519582545987
31.78422040649617
31.823150178560937
31.84982449174297
32.025513443446954
32.09836264318835
32.20989696376843
32.27011126581215
32.36524595458181
32.41154045792563
32.47534692140589
32.54408350837779
32.89038193355144
33.027032238828305
33.117904120885605
33.261100809199405
33.36901739109998
33.541006534127234
33.551752942637705
33.973352383715124
34.93661994777867
35.330963494357256
35.60830852239725
