0.5983074051382203
0.705354824804323
0.7323935431570358
0.7758411907420508
0.792851009102695
0.8227352328431718
0.9131428070313338
0.951761379562266
1.1853087563523945
1.8940980291154543
4.346365891626533
4.926503587901828
5.372272101944133
5.405831510067259
5.5953581382887485
5.653043512254984
5.730633209474689
5.792574936389476
5.932129480144542
5.969030536887659
5.990533545971327
6.074229881306115
6.126062506493614
6.239285360127381
6.31427411146329
6.4031379186311375
6.4901370893660095
6.514380400100887
6.564688273361756
6.638850547132999
6.67652850587221
6.682342006978075
6.714377451562661
6.7306338843167115
6.7513869253372265
6.781076329988554
6.840091773258083
6.8456479804976
6.884815538211368
6.8978281480445425
6.928810148623297
6.954372102754893
6.974195642756155
7.041465234516778
7.071106272206348
7.113267415276333
7.134728566785013
7.187886247368344
7.21509617581521
7.258556193306069
7.2775520243056295
7.339326553881561
7.384696876778832
7.405440878573478
7.4916155501014146
7.519223358825082
7.5404774731231665
7.5531830042310535
7.58765529099707
7.633990675486909
7.637578606017799
7.674247392264546
7.750401378924617
7.767262017628738
7.792516021601477
7.859930591805411
7.867095968648768
7.920567525688248
7.927865986904445
7.942077308714184
7.973657399460201
8.021744189006505
8.05345670701503
8.084979709422052
8.126991057136173
8.154732696148603
8.191388277074209
8.19924945862201
8.229406714133384
8.276186347650812
8.285298474121092
8.295840118501872
8.309236535892191
8.346252840972554
8.39024099130509
8.411419634714367
8.452037672772173
8.489823062239362
8.502337825742496
8.54073318350139
8.567726453923697
8.610197080422317
8.629121156250159
8.639226504686308
8.671296029337235
8.72147407851818
8.773515781845267
8.795614332811615
8.824160024700209
8.885683865182857
8.892912255223454
8.938518118079205
8.97569257379613
8.986960131920549
8.999024753543296
9.034724520135219
9.040162391712732
9.070146302342284
9.090450710725548
9.107952532030357
9.112074833627434
9.161588871496665
9.200966300430911
9.20927515373312
9.216675049496645
9.253755509502907
9.274934181684392
9.29236333961447
9.309136997309226
9.35003722224499
9.384983711541588
9.415165110467246
9.458879275860365
9.497024379944605
9.525407291806117
9.576043336553786
9.601843328707293
9.64773350516206
9.651714270754193
9.677669804200626
9.709434944522277
9.756550125911158
9.794252328225786
9.807198566393224
9.828785932062273
9.84911671457485
9.872584419510858
9.890548094386714
9.906363770546546
9.960939453783427
9.979443611979551
10.00224273767426
10.043729371035342
10.071699255837494
10.086092185051527
10.121165590198547
10.149698172084033
10.195807727146919
10.212901281527918
10.240446844217102
10.260725801337369
10.270987952591803
10.311770584323382
10.331083147554226
10.349047595425445
10.362313974286824
10.39313408632716
10.420633876288763
10.4331235014405
10.464893657485895
10.481701469521855
10.508125988583956
10.577084297517857
10.63178014195272
10.641535964211291
10.675590675368165
10.680460299334753
10.746160794332893
10.778965925624782
10.803075184915066
10.827480033132359
10.874168665072467
10.878323971458851
10.917466679600372
10.961172233583149
10.97754014925436
11.021824547420296
11.044477955647139
11.075263889552982
11.115968311722595
11.137004512510748
11.159425189847996
11.176704777969304
11.189248411566952
11.20469921509119
11.2564120276957
11.263696604095248
11.302502066662669
11.317125641611819
11.354578201609135
11.39365943698158
11.432201832021121
11.449759042006376
11.47216053142489
11.492728966204734
11.521450217270255
11.541534483583439
11.572293061375788
11.632635208001837
11.650763196192237
11.690680197713556
11.7144568515539
11.738637469846752
11.757477000183686
11.771615881741827
11.811090197666095
11.832574199671631
11.891382968836103
11.91049706003535
11.91632646646202
11.945907084845853
11.985318125728961
12.00926437592319
12.014366969521653
12.063258970832424
12.090963094873535
12.143076721339447
12.161921070210603
12.200716994089815
12.207729037068608
12.252985875784795
12.265147146859556
12.296192917019328
12.317233236547112
12.333592024698353
12.387776693123296
12.40555765511971
12.454180716658845
12.477856904661488
12.497195727611626
12.501303551705185
12.544769094337692
12.56712416152927
12.586482404907843
12.616983701150923
12.650132350072369
12.678048063153957
12.708152883492453
12.740404647809966
12.7943447656918
12.81174777611628
12.820001240089297
12.83997393901996
12.862778295108912
12.882981551746731
12.916920764037885
12.938496825190978
12.98332221132307
13.002196067251328
13.020943453745407
13.031315819549349
13.078886725176995
13.097567209803733
13.129168719455695
13.163026325698741
13.206313574296155
13.214691732736194
13.256558880744832
13.270119555405516
13.288131389843937
13.306160903396272
13.353484358255622
13.383979217391813
13.433294676546017
13.43842331000163
13.45493268251989
13.48871229739539
13.516427166597241
13.555755304498188
13.588549761357628
13.618122138082006
13.621992952913681
13.66406504311614
13.672386249592124
13.718723460563929
13.73470559152236
13.75532529657016
13.789183442980534
13.821594157419643
13.842881207897898
13.863299411467986
13.869731374697256
13.88890744762732
13.928609462086005
13.961296505363732
14.013434599692628
14.018554065421135
14.06197601757169
14.085497886230451
14.122366047970246
14.149625713508541
14.187098794374561
14.204404416298315
14.215027118217428
14.26960328003591
14.29902059981168
14.31384003825646
14.354407068733419
14.399715142516378
14.419701128856126
14.440954801446928
14.453892775752799
14.483258066157768
14.507696917851066
14.553615173959187
14.571719763964506
14.616015474146714
14.624997659998867
14.64579587726138
14.671570721560618
14.694207997107066
14.70971404176271
14.754400206771638
14.785085507235333
14.833553790589981
14.859903907748045
14.866293453649888
14.904746586964883
14.912495510673946
14.953880515190345
15.029263506227215
15.061420832378731
15.109363921520139
15.1333323021737
15.155041565955267
15.161365441199345
15.22592150409391
15.252534403205454
15.26242445958447
15.270971872622338
15.314282901395526
15.326357370393167
15.378422517621653
15.446570815138562
15.460197561947018
15.48953203290536
15.519489423564137
15.541931493117898
15.561307738775524
15.592292116327743
15.623581125577683
15.654001210979162
15.671253532477547
15.69877457041807
15.7248132885803
15.758343254630436
15.780803592065995
15.826479222761614
15.861656164281381
15.87822792724736
15.920847271047675
15.935859624550906
15.965496804247788
16.002158000792605
16.020133921627746
16.061828084264356
16.09008013298116
16.10423756858042
16.163735222254484
16.175836284293
16.193888863705194
16.21927712076646
16.24670545124164
16.29741809977976
16.325656342159448
16.336920065142404
16.375360289084185
16.394899549095122
16.412076039355263
16.498110657611257
16.527969928091647
16.541825836581726
16.592343700638924
16.609828750404468
16.63300738053926
16.67812203828097
16.69088470244423
16.74677948429898
16.75189857478055
16.800271197122647
16.845774456956917
16.869903017845694
16.901246546403602
16.91179021118198
16.96472903033878
17.00809859752373
17.059067774984307
17.08125332096349
17.091898715038155
17.134778054799224
17.173200441845026
17.237887385971405
17.267831765187086
17.282412776000797
17.31368171354563
17.37623847800636
17.397519350575184
17.40817321031318
17.428561638080524
17.470784434941063
17.51536412286382
17.54115491585849
17.55149156749357
17.579224234738135
17.627242472090817
17.661397828916815
17.715737658853573
17.759576348300385
17.77072611722978
17.805850418532376
17.875021370610707
17.937180023758742
17.955193836222982
17.995386938972416
18.015860693996302
18.09828732539198
18.143580066525736
18.169275906072738
18.21256793200228
18.241469231390386
18.293093978934447
18.315101886932204
18.330739771166737
18.381220354587647
18.477602036840633
18.48686365010764
18.52723492506174
18.590435210733265
18.62529850446394
18.64719220709817
18.681733506221626
18.731992309641655
18.79388793710368
18.8374576989928
18.860569607876975
18.889366982788804
18.934840794429935
18.971890511105837
18.98345519323964
19.012635680463617
19.123603268151324
19.1821682373137
19.231245498212463
19.27352511435668
19.317097721194333
19.364347501797145
19.428691793585347
19.451411382525233
19.481714435467442
19.533767339772375
19.57965772033127
19.622997183335062
19.654383311123734
19.665728756896982
19.708361185748952
19.7268134836037
19.798121190827082
19.847660683371927
19.87868871782741
19.918728007837654
19.98505900117679
20.12289256585757
20.13679611094176
20.165159181412932
20.269164450134944
20.355234328681732
20.412993958394367
20.46151095801259
20.528439318409006
20.560277583747904
20.607854367296
20.69620303077079
20.72554627710063
20.898232088654012
20.918334624675325
21.002261432919067
21.028063671026977
21.11104500829265
21.11673516514267
21.181831075513635
21.288057744058456
21.500819206902342
21.5744198985017
21.632576965959984
21.812893704032824
21.889700735086755
21.910556438914096
22.179371038110418
22.320485459622514
22.53267590307047
22.613312312237905
22.735049426169923
22.77944221897444
23.09725382895798
23.201876457656805
23.24910619735506
23.90382262245115
24.031538613948833
24.6154229431512
0.5983074051382203
0.705354824804323
0.7323935431570358
0.7758411907420508
0.792851009102695
0.8227352328431718
0.9131428070313338
0.951761379562266
1.1853087563523945
1.8940980291154543
4.346365891626533
4.926503587901828
5.372272101944133
5.405831510067259
5.5953581382887485
5.653043512254984
5.730633209474689
5.792574936389476
5.932129480144542
5.969030536887659
5.990533545971327
6.074229881306115
6.126062506493614
6.239285360127381
6.31427411146329
6.4031379186311375
6.4901370893660095
6.514380400100887
6.564688273361756
6.638850547132999
6.67652850587221
6.682342006978075
6.714377451562661
6.7306338843167115
6.7513869253372265
6.781076329988554
6.840091773258083
6.8456479804976
6.884815538211368
6.8978281480445425
6.928810148623297
6.954372102754893
6.974195642756155
7.041465234516778
7.071106272206348
7.113267415276333
7.134728566785013
7.187886247368344
7.21509617581521
7.258556193306069
7.2775520243056295
7.339326553881561
7.384696876778832
7.405440878573478
7.4916155501014146
7.519223358825082
7.5404774731231665
7.5531830042310535
7.58765529099707
7.633990675486909
7.637578606017799
7.674247392264546
7.750401378924617
7.767262017628738
7.792516021601477
7.859930591805411
7.867095968648768
7.920567525688248
7.927865986904445
7.942077308714184
7.973657399460201
8.021744189006505
8.05345670701503
8.084979709422052
8.126991057136173
8.154732696148603
8.191388277074209
8.19924945862201
8.229406714133384
8.276186347650812
8.285298474121092
8.295840118501872
8.309236535892191
8.346252840972554
8.39024099130509
8.411419634714367
8.452037672772173
8.489823062239362
8.502337825742496
8.54073318350139
8.567726453923697
8.610197080422317
8.629121156250159
8.639226504686308
8.671296029337235
8.72147407851818
8.773515781845267
8.795614332811615
8.824160024700209
8.885683865182857
8.892912255223454
8.938518118079205
8.97569257379613
8.986960131920549
8.999024753543296
9.034724520135219
9.040162391712732
9.070146302342284
9.090450710725548
9.107952532030357
9.112074833627434
9.161588871496665
9.200966300430911
9.20927515373312
9.216675049496645
9.253755509502907
9.274934181684392
9.29236333961447
9.309136997309226
9.35003722224499
9.384983711541588
9.415165110467246
9.458879275860365
9.497024379944605
9.525407291806117
9.576043336553786
9.601843328707293
9.64773350516206
9.651714270754193
9.677669804200626
9.709434944522277
9.756550125911158
9.794252328225786
9.807198566393224
9.828785932062273
9.84911671457485
9.872584419510858
9.890548094386714
9.906363770546546
9.960939453783427
9.979443611979551
10.00224273767426
10.043729371035342
10.071699255837494
10.086092185051527
10.121165590198547
10.149698172084033
10.195807727146919
10.212901281527918
10.240446844217102
10.260725801337369
10.270987952591803
10.311770584323382
10.331083147554226
10.349047595425445
10.362313974286824
10.39313408632716
10.420633876288763
10.4331235014405
10.464893657485895
10.481701469521855
10.508125988583956
10.577084297517857
10.63178014195272
10.641535964211291
10.675590675368165
10.680460299334753
10.746160794332893
10.778965925624782
10.803075184915066
10.827480033132359
10.874168665072467
10.878323971458851
10.917466679600372
10.961172233583149
10.97754014925436
11.021824547420296
11.044477955647139
11.075263889552982
11.115968311722595
11.137004512510748
11.159425189847996
11.176704777969304
11.189248411566952
11.20469921509119
11.2564120276957
11.263696604095248
11.302502066662669
11.317125641611819
11.354578201609135
11.39365943698158
11.432201832021121
11.449759042006376
11.47216053142489
11.492728966204734
11.521450217270255
11.541534483583439
11.572293061375788
11.632635208001837
11.650763196192237
11.690680197713556
11.7144568515539
11.738637469846752
11.757477000183686
11.771615881741827
11.811090197666095
11.832574199671631
11.891382968836103
11.91049706003535
11.91632646646202
11.945907084845853
11.985318125728961
12.00926437592319
12.014366969521653
12.063258970832424
12.090963094873535
12.143076721339447
12.161921070210603
12.200716994089815
12.207729037068608
12.252985875784795
12.265147146859556
12.296192917019328
12.317233236547112
12.333592024698353
12.387776693123296
12.40555765511971
12.454180716658845
12.477856904661488
12.497195727611626
12.501303551705185
12.544769094337692
12.56712416152927
12.586482404907843
12.616983701150923
12.650132350072369
12.678048063153957
12.708152883492453
12.740404647809966
12.7943447656918
12.81174777611628
12.820001240089297
12.83997393901996
12.862778295108912
12.882981551746731
12.916920764037885
12.938496825190978
12.98332221132307
13.002196067251328
13.020943453745407
13.031315819549349
13.078886725176995
13.097567209803733
13.129168719455695
13.163026325698741
13.206313574296155
13.214691732736194
13.256558880744832
13.270119555405516
13.288131389843937
13.306160903396272
13.353484358255622
13.383979217391813
13.433294676546017
13.43842331000163
13.45493268251989
13.48871229739539
13.516427166597241
13.555755304498188
13.588549761357628
13.618122138082006
13.621992952913681
13.66406504311614
13.672386249592124
13.718723460563929
13.73470559152236
13.75532529657016
13.789183442980534
13.821594157419643
13.842881207897898
13.863299411467986
13.869731374697256
13.88890744762732
13.928609462086005
13.961296505363732
14.013434599692628
14.018554065421135
14.06197601757169
14.085497886230451
14.122366047970246
14.149625713508541
14.187098794374561
14.204404416298315
14.215027118217428
14.26960328003591
14.29902059981168
14.31384003825646
14.354407068733419
14.399715142516378
14.419701128856126
14.440954801446928
14.453892775752799
14.483258066157768
14.507696917851066
14.553615173959187
14.571719763964506
14.616015474146714
14.624997659998867
14.64579587726138
14.671570721560618
14.694207997107066
14.70971404176271
14.754400206771638
14.785085507235333
14.833553790589981
14.859903907748045
14.866293453649888
14.904746586964883
14.912495510673946
14.953880515190345
15.029263506227215
15.061420832378731
15.109363921520139
15.1333323021737
15.155041565955267
15.161365441199345
15.22592150409391
15.252534403205454
15.26242445958447
15.270971872622338
15.314282901395526
15.326357370393167
15.378422517621653
15.446570815138562
15.460197561947018
15.48953203290536
15.519489423564137
15.541931493117898
15.561307738775524
15.592292116327743
15.623581125577683
15.654001210979162
15.671253532477547
15.69877457041807
15.7248132885803
15.758343254630436
15.780803592065995
15.826479222761614
15.861656164281381
15.87822792724736
15.920847271047675
15.935859624550906
15.965496804247788
16.002158000792605
16.020133921627746
16.061828084264356
16.09008013298116
16.10423756858042
16.163735222254484
16.175836284293
16.193888863705194
16.21927712076646
16.24670545124164
16.29741809977976
16.325656342159448
16.336920065142404
16.375360289084185
16.394899549095122
16.412076039355263
16.498110657611257
16.527969928091647
16.541825836581726
16.592343700638924
16.609828750404468
16.63300738053926
16.67812203828097
16.69088470244423
16.74677948429898
16.75189857478055
16.800271197122647
16.845774456956917
16.869903017845694
16.901246546403602
16.91179021118198
16.96472903033878
17.00809859752373
17.059067774984307
17.08125332096349
17.091898715038155
17.134778054799224
17.173200441845026
17.237887385971405
17.267831765187086
17.282412776000797
17.31368171354563
17.37623847800636
17.397519350575184
17.40817321031318
17.428561638080524
17.470784434941063
17.51536412286382
17.54115491585849
17.55149156749357
17.579224234738135
17.627242472090817
17.661397828916815
17.715737658853573
17.759576348300385
17.77072611722978
17.805850418532376
17.875021370610707
17.937180023758742
17.955193836222982
17.995386938972416
18.015860693996302
18.09828732539198
18.143580066525736
18.169275906072738
18.21256793200228
18.241469231390386
18.293093978934447
18.315101886932204
18.330739771166737
18.381220354587647
18.477602036840633
18.48686365010764
18.52723492506174
18.590435210733265
18.62529850446394
18.64719220709817
18.681733506221626
18.731992309641655
18.79388793710368
18.8374576989928
18.860569607876975
18.889366982788804
18.934840794429935
18.971890511105837
18.98345519323964
19.012635680463617
19.123603268151324
19.1821682373137
19.231245498212463
19.27352511435668
19.317097721194333
19.364347501797145
19.428691793585347
19.451411382525233
19.481714435467442
19.533767339772375
19.57965772033127
19.622997183335062
19.654383311123734
19.665728756896982
19.708361185748952
19.7268134836037
19.798121190827082
19.847660683371927
19.87868871782741
19.918728007837654
19.98505900117679
20.12289256585757
20.13679611094176
20.165159181412932
20.269164450134944
20.355234328681732
20.412993958394367
20.46151095801259
20.528439318409006
20.560277583747904
20.607854367296
20.69620303077079
20.72554627710063
20.898232088654012
20.918334624675325
21.002261432919067
21.028063671026977
21.11104500829265
21.11673516514267
21.181831075513635
21.288057744058456
21.500819206902342
21.5744198985017
21.632576965959984
21.812893704032824
21.889700735086755
21.910556438914096
22.179371038110418
22.320485459622514
22.53267590307047
22.613312312237905
22.735049426169923
22.77944221897444
23.09725382895798
23.201876457656805
23.24910619735506
23.90382262245115
24.031538613948833
24.6154229431512
