0.7880867374358984
0.8694336126400023
0.9923075874005644
1.0192623546468298
1.1179828094915178
8.118000739218022
10.564566781542178
10.596561371684363
11.080386868225345
11.275787422397737
11.516459489638894
11.539806717803222
11.66786980255622
11.704255515759524
11.728666558436618
11.861417127900111
11.948076950969316
11.985392430235443
12.044972808183594
12.089058584493847
12.17031789000184
12.191766227475132
12.252531308365413
12.397948854002005
12.450087633589984
12.570774794431912
12.64544109168508
12.758863574895424
12.780239062169457
12.8295903639233
12.890144853023376
12.93366121928298
13.00472179202163
13.122448462851809
13.172675292568163
13.204525581960429
13.238129426884507
13.298120148558448
13.362445530150685
13.40748020654529
13.453060445495094
13.499582327669243
13.532855133727994
13.648402215780902
13.704549144625123
13.7348772505739
13.816589614275996
13.846244147986408
13.90087544727588
13.93394276023209
13.971088454279014
14.00521533170113
14.072298322517561
14.12660923016289
14.204549650880379
14.225686792636218
14.252000296325928
14.291726615530905
14.301064603690747
14.319917666664805
14.365123412087302
14.477040433332032
14.501625049841346
14.52798826139134
14.563990094960841
14.585871083469527
14.599011079346052
14.61619244422598
14.714035431097145
14.759519586757882
14.768920342941788
14.832286328130985
14.854626039532755
14.961858618891979
14.991265321188413
15.053443848707893
15.073234900059802
15.150242332222746
15.174190777905935
15.217524336159524
15.244722065744597
15.26667038294
15.283189856405697
15.331774115313731
15.400365104391948
15.445844825325029
15.494986235153796
15.517043945779676
15.553877532178058
15.585017022428115
15.60204125236207
15.624655005159887
15.673084760411975
15.686141782759153
15.74435083554829
15.76345528502888
15.784796267625179
15.809804125573963
15.878557744812886
15.906261818457127
15.915502834140492
15.934178226128802
15.941402159361472
16.00266929430187
16.04803197655461
16.132833304290145
16.18434238877791
16.225912656512925
16.288604331684663
16.320114918556676
16.3396364207425
16.380580432455307
16.408396884504892
16.461341547963578
16.507220503321477
16.51925721601855
16.574894428809767
16.61837028553155
16.646319421076836
16.664858909345952
16.680666195822873
16.727276876130755
16.7342028311355
16.759637251431663
16.81466859386297
16.841021300911144
16.868706815037676
16.92436932898298
16.945704550866594
16.983095148098737
17.022056140328345
17.053864993064906
17.1231324668599
17.128372096096648
17.17024945210173
17.19991108110276
17.208956915144622
17.235460313218944
17.29899114117607
17.333272691048087
17.38569790405365
17.427349211890427
17.439499512020795
17.463274103681645
17.511254301490872
17.557264425650644
17.59252577153702
17.610996371398045
17.69505956347564
17.75253316303252
17.7748581696051
17.781323711000418
17.808316123121045
17.875959200590692
17.894220448314307
17.925661039036342
17.979990773296336
18.00750010915147
18.021919380183835
18.047621578488137
18.08687412046137
18.14652852593285
18.180358224285072
18.230885703837227
18.253067495178694
18.259925137918476
18.28400416025836
18.296681724306033
18.316520878774163
18.34998776947454
18.422170737595156
18.45705701616554
18.495766020902956
18.524056975373515
18.55046358700961
18.593745992378288
18.628167674183725
18.68048510470183
18.69350818494175
18.71617936844899
18.744363270180077
18.79218971412944
18.820686606049236
18.875515891156844
18.89579629063112
18.94493097491258
19.006780960491206
19.011529918330393
19.02010327940795
19.082063921599957
19.12544682154196
19.14496324826828
19.167968011185433
19.19173731761184
19.22553233915477
19.26168953237528
19.294048841956272
19.33048060623357
19.372476932500476
19.40855795203795
19.447717524163554
19.49601905131174
19.523045617184117
19.551429506225887
19.58895525707751
19.61889139069141
19.66120133039168
19.67594370333667
19.73421344539732
19.75737043775703
19.791185410553748
19.846072724707682
19.884848264945653
19.904652819201566
19.920833192686157
19.974405422743278
19.99001505216115
20.009221669464115
20.07788290403287
20.091414226465645
20.120316044537056
20.156066676623333
20.190763549152614
20.218981552868588
20.254181783823107
20.26118523346613
20.31340736289903
20.332797623607945
20.351779583221628
20.391397977781764
20.450475540681065
20.514470115119103
20.538971083284792
20.57746400213289
20.625168599635973
20.63313523534261
20.708345704670243
20.760953472861043
20.769545561654112
20.790004613794462
20.818387406865202
20.874236792993077
20.906486001323987
20.93971660972845
20.97522816448868
21.036879863523144
21.042372562904678
21.067083178297764
21.15827109090673
21.164979037008166
21.2174452074189
21.268312434419343
21.288642140426592
21.35357305617945
21.41017422749736
21.416084816208553
21.462210087429252
21.475090614620875
21.54238102387769
21.579698084339988
21.60535196300061
21.61259990335886
21.656554615834217
21.699559324929886
21.712933906702357
21.74713530806095
21.831452242436285
21.833894711228453
21.926954127258867
21.937985702958027
21.9674885789773
21.974526277392208
22.046335752693533
22.069000126428598
22.12550044235422
22.14324564999299
22.168157830459055
22.194147107008067
22.238887266010334
22.25419752584797
22.28625252426249
22.34952817038645
22.393527888497736
22.432895197214602
22.46605264018446
22.48345789451626
22.55526886655174
22.571021609693624
22.594931127168884
22.66603645647424
22.690438972012952
22.72258658641078
22.751627301278756
22.81497249394213
22.87248396259149
22.898634196631765
22.911190520316644
22.944582744435223
22.981510355100546
23.016045817481896
23.037796736041773
23.053581518439817
23.069154530818114
23.10160869389813
23.124959396132127
23.190782587052965
23.203930748281774
23.236502594212084
23.27285268829769
23.31275863924506
23.335472570559897
23.378064721957404
23.429259998990364
23.489326104044352
23.498621665621062
23.531757308826883
23.601496379948284
23.61566459511176
23.63525140852737
23.66921219190051
23.7076354154646
23.735655569694845
23.775978328876942
23.817404536565586
23.828325429561406
23.89201029193602
23.909546889579183
23.976852050489214
24.026743123378267
24.039370404004462
24.061561462886893
24.106337777596835
24.13067015065058
24.13279943866084
24.20630916212604
24.26933047498141
24.315152110497664
24.33520960724974
24.39564415744637
24.400776733057562
24.439301479527785
24.49763636717453
24.55272235409876
24.641265295423043
24.676158722417284
24.708806182663963
24.726655506130207
24.7578271879787
24.78367611731662
24.81683199912089
24.859498547172848
24.87822939526106
24.88925755539159
24.909331423285156
25.001156982013967
25.04244087158196
25.11625182339853
25.14038899603365
25.16736473310736
25.195479713791077
25.26118999054074
25.284440500784495
25.30043170018566
25.309503087534345
25.37029273341356
25.415778032170753
25.453898181518547
25.523969078572815
25.58419028060961
25.615427423578623
25.66836403767648
25.683312380018208
25.70277389267953
25.77427186222241
25.787230778322254
25.79912798939082
25.851808684413953
25.90487199888432
25.908012606963485
25.97913112783758
26.001956380153135
26.032398643208573
26.091345164675925
26.13559870023502
26.15140085936645
26.22498160441198
26.28304236082071
26.325884275764665
26.408040194491836
26.429925425226013
26.482645820551568
26.516598063188468
26.572085604777737
26.624240677011933
26.668952317445253
26.700804512741286
26.761112584886742
26.782700936297992
26.828609415513434
26.867512872587916
26.926682205203466
26.969930251967245
26.98367053446729
27.044521315621708
27.06234650512132
27.09152364429966
27.148614812065315
27.18117825478484
27.26703280856966
27.30047953290947
27.393454394608902
27.438253792804385
27.455255468057274
27.47984518621249
27.551980043145754
27.581989714344836
27.665027277856435
27.674950485498975
27.766973028904275
27.818780697600296
27.880771089512358
27.91524055236563
27.9778327450931
28.035718114882403
28.085954544138453
28.127361564262113
28.165871676805725
28.17416634043448
28.220423125150877
28.244510392918833
28.32631602006417
28.536933486271806
28.606117150022214
28.61814483855724
28.672899488146772
28.73288259418317
28.772028780570025
28.877629838167064
28.908972129713057
28.920768630580863
28.986415234519885
29.04767703496193
29.08817567446955
29.166380909439262
29.192858015796805
29.22631312930477
29.336521263011928
29.383486614129037
29.423767166444836
29.516431795357317
29.607551182478005
29.629696202829006
29.661659390680096
29.74588990945359
29.789549359186644
29.832587855082455
29.906576786048376
29.931477224155042
30.024896266060768
30.0327967588125
30.153552122061676
30.20433744233366
30.276605047748806
30.298727124147476
30.464011642975535
30.568107803820787
30.67634778208378
30.707446969716415
30.71680868178771
30.8088786777311
30.86831041153908
30.985024499506157
31.038505965868666
31.17947066337423
31.21977743647577
31.338457908285253
31.36474254963151
31.428666307599613
31.520929189904052
31.56793126291045
31.70161680587463
31.71590906707989
32.018016998910994
32.347367863387504
32.460595176375314
32.4948524550205
32.6778788757433
33.01977731688076
33.07652592789011
33.30590349264042
33.444825617743675
33.51201181020754
33.774684897646246
33.876426861362944
34.013136804978494
34.10206074978483
34.66446928633287
35.15665363180195
35.72622072222158
0.7880867374358984
0.8694336126400023
0.9923075874005644
1.0192623546468298
1.1179828094915178
8.118000739218022
10.564566781542178
10.596561371684363
11.080386868225345
11.275787422397737
11.516459489638894
11.539806717803222
11.66786980255622
11.704255515759524
11.728666558436618
11.861417127900111
11.948076950969316
11.985392430235443
12.044972808183594
12.089058584493847
12.17031789000184
12.191766227475132
12.252531308365413
12.397948854002005
12.450087633589984
12.570774794431912
12.64544109168508
12.758863574895424
12.780239062169457
12.8295903639233
12.890144853023376
12.93366121928298
13.00472179202163
13.122448462851809
13.172675292568163
13.204525581960429
13.238129426884507
13.298120148558448
13.362445530150685
13.40748020654529
13.453060445495094
13.499582327669243
13.532855133727994
13.648402215780902
13.704549144625123
13.7348772505739
13.816589614275996
13.846244147986408
13.90087544727588
13.93394276023209
13.971088454279014
14.00521533170113
14.072298322517561
14.12660923016289
14.204549650880379
14.225686792636218
14.252000296325928
14.291726615530905
14.301064603690747
14.319917666664805
14.365123412087302
14.477040433332032
14.501625049841346
14.52798826139134
14.563990094960841
14.585871083469527
14.599011079346052
14.61619244422598
14.714035431097145
14.759519586757882
14.768920342941788
14.832286328130985
14.854626039532755
14.961858618891979
14.991265321188413
15.053443848707893
15.073234900059802
15.150242332222746
15.174190777905935
15.217524336159524
15.244722065744597
15.26667038294
15.283189856405697
15.331774115313731
15.400365104391948
15.445844825325029
15.494986235153796
15.517043945779676
15.553877532178058
15.585017022428115
15.60204125236207
15.624655005159887
15.673084760411975
15.686141782759153
15.74435083554829
15.76345528502888
15.784796267625179
15.809804125573963
15.878557744812886
15.906261818457127
15.915502834140492
15.934178226128802
15.941402159361472
16.00266929430187
16.04803197655461
16.132833304290145
16.18434238877791
16.225912656512925
16.288604331684663
16.320114918556676
16.3396364207425
16.380580432455307
16.408396884504892
16.461341547963578
16.507220503321477
16.51925721601855
16.574894428809767
16.61837028553155
16.646319421076836
16.664858909345952
16.680666195822873
16.727276876130755
16.7342028311355
16.759637251431663
16.81466859386297
16.841021300911144
16.868706815037676
16.92436932898298
16.945704550866594
16.983095148098737
17.022056140328345
17.053864993064906
17.1231324668599
17.128372096096648
17.17024945210173
17.19991108110276
17.208956915144622
17.235460313218944
17.29899114117607
17.333272691048087
17.38569790405365
17.427349211890427
17.439499512020795
17.463274103681645
17.511254301490872
17.557264425650644
17.59252577153702
17.610996371398045
17.69505956347564
17.75253316303252
17.7748581696051
17.781323711000418
17.808316123121045
17.875959200590692
17.894220448314307
17.925661039036342
17.979990773296336
18.00750010915147
18.021919380183835
18.047621578488137
18.08687412046137
18.14652852593285
18.180358224285072
18.230885703837227
18.253067495178694
18.259925137918476
18.28400416025836
18.296681724306033
18.316520878774163
18.34998776947454
18.422170737595156
18.45705701616554
18.495766020902956
18.524056975373515
18.55046358700961
18.593745992378288
18.628167674183725
18.68048510470183
18.69350818494175
18.71617936844899
18.744363270180077
18.79218971412944
18.820686606049236
18.875515891156844
18.89579629063112
18.94493097491258
19.006780960491206
19.011529918330393
19.02010327940795
19.082063921599957
19.12544682154196
19.14496324826828
19.167968011185433
19.19173731761184
19.22553233915477
19.26168953237528
19.294048841956272
19.33048060623357
19.372476932500476
19.40855795203795
19.447717524163554
19.49601905131174
19.523045617184117
19.551429506225887
19.58895525707751
19.61889139069141
19.66120133039168
19.67594370333667
19.73421344539732
19.75737043775703
19.791185410553748
19.846072724707682
19.884848264945653
19.904652819201566
19.920833192686157
19.974405422743278
19.99001505216115
20.009221669464115
20.07788290403287
20.091414226465645
20.120316044537056
20.156066676623333
20.190763549152614
20.218981552868588
20.254181783823107
20.26118523346613
20.31340736289903
20.332797623607945
20.351779583221628
20.391397977781764
20.450475540681065
20.514470115119103
20.538971083284792
20.57746400213289
20.625168599635973
20.63313523534261
20.708345704670243
20.760953472861043
20.769545561654112
20.790004613794462
20.818387406865202
20.874236792993077
20.906486001323987
20.93971660972845
20.97522816448868
21.036879863523144
21.042372562904678
21.067083178297764
21.15827109090673
21.164979037008166
21.2174452074189
21.268312434419343
21.288642140426592
21.35357305617945
21.41017422749736
21.416084816208553
21.462210087429252
21.475090614620875
21.54238102387769
21.579698084339988
21.60535196300061
21.61259990335886
21.656554615834217
21.699559324929886
21.712933906702357
21.74713530806095
21.831452242436285
21.833894711228453
21.926954127258867
21.937985702958027
21.9674885789773
21.974526277392208
22.046335752693533
22.069000126428598
22.12550044235422
22.14324564999299
22.168157830459055
22.194147107008067
22.238887266010334
22.25419752584797
22.28625252426249
22.34952817038645
22.393527888497736
22.432895197214602
22.46605264018446
22.48345789451626
22.55526886655174
22.571021609693624
22.594931127168884
22.66603645647424
22.690438972012952
22.72258658641078
22.751627301278756
22.81497249394213
22.87248396259149
22.898634196631765
22.911190520316644
22.944582744435223
22.981510355100546
23.016045817481896
23.037796736041773
23.053581518439817
23.069154530818114
23.10160869389813
23.124959396132127
23.190782587052965
23.203930748281774
23.236502594212084
23.27285268829769
23.31275863924506
23.335472570559897
23.378064721957404
23.429259998990364
23.489326104044352
23.498621665621062
23.531757308826883
23.601496379948284
23.61566459511176
23.63525140852737
23.66921219190051
23.7076354154646
23.735655569694845
23.775978328876942
23.817404536565586
23.828325429561406
23.89201029193602
23.909546889579183
23.976852050489214
24.026743123378267
24.039370404004462
24.061561462886893
24.106337777596835
24.13067015065058
24.13279943866084
24.20630916212604
24.26933047498141
24.315152110497664
24.33520960724974
24.39564415744637
24.400776733057562
24.439301479527785
24.49763636717453
24.55272235409876
24.641265295423043
24.676158722417284
24.708806182663963
24.726655506130207
24.7578271879787
24.78367611731662
24.81683199912089
24.859498547172848
24.87822939526106
24.88925755539159
24.909331423285156
25.001156982013967
25.04244087158196
25.11625182339853
25.14038899603365
25.16736473310736
25.195479713791077
25.26118999054074
25.284440500784495
25.30043170018566
25.309503087534345
25.37029273341356
25.415778032170753
25.453898181518547
25.523969078572815
25.58419028060961
25.615427423578623
25.66836403767648
25.683312380018208
25.70277389267953
25.77427186222241
25.787230778322254
25.79912798939082
25.851808684413953
25.90487199888432
25.908012606963485
25.97913112783758
26.001956380153135
26.032398643208573
26.091345164675925
26.13559870023502
26.15140085936645
26.22498160441198
26.28304236082071
26.325884275764665
26.408040194491836
26.429925425226013
26.482645820551568
26.516598063188468
26.572085604777737
26.624240677011933
26.668952317445253
26.700804512741286
26.761112584886742
26.782700936297992
26.828609415513434
26.867512872587916
26.926682205203466
26.969930251967245
26.98367053446729
27.044521315621708
27.06234650512132
27.09152364429966
27.148614812065315
27.18117825478484
27.26703280856966
27.30047953290947
27.393454394608902
27.438253792804385
27.455255468057274
27.47984518621249
27.551980043145754
27.581989714344836
27.665027277856435
27.674950485498975
27.766973028904275
27.818780697600296
27.880771089512358
27.91524055236563
27.9778327450931
28.035718114882403
28.085954544138453
28.127361564262113
28.165871676805725
28.17416634043448
28.220423125150877
28.244510392918833
28.32631602006417
28.536933486271806
28.606117150022214
28.61814483855724
28.672899488146772
28.73288259418317
28.772028780570025
28.877629838167064
28.908972129713057
28.920768630580863
28.986415234519885
29.04767703496193
29.08817567446955
29.166380909439262
29.192858015796805
29.22631312930477
29.336521263011928
29.383486614129037
29.423767166444836
29.516431795357317
29.607551182478005
29.629696202829006
29.661659390680096
29.74588990945359
29.789549359186644
29.832587855082455
29.906576786048376
29.931477224155042
30.024896266060768
30.0327967588125
30.153552122061676
30.20433744233366
30.276605047748806
30.298727124147476
30.464011642975535
30.568107803820787
30.67634778208378
30.707446969716415
30.71680868178771
30.8088786777311
30.86831041153908
30.985024499506157
31.038505965868666
31.17947066337423
31.21977743647577
31.338457908285253
31.36474254963151
31.428666307599613
31.520929189904052
31.56793126291045
31.70161680587463
31.71590906707989
32.018016998910994
32.347367863387504
32.460595176375314
32.4948524550205
32.6778788757433
33.01977731688076
33.07652592789011
33.30590349264042
33.444825617743675
33.51201181020754
33.774684897646246
33.876426861362944
34.013136804978494
34.10206074978483
34.66446928633287
35.15665363180195
35.72622072222158
