0.5502238801483311
0.6942123904904027
0.7644300437740422
0.8432832444774675
0.872329367429156
0.9719015067707459
1.0234103668714327
1.0491162814072978
1.057969172120853
4.623481286122741
5.037510097765758
5.422050203203938
5.4974993357977295
5.78046736341369
5.88530152662202
5.900752557407942
5.942323354861441
6.140112250741887
6.171974820504403
6.3376179630646625
6.435553713010943
6.503540200499012
6.517844793804861
6.543561594321957
6.634722214820067
6.802814097118612
6.845546203712025
6.878118045295276
6.902719752039697
6.936481702964659
6.970179196669066
7.069484385357976
7.107016461623324
7.14684525016427
7.191333572994727
7.225063552494005
7.266133451240017
7.317552576169483
7.344659660362601
7.366184351726108
7.398779842453066
7.422899390250011
7.460772602126134
7.481595556625511
7.540705942099435
7.543793493163198
7.59765899425868
7.66588042785043
7.702766657661537
7.743685582796375
7.768539428892197
7.83493667778611
7.854770266590809
7.890481222178031
7.911529533358446
7.926452364664565
7.962924156734177
8.023723494187927
8.057513629381452
8.128711781835797
8.161893759891914
8.183461782126424
8.221423537013607
8.24457194902486
8.282456157973666
8.300187646788054
8.317953727065287
8.365845666291204
8.38189814537412
8.42006421064524
8.452403537174755
8.482485114389027
8.505822996360152
8.516991969415153
8.577061426789069
8.645771552670265
8.687318720804562
8.756259372849899
8.774202585963403
8.792346366612449
8.822806862310705
8.857029323709805
8.867677302789009
8.908752597366682
8.933003003944746
8.98321110375915
8.998868084247889
9.022939714451505
9.045147783727243
9.054967836598047
9.109522325718906
9.120488061780025
9.132443222589538
9.181920149315557
9.217668144622042
9.258678403359207
9.312364387712913
9.349118936976629
9.364666488120347
9.394653364484478
9.4178114933718
9.463966351947114
9.52204331277605
9.528809894216451
9.563563932100225
9.583014794917554
9.612268440489391
9.625896918988238
9.656794915035073
9.672002800960536
9.705826795012209
9.712960859074661
9.751977072840454
9.808525124454517
9.820695704290438
9.84129427333188
9.875032608692667
9.908000643717449
9.938016124947596
9.958111264225824
9.97898450863773
9.990979311723818
10.046430937543416
10.059786249967392
10.080722125719143
10.101104362852006
10.130192554616489
10.151700113061594
10.174249808343168
10.193746241494484
10.231493517807857
10.24841897924249
10.265277330935508
10.319374108415603
10.34046590287399
10.364366836244354
10.411977571800135
10.41592830466589
10.425663266971341
10.453012070347457
10.485275892218295
10.538671000979921
10.549674056873362
10.589053294800678
10.633415547054524
10.664785143485473
10.695445916862589
10.701949531268799
10.73915124528505
10.7530916722175
10.768014868855998
10.810665713025784
10.824544807902388
10.884723521257593
10.899754188668513
10.927908171493371
10.955936962083067
10.963456363064005
11.02171972783665
11.03172883470385
11.060077949242629
11.076751309002033
11.125183541693781
11.167372154530385
11.175687019376054
11.187661217873663
11.238497610678722
11.256627068968852
11.270923845021503
11.31240933435309
11.336813324437944
11.369321529867571
11.388374506235351
11.395881066743323
11.434653899025381
11.470530089643347
11.488230938847044
11.500259796998463
11.538099829930223
11.55801970573151
11.589808258756388
11.614041742481678
11.647775235784664
11.683925835595304
11.726416751002956
11.72896512753548
11.760293932102586
11.783531177708245
11.801691387352786
11.819712532183484
11.86258846816182
11.868138742263541
11.887080325627029
11.925408374867404
11.968397132696479
11.999422353285693
12.007507450111252
12.044209959189415
12.09354644194704
12.11253650419356
12.134788282069962
12.165579147951545
12.198951701561283
12.202763927146782
12.245175784168628
12.276339987732937
12.317179605009368
12.364704541736364
12.388213316918463
12.397268164533838
12.410121392538912
12.467660732433464
12.475603113983947
12.493367985719892
12.526456336540177
12.531485743940047
12.58852632486461
12.592635553878353
12.611616465222848
12.653099935710163
12.680849438170455
12.711024665222197
12.743221578604908
12.7533431979324
12.775191312753526
12.79642405760283
12.81943215281303
12.837452237443836
12.87214808168689
12.895170943615165
12.930034695426462
12.934777883070408
12.974333887822564
13.001802320604796
13.007674257125009
13.021351678014472
13.066407768585686
13.078048619789746
13.141883054935366
13.152926689118544
13.16919684017654
13.202558896141495
13.23907531712733
13.26410313133102
13.29704661226604
13.339543060917212
13.346337562690538
13.377834400862229
13.440624358999111
13.45975973630285
13.472169240350794
13.497731919487194
13.536263747907773
13.566279808714839
13.57435971288163
13.606793873123555
13.636754743230512
13.66538546186403
13.700531574963229
13.723801323466757
13.748932497667145
13.813560229880538
13.82502103070756
13.855017371716537
13.86855912618263
13.905640419307241
13.922305492826604
13.949252117391284
14.010179589199927
14.034641088635203
14.057998483396549
14.062541443626472
14.096662365186253
14.126047802031266
14.144321811040323
14.181930361628927
14.23581628143752
14.24588919211945
14.2984473004548
14.312317264413894
14.329995379446155
14.365030195040248
14.388235150158547
14.403651053628947
14.485888187480038
14.486825396049882
14.556540148696698
14.578403826606905
14.616228171214694
14.624310756835987
14.634119542942596
14.6669836675913
14.743817841894064
14.76165845305059
14.772847766016726
14.8036266913981
14.810187667171464
14.856049078163839
14.88965445584191
14.929748475030339
14.958182770840942
14.974016268672331
15.016136296427165
15.040055687265648
15.060220594187856
15.082646837795217
15.115286338324573
15.14604648569467
15.160385726715168
15.206968226508737
15.212109072731538
15.268296359587683
15.29234629813713
15.318279677201529
15.349113897186632
15.401113521776036
15.423293488701127
15.459782578553096
15.49887137517556
15.563936623817176
15.592351689708176
15.601550492689997
15.643411866855041
15.680206229635557
15.685663961879255
15.721314620377843
15.742547175601585
15.773160236117693
15.789120917052045
15.802581231600605
15.86349763201632
15.895043488320285
15.934054784925644
15.961076856340862
15.976447635652935
16.008894274771457
16.022861048021888
16.050850890117438
16.08056113535035
16.10710325682212
16.132229406567742
16.141507744291463
16.171386322541164
16.229118669380853
16.246240749854657
16.277057919529913
16.28949615154165
16.320154038013953
16.345363987909117
16.387229588144997
16.42308643470548
16.43753220623454
16.47292944422116
16.533141466485784
16.560421864022945
16.58884924576031
16.6146742684487
16.64708121368701
16.689655504960534
16.730800313085474
16.73708783008477
16.770121483339484
16.83606549673201
16.870020453570408
16.91454835976946
16.92716371055628
16.931945940923075
16.945289474292036
16.997538999193385
17.00189758833855
17.055850931705194
17.072135571780702
17.103394590131472
17.130583950271582
17.15485909537918
17.18363990517803
17.254318616470716
17.277516694311966
17.303733460710113
17.315642907306906
17.350879481836387
17.398562294945197
17.436436452860256
17.453686508364388
17.4942796486506
17.51094877583157
17.52204026901401
17.600054353973157
17.619410136405136
17.63178808795661
17.66910949268074
17.69220381725793
17.701563333298722
17.73329716542403
17.785894851640137
17.843617507062923
17.905302072578095
17.932158820094266
17.9570914558765
18.009277482140316
18.023016441814697
18.059135195034862
18.093540550512706
18.12456790359249
18.14278218842326
18.191168110223227
18.22079902963965
18.286330638690174
18.32503878663409
18.374174243135887
18.377727565255505
18.43871409303025
18.460733472542195
18.516420444654127
18.54620558569626
18.56593482471631
18.62220230019005
18.646507890862775
18.70856118813538
18.720302237625365
18.781375596805496
18.82593375136641
18.842887303953976
18.897982085617056
18.94476956799793
18.956618979379456
19.007183624228144
19.04335667721861
19.067329179419815
19.14162007961005
19.161841754121337
19.18760404632085
19.207183879763594
19.294716668599662
19.32314054232797
19.371541822282662
19.47120454384674
19.491328944936363
19.52495082721139
19.596476614693955
19.64847900470279
19.697993227096976
19.76271990131683
19.788122127723984
19.879002332984687
19.936155728566526
20.010782828905228
20.055756966613416
20.07932151053242
20.156227103701664
20.19924818634426
20.23246827631663
20.299686722702273
20.331016415390962
20.420245028010836
20.53544065641991
20.552216596681482
20.628590439926473
20.719989304888728
20.814424303131073
20.848967707775618
20.891328813662046
20.927099276260268
20.984159094696725
21.030578196638086
21.06844121969337
21.11846061235277
21.2795187096017
21.34133134817961
21.461035521455482
21.49242538624802
21.526730937464876
21.68449122028879
21.714513046054968
21.718566217969663
21.78039916826066
21.821200714160153
21.875593350327307
21.91043455649685
21.965328858634546
22.06118075462606
22.219464289353162
22.402672232806935
22.514062423274265
22.597418984610673
22.71629482608077
22.816578217371596
22.871936758496744
23.152180266354204
23.204671735323586
23.462416675690683
23.726475537242543
23.788220956516202
23.95949448488459
24.06256172619066
24.253154884034334
24.412847754608663
24.702647779042227
25.244330182082344
0.5502238801483311
0.6942123904904027
0.7644300437740422
0.8432832444774675
0.872329367429156
0.9719015067707459
1.0234103668714327
1.0491162814072978
1.057969172120853
4.623481286122741
5.037510097765758
5.422050203203938
5.4974993357977295
5.78046736341369
5.88530152662202
5.900752557407942
5.942323354861441
6.140112250741887
6.171974820504403
6.3376179630646625
6.435553713010943
6.503540200499012
6.517844793804861
6.543561594321957
6.634722214820067
6.802814097118612
6.845546203712025
6.878118045295276
6.902719752039697
6.936481702964659
6.970179196669066
7.069484385357976
7.107016461623324
7.14684525016427
7.191333572994727
7.225063552494005
7.266133451240017
7.317552576169483
7.344659660362601
7.366184351726108
7.398779842453066
7.422899390250011
7.460772602126134
7.481595556625511
7.540705942099435
7.543793493163198
7.59765899425868
7.66588042785043
7.702766657661537
7.743685582796375
7.768539428892197
7.83493667778611
7.854770266590809
7.890481222178031
7.911529533358446
7.926452364664565
7.962924156734177
8.023723494187927
8.057513629381452
8.128711781835797
8.161893759891914
8.183461782126424
8.221423537013607
8.24457194902486
8.282456157973666
8.300187646788054
8.317953727065287
8.365845666291204
8.38189814537412
8.42006421064524
8.452403537174755
8.482485114389027
8.505822996360152
8.516991969415153
8.577061426789069
8.645771552670265
8.687318720804562
8.756259372849899
8.774202585963403
8.792346366612449
8.822806862310705
8.857029323709805
8.867677302789009
8.908752597366682
8.933003003944746
8.98321110375915
8.998868084247889
9.022939714451505
9.045147783727243
9.054967836598047
9.109522325718906
9.120488061780025
9.132443222589538
9.181920149315557
9.217668144622042
9.258678403359207
9.312364387712913
9.349118936976629
9.364666488120347
9.394653364484478
9.4178114933718
9.463966351947114
9.52204331277605
9.528809894216451
9.563563932100225
9.583014794917554
9.612268440489391
9.625896918988238
9.656794915035073
9.672002800960536
9.705826795012209
9.712960859074661
9.751977072840454
9.808525124454517
9.820695704290438
9.84129427333188
9.875032608692667
9.908000643717449
9.938016124947596
9.958111264225824
9.97898450863773
9.990979311723818
10.046430937543416
10.059786249967392
10.080722125719143
10.101104362852006
10.130192554616489
10.151700113061594
10.174249808343168
10.193746241494484
10.231493517807857
10.24841897924249
10.265277330935508
10.319374108415603
10.34046590287399
10.364366836244354
10.411977571800135
10.41592830466589
10.425663266971341
10.453012070347457
10.485275892218295
10.538671000979921
10.549674056873362
10.589053294800678
10.633415547054524
10.664785143485473
10.695445916862589
10.701949531268799
10.73915124528505
10.7530916722175
10.768014868855998
10.810665713025784
10.824544807902388
10.884723521257593
10.899754188668513
10.927908171493371
10.955936962083067
10.963456363064005
11.02171972783665
11.03172883470385
11.060077949242629
11.076751309002033
11.125183541693781
11.167372154530385
11.175687019376054
11.187661217873663
11.238497610678722
11.256627068968852
11.270923845021503
11.31240933435309
11.336813324437944
11.369321529867571
11.388374506235351
11.395881066743323
11.434653899025381
11.470530089643347
11.488230938847044
11.500259796998463
11.538099829930223
11.55801970573151
11.589808258756388
11.614041742481678
11.647775235784664
11.683925835595304
11.726416751002956
11.72896512753548
11.760293932102586
11.783531177708245
11.801691387352786
11.819712532183484
11.86258846816182
11.868138742263541
11.887080325627029
11.925408374867404
11.968397132696479
11.999422353285693
12.007507450111252
12.044209959189415
12.09354644194704
12.11253650419356
12.134788282069962
12.165579147951545
12.198951701561283
12.202763927146782
12.245175784168628
12.276339987732937
12.317179605009368
12.364704541736364
12.388213316918463
12.397268164533838
12.410121392538912
12.467660732433464
12.475603113983947
12.493367985719892
12.526456336540177
12.531485743940047
12.58852632486461
12.592635553878353
12.611616465222848
12.653099935710163
12.680849438170455
12.711024665222197
12.743221578604908
12.7533431979324
12.775191312753526
12.79642405760283
12.81943215281303
12.837452237443836
12.87214808168689
12.895170943615165
12.930034695426462
12.934777883070408
12.974333887822564
13.001802320604796
13.007674257125009
13.021351678014472
13.066407768585686
13.078048619789746
13.141883054935366
13.152926689118544
13.16919684017654
13.202558896141495
13.23907531712733
13.26410313133102
13.29704661226604
13.339543060917212
13.346337562690538
13.377834400862229
13.440624358999111
13.45975973630285
13.472169240350794
13.497731919487194
13.536263747907773
13.566279808714839
13.57435971288163
13.606793873123555
13.636754743230512
13.66538546186403
13.700531574963229
13.723801323466757
13.748932497667145
13.813560229880538
13.82502103070756
13.855017371716537
13.86855912618263
13.905640419307241
13.922305492826604
13.949252117391284
14.010179589199927
14.034641088635203
14.057998483396549
14.062541443626472
14.096662365186253
14.126047802031266
14.144321811040323
14.181930361628927
14.23581628143752
14.24588919211945
14.2984473004548
14.312317264413894
14.329995379446155
14.365030195040248
14.388235150158547
14.403651053628947
14.485888187480038
14.486825396049882
14.556540148696698
14.578403826606905
14.616228171214694
14.624310756835987
14.634119542942596
14.6669836675913
14.743817841894064
14.76165845305059
14.772847766016726
14.8036266913981
14.810187667171464
14.856049078163839
14.88965445584191
14.929748475030339
14.958182770840942
14.974016268672331
15.016136296427165
15.040055687265648
15.060220594187856
15.082646837795217
15.115286338324573
15.14604648569467
15.160385726715168
15.206968226508737
15.212109072731538
15.268296359587683
15.29234629813713
15.318279677201529
15.349113897186632
15.401113521776036
15.423293488701127
15.459782578553096
15.49887137517556
15.563936623817176
15.592351689708176
15.601550492689997
15.643411866855041
15.680206229635557
15.685663961879255
15.721314620377843
15.742547175601585
15.773160236117693
15.789120917052045
15.802581231600605
15.86349763201632
15.895043488320285
15.934054784925644
15.961076856340862
15.976447635652935
16.008894274771457
16.022861048021888
16.050850890117438
16.08056113535035
16.10710325682212
16.132229406567742
16.141507744291463
16.171386322541164
16.229118669380853
16.246240749854657
16.277057919529913
16.28949615154165
16.320154038013953
16.345363987909117
16.387229588144997
16.42308643470548
16.43753220623454
16.47292944422116
16.533141466485784
16.560421864022945
16.58884924576031
16.6146742684487
16.64708121368701
16.689655504960534
16.730800313085474
16.73708783008477
16.770121483339484
16.83606549673201
16.870020453570408
16.91454835976946
16.92716371055628
16.931945940923075
16.945289474292036
16.997538999193385
17.00189758833855
17.055850931705194
17.072135571780702
17.103394590131472
17.130583950271582
17.15485909537918
17.18363990517803
17.254318616470716
17.277516694311966
17.303733460710113
17.315642907306906
17.350879481836387
17.398562294945197
17.436436452860256
17.453686508364388
17.4942796486506
17.51094877583157
17.52204026901401
17.600054353973157
17.619410136405136
17.63178808795661
17.66910949268074
17.69220381725793
17.701563333298722
17.73329716542403
17.785894851640137
17.843617507062923
17.905302072578095
17.932158820094266
17.9570914558765
18.009277482140316
18.023016441814697
18.059135195034862
18.093540550512706
18.12456790359249
18.14278218842326
18.191168110223227
18.22079902963965
18.286330638690174
18.32503878663409
18.374174243135887
18.377727565255505
18.43871409303025
18.460733472542195
18.516420444654127
18.54620558569626
18.56593482471631
18.62220230019005
18.646507890862775
18.70856118813538
18.720302237625365
18.781375596805496
18.82593375136641
18.842887303953976
18.897982085617056
18.94476956799793
18.956618979379456
19.007183624228144
19.04335667721861
19.067329179419815
19.14162007961005
19.161841754121337
19.18760404632085
19.207183879763594
19.294716668599662
19.32314054232797
19.371541822282662
19.47120454384674
19.491328944936363
19.52495082721139
19.596476614693955
19.64847900470279
19.697993227096976
19.76271990131683
19.788122127723984
19.879002332984687
19.936155728566526
20.010782828905228
20.055756966613416
20.07932151053242
20.156227103701664
20.19924818634426
20.23246827631663
20.299686722702273
20.331016415390962
20.420245028010836
20.53544065641991
20.552216596681482
20.628590439926473
20.719989304888728
20.814424303131073
20.848967707775618
20.891328813662046
20.927099276260268
20.984159094696725
21.030578196638086
21.06844121969337
21.11846061235277
21.2795187096017
21.34133134817961
21.461035521455482
21.49242538624802
21.526730937464876
21.68449122028879
21.714513046054968
21.718566217969663
21.78039916826066
21.821200714160153
21.875593350327307
21.91043455649685
21.965328858634546
22.06118075462606
22.219464289353162
22.402672232806935
22.514062423274265
22.597418984610673
22.71629482608077
22.816578217371596
22.871936758496744
23.152180266354204
23.204671735323586
23.462416675690683
23.726475537242543
23.788220956516202
23.95949448488459
24.06256172619066
24.253154884034334
24.412847754608663
24.702647779042227
25.244330182082344
