0.7542302922106298
0.8247849268613141
0.8316178001097425
0.8625770054721239
0.9021092096507755
1.0227429221864786
1.0570464190248006
1.086928130570472
1.27813863110482
3.532349228758847
4.460290714785662
4.506822587032212
4.573880466266064
4.760435071350376
5.171683888015136
5.174108470987293
5.294338535945192
5.388588787336129
5.4626710376198515
5.676701813321512
5.752085568019907
5.79466849128811
5.923485001532552
6.012493151991514
6.129377003557187
6.217848531311435
6.339837322515613
6.37364992096821
6.4335078080554995
6.452979460342947
6.616306334607442
6.626854383230245
6.694482436957154
6.721323683239758
6.739877061734886
6.752431197218382
6.895129434741699
6.901949034883452
7.000494935359278
7.039427486800045
7.055918686135263
7.143551160735489
7.158899933176997
7.193854518030716
7.249934632568357
7.291339910340688
7.294826082784216
7.355056005661765
7.372031190083423
7.396417297832246
7.435780207542853
7.480826949606923
7.514874502430824
7.5238497306055825
7.543711447782876
7.558792669305031
7.575578381520329
7.630036143017154
7.662998762355251
7.707156155908804
7.725372076329572
7.729595688914273
7.783538904597363
7.806648582796629
7.826807069722839
7.849326739747388
7.874227000984039
7.93291458160707
7.977613898345497
7.987852668108277
8.045817296213198
8.082346991872976
8.098221317979213
8.168131254229161
8.19935675031457
8.2419573651605
8.272513057658262
8.279302268347877
8.321954506733483
8.33882120052203
8.377097419769623
8.382214572171309
8.403666639151378
8.439277477650194
8.445396948310808
8.514176937617625
8.515748714154645
8.544344998550066
8.595421631552059
8.620404030092455
8.641149985191813
8.679476331791491
8.683784391104496
8.716916634773021
8.738167249806986
8.786151193813945
8.816174195767742
8.826732261480448
8.842298573738002
8.865824209649077
8.880554677471238
8.9162187247198
8.976967171865613
8.998362946143516
9.037862852574888
9.05575009117904
9.111760838918709
9.119411342230444
9.131160816903062
9.165433038375575
9.175796595270402
9.203622404180107
9.228252881213207
9.253852632867142
9.280252234347051
9.322019096321151
9.355332095931564
9.376328229954419
9.397404785497901
9.44541731255685
9.44733687920535
9.46492071326962
9.481314261897264
9.526814190252631
9.569948015644483
9.599719485918015
9.610128548560555
9.644392629182859
9.658483757702534
9.679826656770802
9.70815819164684
9.777302557438599
9.792467024297265
9.822382267086551
9.838395195538238
9.878027478531266
9.913422670644017
9.936866682455717
9.996032594757738
10.013382428271262
10.031120823633499
10.082448476047034
10.097701496131515
10.127013694500683
10.14197159051182
10.18318411452791
10.22413314119068
10.251211499970879
10.271790130676083
10.328088609546729
10.344273034607157
10.39155484405827
10.402085425946451
10.422278509746155
10.430464923964458
10.463004044015152
10.489510372053363
10.543492935878295
10.577967194032587
10.590945760207092
10.620399537521376
10.660606315091469
10.705150397268559
10.735337672172696
10.764966559837132
10.81163048285926
10.852930718320849
10.894097193464876
10.906137399219821
10.913806181460863
10.926875618239926
10.943469924214272
10.959974829340041
10.991236927363982
11.040610268504492
11.076491789516595
11.079984161953314
11.121934341581692
11.145535721868914
11.175872848603623
11.20394073183589
11.208452607514527
11.233618663352482
11.252266111389092
11.272386620918951
11.314288273880004
11.36097690101442
11.38278765516217
11.412902822907407
11.465731621451146
11.490075122635867
11.497202319247652
11.538529562732679
11.574177220719369
11.59411559648929
11.617136422763403
11.65328524895017
11.677324698472535
11.70484395676594
11.733938717654096
11.768053876043092
11.78750762184651
11.806536747894915
11.839252813871393
11.87813744729667
11.903985981876884
11.910094116914705
11.943517927336682
11.979718161477516
12.019496848643428
12.038905809110855
12.049472408875042
12.06062706088877
12.120769197775529
12.138213109538981
12.186519402024803
12.20580202399811
12.248284329018173
12.296513790416686
12.30671400065091
12.339950173885645
12.367011479760105
12.43275823129716
12.441924654804668
12.469438027917102
12.476263083406172
12.529289699612873
12.558096902791114
12.576109319682466
12.599654809024019
12.602204746586311
12.648145402621768
12.680935987269317
12.710645676270312
12.723698773383582
12.747946212398832
12.78421886850907
12.805665618709437
12.838785820673651
12.861739654122808
12.921546073268596
12.951059619430893
12.994198517063484
13.001858377209986
13.021727641973204
13.034675607513858
13.052275040108988
13.117531556078772
13.16133100683319
13.179017559219025
13.210353198375877
13.283154985387453
13.283839793812302
13.331211250502811
13.35198668393878
13.378970423442606
13.418227033998985
13.4491910897118
13.471370309136095
13.50419967821749
13.518471533488098
13.574119993798218
13.583204779624918
13.60543825992526
13.642464915534745
13.652632669136993
13.6665639806785
13.691950011380682
13.725966056316693
13.755229897470354
13.765553310423163
13.789284104506885
13.799768616806453
13.832167573679902
13.867627018183795
13.882445171726241
13.927778901821851
13.971651160002125
13.982809866683962
14.036163765687357
14.04751873143076
14.074819373142585
14.122802829924572
14.138236404894176
14.181070912520891
14.188127016351855
14.209080716325435
14.220567838822836
14.233233944854726
14.252348701616796
14.28911835219598
14.329269882060466
14.36501006503533
14.380858131681498
14.412560994851603
14.445446787005269
14.475800961356418
14.491882726961604
14.522497409451246
14.538544405978962
14.574836764333472
14.604403002013497
14.609245828786781
14.675335134152627
14.722436746107821
14.736480488575829
14.747703037675063
14.818342081878916
14.841721828686097
14.850381333111734
14.87153626045513
14.915328761529437
14.926359075132835
14.964300778764027
14.998208059902886
15.038986737021775
15.069822029072558
15.096151996861554
15.114027209122792
15.132796019134043
15.184639507094245
15.224662565642772
15.280476732716469
15.284994053426695
15.319293272322454
15.360531923478561
15.376684306740513
15.408356737134733
15.43001114214833
15.436788859703451
15.477489490968177
15.501249167288357
15.532490891877142
15.57565594589401
15.605364392379986
15.65289507446125
15.677040655342022
15.700315819747244
15.734809727806173
15.790169342824068
15.80856108141246
15.854930091708392
15.883265414730731
15.928506354264421
15.959961637251379
15.965180309676397
16.021738090030816
16.04713500713316
16.079601952081454
16.110659377023573
16.137522332990876
16.143124492306086
16.197962318993554
16.236311005572894
16.257140091843215
16.26741261076922
16.325243288570032
16.341544725778725
16.360838156719733
16.372545027872874
16.40282273145767
16.438921234088117
16.514399467063825
16.557239573136027
16.57719761528072
16.612991040337228
16.63755444528053
16.66473513968096
16.674811200638086
16.68644018012898
16.735579524080123
16.80500259931406
16.816812856286898
16.847459199489684
16.89004643789085
16.911342127184916
16.947463985391497
16.96191431868878
17.009599770141435
17.04333130260142
17.06699846895115
17.10196498484168
17.146244948546286
17.187659463226726
17.194635667306642
17.240549442881708
17.316860129294167
17.343539465631046
17.382098846541407
17.431341400642598
17.440786329021858
17.513302537959344
17.56839921740048
17.60592689882083
17.63384718222385
17.683465043907766
17.731689224343498
17.765496358388276
17.8006698655695
17.810078885950812
17.83383811810904
17.868021436000028
17.90425718967084
17.977040760325647
18.03368098305735
18.08846281694177
18.09440579985478
18.145468444876432
18.20881799169386
18.234272432064774
18.269617586887968
18.32298646952746
18.378696776416543
18.387796251316
18.418832670824898
18.470066172694207
18.48635664292587
18.508051734599867
18.56213214311389
18.5915095511428
18.628532244443686
18.706517673660944
18.746387253226107
18.772097235486005
18.801665115457816
18.849154736034873
18.89546022961424
18.943653655328394
18.99803073239747
19.045404700150254
19.08318416479079
19.131809437668327
19.213760851238597
19.27740367099192
19.30712029467245
19.33704217030962
19.46617001454017
19.51303056631943
19.56942757849123
19.589267202776114
19.648866700357154
19.73173660811382
19.771278569644416
19.78430131783364
19.838303378036706
19.97634941620826
20.020094239771606
20.108173104616572
20.19272506828651
20.32372695257633
20.37426355463182
20.414741201912655
20.485663716295228
20.503176942428183
20.532986389969178
20.572741516434903
20.606461003528622
20.67738662459136
20.727907598930614
20.757169698742945
20.835441298389707
20.870553096759203
20.919602611219002
21.019718842750116
21.06182137396077
21.101871420679576
21.162015503182438
21.204070438983496
21.280702883088907
21.32573741133764
21.38695078480466
21.451414187409956
21.4848458608456
21.645844895849642
21.731336104644193
21.778909013397538
21.914513765697663
22.034467185359794
22.09996624016355
22.10833575705429
22.25725648764724
22.353092143276548
22.3988497067464
22.476217623885596
22.512476797079433
22.72995085397981
22.803574271228854
22.867721416118393
22.96881293968317
23.074640928515315
23.274154765381244
23.365653235438348
23.47471316992523
23.545388283557493
23.862884336411927
23.941771342084568
24.2330198500322
24.9293621362886
25.08892608633049
0.7542302922106298
0.8247849268613141
0.8316178001097425
0.8625770054721239
0.9021092096507755
1.0227429221864786
1.0570464190248006
1.086928130570472
1.27813863110482
3.532349228758847
4.460290714785662
4.506822587032212
4.573880466266064
4.760435071350376
5.171683888015136
5.174108470987293
5.294338535945192
5.388588787336129
5.4626710376198515
5.676701813321512
5.752085568019907
5.79466849128811
5.923485001532552
6.012493151991514
6.129377003557187
6.217848531311435
6.339837322515613
6.37364992096821
6.4335078080554995
6.452979460342947
6.616306334607442
6.626854383230245
6.694482436957154
6.721323683239758
6.739877061734886
6.752431197218382
6.895129434741699
6.901949034883452
7.000494935359278
7.039427486800045
7.055918686135263
7.143551160735489
7.158899933176997
7.193854518030716
7.249934632568357
7.291339910340688
7.294826082784216
7.355056005661765
7.372031190083423
7.396417297832246
7.435780207542853
7.480826949606923
7.514874502430824
7.5238497306055825
7.543711447782876
7.558792669305031
7.575578381520329
7.630036143017154
7.662998762355251
7.707156155908804
7.725372076329572
7.729595688914273
7.783538904597363
7.806648582796629
7.826807069722839
7.849326739747388
7.874227000984039
7.93291458160707
7.977613898345497
7.987852668108277
8.045817296213198
8.082346991872976
8.098221317979213
8.168131254229161
8.19935675031457
8.2419573651605
8.272513057658262
8.279302268347877
8.321954506733483
8.33882120052203
8.377097419769623
8.382214572171309
8.403666639151378
8.439277477650194
8.445396948310808
8.514176937617625
8.515748714154645
8.544344998550066
8.595421631552059
8.620404030092455
8.641149985191813
8.679476331791491
8.683784391104496
8.716916634773021
8.738167249806986
8.786151193813945
8.816174195767742
8.826732261480448
8.842298573738002
8.865824209649077
8.880554677471238
8.9162187247198
8.976967171865613
8.998362946143516
9.037862852574888
9.05575009117904
9.111760838918709
9.119411342230444
9.131160816903062
9.165433038375575
9.175796595270402
9.203622404180107
9.228252881213207
9.253852632867142
9.280252234347051
9.322019096321151
9.355332095931564
9.376328229954419
9.397404785497901
9.44541731255685
9.44733687920535
9.46492071326962
9.481314261897264
9.526814190252631
9.569948015644483
9.599719485918015
9.610128548560555
9.644392629182859
9.658483757702534
9.679826656770802
9.70815819164684
9.777302557438599
9.792467024297265
9.822382267086551
9.838395195538238
9.878027478531266
9.913422670644017
9.936866682455717
9.996032594757738
10.013382428271262
10.031120823633499
10.082448476047034
10.097701496131515
10.127013694500683
10.14197159051182
10.18318411452791
10.22413314119068
10.251211499970879
10.271790130676083
10.328088609546729
10.344273034607157
10.39155484405827
10.402085425946451
10.422278509746155
10.430464923964458
10.463004044015152
10.489510372053363
10.543492935878295
10.577967194032587
10.590945760207092
10.620399537521376
10.660606315091469
10.705150397268559
10.735337672172696
10.764966559837132
10.81163048285926
10.852930718320849
10.894097193464876
10.906137399219821
10.913806181460863
10.926875618239926
10.943469924214272
10.959974829340041
10.991236927363982
11.040610268504492
11.076491789516595
11.079984161953314
11.121934341581692
11.145535721868914
11.175872848603623
11.20394073183589
11.208452607514527
11.233618663352482
11.252266111389092
11.272386620918951
11.314288273880004
11.36097690101442
11.38278765516217
11.412902822907407
11.465731621451146
11.490075122635867
11.497202319247652
11.538529562732679
11.574177220719369
11.59411559648929
11.617136422763403
11.65328524895017
11.677324698472535
11.70484395676594
11.733938717654096
11.768053876043092
11.78750762184651
11.806536747894915
11.839252813871393
11.87813744729667
11.903985981876884
11.910094116914705
11.943517927336682
11.979718161477516
12.019496848643428
12.038905809110855
12.049472408875042
12.06062706088877
12.120769197775529
12.138213109538981
12.186519402024803
12.20580202399811
12.248284329018173
12.296513790416686
12.30671400065091
12.339950173885645
12.367011479760105
12.43275823129716
12.441924654804668
12.469438027917102
12.476263083406172
12.529289699612873
12.558096902791114
12.576109319682466
12.599654809024019
12.602204746586311
12.648145402621768
12.680935987269317
12.710645676270312
12.723698773383582
12.747946212398832
12.78421886850907
12.805665618709437
12.838785820673651
12.861739654122808
12.921546073268596
12.951059619430893
12.994198517063484
13.001858377209986
13.021727641973204
13.034675607513858
13.052275040108988
13.117531556078772
13.16133100683319
13.179017559219025
13.210353198375877
13.283154985387453
13.283839793812302
13.331211250502811
13.35198668393878
13.378970423442606
13.418227033998985
13.4491910897118
13.471370309136095
13.50419967821749
13.518471533488098
13.574119993798218
13.583204779624918
13.60543825992526
13.642464915534745
13.652632669136993
13.6665639806785
13.691950011380682
13.725966056316693
13.755229897470354
13.765553310423163
13.789284104506885
13.799768616806453
13.832167573679902
13.867627018183795
13.882445171726241
13.927778901821851
13.971651160002125
13.982809866683962
14.036163765687357
14.04751873143076
14.074819373142585
14.122802829924572
14.138236404894176
14.181070912520891
14.188127016351855
14.209080716325435
14.220567838822836
14.233233944854726
14.252348701616796
14.28911835219598
14.329269882060466
14.36501006503533
14.380858131681498
14.412560994851603
14.445446787005269
14.475800961356418
14.491882726961604
14.522497409451246
14.538544405978962
14.574836764333472
14.604403002013497
14.609245828786781
14.675335134152627
14.722436746107821
14.736480488575829
14.747703037675063
14.818342081878916
14.841721828686097
14.850381333111734
14.87153626045513
14.915328761529437
14.926359075132835
14.964300778764027
14.998208059902886
15.038986737021775
15.069822029072558
15.096151996861554
15.114027209122792
15.132796019134043
15.184639507094245
15.224662565642772
15.280476732716469
15.284994053426695
15.319293272322454
15.360531923478561
15.376684306740513
15.408356737134733
15.43001114214833
15.436788859703451
15.477489490968177
15.501249167288357
15.532490891877142
15.57565594589401
15.605364392379986
15.65289507446125
15.677040655342022
15.700315819747244
15.734809727806173
15.790169342824068
15.80856108141246
15.854930091708392
15.883265414730731
15.928506354264421
15.959961637251379
15.965180309676397
16.021738090030816
16.04713500713316
16.079601952081454
16.110659377023573
16.137522332990876
16.143124492306086
16.197962318993554
16.236311005572894
16.257140091843215
16.26741261076922
16.325243288570032
16.341544725778725
16.360838156719733
16.372545027872874
16.40282273145767
16.438921234088117
16.514399467063825
16.557239573136027
16.57719761528072
16.612991040337228
16.63755444528053
16.66473513968096
16.674811200638086
16.68644018012898
16.735579524080123
16.80500259931406
16.816812856286898
16.847459199489684
16.89004643789085
16.911342127184916
16.947463985391497
16.96191431868878
17.009599770141435
17.04333130260142
17.06699846895115
17.10196498484168
17.146244948546286
17.187659463226726
17.194635667306642
17.240549442881708
17.316860129294167
17.343539465631046
17.382098846541407
17.431341400642598
17.440786329021858
17.513302537959344
17.56839921740048
17.60592689882083
17.63384718222385
17.683465043907766
17.731689224343498
17.765496358388276
17.8006698655695
17.810078885950812
17.83383811810904
17.868021436000028
17.90425718967084
17.977040760325647
18.03368098305735
18.08846281694177
18.09440579985478
18.145468444876432
18.20881799169386
18.234272432064774
18.269617586887968
18.32298646952746
18.378696776416543
18.387796251316
18.418832670824898
18.470066172694207
18.48635664292587
18.508051734599867
18.56213214311389
18.5915095511428
18.628532244443686
18.706517673660944
18.746387253226107
18.772097235486005
18.801665115457816
18.849154736034873
18.89546022961424
18.943653655328394
18.99803073239747
19.045404700150254
19.08318416479079
19.131809437668327
19.213760851238597
19.27740367099192
19.30712029467245
19.33704217030962
19.46617001454017
19.51303056631943
19.56942757849123
19.589267202776114
19.648866700357154
19.73173660811382
19.771278569644416
19.78430131783364
19.838303378036706
19.97634941620826
20.020094239771606
20.108173104616572
20.19272506828651
20.32372695257633
20.37426355463182
20.414741201912655
20.485663716295228
20.503176942428183
20.532986389969178
20.572741516434903
20.606461003528622
20.67738662459136
20.727907598930614
20.757169698742945
20.835441298389707
20.870553096759203
20.919602611219002
21.019718842750116
21.06182137396077
21.101871420679576
21.162015503182438
21.204070438983496
21.280702883088907
21.32573741133764
21.38695078480466
21.451414187409956
21.4848458608456
21.645844895849642
21.731336104644193
21.778909013397538
21.914513765697663
22.034467185359794
22.09996624016355
22.10833575705429
22.25725648764724
22.353092143276548
22.3988497067464
22.476217623885596
22.512476797079433
22.72995085397981
22.803574271228854
22.867721416118393
22.96881293968317
23.074640928515315
23.274154765381244
23.365653235438348
23.47471316992523
23.545388283557493
23.862884336411927
23.941771342084568
24.2330198500322
24.9293621362886
25.08892608633049
