0.6655720726329878
0.7116283643044142
0.8728867420557102
0.9054961687550698
0.9795799247424074
8.123368987785671
8.963253100569709
9.739135866980059
10.095835095663322
10.288243550868067
10.868347788037427
10.938978016612653
11.004268943786748
11.269713929527377
11.389294094811932
11.463809506313027
11.515018315707355
11.537012985337457
11.610476328881465
11.748608578889064
11.802011457689423
11.834603279696946
11.900432439476488
12.113222153065834
12.15337494457646
12.170692034792756
12.205330690086708
12.285019120663884
12.390671571496878
12.45036286299182
12.479708323087026
12.569994042682671
12.769369931972282
12.7958678693409
12.837275681833017
12.871133725191989
12.968789089634996
12.985018929883761
13.022079025325612
13.03353350370715
13.130324316510544
13.189757294241067
13.22715591577332
13.247208469515282
13.29729219019538
13.35979965801558
13.428515037526719
13.441948077560992
13.494866343833277
13.559517182154703
13.576900519641873
13.638506499409129
13.652312885857876
13.691869553033719
13.73582306259598
13.776795019070944
13.820189595295146
13.853210425506404
13.854801442455159
13.899588035837915
13.95793121473395
14.072227819301013
14.158010441578522
14.193722494755894
14.247997722631025
14.307756031398279
14.353939068405936
14.383191979616862
14.42234842660748
14.428391121107694
14.487285916383998
14.524633665287578
14.55552546888941
14.576123686093705
14.645935895868032
14.670199765575736
14.721351344878759
14.791805528762119
14.86908158915621
14.886934874817229
14.94310681827417
14.965543543980557
14.990399609082989
15.007034154212857
15.018931877101624
15.05457849175092
15.128963393422167
15.185309102356308
15.23666356540298
15.272296130117585
15.285899779015017
15.316909810781747
15.373221744751106
15.40854838645128
15.452139753203632
15.473673993310836
15.503413463610993
15.519631622349252
15.585981664054087
15.608805459149446
15.61737606977211
15.671701527463783
15.703466234859462
15.738292290855165
15.752554410444311
15.796959162732234
15.83478441079962
15.900304313794553
15.939907823089476
15.965976391702963
16.029551408538214
16.058565694570937
16.079279267940088
16.158662553589746
16.18288483608601
16.212833622932216
16.255755356958804
16.302344352299485
16.350397514905193
16.375722496105222
16.400386791542388
16.415130873792734
16.45657319088695
16.533801113397352
16.548782726166518
16.602309700337884
16.62340495795962
16.652806154228156
16.67810416540626
16.73802087294462
16.762481561930553
16.787512103290872
16.797709179380853
16.82110436726917
16.849491320238336
16.89937178877997
16.93335777406034
16.988103050014804
16.99909357888048
17.033524886390477
17.063622494460706
17.125291486426367
17.169607970352928
17.189548427086702
17.220071678003336
17.274906355735702
17.30357450523795
17.32146746096366
17.34004913792195
17.38246020982954
17.46105031715359
17.470333936809396
17.506813087376752
17.534213901943843
17.598549009002543
17.6202366262456
17.65314462930292
17.693399879584504
17.72704251083539
17.764812763478314
17.777215112802782
17.79259180606577
17.8357103652687
17.867944395432378
17.921706968467856
17.97178215084689
18.003194848822975
18.023347072266542
18.08185128594024
18.101078251923166
18.117217431241805
18.18988424312965
18.230672669206164
18.244665253240182
18.30969922505666
18.327186516249146
18.36606988347124
18.39237518025671
18.417513898139347
18.46605224578972
18.49774664110575
18.524136766287622
18.556475383173268
18.589390749553893
18.64495695255992
18.694465258586657
18.714243246237274
18.73889631938413
18.782852373172762
18.837880831301746
18.853088932837505
18.891652917057325
18.9311789131571
18.940618693416322
18.98288231405973
19.066317210398775
19.094029813628534
19.14256138568195
19.163716634601684
19.214372042974347
19.250227958349473
19.27538864490395
19.31124856948908
19.329955318140936
19.34107126262835
19.42792063346893
19.479318719882407
19.51328437080037
19.536454517169215
19.560532372047636
19.603122865595285
19.64007310395643
19.67186194704431
19.696098879574283
19.77058295483204
19.77851098473791
19.804285215603585
19.852662438480476
19.873063187301213
19.906853328532485
19.919958224330895
19.956567055811544
20.019177943913473
20.047557117378684
20.106814306747953
20.131410718501566
20.142940024275575
20.200663711185136
20.211738319877416
20.23464613264279
20.250649755547656
20.309089169945103
20.371413396642346
20.400800605522104
20.419347269559672
20.4337640862894
20.484178810665703
20.501671878705555
20.573270158642995
20.587932451909044
20.649586707979243
20.659985125192943
20.701755201252553
20.770075240739253
20.809567465355794
20.836984579767243
20.94050003393822
20.954197466322007
21.00510950494671
21.069707360480066
21.08189598045897
21.113412592283737
21.132985839602064
21.177237929729785
21.20402613056969
21.23027498302147
21.245364700071022
21.292881635036107
21.334628524186595
21.39173902189656
21.445654064824957
21.462824567292326
21.48121056761479
21.518875340250776
21.564522842018384
21.594361134232553
21.605915436418123
21.652095684033796
21.711400632830404
21.738479795454932
21.77122458858199
21.792150579160463
21.83062204506603
21.847402290620874
21.957978946670647
21.968097449122236
22.032529640095852
22.061723617906434
22.11294198549604
22.165364079992596
22.21244481403956
22.241700900510985
22.254520374344008
22.308886145342505
22.36914935858242
22.39657491468901
22.40576953917746
22.427516719306663
22.493328537559567
22.51194560185652
22.542252826734302
22.565097563190395
22.599167341960786
22.614556948674885
22.680986880804056
22.712482560605487
22.748086323065912
22.771386096653558
22.77262147110505
22.83682734600014
22.867699672001113
22.884365362496013
22.938530717521672
22.96478956512143
22.98065023004441
23.02078637229846
23.05244138014987
23.072122210822577
23.12389498163815
23.17545616526594
23.19262719805612
23.26722663624676
23.293743366922847
23.30944091679061
23.34422970857485
23.38087047057599
23.391007868176757
23.428719719897597
23.46429980455703
23.55031276287556
23.58656723369798
23.658875917985643
23.662720431777732
23.678652195259673
23.732360145400555
23.750783315826205
23.789599920075933
23.827481863981124
23.869582632910273
23.92860701461059
23.977437494723233
24.000118458508872
24.046200800633432
24.0701371068769
24.13723782875428
24.16746860324502
24.244577655565887
24.30708420876441
24.351378237640674
24.416986255164883
24.453498090559577
24.506743006813615
24.536600176709417
24.563544171823
24.58730920312542
24.625152488192686
24.67682701225627
24.71006387211859
24.753459568998696
24.804408919812737
24.84696617294524
24.90328374828504
24.93445253969687
24.9668353840165
25.04541452517445
25.074944420330585
25.099749775554134
25.151773799803927
25.15641760194336
25.220057518562797
25.268347516311294
25.316774543173874
25.384913753640213
25.410183934671434
25.449826365342975
25.49439747003524
25.51727866841844
25.583564248224125
25.638892671158004
25.655915797112137
25.673322932149325
25.68946262841809
25.727914706500744
25.751500307026877
25.81426153688228
25.83738294646143
25.913526289034692
25.939393128687023
25.992195700442124
26.02403820448328
26.085018866440137
26.09240258142414
26.155991681427835
26.17382932758946
26.179942634739962
26.262668329157794
26.28512846023148
26.348436868219803
26.38294130460572
26.423672973047804
26.489158346454836
26.521858980894596
26.55165902542832
26.585206556880053
26.6416606087597
26.693577948831372
26.74060369956902
26.74811614838722
26.87546424501092
26.897325151900766
26.92533524592727
26.934456779553933
27.01141486781048
27.095627840395817
27.157903349110804
27.18607719547249
27.237487944949486
27.299653440802565
27.376497483318918
27.380394573822336
27.44512779167511
27.458602015441215
27.5185179690047
27.560900779091632
27.582068057470234
27.67852966174515
27.74999405001668
27.804990162352045
27.8346467481098
27.88660172504426
27.93604951315375
28.011377510701077
28.073529438607427
28.087114535861424
28.154464398975044
28.192082228553474
28.223606826709727
28.29607385100458
28.33275877139209
28.409099216545055
28.42733869808961
28.439593551565952
28.52100174845836
28.566840368478754
28.65544263327234
28.725312558793927
28.82322903025251
28.88656341813789
28.935837152507588
28.94726157431483
29.00377918957129
29.03670930456365
29.11236181603547
29.19635214498597
29.25012021706035
29.339121989752602
29.419322998485278
29.451111020705753
29.517926976096025
29.552989200765744
29.579796083138802
29.659521688803853
29.77054239263986
30.000517603594382
30.01384849935574
30.08653226571972
30.134018262446013
30.18338338208582
30.22433931918827
30.325180808765683
30.40584552786316
30.498350013585426
30.53527821530826
30.559205540712856
30.690566693505207
30.74098603960647
30.84417379618556
30.959368337874743
30.963569461313597
31.08843034731947
31.10838383735458
31.22641294441559
31.354617277819735
31.46621898331187
31.541144227391225
31.573134348202807
31.62140134268018
31.717719813397878
31.799781455177207
31.919948697279853
31.977380834954488
32.14024954290051
32.245149122080605
32.60268194608071
32.651840336941746
32.73825403690941
32.761602498233636
33.10623987583185
33.19471198800012
33.2615984865181
33.29855027611733
33.44513631592888
33.53835903774722
33.71841664485098
34.02971903517319
34.395605982589224
35.92542571305179
36.724566453680886
38.99340615256503
0.6655720726329878
0.7116283643044142
0.8728867420557102
0.9054961687550698
0.9795799247424074
8.123368987785671
8.963253100569709
9.739135866980059
10.095835095663322
10.288243550868067
10.868347788037427
10.938978016612653
11.004268943786748
11.269713929527377
11.389294094811932
11.463809506313027
11.515018315707355
11.537012985337457
11.610476328881465
11.748608578889064
11.802011457689423
11.834603279696946
11.900432439476488
12.113222153065834
12.15337494457646
12.170692034792756
12.205330690086708
12.285019120663884
12.390671571496878
12.45036286299182
12.479708323087026
12.569994042682671
12.769369931972282
12.7958678693409
12.837275681833017
12.871133725191989
12.968789089634996
12.985018929883761
13.022079025325612
13.03353350370715
13.130324316510544
13.189757294241067
13.22715591577332
13.247208469515282
13.29729219019538
13.35979965801558
13.428515037526719
13.441948077560992
13.494866343833277
13.559517182154703
13.576900519641873
13.638506499409129
13.652312885857876
13.691869553033719
13.73582306259598
13.776795019070944
13.820189595295146
13.853210425506404
13.854801442455159
13.899588035837915
13.95793121473395
14.072227819301013
14.158010441578522
14.193722494755894
14.247997722631025
14.307756031398279
14.353939068405936
14.383191979616862
14.42234842660748
14.428391121107694
14.487285916383998
14.524633665287578
14.55552546888941
14.576123686093705
14.645935895868032
14.670199765575736
14.721351344878759
14.791805528762119
14.86908158915621
14.886934874817229
14.94310681827417
14.965543543980557
14.990399609082989
15.007034154212857
15.018931877101624
15.05457849175092
15.128963393422167
15.185309102356308
15.23666356540298
15.272296130117585
15.285899779015017
15.316909810781747
15.373221744751106
15.40854838645128
15.452139753203632
15.473673993310836
15.503413463610993
15.519631622349252
15.585981664054087
15.608805459149446
15.61737606977211
15.671701527463783
15.703466234859462
15.738292290855165
15.752554410444311
15.796959162732234
15.83478441079962
15.900304313794553
15.939907823089476
15.965976391702963
16.029551408538214
16.058565694570937
16.079279267940088
16.158662553589746
16.18288483608601
16.212833622932216
16.255755356958804
16.302344352299485
16.350397514905193
16.375722496105222
16.400386791542388
16.415130873792734
16.45657319088695
16.533801113397352
16.548782726166518
16.602309700337884
16.62340495795962
16.652806154228156
16.67810416540626
16.73802087294462
16.762481561930553
16.787512103290872
16.797709179380853
16.82110436726917
16.849491320238336
16.89937178877997
16.93335777406034
16.988103050014804
16.99909357888048
17.033524886390477
17.063622494460706
17.125291486426367
17.169607970352928
17.189548427086702
17.220071678003336
17.274906355735702
17.30357450523795
17.32146746096366
17.34004913792195
17.38246020982954
17.46105031715359
17.470333936809396
17.506813087376752
17.534213901943843
17.598549009002543
17.6202366262456
17.65314462930292
17.693399879584504
17.72704251083539
17.764812763478314
17.777215112802782
17.79259180606577
17.8357103652687
17.867944395432378
17.921706968467856
17.97178215084689
18.003194848822975
18.023347072266542
18.08185128594024
18.101078251923166
18.117217431241805
18.18988424312965
18.230672669206164
18.244665253240182
18.30969922505666
18.327186516249146
18.36606988347124
18.39237518025671
18.417513898139347
18.46605224578972
18.49774664110575
18.524136766287622
18.556475383173268
18.589390749553893
18.64495695255992
18.694465258586657
18.714243246237274
18.73889631938413
18.782852373172762
18.837880831301746
18.853088932837505
18.891652917057325
18.9311789131571
18.940618693416322
18.98288231405973
19.066317210398775
19.094029813628534
19.14256138568195
19.163716634601684
19.214372042974347
19.250227958349473
19.27538864490395
19.31124856948908
19.329955318140936
19.34107126262835
19.42792063346893
19.479318719882407
19.51328437080037
19.536454517169215
19.560532372047636
19.603122865595285
19.64007310395643
19.67186194704431
19.696098879574283
19.77058295483204
19.77851098473791
19.804285215603585
19.852662438480476
19.873063187301213
19.906853328532485
19.919958224330895
19.956567055811544
20.019177943913473
20.047557117378684
20.106814306747953
20.131410718501566
20.142940024275575
20.200663711185136
20.211738319877416
20.23464613264279
20.250649755547656
20.309089169945103
20.371413396642346
20.400800605522104
20.419347269559672
20.4337640862894
20.484178810665703
20.501671878705555
20.573270158642995
20.587932451909044
20.649586707979243
20.659985125192943
20.701755201252553
20.770075240739253
20.809567465355794
20.836984579767243
20.94050003393822
20.954197466322007
21.00510950494671
21.069707360480066
21.08189598045897
21.113412592283737
21.132985839602064
21.177237929729785
21.20402613056969
21.23027498302147
21.245364700071022
21.292881635036107
21.334628524186595
21.39173902189656
21.445654064824957
21.462824567292326
21.48121056761479
21.518875340250776
21.564522842018384
21.594361134232553
21.605915436418123
21.652095684033796
21.711400632830404
21.738479795454932
21.77122458858199
21.792150579160463
21.83062204506603
21.847402290620874
21.957978946670647
21.968097449122236
22.032529640095852
22.061723617906434
22.11294198549604
22.165364079992596
22.21244481403956
22.241700900510985
22.254520374344008
22.308886145342505
22.36914935858242
22.39657491468901
22.40576953917746
22.427516719306663
22.493328537559567
22.51194560185652
22.542252826734302
22.565097563190395
22.599167341960786
22.614556948674885
22.680986880804056
22.712482560605487
22.748086323065912
22.771386096653558
22.77262147110505
22.83682734600014
22.867699672001113
22.884365362496013
22.938530717521672
22.96478956512143
22.98065023004441
23.02078637229846
23.05244138014987
23.072122210822577
23.12389498163815
23.17545616526594
23.19262719805612
23.26722663624676
23.293743366922847
23.30944091679061
23.34422970857485
23.38087047057599
23.391007868176757
23.428719719897597
23.46429980455703
23.55031276287556
23.58656723369798
23.658875917985643
23.662720431777732
23.678652195259673
23.732360145400555
23.750783315826205
23.789599920075933
23.827481863981124
23.869582632910273
23.92860701461059
23.977437494723233
24.000118458508872
24.046200800633432
24.0701371068769
24.13723782875428
24.16746860324502
24.244577655565887
24.30708420876441
24.351378237640674
24.416986255164883
24.453498090559577
24.506743006813615
24.536600176709417
24.563544171823
24.58730920312542
24.625152488192686
24.67682701225627
24.71006387211859
24.753459568998696
24.804408919812737
24.84696617294524
24.90328374828504
24.93445253969687
24.9668353840165
25.04541452517445
25.074944420330585
25.099749775554134
25.151773799803927
25.15641760194336
25.220057518562797
25.268347516311294
25.316774543173874
25.384913753640213
25.410183934671434
25.449826365342975
25.49439747003524
25.51727866841844
25.583564248224125
25.638892671158004
25.655915797112137
25.673322932149325
25.68946262841809
25.727914706500744
25.751500307026877
25.81426153688228
25.83738294646143
25.913526289034692
25.939393128687023
25.992195700442124
26.02403820448328
26.085018866440137
26.09240258142414
26.155991681427835
26.17382932758946
26.179942634739962
26.262668329157794
26.28512846023148
26.348436868219803
26.38294130460572
26.423672973047804
26.489158346454836
26.521858980894596
26.55165902542832
26.585206556880053
26.6416606087597
26.693577948831372
26.74060369956902
26.74811614838722
26.87546424501092
26.897325151900766
26.92533524592727
26.934456779553933
27.01141486781048
27.095627840395817
27.157903349110804
27.18607719547249
27.237487944949486
27.299653440802565
27.376497483318918
27.380394573822336
27.44512779167511
27.458602015441215
27.5185179690047
27.560900779091632
27.582068057470234
27.67852966174515
27.74999405001668
27.804990162352045
27.8346467481098
27.88660172504426
27.93604951315375
28.011377510701077
28.073529438607427
28.087114535861424
28.154464398975044
28.192082228553474
28.223606826709727
28.29607385100458
28.33275877139209
28.409099216545055
28.42733869808961
28.439593551565952
28.52100174845836
28.566840368478754
28.65544263327234
28.725312558793927
28.82322903025251
28.88656341813789
28.935837152507588
28.94726157431483
29.00377918957129
29.03670930456365
29.11236181603547
29.19635214498597
29.25012021706035
29.339121989752602
29.419322998485278
29.451111020705753
29.517926976096025
29.552989200765744
29.579796083138802
29.659521688803853
29.77054239263986
30.000517603594382
30.01384849935574
30.08653226571972
30.134018262446013
30.18338338208582
30.22433931918827
30.325180808765683
30.40584552786316
30.498350013585426
30.53527821530826
30.559205540712856
30.690566693505207
30.74098603960647
30.84417379618556
30.959368337874743
30.963569461313597
31.08843034731947
31.10838383735458
31.22641294441559
31.354617277819735
31.46621898331187
31.541144227391225
31.573134348202807
31.62140134268018
31.717719813397878
31.799781455177207
31.919948697279853
31.977380834954488
32.14024954290051
32.245149122080605
32.60268194608071
32.651840336941746
32.73825403690941
32.761602498233636
33.10623987583185
33.19471198800012
33.2615984865181
33.29855027611733
33.44513631592888
33.53835903774722
33.71841664485098
34.02971903517319
34.395605982589224
35.92542571305179
36.724566453680886
38.99340615256503
