0.7842531933652486
0.8769898704013778
0.950498122983871
1.0467462553431162
1.1017068524711153
8.162945374537712
10.2156239561579
10.517561717026574
10.575411730547764
10.613704226352205
10.718496120000216
11.06592422101706
11.09179577913287
11.376633650615053
11.440846972143243
11.489843257556924
11.52576386089432
11.639541781237185
11.734762754833186
11.789211640212466
11.96582088150033
12.036867248812886
12.17698031176654
12.22387167725726
12.226620661507118
12.248192668090807
12.301971255194688
12.376520104917804
12.39868005771446
12.530205141825384
12.625777202336748
12.709371990617452
12.770579688984652
12.777479566701462
12.844551972848295
12.874636992456171
12.929747259261141
12.946407379575971
12.973943589035004
13.01554938039054
13.116210948734787
13.225974236470634
13.27404744929856
13.31858739216501
13.343342096099665
13.468697275045164
13.572163672518363
13.581274817004392
13.604223690193784
13.642853795107564
13.687740170154482
13.72915749597972
13.772727868719596
13.788352860639153
13.8697119780935
13.895076652092284
13.921965873818476
13.97999386834608
13.988223459544988
14.030193553669328
14.079023303598065
14.136546301599184
14.172560763545105
14.217541564121877
14.26322560434595
14.278363858114322
14.320579337855103
14.339381785828024
14.378088902337296
14.41800242877886
14.441180258865778
14.533548041979344
14.562167178442865
14.580513734661585
14.609409346517559
14.665945678215513
14.70874261478969
14.765768667136975
14.792647817783841
14.817554640574901
14.854640749704046
14.935267741040033
14.995832395884726
15.006010623138149
15.050475909864284
15.117362720326891
15.128829763196828
15.16343817163453
15.185219583065987
15.220382557363987
15.290824275958403
15.319933499123543
15.351848810765505
15.365263547389185
15.380809924450057
15.404285068561006
15.468654679339963
15.513542762617918
15.526070505904427
15.574184316666456
15.617006599140414
15.66433346829957
15.745855422233857
15.749132119934595
15.776392479401716
15.79853323068046
15.844169763604837
15.869654743912758
15.911472772855358
15.975078669826207
16.044533196012477
16.10640213843656
16.11573660418408
16.125302045551653
16.217617121205947
16.258483135640038
16.293431398853105
16.30115217659638
16.364745226194295
16.38967960626404
16.427365569959502
16.43849993196787
16.47602511251445
16.533912308933523
16.566986474733664
16.620297409131155
16.651870722175182
16.661138591565926
16.68640703687832
16.768631601664776
16.782429231685086
16.815319931392
16.847778939294077
16.904227903475174
16.947637311599852
16.97183623790438
16.973609328764166
17.05515207850081
17.061851566604822
17.073258898383216
17.113208237089186
17.145104452669372
17.185683604226448
17.207233635618007
17.274992635472938
17.298078905485905
17.300038819889256
17.337471831352087
17.37973352993204
17.398277932286064
17.458376089086983
17.489449778751595
17.516919819246024
17.548728324798113
17.59299628537214
17.614799902232107
17.697741270211345
17.725314126600352
17.763517224314345
17.82679921473945
17.877724882304342
17.91833528573877
17.969604209101554
18.03224696263932
18.067761077706177
18.110011194919647
18.121823947651457
18.171323618567506
18.197841342909648
18.251710313164324
18.28277038147461
18.304319807658256
18.32187061201533
18.383150843319537
18.437830092521622
18.503613737244045
18.541078099379224
18.544153619136786
18.595460094739092
18.611785543093923
18.652694528341502
18.681659389121776
18.70141085906686
18.73925425204862
18.810805987159263
18.814383752185368
18.858234209862815
18.888543319079588
18.939123313676212
18.969398812636634
18.992520888373647
19.056657950734593
19.086285013116782
19.134131176941374
19.16860064846962
19.229557162259454
19.253702133574816
19.269115524669274
19.29654605862897
19.340656062064596
19.3563348085205
19.39038993690454
19.445068453826483
19.460804721139244
19.52036474272181
19.576375078803146
19.596053312756585
19.642365255602865
19.663331028177023
19.677164311773076
19.70289262246372
19.710898257362274
19.800224295605847
19.85376664319078
19.87533676613391
19.913526605581705
19.935668530945637
19.96172990087234
20.01865635510588
20.04944735858223
20.061988916096027
20.121011709840143
20.138651150429247
20.164794026097994
20.221222439867375
20.23660252236685
20.281579817494762
20.30015899276194
20.354835927559055
20.390933763156816
20.411227662633895
20.43040177578685
20.46201162466549
20.49150451176835
20.551222312384397
20.561498557442935
20.57598866991547
20.603602337424274
20.63915945648283
20.678341576723653
20.712536925153984
20.733770561116668
20.778591979650937
20.80858902912058
20.859485637769247
20.880443286437497
20.922406195514277
20.97211772936715
20.994573901400848
21.036544900068858
21.056721580103382
21.0944038664888
21.163259432194447
21.1698044942386
21.189890882147573
21.2252686618795
21.257017485296736
21.29671466856603
21.33913980316288
21.39859965009048
21.457665577189776
21.48479078775042
21.503188086827475
21.528983652232064
21.565759461432233
21.57468314071576
21.61478466787213
21.646420543919906
21.662686927433672
21.75186151830114
21.776790870080955
21.840492212390522
21.87347417418126
21.89218237249207
21.94781335101905
21.97454579390862
21.996907552003375
22.032516226710577
22.088084511142853
22.11613101443199
22.150376296697758
22.177948180779346
22.19265921238438
22.271594240208998
22.33194288230123
22.348202422690953
22.368235530678334
22.447891829364814
22.46929291894949
22.495348371653346
22.557379392367544
22.594826344913535
22.616649421668647
22.659132273859637
22.69376212704228
22.718593717557532
22.735150156620044
22.754008207465787
22.814575252573952
22.84903812238562
22.907451951444173
22.933387831200253
22.982936465618575
23.066434097153532
23.087999747157014
23.120994950165034
23.13720999640018
23.21320209970824
23.247675351854177
23.26195003398624
23.367402950227255
23.401510805963664
23.48694697068602
23.49767072473239
23.535851224221265
23.548186280939923
23.588895984033215
23.62622960465001
23.659593741127132
23.690639720627104
23.74675547209093
23.804364927369186
23.858866778022406
23.864343360818623
23.883991855689207
23.98915173076059
24.006151164411218
24.034058444566124
24.059523009627
24.10023948791742
24.13046754555256
24.161082678246505
24.2655462756974
24.326984516864925
24.351614326462
24.427393993175464
24.435227495024268
24.448903470871528
24.502928936151363
24.529776429996648
24.601405893833142
24.63003401174065
24.693912564479174
24.727173522814088
24.743258556880082
24.786715899004392
24.805895162167666
24.870706523645968
24.894889588280435
24.92995210141024
24.956748703263422
24.975681605554364
24.994946392993775
25.034271019184647
25.067636522572936
25.08488215830374
25.117198250917028
25.21656882847237
25.24361846752956
25.257472411252007
25.325397172146232
25.359544861282178
25.412277736345466
25.456842900145485
25.53377131976189
25.566832469316264
25.60741880613055
25.65052451631903
25.67721317887881
25.70485277339591
25.77780418560641
25.83875598539005
25.851837238671774
25.895040230871857
25.94597738321903
26.009548942843324
26.039526574684153
26.066885662889
26.13191549386187
26.150272316641672
26.22272588435339
26.273215763204828
26.331952986909968
26.348592960273024
26.39523703464725
26.415280979635746
26.44058015487797
26.5071004610461
26.622849903693385
26.660447172259033
26.69703929322091
26.704828508892632
26.7895498789713
26.802690507230057
26.839302015748657
26.928728590804862
26.968632172595587
27.002957597263613
27.072106314068012
27.101453948714465
27.134896807841976
27.151981900633444
27.239112916235957
27.279245703307094
27.369771372182818
27.412962440568933
27.43609509995457
27.474981307039368
27.543313020784996
27.598413179905755
27.61746435007483
27.678791774680654
27.712778159517118
27.744530668579497
27.805736187605177
27.829145888869988
27.87122135780992
27.903514032130207
27.946688049885804
28.011677478143604
28.052353422364817
28.121145106271403
28.161644210358038
28.19582491794812
28.259516065252267
28.283131317054764
28.45159722379166
28.49012893392011
28.545707583266495
28.58376563545199
28.597446232865785
28.642007411098092
28.707814986507845
28.758770910363438
28.791694270485866
28.86261949017644
28.903255100629607
28.952962977712737
29.052799358834722
29.129631088674397
29.17189600223288
29.29167280627868
29.33161386418591
29.364683856092235
29.371820572109357
29.4986779579579
29.562308355722298
29.60287403938633
29.660324368407107
29.805321252953213
29.908697398719738
29.99928522547747
30.00939733575319
30.126629451382517
30.148216945501705
30.191034608588087
30.27442587652072
30.321049068910057
30.432610460704787
30.463725020673863
30.550863101156704
30.596709065569655
30.717869261090527
30.789447389331354
30.803358275954746
30.857544817644268
30.903084491221342
31.098794883157623
31.114621510101475
31.201232795256267
31.37536909282485
31.450868391309058
31.526948609309095
31.548943660384964
31.617800881453466
31.69369757517406
31.747063927470357
31.84207624815991
31.958639371868763
31.994754210017614
32.06133516860623
32.21027193204235
32.282449890617194
32.31773031879032
32.34750700512435
32.5173639285445
32.52867799463741
32.70312433498094
32.85570857820976
32.956194149094806
33.03113039625867
33.115389727780865
33.43777746847616
33.70407968330164
33.98312857221861
34.14863151432226
34.2570046124039
35.6143082446804
36.501351882821226
0.7842531933652486
0.8769898704013778
0.950498122983871
1.0467462553431162
1.1017068524711153
8.162945374537712
10.2156239561579
10.517561717026574
10.575411730547764
10.613704226352205
10.718496120000216
11.06592422101706
11.09179577913287
11.376633650615053
11.440846972143243
11.489843257556924
11.52576386089432
11.639541781237185
11.734762754833186
11.789211640212466
11.96582088150033
12.036867248812886
12.17698031176654
12.22387167725726
12.226620661507118
12.248192668090807
12.301971255194688
12.376520104917804
12.39868005771446
12.530205141825384
12.625777202336748
12.709371990617452
12.770579688984652
12.777479566701462
12.844551972848295
12.874636992456171
12.929747259261141
12.946407379575971
12.973943589035004
13.01554938039054
13.116210948734787
13.225974236470634
13.27404744929856
13.31858739216501
13.343342096099665
13.468697275045164
13.572163672518363
13.581274817004392
13.604223690193784
13.642853795107564
13.687740170154482
13.72915749597972
13.772727868719596
13.788352860639153
13.8697119780935
13.895076652092284
13.921965873818476
13.97999386834608
13.988223459544988
14.030193553669328
14.079023303598065
14.136546301599184
14.172560763545105
14.217541564121877
14.26322560434595
14.278363858114322
14.320579337855103
14.339381785828024
14.378088902337296
14.41800242877886
14.441180258865778
14.533548041979344
14.562167178442865
14.580513734661585
14.609409346517559
14.665945678215513
14.70874261478969
14.765768667136975
14.792647817783841
14.817554640574901
14.854640749704046
14.935267741040033
14.995832395884726
15.006010623138149
15.050475909864284
15.117362720326891
15.128829763196828
15.16343817163453
15.185219583065987
15.220382557363987
15.290824275958403
15.319933499123543
15.351848810765505
15.365263547389185
15.380809924450057
15.404285068561006
15.468654679339963
15.513542762617918
15.526070505904427
15.574184316666456
15.617006599140414
15.66433346829957
15.745855422233857
15.749132119934595
15.776392479401716
15.79853323068046
15.844169763604837
15.869654743912758
15.911472772855358
15.975078669826207
16.044533196012477
16.10640213843656
16.11573660418408
16.125302045551653
16.217617121205947
16.258483135640038
16.293431398853105
16.30115217659638
16.364745226194295
16.38967960626404
16.427365569959502
16.43849993196787
16.47602511251445
16.533912308933523
16.566986474733664
16.620297409131155
16.651870722175182
16.661138591565926
16.68640703687832
16.768631601664776
16.782429231685086
16.815319931392
16.847778939294077
16.904227903475174
16.947637311599852
16.97183623790438
16.973609328764166
17.05515207850081
17.061851566604822
17.073258898383216
17.113208237089186
17.145104452669372
17.185683604226448
17.207233635618007
17.274992635472938
17.298078905485905
17.300038819889256
17.337471831352087
17.37973352993204
17.398277932286064
17.458376089086983
17.489449778751595
17.516919819246024
17.548728324798113
17.59299628537214
17.614799902232107
17.697741270211345
17.725314126600352
17.763517224314345
17.82679921473945
17.877724882304342
17.91833528573877
17.969604209101554
18.03224696263932
18.067761077706177
18.110011194919647
18.121823947651457
18.171323618567506
18.197841342909648
18.251710313164324
18.28277038147461
18.304319807658256
18.32187061201533
18.383150843319537
18.437830092521622
18.503613737244045
18.541078099379224
18.544153619136786
18.595460094739092
18.611785543093923
18.652694528341502
18.681659389121776
18.70141085906686
18.73925425204862
18.810805987159263
18.814383752185368
18.858234209862815
18.888543319079588
18.939123313676212
18.969398812636634
18.992520888373647
19.056657950734593
19.086285013116782
19.134131176941374
19.16860064846962
19.229557162259454
19.253702133574816
19.269115524669274
19.29654605862897
19.340656062064596
19.3563348085205
19.39038993690454
19.445068453826483
19.460804721139244
19.52036474272181
19.576375078803146
19.596053312756585
19.642365255602865
19.663331028177023
19.677164311773076
19.70289262246372
19.710898257362274
19.800224295605847
19.85376664319078
19.87533676613391
19.913526605581705
19.935668530945637
19.96172990087234
20.01865635510588
20.04944735858223
20.061988916096027
20.121011709840143
20.138651150429247
20.164794026097994
20.221222439867375
20.23660252236685
20.281579817494762
20.30015899276194
20.354835927559055
20.390933763156816
20.411227662633895
20.43040177578685
20.46201162466549
20.49150451176835
20.551222312384397
20.561498557442935
20.57598866991547
20.603602337424274
20.63915945648283
20.678341576723653
20.712536925153984
20.733770561116668
20.778591979650937
20.80858902912058
20.859485637769247
20.880443286437497
20.922406195514277
20.97211772936715
20.994573901400848
21.036544900068858
21.056721580103382
21.0944038664888
21.163259432194447
21.1698044942386
21.189890882147573
21.2252686618795
21.257017485296736
21.29671466856603
21.33913980316288
21.39859965009048
21.457665577189776
21.48479078775042
21.503188086827475
21.528983652232064
21.565759461432233
21.57468314071576
21.61478466787213
21.646420543919906
21.662686927433672
21.75186151830114
21.776790870080955
21.840492212390522
21.87347417418126
21.89218237249207
21.94781335101905
21.97454579390862
21.996907552003375
22.032516226710577
22.088084511142853
22.11613101443199
22.150376296697758
22.177948180779346
22.19265921238438
22.271594240208998
22.33194288230123
22.348202422690953
22.368235530678334
22.447891829364814
22.46929291894949
22.495348371653346
22.557379392367544
22.594826344913535
22.616649421668647
22.659132273859637
22.69376212704228
22.718593717557532
22.735150156620044
22.754008207465787
22.814575252573952
22.84903812238562
22.907451951444173
22.933387831200253
22.982936465618575
23.066434097153532
23.087999747157014
23.120994950165034
23.13720999640018
23.21320209970824
23.247675351854177
23.26195003398624
23.367402950227255
23.401510805963664
23.48694697068602
23.49767072473239
23.535851224221265
23.548186280939923
23.588895984033215
23.62622960465001
23.659593741127132
23.690639720627104
23.74675547209093
23.804364927369186
23.858866778022406
23.864343360818623
23.883991855689207
23.98915173076059
24.006151164411218
24.034058444566124
24.059523009627
24.10023948791742
24.13046754555256
24.161082678246505
24.2655462756974
24.326984516864925
24.351614326462
24.427393993175464
24.435227495024268
24.448903470871528
24.502928936151363
24.529776429996648
24.601405893833142
24.63003401174065
24.693912564479174
24.727173522814088
24.743258556880082
24.786715899004392
24.805895162167666
24.870706523645968
24.894889588280435
24.92995210141024
24.956748703263422
24.975681605554364
24.994946392993775
25.034271019184647
25.067636522572936
25.08488215830374
25.117198250917028
25.21656882847237
25.24361846752956
25.257472411252007
25.325397172146232
25.359544861282178
25.412277736345466
25.456842900145485
25.53377131976189
25.566832469316264
25.60741880613055
25.65052451631903
25.67721317887881
25.70485277339591
25.77780418560641
25.83875598539005
25.851837238671774
25.895040230871857
25.94597738321903
26.009548942843324
26.039526574684153
26.066885662889
26.13191549386187
26.150272316641672
26.22272588435339
26.273215763204828
26.331952986909968
26.348592960273024
26.39523703464725
26.415280979635746
26.44058015487797
26.5071004610461
26.622849903693385
26.660447172259033
26.69703929322091
26.704828508892632
26.7895498789713
26.802690507230057
26.839302015748657
26.928728590804862
26.968632172595587
27.002957597263613
27.072106314068012
27.101453948714465
27.134896807841976
27.151981900633444
27.239112916235957
27.279245703307094
27.369771372182818
27.412962440568933
27.43609509995457
27.474981307039368
27.543313020784996
27.598413179905755
27.61746435007483
27.678791774680654
27.712778159517118
27.744530668579497
27.805736187605177
27.829145888869988
27.87122135780992
27.903514032130207
27.946688049885804
28.011677478143604
28.052353422364817
28.121145106271403
28.161644210358038
28.19582491794812
28.259516065252267
28.283131317054764
28.45159722379166
28.49012893392011
28.545707583266495
28.58376563545199
28.597446232865785
28.642007411098092
28.707814986507845
28.758770910363438
28.791694270485866
28.86261949017644
28.903255100629607
28.952962977712737
29.052799358834722
29.129631088674397
29.17189600223288
29.29167280627868
29.33161386418591
29.364683856092235
29.371820572109357
29.4986779579579
29.562308355722298
29.60287403938633
29.660324368407107
29.805321252953213
29.908697398719738
29.99928522547747
30.00939733575319
30.126629451382517
30.148216945501705
30.191034608588087
30.27442587652072
30.321049068910057
30.432610460704787
30.463725020673863
30.550863101156704
30.596709065569655
30.717869261090527
30.789447389331354
30.803358275954746
30.857544817644268
30.903084491221342
31.098794883157623
31.114621510101475
31.201232795256267
31.37536909282485
31.450868391309058
31.526948609309095
31.548943660384964
31.617800881453466
31.69369757517406
31.747063927470357
31.84207624815991
31.958639371868763
31.994754210017614
32.06133516860623
32.21027193204235
32.282449890617194
32.31773031879032
32.34750700512435
32.5173639285445
32.52867799463741
32.70312433498094
32.85570857820976
32.956194149094806
33.03113039625867
33.115389727780865
33.43777746847616
33.70407968330164
33.98312857221861
34.14863151432226
34.2570046124039
35.6143082446804
36.501351882821226
