0.48228392981954193
0.5832458290559306
0.6901430289262532
0.8096916673619733
0.8420459311596818
0.9167513914519279
0.9797019540850874
1.0060401394103355
1.1276305651288443
3.1793830576804796
4.3221046746999985
4.435824287931698
4.4642776141198
4.543700389199298
4.705293322417436
4.765605668138862
4.960991052246915
5.116483257252218
5.198388705106
5.325162840404167
5.438136175421193
5.448238703510886
5.512229573799544
5.79717482118742
5.830962801949777
5.882854916664386
5.940836590143407
5.961695885275225
6.002306173491619
6.040209399060691
6.129902735800082
6.137519511443431
6.1828444667865865
6.245617069440232
6.269668449756389
6.366127561789105
6.415954440151512
6.441240758451018
6.463400841541342
6.497936250294369
6.524059203156477
6.554149394086201
6.571868625078956
6.5891683595210635
6.648183046558015
6.7262972592971995
6.764140609259257
6.794832334758208
6.827496535282855
6.889646632539186
6.963914880618101
7.019422965809178
7.0737731133156005
7.119202035917241
7.144210858216344
7.193445151776615
7.2220627896924
7.294127936555628
7.31053425241482
7.341567537490178
7.380260176396677
7.416318724982379
7.435615040827563
7.443100996399837
7.489302096823761
7.5012008965568615
7.531834218720138
7.6133603083900105
7.629595036835656
7.641232613699465
7.667450262250123
7.706067588745466
7.72941743989756
7.761748997401326
7.776888505853331
7.786031246831641
7.8265218181729805
7.880375467090596
7.932276855135083
7.951366944244978
7.970982469899864
7.996187629474788
8.026699337930202
8.083949708738682
8.095474677332406
8.158520183257798
8.172932872790504
8.19708944164362
8.232139896356001
8.261739985253287
8.275779791585983
8.296752383810176
8.319995494939603
8.323951191217578
8.335852910900778
8.375820273641915
8.405604690393666
8.450317119947341
8.498885246072009
8.502438794301565
8.546322032774992
8.593921277719259
8.601841532104869
8.627957681658657
8.661854463385135
8.678503459022776
8.687425826906843
8.709295379970742
8.75084334843824
8.797238343822345
8.80867157819375
8.812172803864565
8.826578952828402
8.851765511826754
8.857502593690642
8.909325351292601
8.933917153808704
8.966985024802847
8.993417345084389
9.01960229808744
9.028122467919433
9.079963594457709
9.09340516364992
9.109113093156365
9.117851952447491
9.149071550286664
9.1856767958906
9.213772314044354
9.235944927296527
9.264315293519552
9.3230731911357
9.329842803837586
9.359229673942323
9.3670912389287
9.416516848865237
9.439557074492624
9.451528290177135
9.488573200523868
9.548561949330315
9.588086145670005
9.603548340376719
9.624365882059523
9.632125883573792
9.657998387320635
9.721574897149136
9.729972956836045
9.770510498072106
9.802109997741598
9.837224006364321
9.883465240571812
9.897010147642883
9.911976670566755
9.931772500506195
9.954609888850504
9.998131729677901
10.036351637790666
10.04567779815375
10.099404431927088
10.120096408171326
10.128726825714391
10.176499984295779
10.193970340598236
10.205632080129828
10.221879751869587
10.281873562244696
10.31986914137997
10.34389236165452
10.378586923035419
10.397037504529411
10.411635005173734
10.421177284897366
10.441561322424963
10.462372731963274
10.497591182676054
10.50747109590265
10.527028520440611
10.544686004126444
10.58650298521331
10.623354185437643
10.670004588117987
10.678662844316257
10.698506481319964
10.734827119709797
10.750203479110517
10.756592045232383
10.828085450217543
10.850616751075112
10.852886402623389
10.896797886640584
10.909277521620044
10.974835135279111
10.991533257554345
11.006075318302395
11.015622274833063
11.047488264722904
11.087935215005986
11.1032001127942
11.140705891143211
11.176945489843296
11.20095181074136
11.23532721322263
11.259210851605872
11.290970570097723
11.305370107037144
11.338388781513013
11.34372817166562
11.359288085167648
11.400372414686506
11.412551246187876
11.447652532925561
11.451277973942483
11.525029540149744
11.54254171424235
11.571010094914241
11.575764050372992
11.606157867994494
11.646729694952674
11.668004136462422
11.678806070000425
11.686260600509181
11.724489311544083
11.758520487465582
11.771073417349982
11.817302823974723
11.843591213922016
11.860649537881555
11.904014106535772
11.928242665530698
11.963885622506451
11.993428601738128
12.010851781514088
12.027454602964644
12.044557805271277
12.081974204840925
12.119673872582903
12.193554568609835
12.21682943510938
12.245833924317028
12.279516215207565
12.31868286526439
12.339959766988311
12.349156161916062
12.365797336235694
12.421509636548004
12.433823320874392
12.47207016878415
12.488133902460522
12.53560748764128
12.55041228094956
12.592627097554647
12.600290018088655
12.636348918619763
12.648108625829561
12.672119452502033
12.700825102036445
12.72785503123973
12.760178796325102
12.79249986862211
12.812744475811252
12.839092975631337
12.87863492603496
12.898108971678784
12.92788474865821
12.960445270607757
13.001616255300117
13.018594320339945
13.065250924521818
13.08756057086388
13.110675586255027
13.143952858513053
13.155167077532447
13.189164797137057
13.23245961338669
13.247188985336322
13.292912627486638
13.334213102063963
13.36724762540591
13.372898440818874
13.41983516170915
13.43015637158382
13.444904837570586
13.521255973358919
13.542452772269899
13.568229756963758
13.580082997084116
13.60897539883526
13.635035248616877
13.664250952899769
13.687790677575133
13.710525376727759
13.748153521422699
13.775492696313313
13.79886169507023
13.839265826454481
13.846784291081532
13.86747037435963
13.891057641054937
13.916265519622376
13.941714789861729
13.955725018700521
13.971106630191949
14.007792551990338
14.038364791898264
14.089342166334935
14.159874231830365
14.189064810582865
14.235338621002033
14.238517951070286
14.258032952475324
14.293105631601781
14.309353848336357
14.37757288956549
14.415244163220558
14.438344414654397
14.468640075925347
14.491100019947734
14.539951662063356
14.581496035348513
14.58867893215612
14.618853600518305
14.675416870049773
14.683787124543526
14.714625568163866
14.733454330841322
14.759706493613672
14.793763895966991
14.832137334479615
14.866854129657986
14.893917735122718
14.895757340428537
14.928929165589793
14.953104730443398
14.986860647110746
14.989337535760233
15.044711725226833
15.116306398915798
15.141887543851764
15.182842895720123
15.21075220201653
15.241580819648012
15.268946541340394
15.277185086518088
15.291758929381773
15.33814658246747
15.35155874024644
15.396127536723137
15.437359928930514
15.447457928112888
15.479057884890295
15.51935769542188
15.54624104397666
15.583226914240964
15.598639342627948
15.64232856313423
15.676650609753525
15.683025572888583
15.69338552729347
15.752171472604797
15.82479375863473
15.841914466486656
15.871878061281997
15.887175987210794
15.918769683287858
15.951207037731955
16.01865213682976
16.0377467300974
16.074380888916405
16.098769193255695
16.132125575183323
16.20327510077585
16.222690706027038
16.25679169119307
16.26720091712796
16.302503326569557
16.336772300890864
16.37851977869198
16.405795797341646
16.475705841756426
16.48661839382971
16.525262652014103
16.550584990466866
16.566156399671875
16.59118334590986
16.61930745114513
16.622853889871234
16.663725739895163
16.70470562022095
16.722912751132586
16.741324315596778
16.767131116542217
16.80417869393049
16.84459058525964
16.901194823599788
16.92531304583034
16.946890054139008
16.964327498628933
16.974952076036985
17.01872485736468
17.05763140456788
17.09604397159524
17.15390460530941
17.18426968688971
17.277257587688077
17.341179982822847
17.387167370593673
17.43321770063524
17.48208110724408
17.530497809099312
17.55857524664668
17.60063919339839
17.636467919571004
17.637916906494645
17.694020234946784
17.7772566799326
17.784472463882683
17.827302424516574
17.88913674701451
17.948566617507208
17.992944349579275
18.02277462763277
18.06259669089004
18.06783839243318
18.133941673403132
18.18016341393116
18.216459777778685
18.235326200619575
18.315878439889328
18.360326243420154
18.46281475864425
18.493598287459534
18.516684973018023
18.573056838478582
18.587360965052767
18.62505715175919
18.742040978131243
18.79261797461148
18.819462061542175
18.8788059843783
18.904371421823615
18.915540248697383
18.99050377816409
19.02811046636326
19.055028144449558
19.086612222038514
19.10392433510523
19.11696018422378
19.222571816845022
19.288049306455537
19.307912021648352
19.334977798337732
19.371827035349693
19.403731488575964
19.453226799358703
19.475776244758592
19.612006028641613
19.68285787160468
19.700488013533807
19.751001559733755
19.856476833703145
19.926460615973788
19.953081354397117
19.991629132901856
20.04721855256873
20.160076772647017
20.29089380988695
20.32876043503746
20.383860081082485
20.4599418089758
20.525137094479728
20.598019118476472
20.67248913567889
20.72033014183829
20.821095363596086
20.903228118908526
20.94626557304976
21.168529900839218
21.213239458984358
21.432145279031225
21.529881206175634
21.57516772535367
21.65430261897556
21.741266252013915
21.75321915148203
21.874667489000114
21.93593588818448
21.97083505097928
22.059912879374245
22.134644406836543
22.254779622458493
22.488729470523964
22.913106469656164
23.213930723984774
23.29832424755592
23.540499452960784
23.884021385755727
24.435762294876596
24.6447902081856
25.04109709943975
25.38242083537508
0.48228392981954193
0.5832458290559306
0.6901430289262532
0.8096916673619733
0.8420459311596818
0.9167513914519279
0.9797019540850874
1.0060401394103355
1.1276305651288443
3.1793830576804796
4.3221046746999985
4.435824287931698
4.4642776141198
4.543700389199298
4.705293322417436
4.765605668138862
4.960991052246915
5.116483257252218
5.198388705106
5.325162840404167
5.438136175421193
5.448238703510886
5.512229573799544
5.79717482118742
5.830962801949777
5.882854916664386
5.940836590143407
5.961695885275225
6.002306173491619
6.040209399060691
6.129902735800082
6.137519511443431
6.1828444667865865
6.245617069440232
6.269668449756389
6.366127561789105
6.415954440151512
6.441240758451018
6.463400841541342
6.497936250294369
6.524059203156477
6.554149394086201
6.571868625078956
6.5891683595210635
6.648183046558015
6.7262972592971995
6.764140609259257
6.794832334758208
6.827496535282855
6.889646632539186
6.963914880618101
7.019422965809178
7.0737731133156005
7.119202035917241
7.144210858216344
7.193445151776615
7.2220627896924
7.294127936555628
7.31053425241482
7.341567537490178
7.380260176396677
7.416318724982379
7.435615040827563
7.443100996399837
7.489302096823761
7.5012008965568615
7.531834218720138
7.6133603083900105
7.629595036835656
7.641232613699465
7.667450262250123
7.706067588745466
7.72941743989756
7.761748997401326
7.776888505853331
7.786031246831641
7.8265218181729805
7.880375467090596
7.932276855135083
7.951366944244978
7.970982469899864
7.996187629474788
8.026699337930202
8.083949708738682
8.095474677332406
8.158520183257798
8.172932872790504
8.19708944164362
8.232139896356001
8.261739985253287
8.275779791585983
8.296752383810176
8.319995494939603
8.323951191217578
8.335852910900778
8.375820273641915
8.405604690393666
8.450317119947341
8.498885246072009
8.502438794301565
8.546322032774992
8.593921277719259
8.601841532104869
8.627957681658657
8.661854463385135
8.678503459022776
8.687425826906843
8.709295379970742
8.75084334843824
8.797238343822345
8.80867157819375
8.812172803864565
8.826578952828402
8.851765511826754
8.857502593690642
8.909325351292601
8.933917153808704
8.966985024802847
8.993417345084389
9.01960229808744
9.028122467919433
9.079963594457709
9.09340516364992
9.109113093156365
9.117851952447491
9.149071550286664
9.1856767958906
9.213772314044354
9.235944927296527
9.264315293519552
9.3230731911357
9.329842803837586
9.359229673942323
9.3670912389287
9.416516848865237
9.439557074492624
9.451528290177135
9.488573200523868
9.548561949330315
9.588086145670005
9.603548340376719
9.624365882059523
9.632125883573792
9.657998387320635
9.721574897149136
9.729972956836045
9.770510498072106
9.802109997741598
9.837224006364321
9.883465240571812
9.897010147642883
9.911976670566755
9.931772500506195
9.954609888850504
9.998131729677901
10.036351637790666
10.04567779815375
10.099404431927088
10.120096408171326
10.128726825714391
10.176499984295779
10.193970340598236
10.205632080129828
10.221879751869587
10.281873562244696
10.31986914137997
10.34389236165452
10.378586923035419
10.397037504529411
10.411635005173734
10.421177284897366
10.441561322424963
10.462372731963274
10.497591182676054
10.50747109590265
10.527028520440611
10.544686004126444
10.58650298521331
10.623354185437643
10.670004588117987
10.678662844316257
10.698506481319964
10.734827119709797
10.750203479110517
10.756592045232383
10.828085450217543
10.850616751075112
10.852886402623389
10.896797886640584
10.909277521620044
10.974835135279111
10.991533257554345
11.006075318302395
11.015622274833063
11.047488264722904
11.087935215005986
11.1032001127942
11.140705891143211
11.176945489843296
11.20095181074136
11.23532721322263
11.259210851605872
11.290970570097723
11.305370107037144
11.338388781513013
11.34372817166562
11.359288085167648
11.400372414686506
11.412551246187876
11.447652532925561
11.451277973942483
11.525029540149744
11.54254171424235
11.571010094914241
11.575764050372992
11.606157867994494
11.646729694952674
11.668004136462422
11.678806070000425
11.686260600509181
11.724489311544083
11.758520487465582
11.771073417349982
11.817302823974723
11.843591213922016
11.860649537881555
11.904014106535772
11.928242665530698
11.963885622506451
11.993428601738128
12.010851781514088
12.027454602964644
12.044557805271277
12.081974204840925
12.119673872582903
12.193554568609835
12.21682943510938
12.245833924317028
12.279516215207565
12.31868286526439
12.339959766988311
12.349156161916062
12.365797336235694
12.421509636548004
12.433823320874392
12.47207016878415
12.488133902460522
12.53560748764128
12.55041228094956
12.592627097554647
12.600290018088655
12.636348918619763
12.648108625829561
12.672119452502033
12.700825102036445
12.72785503123973
12.760178796325102
12.79249986862211
12.812744475811252
12.839092975631337
12.87863492603496
12.898108971678784
12.92788474865821
12.960445270607757
13.001616255300117
13.018594320339945
13.065250924521818
13.08756057086388
13.110675586255027
13.143952858513053
13.155167077532447
13.189164797137057
13.23245961338669
13.247188985336322
13.292912627486638
13.334213102063963
13.36724762540591
13.372898440818874
13.41983516170915
13.43015637158382
13.444904837570586
13.521255973358919
13.542452772269899
13.568229756963758
13.580082997084116
13.60897539883526
13.635035248616877
13.664250952899769
13.687790677575133
13.710525376727759
13.748153521422699
13.775492696313313
13.79886169507023
13.839265826454481
13.846784291081532
13.86747037435963
13.891057641054937
13.916265519622376
13.941714789861729
13.955725018700521
13.971106630191949
14.007792551990338
14.038364791898264
14.089342166334935
14.159874231830365
14.189064810582865
14.235338621002033
14.238517951070286
14.258032952475324
14.293105631601781
14.309353848336357
14.37757288956549
14.415244163220558
14.438344414654397
14.468640075925347
14.491100019947734
14.539951662063356
14.581496035348513
14.58867893215612
14.618853600518305
14.675416870049773
14.683787124543526
14.714625568163866
14.733454330841322
14.759706493613672
14.793763895966991
14.832137334479615
14.866854129657986
14.893917735122718
14.895757340428537
14.928929165589793
14.953104730443398
14.986860647110746
14.989337535760233
15.044711725226833
15.116306398915798
15.141887543851764
15.182842895720123
15.21075220201653
15.241580819648012
15.268946541340394
15.277185086518088
15.291758929381773
15.33814658246747
15.35155874024644
15.396127536723137
15.437359928930514
15.447457928112888
15.479057884890295
15.51935769542188
15.54624104397666
15.583226914240964
15.598639342627948
15.64232856313423
15.676650609753525
15.683025572888583
15.69338552729347
15.752171472604797
15.82479375863473
15.841914466486656
15.871878061281997
15.887175987210794
15.918769683287858
15.951207037731955
16.01865213682976
16.0377467300974
16.074380888916405
16.098769193255695
16.132125575183323
16.20327510077585
16.222690706027038
16.25679169119307
16.26720091712796
16.302503326569557
16.336772300890864
16.37851977869198
16.405795797341646
16.475705841756426
16.48661839382971
16.525262652014103
16.550584990466866
16.566156399671875
16.59118334590986
16.61930745114513
16.622853889871234
16.663725739895163
16.70470562022095
16.722912751132586
16.741324315596778
16.767131116542217
16.80417869393049
16.84459058525964
16.901194823599788
16.92531304583034
16.946890054139008
16.964327498628933
16.974952076036985
17.01872485736468
17.05763140456788
17.09604397159524
17.15390460530941
17.18426968688971
17.277257587688077
17.341179982822847
17.387167370593673
17.43321770063524
17.48208110724408
17.530497809099312
17.55857524664668
17.60063919339839
17.636467919571004
17.637916906494645
17.694020234946784
17.7772566799326
17.784472463882683
17.827302424516574
17.88913674701451
17.948566617507208
17.992944349579275
18.02277462763277
18.06259669089004
18.06783839243318
18.133941673403132
18.18016341393116
18.216459777778685
18.235326200619575
18.315878439889328
18.360326243420154
18.46281475864425
18.493598287459534
18.516684973018023
18.573056838478582
18.587360965052767
18.62505715175919
18.742040978131243
18.79261797461148
18.819462061542175
18.8788059843783
18.904371421823615
18.915540248697383
18.99050377816409
19.02811046636326
19.055028144449558
19.086612222038514
19.10392433510523
19.11696018422378
19.222571816845022
19.288049306455537
19.307912021648352
19.334977798337732
19.371827035349693
19.403731488575964
19.453226799358703
19.475776244758592
19.612006028641613
19.68285787160468
19.700488013533807
19.751001559733755
19.856476833703145
19.926460615973788
19.953081354397117
19.991629132901856
20.04721855256873
20.160076772647017
20.29089380988695
20.32876043503746
20.383860081082485
20.4599418089758
20.525137094479728
20.598019118476472
20.67248913567889
20.72033014183829
20.821095363596086
20.903228118908526
20.94626557304976
21.168529900839218
21.213239458984358
21.432145279031225
21.529881206175634
21.57516772535367
21.65430261897556
21.741266252013915
21.75321915148203
21.874667489000114
21.93593588818448
21.97083505097928
22.059912879374245
22.134644406836543
22.254779622458493
22.488729470523964
22.913106469656164
23.213930723984774
23.29832424755592
23.540499452960784
23.884021385755727
24.435762294876596
24.6447902081856
25.04109709943975
25.38242083537508
