0.8269100770714626
0.8958772743775466
0.905625660750787
0.9498075079505864
1.0805619976612706
9.184791938299377
10.352044962181244
10.675832864278062
10.919328787860838
11.051285472334511
11.069734028808716
11.469146836564647
11.643838770681922
11.713734062376835
11.742634924156024
12.026610489542788
12.124277837396635
12.204253904045395
12.241225982482497
12.331384037543762
12.372376611899764
12.406555089432494
12.535409354273572
12.602030930135907
12.688059447591215
12.796960696244158
12.926519783064865
12.96103511357676
13.04211079469118
13.126641036975876
13.190174879200274
13.265356501044543
13.332026445493476
13.39404911326415
13.456319683578311
13.496382588584105
13.536338744374735
13.613675004864248
13.68385667301055
13.719310500739029
13.829049199230475
13.834078689356827
13.961968241168487
14.011272319765965
14.04759334888926
14.069978650119864
14.168179246772628
14.186965413499525
14.242791208852383
14.278240077756813
14.32041871835792
14.358163700401812
14.392780381051502
14.452211714864136
14.530023245678853
14.577124258635306
14.594367035143504
14.665379522705862
14.687536497987795
14.72035523095815
14.806828416882528
14.869357377302414
14.888101501670125
14.955402638800082
14.987897700096838
15.038248898718516
15.052989670141336
15.097528923656599
15.160730361826808
15.169983347766022
15.190613329832797
15.250856166941062
15.289856302741146
15.328751147984056
15.332430104317263
15.380015712814156
15.423890653085925
15.495343278494847
15.541131967427123
15.59013483645281
15.605497552971492
15.628899565520907
15.649790475987563
15.705117209736223
15.74276487789282
15.795198791890698
15.832133343428442
15.856156203706515
15.884724114477047
15.915357303718238
16.01444625871221
16.05071327588935
16.07847873164834
16.10780745832375
16.141808909987983
16.158233851944853
16.20647949884912
16.222981773666042
16.287911436476215
16.311603486191775
16.385068514512728
16.45609215462576
16.473847009769244
16.51477192067427
16.582203648183675
16.598380801726528
16.64939394792982
16.678296851212743
16.720118971970876
16.749680022354408
16.78650070975596
16.838246685838524
16.85270454287044
16.881259560206168
16.897151000704806
16.924276203190455
16.966651652695454
16.99986233185727
17.036021173831333
17.062404041531753
17.07361235464393
17.143021668103145
17.152106440822774
17.180257038999027
17.238879162467118
17.25135104596704
17.2911795497676
17.33459548389985
17.366437633597716
17.404033775536742
17.441759080687834
17.495207254214677
17.541123126944314
17.577116627253357
17.582779443626304
17.64688720184121
17.690239258986253
17.700665613181343
17.73352192843179
17.756765568678997
17.765786369438516
17.81395832956897
17.846063193116247
17.860616446877
17.88972804980435
17.91457417043723
17.943039109457054
17.98725043877583
18.026439673108786
18.080322544143737
18.112049162862352
18.17166608855158
18.175967721858505
18.210550346593642
18.226135360872355
18.263464307925094
18.30669765157947
18.37484075525045
18.38758472316269
18.405971293816542
18.457215815327025
18.466092907985384
18.49926208368165
18.575755524914292
18.641709605978768
18.662028229131675
18.705384674871137
18.707521707651768
18.752011201547937
18.82948679851552
18.84100945757135
18.875157015818235
18.891349426478367
18.920177138448228
18.938118248215364
19.00524739286671
19.06174668791143
19.06364074038122
19.0879612506395
19.114358427214476
19.136460632986903
19.170295730513736
19.192406342606024
19.21614867124901
19.260752016193027
19.270923434987033
19.29797252492234
19.34164028218896
19.39495415319596
19.44417753950275
19.49332576859666
19.51975521193205
19.544564349734234
19.56593166311688
19.61140717231873
19.645901690378405
19.681645146556303
19.703272562783617
19.757765557404557
19.811107867014226
19.832460341490176
19.863120262599967
19.89768313837771
19.922380350810542
19.9576513323376
20.029840159415567
20.042056333767736
20.08022110132287
20.093052958201636
20.119927220948103
20.154642281834146
20.211742206887184
20.239168267006963
20.262525123336104
20.29140722094107
20.331623124008544
20.33720246690837
20.38491609229924
20.424264918315316
20.4425132040321
20.50222764393901
20.527807134752134
20.574513712043316
20.58184787329133
20.628645944418942
20.631990328117766
20.71096283140878
20.802985162473195
20.819549562797945
20.840608598400973
20.854775325586616
20.89409349668196
20.91645741956586
20.984554733897696
21.01854186781073
21.050960589713696
21.06339726349612
21.079813159975288
21.108647547179377
21.167261475083606
21.186315707908655
21.24941769943355
21.27600851465181
21.28994170352572
21.333751503109728
21.370695730548576
21.399107669884835
21.443681760531863
21.46567438440036
21.5083453394664
21.53674562142648
21.56024450600382
21.61575860855906
21.641799202162403
21.698545054638323
21.71639995531974
21.795142639762915
21.830537444737793
21.85270568256296
21.87446927357738
21.93561801106353
21.94849913241104
21.963976894875692
22.023547415779007
22.03284095540882
22.083909412368815
22.0910262168586
22.169329815591976
22.192447153395715
22.214947242459846
22.231844338448393
22.260974561128947
22.305086847830623
22.343936236425623
22.35869191673241
22.390111041703612
22.416207266155784
22.472427524177597
22.49872568499258
22.556475226679215
22.614495089744253
22.640731342972597
22.683630570492994
22.70839346153393
22.737650811471397
22.803334211168238
22.817268278041688
22.84364952533003
22.872972945237947
22.915724426766182
22.926795475143408
22.98780282603034
22.99680775653691
23.07173651164225
23.090636847152215
23.10585839239737
23.205563175827482
23.211017601002162
23.223742504804825
23.26104561573721
23.299354588169134
23.302569282457085
23.360637614999995
23.404245436692932
23.44559128329788
23.464862715283115
23.508537673871267
23.522805927067566
23.56209327604148
23.622805445224323
23.661904791948068
23.67813132206233
23.73280394582307
23.736118596557745
23.81240237201907
23.82053034498795
23.88414791007904
23.91785320381743
23.966478989231366
23.98005072099485
24.02495561873503
24.128091503201645
24.13357017642724
24.179196432644954
24.197206749170434
24.254151546813404
24.287389773079717
24.29435623617573
24.3347700152793
24.368027176780863
24.417922846922508
24.494868053694223
24.53657717258701
24.568677053081988
24.598160238559142
24.64158041949232
24.67177041852388
24.713609382256536
24.72798350710056
24.790659752451567
24.805445585215395
24.860615024323057
24.875937597788965
24.913700136723268
25.015733387798704
25.022757550278918
25.028466265849165
25.07168556360567
25.12409499403293
25.152177461893796
25.21537406800527
25.22112648511363
25.27321216418123
25.293213560445647
25.340638735383365
25.410742583321998
25.434634573260016
25.472877565961998
25.503644978556036
25.610485566986213
25.626655792529334
25.653547990322537
25.687864598743396
25.720068142049186
25.740102716641694
25.793282803131824
25.81940300797642
25.92390501742748
25.935170638012607
25.95486570821978
25.989048100112715
26.02415974127631
26.061533119127866
26.080142509109294
26.100087436070755
26.141617603462894
26.208054218592967
26.221711669968563
26.28668017889579
26.357814249370954
26.389472509998882
26.45230640315624
26.50183369444651
26.558624266973737
26.566502086635946
26.631332869235862
26.699404183052597
26.768191830595974
26.799919747533178
26.81923490360927
26.89065355181616
26.96028710858059
26.9924602142698
27.03154933623465
27.053725372134508
27.108761319071927
27.12165646771733
27.184241671843584
27.231450964581413
27.266493100175833
27.31957411414029
27.356530496944973
27.4905516005771
27.49831753442364
27.53285586859683
27.61069911354454
27.676268842314983
27.71512897709191
27.730657337697505
27.78110166522871
27.811303498250687
27.882685019981466
27.96731354661861
27.98414155693968
28.012857647669474
28.059905509428138
28.11826264364701
28.130437906292094
28.213083034346052
28.22934722543751
28.24170151605526
28.27199792398261
28.34914531136768
28.395454210794362
28.474765776811683
28.502681409692567
28.56092919606073
28.646588969485908
28.70594839435836
28.73234800629008
28.769194461923856
28.841398383259946
28.901065619213618
28.95592635439406
29.01847658387894
29.137378198631158
29.164877206289027
29.217383372538045
29.24692096012448
29.327710476285187
29.36937313760993
29.435492550026954
29.51025337982602
29.515377237539703
29.591557817814287
29.627300682372127
29.646374301714676
29.70643788555612
29.7455552100175
29.781211893220657
29.894444506393437
29.974642459160233
30.103360612180616
30.125322326088934
30.295070730202735
30.352372931702906
30.399182168187217
30.456538118475365
30.507147833568958
30.57478808409227
30.625628937394907
30.6556296352639
30.746061787550506
30.78108969946332
30.98054253294488
31.087193618088605
31.15741046527896
31.232456411734592
31.268150726309365
31.327518297441465
31.351329072070623
31.478743826748705
31.531121074893438
31.596752700472614
31.7017995655162
31.765407060554935
31.849186302952035
31.888270405057632
32.004543996108666
32.13768030604018
32.23308483352341
32.24173601235171
32.51447043115615
32.60736993473575
32.68535364576174
32.830227485327555
32.877226646373735
32.970810573652834
33.082032808920694
33.261418039315366
33.27032136724352
33.55318368705389
33.60876372722858
34.04570455200647
34.159563703205194
34.57788355713436
34.6274410710593
35.84911245783839
35.960832500424075
0.8269100770714626
0.8958772743775466
0.905625660750787
0.9498075079505864
1.0805619976612706
9.184791938299377
10.352044962181244
10.675832864278062
10.919328787860838
11.051285472334511
11.069734028808716
11.469146836564647
11.643838770681922
11.713734062376835
11.742634924156024
12.026610489542788
12.124277837396635
12.204253904045395
12.241225982482497
12.331384037543762
12.372376611899764
12.406555089432494
12.535409354273572
12.602030930135907
12.688059447591215
12.796960696244158
12.926519783064865
12.96103511357676
13.04211079469118
13.126641036975876
13.190174879200274
13.265356501044543
13.332026445493476
13.39404911326415
13.456319683578311
13.496382588584105
13.536338744374735
13.613675004864248
13.68385667301055
13.719310500739029
13.829049199230475
13.834078689356827
13.961968241168487
14.011272319765965
14.04759334888926
14.069978650119864
14.168179246772628
14.186965413499525
14.242791208852383
14.278240077756813
14.32041871835792
14.358163700401812
14.392780381051502
14.452211714864136
14.530023245678853
14.577124258635306
14.594367035143504
14.665379522705862
14.687536497987795
14.72035523095815
14.806828416882528
14.869357377302414
14.888101501670125
14.955402638800082
14.987897700096838
15.038248898718516
15.052989670141336
15.097528923656599
15.160730361826808
15.169983347766022
15.190613329832797
15.250856166941062
15.289856302741146
15.328751147984056
15.332430104317263
15.380015712814156
15.423890653085925
15.495343278494847
15.541131967427123
15.59013483645281
15.605497552971492
15.628899565520907
15.649790475987563
15.705117209736223
15.74276487789282
15.795198791890698
15.832133343428442
15.856156203706515
15.884724114477047
15.915357303718238
16.01444625871221
16.05071327588935
16.07847873164834
16.10780745832375
16.141808909987983
16.158233851944853
16.20647949884912
16.222981773666042
16.287911436476215
16.311603486191775
16.385068514512728
16.45609215462576
16.473847009769244
16.51477192067427
16.582203648183675
16.598380801726528
16.64939394792982
16.678296851212743
16.720118971970876
16.749680022354408
16.78650070975596
16.838246685838524
16.85270454287044
16.881259560206168
16.897151000704806
16.924276203190455
16.966651652695454
16.99986233185727
17.036021173831333
17.062404041531753
17.07361235464393
17.143021668103145
17.152106440822774
17.180257038999027
17.238879162467118
17.25135104596704
17.2911795497676
17.33459548389985
17.366437633597716
17.404033775536742
17.441759080687834
17.495207254214677
17.541123126944314
17.577116627253357
17.582779443626304
17.64688720184121
17.690239258986253
17.700665613181343
17.73352192843179
17.756765568678997
17.765786369438516
17.81395832956897
17.846063193116247
17.860616446877
17.88972804980435
17.91457417043723
17.943039109457054
17.98725043877583
18.026439673108786
18.080322544143737
18.112049162862352
18.17166608855158
18.175967721858505
18.210550346593642
18.226135360872355
18.263464307925094
18.30669765157947
18.37484075525045
18.38758472316269
18.405971293816542
18.457215815327025
18.466092907985384
18.49926208368165
18.575755524914292
18.641709605978768
18.662028229131675
18.705384674871137
18.707521707651768
18.752011201547937
18.82948679851552
18.84100945757135
18.875157015818235
18.891349426478367
18.920177138448228
18.938118248215364
19.00524739286671
19.06174668791143
19.06364074038122
19.0879612506395
19.114358427214476
19.136460632986903
19.170295730513736
19.192406342606024
19.21614867124901
19.260752016193027
19.270923434987033
19.29797252492234
19.34164028218896
19.39495415319596
19.44417753950275
19.49332576859666
19.51975521193205
19.544564349734234
19.56593166311688
19.61140717231873
19.645901690378405
19.681645146556303
19.703272562783617
19.757765557404557
19.811107867014226
19.832460341490176
19.863120262599967
19.89768313837771
19.922380350810542
19.9576513323376
20.029840159415567
20.042056333767736
20.08022110132287
20.093052958201636
20.119927220948103
20.154642281834146
20.211742206887184
20.239168267006963
20.262525123336104
20.29140722094107
20.331623124008544
20.33720246690837
20.38491609229924
20.424264918315316
20.4425132040321
20.50222764393901
20.527807134752134
20.574513712043316
20.58184787329133
20.628645944418942
20.631990328117766
20.71096283140878
20.802985162473195
20.819549562797945
20.840608598400973
20.854775325586616
20.89409349668196
20.91645741956586
20.984554733897696
21.01854186781073
21.050960589713696
21.06339726349612
21.079813159975288
21.108647547179377
21.167261475083606
21.186315707908655
21.24941769943355
21.27600851465181
21.28994170352572
21.333751503109728
21.370695730548576
21.399107669884835
21.443681760531863
21.46567438440036
21.5083453394664
21.53674562142648
21.56024450600382
21.61575860855906
21.641799202162403
21.698545054638323
21.71639995531974
21.795142639762915
21.830537444737793
21.85270568256296
21.87446927357738
21.93561801106353
21.94849913241104
21.963976894875692
22.023547415779007
22.03284095540882
22.083909412368815
22.0910262168586
22.169329815591976
22.192447153395715
22.214947242459846
22.231844338448393
22.260974561128947
22.305086847830623
22.343936236425623
22.35869191673241
22.390111041703612
22.416207266155784
22.472427524177597
22.49872568499258
22.556475226679215
22.614495089744253
22.640731342972597
22.683630570492994
22.70839346153393
22.737650811471397
22.803334211168238
22.817268278041688
22.84364952533003
22.872972945237947
22.915724426766182
22.926795475143408
22.98780282603034
22.99680775653691
23.07173651164225
23.090636847152215
23.10585839239737
23.205563175827482
23.211017601002162
23.223742504804825
23.26104561573721
23.299354588169134
23.302569282457085
23.360637614999995
23.404245436692932
23.44559128329788
23.464862715283115
23.508537673871267
23.522805927067566
23.56209327604148
23.622805445224323
23.661904791948068
23.67813132206233
23.73280394582307
23.736118596557745
23.81240237201907
23.82053034498795
23.88414791007904
23.91785320381743
23.966478989231366
23.98005072099485
24.02495561873503
24.128091503201645
24.13357017642724
24.179196432644954
24.197206749170434
24.254151546813404
24.287389773079717
24.29435623617573
24.3347700152793
24.368027176780863
24.417922846922508
24.494868053694223
24.53657717258701
24.568677053081988
24.598160238559142
24.64158041949232
24.67177041852388
24.713609382256536
24.72798350710056
24.790659752451567
24.805445585215395
24.860615024323057
24.875937597788965
24.913700136723268
25.015733387798704
25.022757550278918
25.028466265849165
25.07168556360567
25.12409499403293
25.152177461893796
25.21537406800527
25.22112648511363
25.27321216418123
25.293213560445647
25.340638735383365
25.410742583321998
25.434634573260016
25.472877565961998
25.503644978556036
25.610485566986213
25.626655792529334
25.653547990322537
25.687864598743396
25.720068142049186
25.740102716641694
25.793282803131824
25.81940300797642
25.92390501742748
25.935170638012607
25.95486570821978
25.989048100112715
26.02415974127631
26.061533119127866
26.080142509109294
26.100087436070755
26.141617603462894
26.208054218592967
26.221711669968563
26.28668017889579
26.357814249370954
26.389472509998882
26.45230640315624
26.50183369444651
26.558624266973737
26.566502086635946
26.631332869235862
26.699404183052597
26.768191830595974
26.799919747533178
26.81923490360927
26.89065355181616
26.96028710858059
26.9924602142698
27.03154933623465
27.053725372134508
27.108761319071927
27.12165646771733
27.184241671843584
27.231450964581413
27.266493100175833
27.31957411414029
27.356530496944973
27.4905516005771
27.49831753442364
27.53285586859683
27.61069911354454
27.676268842314983
27.71512897709191
27.730657337697505
27.78110166522871
27.811303498250687
27.882685019981466
27.96731354661861
27.98414155693968
28.012857647669474
28.059905509428138
28.11826264364701
28.130437906292094
28.213083034346052
28.22934722543751
28.24170151605526
28.27199792398261
28.34914531136768
28.395454210794362
28.474765776811683
28.502681409692567
28.56092919606073
28.646588969485908
28.70594839435836
28.73234800629008
28.769194461923856
28.841398383259946
28.901065619213618
28.95592635439406
29.01847658387894
29.137378198631158
29.164877206289027
29.217383372538045
29.24692096012448
29.327710476285187
29.36937313760993
29.435492550026954
29.51025337982602
29.515377237539703
29.591557817814287
29.627300682372127
29.646374301714676
29.70643788555612
29.7455552100175
29.781211893220657
29.894444506393437
29.974642459160233
30.103360612180616
30.125322326088934
30.295070730202735
30.352372931702906
30.399182168187217
30.456538118475365
30.507147833568958
30.57478808409227
30.625628937394907
30.6556296352639
30.746061787550506
30.78108969946332
30.98054253294488
31.087193618088605
31.15741046527896
31.232456411734592
31.268150726309365
31.327518297441465
31.351329072070623
31.478743826748705
31.531121074893438
31.596752700472614
31.7017995655162
31.765407060554935
31.849186302952035
31.888270405057632
32.004543996108666
32.13768030604018
32.23308483352341
32.24173601235171
32.51447043115615
32.60736993473575
32.68535364576174
32.830227485327555
32.877226646373735
32.970810573652834
33.082032808920694
33.261418039315366
33.27032136724352
33.55318368705389
33.60876372722858
34.04570455200647
34.159563703205194
34.57788355713436
34.6274410710593
35.84911245783839
35.960832500424075
