0.5966767663217627
0.6085941577509287
0.6778389533272795
0.764930567864993
0.8167553740261503
0.8655432894074959
0.9006689815167699
0.9969252974567958
1.052815951854252
3.4858162927734933
4.3494195799307676
4.493418601376254
5.167212334793129
5.310677342910356
5.396355314410618
5.563062436208777
5.657499347865337
5.6695705310521785
5.754301353731691
5.969225275344251
6.046509434077967
6.109255046053108
6.143173524556387
6.229909117232534
6.27022042650564
6.318321885052051
6.344052084809546
6.380698789601881
6.40831458747321
6.4634023321898955
6.5355666402356425
6.6179372614708
6.639420881577429
6.695739372028826
6.725526281767464
6.780687461536763
6.8289306049441425
6.893591366669784
6.910096321190237
6.926210168737429
6.9822351219420415
7.006000434980153
7.017242872306161
7.053667204534135
7.099261533041462
7.114320282938285
7.138182787946454
7.168410156840985
7.210586133901528
7.284342899500363
7.361293487845922
7.372173061154398
7.418105671976776
7.421024147242025
7.484844644630177
7.520260285111702
7.523853238056472
7.589489233414758
7.61256387718079
7.629762211312494
7.65379540823615
7.677790788159287
7.7310851876381586
7.760453466047706
7.796597921749221
7.81316364135071
7.8328468317670445
7.880681485780453
7.93165822375322
7.965487112092748
7.981672096030201
8.073888800437745
8.090679123574432
8.131631803404463
8.149561254965286
8.17091782280073
8.222325203792398
8.244052990526772
8.260072384254368
8.268420801160254
8.315537147180214
8.345647724480116
8.36698493639702
8.442671795775505
8.46398609859389
8.504469187829496
8.56649191209075
8.58229975352575
8.614721719046553
8.630093270415635
8.658638713522858
8.682299082828735
8.703136626754263
8.72852256202788
8.774755298350378
8.783521073673992
8.805912421710495
8.852064803737031
8.8989955371541
8.921420564969232
8.935088332467375
8.95113083436875
8.995554860700638
9.023264274426175
9.029849729182136
9.051812254309331
9.087718379107569
9.122886234018429
9.137468907891016
9.182297899630306
9.194502312548938
9.221066698199651
9.235733400285806
9.292029211348854
9.310013289026617
9.332258159737504
9.35117676411346
9.39135008241162
9.39803389261156
9.417202339673214
9.424141999651653
9.477353447187525
9.49750797873681
9.530332432044831
9.576065746756745
9.603151534546617
9.6241276422095
9.66760905060632
9.693793824090848
9.709038340378628
9.730385177137034
9.765052532335613
9.805375941268325
9.829524975823041
9.854896923161702
9.874917445835989
9.897434364687284
9.900467962539611
9.938399670274823
9.9592597689376
9.982315719462877
9.998272230682266
10.021346757831104
10.075964705645902
10.102565229984295
10.121135988341386
10.172794248039734
10.179364512987732
10.221463331540118
10.223886341496359
10.238115586634036
10.270650840111843
10.308416263420753
10.335290232086825
10.35032016494106
10.384423601643322
10.401521065463749
10.426702884129678
10.459301640065867
10.468758042106899
10.49490592905075
10.524021242444725
10.575017815889154
10.608759179838252
10.644846550623377
10.66131676918033
10.688695197030475
10.692347756502521
10.72614100866551
10.759193854554802
10.784791002271145
10.827838847301626
10.835207880749321
10.86030897903674
10.890323029322397
10.916663577710233
10.935684760392908
10.957796694298139
11.05993211231906
11.07564014641919
11.089105041116273
11.12548356924854
11.137936377249268
11.192288446227714
11.219532349975022
11.227437552663046
11.265737176407761
11.2736933163176
11.30068317860874
11.331153148051598
11.349196762489331
11.39067186227449
11.408668596347312
11.43995733459576
11.460651237947427
11.507855435026215
11.52890694727032
11.550743371989515
11.571121632937581
11.605913218379076
11.639508718545958
11.66205267101958
11.68033189348907
11.69502112570327
11.728239032197258
11.738087162151537
11.758381551134246
11.792139769408731
11.833508275396621
11.843700887467298
11.850200667156853
11.906432494921432
11.940536016993677
11.98100216273723
12.006003952565475
12.025395109491962
12.044378967905926
12.04592140364397
12.107026475798794
12.163519599458507
12.177153346995645
12.187132678102108
12.242420246328148
12.255180325535381
12.267958603767102
12.292964498419211
12.317189949576754
12.33839980529293
12.356133965107677
12.383327496473465
12.407934061663571
12.467259169070557
12.481460901026729
12.518546364276512
12.536583616544887
12.554798670748529
12.574466338514226
12.612902429966443
12.639842324227224
12.658392890305263
12.674612856704927
12.699565561693621
12.73667939450877
12.750938998150035
12.768223567525887
12.824139978917767
12.856261302410905
12.88309505640577
12.900805524836972
12.913937828615243
12.980864022017135
12.991947849351876
13.014886493709339
13.060576400753243
13.09741720893801
13.128085643678176
13.144176819273873
13.187996397015045
13.20750369656823
13.211348172505359
13.249969912128448
13.25737739218131
13.271119902647396
13.337923503477978
13.344316579507675
13.362005597608917
13.401337135256846
13.431968005763167
13.439819169437836
13.456173981621504
13.526082147885164
13.563085793411151
13.602444332736988
13.614809420036233
13.635555475965626
13.666859353274448
13.679033597306164
13.70874818002869
13.758088577152394
13.77694572594335
13.79407084653707
13.839034174205281
13.858960717752892
13.870036031060467
13.90113408505168
13.928021587568786
13.975963279985468
13.984712022310482
14.043175920576077
14.093008026149365
14.111867168048118
14.121189142179247
14.137183584917796
14.18018503194529
14.191286095849705
14.240126765612175
14.276503404271143
14.296064365843725
14.323744204508563
14.337655310765186
14.363201925843798
14.371814658522524
14.385306510934809
14.427090531068085
14.441059384103434
14.480815593769922
14.519469522350482
14.556543013413219
14.596689482441619
14.639923250377722
14.66392982976323
14.722485347730775
14.731604444365718
14.766581234850486
14.780135742487932
14.82893410716521
14.83617561290501
14.843737961756686
14.86677174204679
14.928712648385286
14.932148732913795
14.96591839980153
15.00713213203802
15.040733662887897
15.072591713603023
15.098590656016672
15.125387051495293
15.13544890613183
15.162678525166756
15.178534170438104
15.24553475725371
15.255796759292195
15.266058655663217
15.332182465918919
15.376528498583477
15.40832588898636
15.433082401139695
15.474116100403252
15.492677293324666
15.511752198721082
15.52762424305067
15.577607264997322
15.616374494987129
15.64865195130461
15.67420964259579
15.686997349048864
15.753885741208048
15.768201014278223
15.779551662784884
15.80273318244326
15.820346254424111
15.849406678570222
15.908473638074305
15.937364521893752
15.981845860454143
15.984804665549097
16.046128890730888
16.059487494795327
16.093832862292118
16.11519475199874
16.12909350499517
16.15656086319383
16.185226369684845
16.18892576616488
16.2457653988564
16.283817390746595
16.307004648508787
16.326206642618928
16.35418254578283
16.381584698019637
16.411445724930115
16.450972816920704
16.480157127160997
16.506268547940213
16.53374843269958
16.58775985551952
16.609381219058847
16.635689316263033
16.657197839390918
16.670001041637242
16.736779748015373
16.774699040172383
16.813726387073203
16.838133230277556
16.845937903222456
16.868823913336975
16.885574345206763
16.936691694940613
16.958492084571766
17.02762505185532
17.06265572256317
17.10488149792184
17.12320916693254
17.167608314100555
17.184482428353054
17.222010099875426
17.24633982215348
17.297290737034576
17.321002328469433
17.424456248549667
17.52571112166229
17.57709849919882
17.580166871266435
17.64841702354006
17.690987650816325
17.703747638483296
17.764015871401547
17.776509684346028
17.826118439959448
17.849884407818735
17.8723088303567
17.927830406180163
17.9622503911069
18.023419859969543
18.02566024324875
18.073182871921286
18.129808920584978
18.14803013286093
18.216758686391348
18.239365808567495
18.26908779201836
18.31836066024831
18.365959443478367
18.41127396322922
18.432957859608656
18.50597012640585
18.6212344193323
18.663722099132677
18.689578105477747
18.75321781501695
18.840154223746847
18.8493012210112
18.89183196127731
18.901655464572844
18.94116667893416
18.96840866667307
19.006561617270805
19.0543244477115
19.089890944530968
19.123955559584225
19.137587136908884
19.175394064209467
19.220726016506053
19.25546899523286
19.32411228691327
19.370377692406933
19.39549156671046
19.414283193037868
19.487921967927505
19.563268997462373
19.593253980971774
19.60374880516334
19.6703249491056
19.677020624068295
19.726413698884762
19.794782305375932
19.87466018583245
19.88692452268303
19.925955133916517
19.968725435587938
20.006518248097656
20.079314581342935
20.117236174964688
20.207944742996474
20.275062516425415
20.30789460073613
20.348201414164663
20.439014158978214
20.515372159734792
20.629072324456835
20.683371521079476
20.733715317533434
20.756058890552715
20.81834202873112
20.938616700266035
20.98781064187165
21.054335407817383
21.14549577575465
21.266329597019098
21.364932708908622
21.513109485737665
21.599940888531066
21.643824168182363
21.686941136719113
21.758612433160764
21.808088335362616
21.862958044132263
21.95756856877001
22.006005488046704
22.07106031783253
22.42929383966198
22.583238097345877
22.608198607893915
23.05103913921012
23.14415681911818
23.400510115056175
23.887863227443958
25.181197392326503
26.723513170020478
0.5966767663217627
0.6085941577509287
0.6778389533272795
0.764930567864993
0.8167553740261503
0.8655432894074959
0.9006689815167699
0.9969252974567958
1.052815951854252
3.4858162927734933
4.3494195799307676
4.493418601376254
5.167212334793129
5.310677342910356
5.396355314410618
5.563062436208777
5.657499347865337
5.6695705310521785
5.754301353731691
5.969225275344251
6.046509434077967
6.109255046053108
6.143173524556387
6.229909117232534
6.27022042650564
6.318321885052051
6.344052084809546
6.380698789601881
6.40831458747321
6.4634023321898955
6.5355666402356425
6.6179372614708
6.639420881577429
6.695739372028826
6.725526281767464
6.780687461536763
6.8289306049441425
6.893591366669784
6.910096321190237
6.926210168737429
6.9822351219420415
7.006000434980153
7.017242872306161
7.053667204534135
7.099261533041462
7.114320282938285
7.138182787946454
7.168410156840985
7.210586133901528
7.284342899500363
7.361293487845922
7.372173061154398
7.418105671976776
7.421024147242025
7.484844644630177
7.520260285111702
7.523853238056472
7.589489233414758
7.61256387718079
7.629762211312494
7.65379540823615
7.677790788159287
7.7310851876381586
7.760453466047706
7.796597921749221
7.81316364135071
7.8328468317670445
7.880681485780453
7.93165822375322
7.965487112092748
7.981672096030201
8.073888800437745
8.090679123574432
8.131631803404463
8.149561254965286
8.17091782280073
8.222325203792398
8.244052990526772
8.260072384254368
8.268420801160254
8.315537147180214
8.345647724480116
8.36698493639702
8.442671795775505
8.46398609859389
8.504469187829496
8.56649191209075
8.58229975352575
8.614721719046553
8.630093270415635
8.658638713522858
8.682299082828735
8.703136626754263
8.72852256202788
8.774755298350378
8.783521073673992
8.805912421710495
8.852064803737031
8.8989955371541
8.921420564969232
8.935088332467375
8.95113083436875
8.995554860700638
9.023264274426175
9.029849729182136
9.051812254309331
9.087718379107569
9.122886234018429
9.137468907891016
9.182297899630306
9.194502312548938
9.221066698199651
9.235733400285806
9.292029211348854
9.310013289026617
9.332258159737504
9.35117676411346
9.39135008241162
9.39803389261156
9.417202339673214
9.424141999651653
9.477353447187525
9.49750797873681
9.530332432044831
9.576065746756745
9.603151534546617
9.6241276422095
9.66760905060632
9.693793824090848
9.709038340378628
9.730385177137034
9.765052532335613
9.805375941268325
9.829524975823041
9.854896923161702
9.874917445835989
9.897434364687284
9.900467962539611
9.938399670274823
9.9592597689376
9.982315719462877
9.998272230682266
10.021346757831104
10.075964705645902
10.102565229984295
10.121135988341386
10.172794248039734
10.179364512987732
10.221463331540118
10.223886341496359
10.238115586634036
10.270650840111843
10.308416263420753
10.335290232086825
10.35032016494106
10.384423601643322
10.401521065463749
10.426702884129678
10.459301640065867
10.468758042106899
10.49490592905075
10.524021242444725
10.575017815889154
10.608759179838252
10.644846550623377
10.66131676918033
10.688695197030475
10.692347756502521
10.72614100866551
10.759193854554802
10.784791002271145
10.827838847301626
10.835207880749321
10.86030897903674
10.890323029322397
10.916663577710233
10.935684760392908
10.957796694298139
11.05993211231906
11.07564014641919
11.089105041116273
11.12548356924854
11.137936377249268
11.192288446227714
11.219532349975022
11.227437552663046
11.265737176407761
11.2736933163176
11.30068317860874
11.331153148051598
11.349196762489331
11.39067186227449
11.408668596347312
11.43995733459576
11.460651237947427
11.507855435026215
11.52890694727032
11.550743371989515
11.571121632937581
11.605913218379076
11.639508718545958
11.66205267101958
11.68033189348907
11.69502112570327
11.728239032197258
11.738087162151537
11.758381551134246
11.792139769408731
11.833508275396621
11.843700887467298
11.850200667156853
11.906432494921432
11.940536016993677
11.98100216273723
12.006003952565475
12.025395109491962
12.044378967905926
12.04592140364397
12.107026475798794
12.163519599458507
12.177153346995645
12.187132678102108
12.242420246328148
12.255180325535381
12.267958603767102
12.292964498419211
12.317189949576754
12.33839980529293
12.356133965107677
12.383327496473465
12.407934061663571
12.467259169070557
12.481460901026729
12.518546364276512
12.536583616544887
12.554798670748529
12.574466338514226
12.612902429966443
12.639842324227224
12.658392890305263
12.674612856704927
12.699565561693621
12.73667939450877
12.750938998150035
12.768223567525887
12.824139978917767
12.856261302410905
12.88309505640577
12.900805524836972
12.913937828615243
12.980864022017135
12.991947849351876
13.014886493709339
13.060576400753243
13.09741720893801
13.128085643678176
13.144176819273873
13.187996397015045
13.20750369656823
13.211348172505359
13.249969912128448
13.25737739218131
13.271119902647396
13.337923503477978
13.344316579507675
13.362005597608917
13.401337135256846
13.431968005763167
13.439819169437836
13.456173981621504
13.526082147885164
13.563085793411151
13.602444332736988
13.614809420036233
13.635555475965626
13.666859353274448
13.679033597306164
13.70874818002869
13.758088577152394
13.77694572594335
13.79407084653707
13.839034174205281
13.858960717752892
13.870036031060467
13.90113408505168
13.928021587568786
13.975963279985468
13.984712022310482
14.043175920576077
14.093008026149365
14.111867168048118
14.121189142179247
14.137183584917796
14.18018503194529
14.191286095849705
14.240126765612175
14.276503404271143
14.296064365843725
14.323744204508563
14.337655310765186
14.363201925843798
14.371814658522524
14.385306510934809
14.427090531068085
14.441059384103434
14.480815593769922
14.519469522350482
14.556543013413219
14.596689482441619
14.639923250377722
14.66392982976323
14.722485347730775
14.731604444365718
14.766581234850486
14.780135742487932
14.82893410716521
14.83617561290501
14.843737961756686
14.86677174204679
14.928712648385286
14.932148732913795
14.96591839980153
15.00713213203802
15.040733662887897
15.072591713603023
15.098590656016672
15.125387051495293
15.13544890613183
15.162678525166756
15.178534170438104
15.24553475725371
15.255796759292195
15.266058655663217
15.332182465918919
15.376528498583477
15.40832588898636
15.433082401139695
15.474116100403252
15.492677293324666
15.511752198721082
15.52762424305067
15.577607264997322
15.616374494987129
15.64865195130461
15.67420964259579
15.686997349048864
15.753885741208048
15.768201014278223
15.779551662784884
15.80273318244326
15.820346254424111
15.849406678570222
15.908473638074305
15.937364521893752
15.981845860454143
15.984804665549097
16.046128890730888
16.059487494795327
16.093832862292118
16.11519475199874
16.12909350499517
16.15656086319383
16.185226369684845
16.18892576616488
16.2457653988564
16.283817390746595
16.307004648508787
16.326206642618928
16.35418254578283
16.381584698019637
16.411445724930115
16.450972816920704
16.480157127160997
16.506268547940213
16.53374843269958
16.58775985551952
16.609381219058847
16.635689316263033
16.657197839390918
16.670001041637242
16.736779748015373
16.774699040172383
16.813726387073203
16.838133230277556
16.845937903222456
16.868823913336975
16.885574345206763
16.936691694940613
16.958492084571766
17.02762505185532
17.06265572256317
17.10488149792184
17.12320916693254
17.167608314100555
17.184482428353054
17.222010099875426
17.24633982215348
17.297290737034576
17.321002328469433
17.424456248549667
17.52571112166229
17.57709849919882
17.580166871266435
17.64841702354006
17.690987650816325
17.703747638483296
17.764015871401547
17.776509684346028
17.826118439959448
17.849884407818735
17.8723088303567
17.927830406180163
17.9622503911069
18.023419859969543
18.02566024324875
18.073182871921286
18.129808920584978
18.14803013286093
18.216758686391348
18.239365808567495
18.26908779201836
18.31836066024831
18.365959443478367
18.41127396322922
18.432957859608656
18.50597012640585
18.6212344193323
18.663722099132677
18.689578105477747
18.75321781501695
18.840154223746847
18.8493012210112
18.89183196127731
18.901655464572844
18.94116667893416
18.96840866667307
19.006561617270805
19.0543244477115
19.089890944530968
19.123955559584225
19.137587136908884
19.175394064209467
19.220726016506053
19.25546899523286
19.32411228691327
19.370377692406933
19.39549156671046
19.414283193037868
19.487921967927505
19.563268997462373
19.593253980971774
19.60374880516334
19.6703249491056
19.677020624068295
19.726413698884762
19.794782305375932
19.87466018583245
19.88692452268303
19.925955133916517
19.968725435587938
20.006518248097656
20.079314581342935
20.117236174964688
20.207944742996474
20.275062516425415
20.30789460073613
20.348201414164663
20.439014158978214
20.515372159734792
20.629072324456835
20.683371521079476
20.733715317533434
20.756058890552715
20.81834202873112
20.938616700266035
20.98781064187165
21.054335407817383
21.14549577575465
21.266329597019098
21.364932708908622
21.513109485737665
21.599940888531066
21.643824168182363
21.686941136719113
21.758612433160764
21.808088335362616
21.862958044132263
21.95756856877001
22.006005488046704
22.07106031783253
22.42929383966198
22.583238097345877
22.608198607893915
23.05103913921012
23.14415681911818
23.400510115056175
23.887863227443958
25.181197392326503
26.723513170020478
