0.7163153331810094
0.8872329016603907
0.9339704270367735
0.9719422615311322
1.1140395350486012
8.393354247123229
8.488059989411347
9.015320087770354
9.631851020932675
10.028437181183966
10.186634577068531
10.465749822453908
10.682224287259313
10.927289546857342
10.933798889755124
11.046774041557805
11.10507070714709
11.167934612565865
11.431333190962421
11.57325858981626
11.623902789187332
11.635395793248655
11.665007275249458
11.689764512448743
11.835392478641223
12.04294690741251
12.088885771721438
12.143189105569961
12.18740101475339
12.252904046562662
12.29356377879261
12.327527359018303
12.41786680425701
12.465987048570003
12.567406746997221
12.614770178272725
12.658438228363275
12.707512874893418
12.735393516918755
12.791133022276949
12.835554923938446
12.970964407960475
13.068575741106995
13.091865629773848
13.129890622969329
13.17697657790833
13.209186405911977
13.234939344713347
13.24408390386885
13.293818234514134
13.312045767271373
13.354313929875596
13.389778436109038
13.447782698276919
13.510006016605093
13.59800494985442
13.720723840777243
13.75379824726772
13.812275938431341
13.856045996660265
13.916766395577891
13.970919241476983
14.078189725750235
14.101255223665655
14.157144378974726
14.183558027485283
14.22894550856885
14.267523646628373
14.318101615787457
14.369543583397045
14.41416330695541
14.475264454079063
14.506783982122782
14.56815698474554
14.602908420528895
14.635094602685458
14.69770992636526
14.720335046851117
14.751207161677664
14.805235210233356
14.817383594446575
14.873727927637631
14.894696253996726
14.956662452521652
15.005710718688134
15.097564965561489
15.117002864592619
15.153717020814847
15.172195205305044
15.2143330365085
15.262110686076428
15.270411126899706
15.316067516609518
15.35269960753437
15.400650742346555
15.41461689469061
15.450113824174515
15.476771746785083
15.502124149525995
15.57686957220444
15.593268210999975
15.604636216480783
15.62968053543684
15.691372152716326
15.736440223771325
15.78636189237341
15.807236714527589
15.849702440134626
15.874793743824702
15.881774904153923
15.903480625280727
15.963357200211052
16.058649757124982
16.12889473837038
16.136827798218587
16.190936938495465
16.244645894884865
16.257691534486902
16.295514535706957
16.311620806698272
16.361768132921984
16.40917987999202
16.423276625683368
16.49527638963816
16.50674690188815
16.5584284031756
16.63804895681554
16.66867342370328
16.708885397024495
16.726558198010586
16.750821574404412
16.77319779701277
16.839320686072384
16.88469439317253
16.95432784888474
16.967484980778075
17.012369219582517
17.06426188189968
17.094763460260445
17.106231682283223
17.144480135294256
17.17344500882092
17.195504195662842
17.224560324332693
17.260790989661373
17.279480645491574
17.320609962018754
17.34481652523304
17.386906758622956
17.405479055137604
17.450695855034198
17.51129757637601
17.534981521998787
17.581745226498168
17.639372098134753
17.679596660192086
17.694650346357616
17.711507882041573
17.817020621475088
17.837028339206615
17.922732128025483
17.952241825405437
17.973920181729618
17.977982581865955
18.0050337887583
18.057442705973365
18.085517103092506
18.147523884693577
18.168269263119434
18.210546531353252
18.22650727036908
18.239569854651076
18.30792058833847
18.35457920420975
18.369549952787725
18.438170684900413
18.465619056339502
18.469664006669717
18.517736885333278
18.529324578052695
18.54973013336568
18.570743920219627
18.593545815777237
18.636639001694085
18.675299258160894
18.692376104334244
18.7485278967513
18.760159445905273
18.797459935872947
18.85197697040024
18.880455482068694
18.927587034869468
18.971089907756753
18.987470619247222
19.00142904678179
19.07994803143834
19.084809002146585
19.12855755138675
19.140614003370036
19.17695347292108
19.206539967029084
19.23099290313903
19.28395104639865
19.315448729012864
19.36676908306569
19.385386912739776
19.413983558795312
19.442752048928046
19.483237054204338
19.521865181359757
19.538417590831255
19.554657311576282
19.604924678083812
19.644066454968222
19.68280677633376
19.737232831759087
19.75719623759555
19.797178272073907
19.810766126039663
19.896330772040127
19.913574605333466
19.930314482231022
19.95995689319238
19.987394413534663
19.99617826200731
20.020179752566737
20.08646850453802
20.09915088810377
20.12601926748794
20.167278088145988
20.196275101831507
20.213140641708712
20.245981911269425
20.27991173966609
20.3033342426005
20.32292217361866
20.39584211523827
20.4142130588262
20.489722452160162
20.50288490399195
20.53058505181301
20.554802258501667
20.593455210007978
20.601093923796906
20.634918256523378
20.675973794821445
20.688125847600443
20.740084780405866
20.755932087064362
20.805615026275056
20.823117812179223
20.8481457252575
20.884023425151657
20.894205751739037
20.939468907968344
20.961904521860347
21.031454218145075
21.071149859623596
21.11455794972663
21.150603211862453
21.16768771690827
21.238633773832063
21.25330153356948
21.270302179311077
21.344372111549998
21.406897072933976
21.450407684906704
21.47759437962669
21.53064808813744
21.544574647468096
21.58109983819608
21.603677070716376
21.663968429953222
21.71406946036251
21.75755273421767
21.804908239979998
21.835422963904286
21.85723176213496
21.898165299159096
21.933084627060328
21.965196042621102
22.040444627700126
22.047339543644494
22.06897916934817
22.12334998132685
22.160653471095863
22.1778313228598
22.200566845312327
22.27040062296745
22.289022494713805
22.340423501523468
22.42172612622259
22.42815200812213
22.457627285641777
22.51337496264207
22.541884988659728
22.56827141982963
22.60490450704056
22.644371494214145
22.674667564840597
22.691956617192005
22.727874345715765
22.784859993327025
22.804556210857438
22.81376224371997
22.832410528413863
22.858088853353042
22.932328157068312
23.00865814892031
23.035035457303707
23.085416663206495
23.1260133394438
23.141508511217594
23.166599183616082
23.230403783972214
23.253161834339753
23.295851267786816
23.306098509595465
23.339762050887998
23.381091263898398
23.442134699130477
23.45939472120293
23.503898459122333
23.562169552814755
23.58142722189629
23.640312254574795
23.68603611866054
23.709392194445844
23.72625600614714
23.81697907360011
23.829936695721685
23.847985205887014
23.89164248591216
23.921042179301626
23.962557275625603
24.026453123711413
24.03649311001554
24.077414557433197
24.156150176905385
24.201878461368892
24.219288966419562
24.258128606592013
24.303118621668734
24.313566301599558
24.343738168338515
24.38651167370012
24.44148526065601
24.45891974805425
24.518854921646994
24.539517223921006
24.553037417221894
24.589851411010624
24.660329529118304
24.689476536540138
24.707776368123238
24.761174003025012
24.77268877857915
24.82440770680627
24.856265961675298
24.917444496822817
24.952361186790405
24.980343068841105
25.033607034501166
25.12523392143183
25.151384428774108
25.19155118680031
25.235971191693665
25.262821989972352
25.329829490722858
25.41106494266953
25.445919395493462
25.458886138615345
25.486344647210018
25.53619022621637
25.56100610873842
25.651220982873706
25.683843048749583
25.700258098040923
25.71555502675963
25.760402145129365
25.835284357382765
25.85281876946727
25.8779091795566
25.950263655811554
25.977616083405447
26.039271033268765
26.081242875924488
26.127330853312632
26.184649951343797
26.23135884964119
26.251339458261228
26.30623723217023
26.362475187793546
26.41730763476562
26.54011175300741
26.55893113400698
26.609742179703282
26.67927974210747
26.709489687143595
26.730768763755673
26.787895526268883
26.83463320857523
26.883799913426166
26.91897107011599
26.974203569725933
27.005104558103326
27.02408311245438
27.04543347691021
27.099534232591584
27.1659772323656
27.20152248309214
27.239467604597042
27.26662581394499
27.284818863772777
27.402254488476483
27.4378118051031
27.48508377310037
27.5351363144516
27.578517191851184
27.627504315740598
27.698113235823314
27.755416725590216
27.83667809909579
27.89740072360967
27.918180240388164
27.988117739747835
27.99918725428867
28.059727191650694
28.086540845731694
28.127724093371942
28.18268443199101
28.209155252030495
28.255401243500568
28.286152896500134
28.373747346488944
28.46135229822686
28.468096340564795
28.49954346509219
28.54135333288444
28.611923404043782
28.673423024209473
28.736355057277994
28.810398007763226
28.839793915792672
28.914933760706287
28.935301657731085
29.01510595631999
29.035533661656277
29.11765093453234
29.18884030128216
29.320640000891334
29.363667913350117
29.447531092335282
29.46864733520688
29.5702339694122
29.64022511353431
29.699204945100412
29.73252789851298
29.79207998309661
29.841934815605335
29.893534667094272
29.90342608374639
29.969011967166374
30.039518923267394
30.073130918530445
30.137980845737523
30.16704284630475
30.22298710378214
30.37392963264774
30.495791206930342
30.536321549808115
30.607307688272265
30.734154450123736
30.89343274186339
30.95385008701368
31.06745618879586
31.303585768119657
31.333884719903732
31.42028125911358
31.549145401970183
31.63859737112016
31.702040440269
31.780779617763702
31.859061978912365
32.03796827170561
32.15448387507028
32.26663806719853
32.39996554750581
32.434356420956945
32.66193656758537
32.88574774668765
33.28236991152916
33.35388601533676
33.53709039775097
33.91745910529932
34.58940057101124
35.36732838984575
35.830564198465325
36.61035466431545
0.7163153331810094
0.8872329016603907
0.9339704270367735
0.9719422615311322
1.1140395350486012
8.393354247123229
8.488059989411347
9.015320087770354
9.631851020932675
10.028437181183966
10.186634577068531
10.465749822453908
10.682224287259313
10.927289546857342
10.933798889755124
11.046774041557805
11.10507070714709
11.167934612565865
11.431333190962421
11.57325858981626
11.623902789187332
11.635395793248655
11.665007275249458
11.689764512448743
11.835392478641223
12.04294690741251
12.088885771721438
12.143189105569961
12.18740101475339
12.252904046562662
12.29356377879261
12.327527359018303
12.41786680425701
12.465987048570003
12.567406746997221
12.614770178272725
12.658438228363275
12.707512874893418
12.735393516918755
12.791133022276949
12.835554923938446
12.970964407960475
13.068575741106995
13.091865629773848
13.129890622969329
13.17697657790833
13.209186405911977
13.234939344713347
13.24408390386885
13.293818234514134
13.312045767271373
13.354313929875596
13.389778436109038
13.447782698276919
13.510006016605093
13.59800494985442
13.720723840777243
13.75379824726772
13.812275938431341
13.856045996660265
13.916766395577891
13.970919241476983
14.078189725750235
14.101255223665655
14.157144378974726
14.183558027485283
14.22894550856885
14.267523646628373
14.318101615787457
14.369543583397045
14.41416330695541
14.475264454079063
14.506783982122782
14.56815698474554
14.602908420528895
14.635094602685458
14.69770992636526
14.720335046851117
14.751207161677664
14.805235210233356
14.817383594446575
14.873727927637631
14.894696253996726
14.956662452521652
15.005710718688134
15.097564965561489
15.117002864592619
15.153717020814847
15.172195205305044
15.2143330365085
15.262110686076428
15.270411126899706
15.316067516609518
15.35269960753437
15.400650742346555
15.41461689469061
15.450113824174515
15.476771746785083
15.502124149525995
15.57686957220444
15.593268210999975
15.604636216480783
15.62968053543684
15.691372152716326
15.736440223771325
15.78636189237341
15.807236714527589
15.849702440134626
15.874793743824702
15.881774904153923
15.903480625280727
15.963357200211052
16.058649757124982
16.12889473837038
16.136827798218587
16.190936938495465
16.244645894884865
16.257691534486902
16.295514535706957
16.311620806698272
16.361768132921984
16.40917987999202
16.423276625683368
16.49527638963816
16.50674690188815
16.5584284031756
16.63804895681554
16.66867342370328
16.708885397024495
16.726558198010586
16.750821574404412
16.77319779701277
16.839320686072384
16.88469439317253
16.95432784888474
16.967484980778075
17.012369219582517
17.06426188189968
17.094763460260445
17.106231682283223
17.144480135294256
17.17344500882092
17.195504195662842
17.224560324332693
17.260790989661373
17.279480645491574
17.320609962018754
17.34481652523304
17.386906758622956
17.405479055137604
17.450695855034198
17.51129757637601
17.534981521998787
17.581745226498168
17.639372098134753
17.679596660192086
17.694650346357616
17.711507882041573
17.817020621475088
17.837028339206615
17.922732128025483
17.952241825405437
17.973920181729618
17.977982581865955
18.0050337887583
18.057442705973365
18.085517103092506
18.147523884693577
18.168269263119434
18.210546531353252
18.22650727036908
18.239569854651076
18.30792058833847
18.35457920420975
18.369549952787725
18.438170684900413
18.465619056339502
18.469664006669717
18.517736885333278
18.529324578052695
18.54973013336568
18.570743920219627
18.593545815777237
18.636639001694085
18.675299258160894
18.692376104334244
18.7485278967513
18.760159445905273
18.797459935872947
18.85197697040024
18.880455482068694
18.927587034869468
18.971089907756753
18.987470619247222
19.00142904678179
19.07994803143834
19.084809002146585
19.12855755138675
19.140614003370036
19.17695347292108
19.206539967029084
19.23099290313903
19.28395104639865
19.315448729012864
19.36676908306569
19.385386912739776
19.413983558795312
19.442752048928046
19.483237054204338
19.521865181359757
19.538417590831255
19.554657311576282
19.604924678083812
19.644066454968222
19.68280677633376
19.737232831759087
19.75719623759555
19.797178272073907
19.810766126039663
19.896330772040127
19.913574605333466
19.930314482231022
19.95995689319238
19.987394413534663
19.99617826200731
20.020179752566737
20.08646850453802
20.09915088810377
20.12601926748794
20.167278088145988
20.196275101831507
20.213140641708712
20.245981911269425
20.27991173966609
20.3033342426005
20.32292217361866
20.39584211523827
20.4142130588262
20.489722452160162
20.50288490399195
20.53058505181301
20.554802258501667
20.593455210007978
20.601093923796906
20.634918256523378
20.675973794821445
20.688125847600443
20.740084780405866
20.755932087064362
20.805615026275056
20.823117812179223
20.8481457252575
20.884023425151657
20.894205751739037
20.939468907968344
20.961904521860347
21.031454218145075
21.071149859623596
21.11455794972663
21.150603211862453
21.16768771690827
21.238633773832063
21.25330153356948
21.270302179311077
21.344372111549998
21.406897072933976
21.450407684906704
21.47759437962669
21.53064808813744
21.544574647468096
21.58109983819608
21.603677070716376
21.663968429953222
21.71406946036251
21.75755273421767
21.804908239979998
21.835422963904286
21.85723176213496
21.898165299159096
21.933084627060328
21.965196042621102
22.040444627700126
22.047339543644494
22.06897916934817
22.12334998132685
22.160653471095863
22.1778313228598
22.200566845312327
22.27040062296745
22.289022494713805
22.340423501523468
22.42172612622259
22.42815200812213
22.457627285641777
22.51337496264207
22.541884988659728
22.56827141982963
22.60490450704056
22.644371494214145
22.674667564840597
22.691956617192005
22.727874345715765
22.784859993327025
22.804556210857438
22.81376224371997
22.832410528413863
22.858088853353042
22.932328157068312
23.00865814892031
23.035035457303707
23.085416663206495
23.1260133394438
23.141508511217594
23.166599183616082
23.230403783972214
23.253161834339753
23.295851267786816
23.306098509595465
23.339762050887998
23.381091263898398
23.442134699130477
23.45939472120293
23.503898459122333
23.562169552814755
23.58142722189629
23.640312254574795
23.68603611866054
23.709392194445844
23.72625600614714
23.81697907360011
23.829936695721685
23.847985205887014
23.89164248591216
23.921042179301626
23.962557275625603
24.026453123711413
24.03649311001554
24.077414557433197
24.156150176905385
24.201878461368892
24.219288966419562
24.258128606592013
24.303118621668734
24.313566301599558
24.343738168338515
24.38651167370012
24.44148526065601
24.45891974805425
24.518854921646994
24.539517223921006
24.553037417221894
24.589851411010624
24.660329529118304
24.689476536540138
24.707776368123238
24.761174003025012
24.77268877857915
24.82440770680627
24.856265961675298
24.917444496822817
24.952361186790405
24.980343068841105
25.033607034501166
25.12523392143183
25.151384428774108
25.19155118680031
25.235971191693665
25.262821989972352
25.329829490722858
25.41106494266953
25.445919395493462
25.458886138615345
25.486344647210018
25.53619022621637
25.56100610873842
25.651220982873706
25.683843048749583
25.700258098040923
25.71555502675963
25.760402145129365
25.835284357382765
25.85281876946727
25.8779091795566
25.950263655811554
25.977616083405447
26.039271033268765
26.081242875924488
26.127330853312632
26.184649951343797
26.23135884964119
26.251339458261228
26.30623723217023
26.362475187793546
26.41730763476562
26.54011175300741
26.55893113400698
26.609742179703282
26.67927974210747
26.709489687143595
26.730768763755673
26.787895526268883
26.83463320857523
26.883799913426166
26.91897107011599
26.974203569725933
27.005104558103326
27.02408311245438
27.04543347691021
27.099534232591584
27.1659772323656
27.20152248309214
27.239467604597042
27.26662581394499
27.284818863772777
27.402254488476483
27.4378118051031
27.48508377310037
27.5351363144516
27.578517191851184
27.627504315740598
27.698113235823314
27.755416725590216
27.83667809909579
27.89740072360967
27.918180240388164
27.988117739747835
27.99918725428867
28.059727191650694
28.086540845731694
28.127724093371942
28.18268443199101
28.209155252030495
28.255401243500568
28.286152896500134
28.373747346488944
28.46135229822686
28.468096340564795
28.49954346509219
28.54135333288444
28.611923404043782
28.673423024209473
28.736355057277994
28.810398007763226
28.839793915792672
28.914933760706287
28.935301657731085
29.01510595631999
29.035533661656277
29.11765093453234
29.18884030128216
29.320640000891334
29.363667913350117
29.447531092335282
29.46864733520688
29.5702339694122
29.64022511353431
29.699204945100412
29.73252789851298
29.79207998309661
29.841934815605335
29.893534667094272
29.90342608374639
29.969011967166374
30.039518923267394
30.073130918530445
30.137980845737523
30.16704284630475
30.22298710378214
30.37392963264774
30.495791206930342
30.536321549808115
30.607307688272265
30.734154450123736
30.89343274186339
30.95385008701368
31.06745618879586
31.303585768119657
31.333884719903732
31.42028125911358
31.549145401970183
31.63859737112016
31.702040440269
31.780779617763702
31.859061978912365
32.03796827170561
32.15448387507028
32.26663806719853
32.39996554750581
32.434356420956945
32.66193656758537
32.88574774668765
33.28236991152916
33.35388601533676
33.53709039775097
33.91745910529932
34.58940057101124
35.36732838984575
35.830564198465325
36.61035466431545
