0.7425680850171517
0.8273954102566361
0.8795268549771131
1.0262023936269162
1.043445092722019
7.524357829111348
9.325719897591748
10.098622538410856
10.492450029678126
10.681255545875485
10.711697110221111
10.89621261840376
11.023962801486963
11.112314583703416
11.20137669185428
11.396808554288363
11.594220034565097
11.650919859829886
11.896120077062989
12.067626089145788
12.239253844620185
12.299257918032943
12.337610873948819
12.430505921810017
12.531075895408872
12.754496916482447
12.780929705181958
12.875330079204932
12.889919590290068
13.028540821593582
13.054494673771948
13.213035745055024
13.270963403719643
13.313101856590839
13.340433500820815
13.379857049607846
13.441330967660704
13.48761558269664
13.53779886917826
13.583300849160853
13.620298822677551
13.65634263830392
13.71151394361335
13.791985661095737
13.876658390010201
13.92840706029503
13.950726598111
13.98037764267482
14.046488156012476
14.070826351013107
14.105581385170824
14.192522951160699
14.201356910986885
14.254636727463442
14.370298200148348
14.419108538554767
14.45504761299692
14.530348223401445
14.558076341121557
14.617087307009495
14.657675486218166
14.698763110620348
14.716695521406535
14.778918174745838
14.800552323097815
14.84625134474286
14.939023325511032
14.972956723776079
15.045919333784783
15.073483083935152
15.141379230696097
15.157311523959091
15.223041083698517
15.253653463606165
15.332832650655396
15.351876647407334
15.365511808343914
15.398650678911043
15.431276304148557
15.486797415575792
15.530714134134056
15.569759199536083
15.601501956094953
15.629602198398901
15.652859883105412
15.710274243113842
15.725558434717984
15.800036202710704
15.861155358579376
15.881854600436213
15.95026355101625
15.962871874253256
16.05146557388164
16.07589349596303
16.096087717719847
16.138106063842162
16.24049675863478
16.256276079024545
16.292364684113725
16.345614227544555
16.37935207319454
16.407986027991203
16.46805693981115
16.552272959015628
16.555336067164824
16.60638325630419
16.621994159652868
16.659977482306907
16.68714433387023
16.721952682192878
16.744041956435673
16.75973273128944
16.777879134717455
16.825111172143544
16.863053314006173
16.957911487502866
16.967090148805898
16.997949767521956
17.008456867177518
17.0622149956212
17.101910986107406
17.14140053488077
17.155537116933896
17.20702367334295
17.259961157727627
17.301585897426456
17.33896257896916
17.36557477350001
17.38810807168599
17.468216787593352
17.50132974082247
17.51466216218408
17.55527712789302
17.56585450790819
17.600853054641053
17.65777389641651
17.690689856666364
17.715270200519235
17.742221563984597
17.754809677032807
17.836496892688576
17.852443877944676
17.892490487934175
17.935219094032206
17.947224324940287
17.97439465378226
18.006775115056783
18.01804803630145
18.06130185368365
18.120085872124335
18.138112097316462
18.190854020416232
18.194402081378808
18.24682663752176
18.307633907500026
18.327284399975884
18.352870855785564
18.3678280495569
18.4343328929187
18.44089779421028
18.507514051384852
18.5468986466691
18.564718584395724
18.594295697606
18.623521033913146
18.65240269503707
18.71421697377303
18.723920567268
18.772251110627646
18.819964283640385
18.83102256773216
18.87890935901556
18.890113836207885
18.907630835567737
18.953499775648503
18.977325358668114
19.000348670231705
19.03293258288853
19.082207114027838
19.16643222874699
19.175255723085968
19.275603194532206
19.307663285317577
19.319598742208033
19.341348571879223
19.379433647974505
19.410418535554868
19.44379434774882
19.48172663202118
19.498512761525788
19.51476444153141
19.550987939748083
19.615338588206516
19.630498409646904
19.642927570748476
19.748879693277818
19.78163033029611
19.80870748227214
19.821556726835922
19.87727873689084
19.918822308073402
19.965802478236377
19.98809486369302
20.008687699548716
20.071806363523866
20.088783835628405
20.106772951036334
20.16268210546714
20.166200864053597
20.206019847740098
20.2510192852975
20.279731662380318
20.321554348032098
20.349924406400117
20.405250101035353
20.434384447028773
20.468158119557927
20.488107841957643
20.53486293775415
20.574233593751185
20.58300274038448
20.598816606066006
20.675266894095653
20.704151159558705
20.760340485836423
20.772904434201735
20.823130913365674
20.839741231268672
20.86331569903539
20.91515642781132
20.96564026859898
21.037441349070672
21.062309638967374
21.081448122167874
21.122365417859925
21.130891337383243
21.161793255831007
21.18659077302072
21.195334966097036
21.230923748453726
21.279303112284197
21.328460962687004
21.334833580088354
21.35629962568806
21.397989574587083
21.417801181569754
21.478559075711726
21.514357245273267
21.566768371713408
21.590215385460855
21.650624761602955
21.673575440866344
21.687942654240764
21.733493484510326
21.75742042753334
21.835194599158452
21.8618842721861
21.869733761893073
21.898209312679175
21.94221324562369
22.037962810633616
22.04062859792694
22.059207821177225
22.0698542754091
22.104372705386435
22.1854061192768
22.19695921129288
22.26606112531824
22.288370599990216
22.35209120011577
22.35469328454893
22.369289745273388
22.406711964697887
22.41961657549117
22.490774120448656
22.539814224601777
22.56716852808576
22.605121997423037
22.646679285671592
22.682929176998638
22.69785793303273
22.72482457649142
22.778246898472382
22.813197784868283
22.84709762414436
22.87422380168286
22.886888497675834
22.90265453746157
22.93835464533286
23.02442578672277
23.04501969353022
23.072004410280798
23.099269302756028
23.166761672566295
23.180095435083455
23.217375185434317
23.24815746288455
23.290171700730472
23.30860057982625
23.337193424345624
23.357569029420667
23.370850770728108
23.429587312525342
23.467371598742435
23.511444338943804
23.53748251389843
23.556014780228406
23.618137819759507
23.657452202729026
23.66985647280765
23.717718830360873
23.740821903263463
23.763471272139466
23.793937414697023
23.834434793210978
23.87512074679971
23.902017959149035
23.965047144900737
24.007650651405346
24.009400992547672
24.05595792375991
24.083453936255523
24.134348991677292
24.150400498709377
24.16356449094874
24.20550598464788
24.269617406575982
24.298385903522693
24.334908884430845
24.349233446236102
24.372369788167457
24.403174117574903
24.455982556908744
24.485404626980806
24.502372953754573
24.553057677871355
24.562331613138646
24.57746499046139
24.647667042080524
24.671424553766162
24.734525639279212
24.76487557906458
24.79443496566559
24.821494018261287
24.880840583477944
24.89923267792618
24.91299663372163
24.94979346418524
24.964948287135083
24.979616235966564
24.981040708887672
25.10972013604571
25.141464698036113
25.15470029788731
25.222860506369436
25.248267767676836
25.300695412159033
25.3571231594644
25.399317170735063
25.41995561599014
25.466645866275567
25.488462930498972
25.54774491253364
25.576802309248354
25.588963260244174
25.59971743142182
25.671268934251174
25.69894482304798
25.742324576066526
25.75868600669757
25.825167842198557
25.835005614803453
25.86240588412928
25.936332011972127
26.015903048357504
26.050442959223396
26.081088978975867
26.11938864444898
26.223913665275262
26.23779025946481
26.26078283177203
26.28930401495796
26.403023613146328
26.416612860532176
26.4731548074178
26.482750364725277
26.50070914874193
26.55324056232992
26.59494612640435
26.64198613495633
26.685447226258272
26.720680182288852
26.736765931835443
26.78457774550492
26.80405833541634
26.867760081988724
26.918575187615392
26.9636739094449
27.01359295797694
27.08767774081426
27.106594653862786
27.151219868485004
27.221777786561006
27.240778034871784
27.267978233498386
27.369161007415187
27.449346922864887
27.48615117043865
27.540518286795898
27.624237444455286
27.630329450956367
27.662160905946674
27.722466183916683
27.748479874227854
27.78419937808655
27.836313514193524
27.848753154675066
27.91444245520024
27.995703035827034
28.048514567030495
28.08913108630841
28.17019535394
28.242523760224593
28.265327103504493
28.333136720880223
28.34769037251464
28.392121326358467
28.430611094257024
28.49666680079135
28.54704005905745
28.584642460882712
28.641337258941356
28.71048540247161
28.765106858396596
28.812710707169312
28.860843434446892
28.92233749624671
28.96762903372486
29.040668446735317
29.07840831016692
29.12385725751324
29.15130232333315
29.16771000520244
29.23211109201496
29.27639926137058
29.330718616523615
29.392332724025174
29.47795450787398
29.522132747140816
29.6037657832682
29.61767985296259
29.746079303191017
29.76803942085832
29.89640970632898
29.959066888495574
29.973216508362462
30.07501836731568
30.10834777824222
30.197209542442234
30.241485423556604
30.319737586745447
30.37761694655858
30.420024155317314
30.48459303814183
30.585345861781448
30.6245714314828
30.71999393875673
30.819823328756485
30.880137107260374
30.933722053951303
31.01007102060563
31.077834201061954
31.111939740779523
31.174109213148668
31.22821764229292
31.326682775273447
31.401887168135506
31.519003541227043
31.708599695667917
31.760998929450956
31.885035684520233
31.948467303985783
32.05135413377398
32.11395537621837
32.182820441513435
32.237560857675646
32.26037913272951
32.4465191630891
32.67333465135607
32.822716236651175
32.854933347624005
33.024071249984935
33.200968706768485
34.08017191082086
34.42998103558473
34.70526858932941
36.102713262941855
36.30304824174595
37.01732972776596
0.7425680850171517
0.8273954102566361
0.8795268549771131
1.0262023936269162
1.043445092722019
7.524357829111348
9.325719897591748
10.098622538410856
10.492450029678126
10.681255545875485
10.711697110221111
10.89621261840376
11.023962801486963
11.112314583703416
11.20137669185428
11.396808554288363
11.594220034565097
11.650919859829886
11.896120077062989
12.067626089145788
12.239253844620185
12.299257918032943
12.337610873948819
12.430505921810017
12.531075895408872
12.754496916482447
12.780929705181958
12.875330079204932
12.889919590290068
13.028540821593582
13.054494673771948
13.213035745055024
13.270963403719643
13.313101856590839
13.340433500820815
13.379857049607846
13.441330967660704
13.48761558269664
13.53779886917826
13.583300849160853
13.620298822677551
13.65634263830392
13.71151394361335
13.791985661095737
13.876658390010201
13.92840706029503
13.950726598111
13.98037764267482
14.046488156012476
14.070826351013107
14.105581385170824
14.192522951160699
14.201356910986885
14.254636727463442
14.370298200148348
14.419108538554767
14.45504761299692
14.530348223401445
14.558076341121557
14.617087307009495
14.657675486218166
14.698763110620348
14.716695521406535
14.778918174745838
14.800552323097815
14.84625134474286
14.939023325511032
14.972956723776079
15.045919333784783
15.073483083935152
15.141379230696097
15.157311523959091
15.223041083698517
15.253653463606165
15.332832650655396
15.351876647407334
15.365511808343914
15.398650678911043
15.431276304148557
15.486797415575792
15.530714134134056
15.569759199536083
15.601501956094953
15.629602198398901
15.652859883105412
15.710274243113842
15.725558434717984
15.800036202710704
15.861155358579376
15.881854600436213
15.95026355101625
15.962871874253256
16.05146557388164
16.07589349596303
16.096087717719847
16.138106063842162
16.24049675863478
16.256276079024545
16.292364684113725
16.345614227544555
16.37935207319454
16.407986027991203
16.46805693981115
16.552272959015628
16.555336067164824
16.60638325630419
16.621994159652868
16.659977482306907
16.68714433387023
16.721952682192878
16.744041956435673
16.75973273128944
16.777879134717455
16.825111172143544
16.863053314006173
16.957911487502866
16.967090148805898
16.997949767521956
17.008456867177518
17.0622149956212
17.101910986107406
17.14140053488077
17.155537116933896
17.20702367334295
17.259961157727627
17.301585897426456
17.33896257896916
17.36557477350001
17.38810807168599
17.468216787593352
17.50132974082247
17.51466216218408
17.55527712789302
17.56585450790819
17.600853054641053
17.65777389641651
17.690689856666364
17.715270200519235
17.742221563984597
17.754809677032807
17.836496892688576
17.852443877944676
17.892490487934175
17.935219094032206
17.947224324940287
17.97439465378226
18.006775115056783
18.01804803630145
18.06130185368365
18.120085872124335
18.138112097316462
18.190854020416232
18.194402081378808
18.24682663752176
18.307633907500026
18.327284399975884
18.352870855785564
18.3678280495569
18.4343328929187
18.44089779421028
18.507514051384852
18.5468986466691
18.564718584395724
18.594295697606
18.623521033913146
18.65240269503707
18.71421697377303
18.723920567268
18.772251110627646
18.819964283640385
18.83102256773216
18.87890935901556
18.890113836207885
18.907630835567737
18.953499775648503
18.977325358668114
19.000348670231705
19.03293258288853
19.082207114027838
19.16643222874699
19.175255723085968
19.275603194532206
19.307663285317577
19.319598742208033
19.341348571879223
19.379433647974505
19.410418535554868
19.44379434774882
19.48172663202118
19.498512761525788
19.51476444153141
19.550987939748083
19.615338588206516
19.630498409646904
19.642927570748476
19.748879693277818
19.78163033029611
19.80870748227214
19.821556726835922
19.87727873689084
19.918822308073402
19.965802478236377
19.98809486369302
20.008687699548716
20.071806363523866
20.088783835628405
20.106772951036334
20.16268210546714
20.166200864053597
20.206019847740098
20.2510192852975
20.279731662380318
20.321554348032098
20.349924406400117
20.405250101035353
20.434384447028773
20.468158119557927
20.488107841957643
20.53486293775415
20.574233593751185
20.58300274038448
20.598816606066006
20.675266894095653
20.704151159558705
20.760340485836423
20.772904434201735
20.823130913365674
20.839741231268672
20.86331569903539
20.91515642781132
20.96564026859898
21.037441349070672
21.062309638967374
21.081448122167874
21.122365417859925
21.130891337383243
21.161793255831007
21.18659077302072
21.195334966097036
21.230923748453726
21.279303112284197
21.328460962687004
21.334833580088354
21.35629962568806
21.397989574587083
21.417801181569754
21.478559075711726
21.514357245273267
21.566768371713408
21.590215385460855
21.650624761602955
21.673575440866344
21.687942654240764
21.733493484510326
21.75742042753334
21.835194599158452
21.8618842721861
21.869733761893073
21.898209312679175
21.94221324562369
22.037962810633616
22.04062859792694
22.059207821177225
22.0698542754091
22.104372705386435
22.1854061192768
22.19695921129288
22.26606112531824
22.288370599990216
22.35209120011577
22.35469328454893
22.369289745273388
22.406711964697887
22.41961657549117
22.490774120448656
22.539814224601777
22.56716852808576
22.605121997423037
22.646679285671592
22.682929176998638
22.69785793303273
22.72482457649142
22.778246898472382
22.813197784868283
22.84709762414436
22.87422380168286
22.886888497675834
22.90265453746157
22.93835464533286
23.02442578672277
23.04501969353022
23.072004410280798
23.099269302756028
23.166761672566295
23.180095435083455
23.217375185434317
23.24815746288455
23.290171700730472
23.30860057982625
23.337193424345624
23.357569029420667
23.370850770728108
23.429587312525342
23.467371598742435
23.511444338943804
23.53748251389843
23.556014780228406
23.618137819759507
23.657452202729026
23.66985647280765
23.717718830360873
23.740821903263463
23.763471272139466
23.793937414697023
23.834434793210978
23.87512074679971
23.902017959149035
23.965047144900737
24.007650651405346
24.009400992547672
24.05595792375991
24.083453936255523
24.134348991677292
24.150400498709377
24.16356449094874
24.20550598464788
24.269617406575982
24.298385903522693
24.334908884430845
24.349233446236102
24.372369788167457
24.403174117574903
24.455982556908744
24.485404626980806
24.502372953754573
24.553057677871355
24.562331613138646
24.57746499046139
24.647667042080524
24.671424553766162
24.734525639279212
24.76487557906458
24.79443496566559
24.821494018261287
24.880840583477944
24.89923267792618
24.91299663372163
24.94979346418524
24.964948287135083
24.979616235966564
24.981040708887672
25.10972013604571
25.141464698036113
25.15470029788731
25.222860506369436
25.248267767676836
25.300695412159033
25.3571231594644
25.399317170735063
25.41995561599014
25.466645866275567
25.488462930498972
25.54774491253364
25.576802309248354
25.588963260244174
25.59971743142182
25.671268934251174
25.69894482304798
25.742324576066526
25.75868600669757
25.825167842198557
25.835005614803453
25.86240588412928
25.936332011972127
26.015903048357504
26.050442959223396
26.081088978975867
26.11938864444898
26.223913665275262
26.23779025946481
26.26078283177203
26.28930401495796
26.403023613146328
26.416612860532176
26.4731548074178
26.482750364725277
26.50070914874193
26.55324056232992
26.59494612640435
26.64198613495633
26.685447226258272
26.720680182288852
26.736765931835443
26.78457774550492
26.80405833541634
26.867760081988724
26.918575187615392
26.9636739094449
27.01359295797694
27.08767774081426
27.106594653862786
27.151219868485004
27.221777786561006
27.240778034871784
27.267978233498386
27.369161007415187
27.449346922864887
27.48615117043865
27.540518286795898
27.624237444455286
27.630329450956367
27.662160905946674
27.722466183916683
27.748479874227854
27.78419937808655
27.836313514193524
27.848753154675066
27.91444245520024
27.995703035827034
28.048514567030495
28.08913108630841
28.17019535394
28.242523760224593
28.265327103504493
28.333136720880223
28.34769037251464
28.392121326358467
28.430611094257024
28.49666680079135
28.54704005905745
28.584642460882712
28.641337258941356
28.71048540247161
28.765106858396596
28.812710707169312
28.860843434446892
28.92233749624671
28.96762903372486
29.040668446735317
29.07840831016692
29.12385725751324
29.15130232333315
29.16771000520244
29.23211109201496
29.27639926137058
29.330718616523615
29.392332724025174
29.47795450787398
29.522132747140816
29.6037657832682
29.61767985296259
29.746079303191017
29.76803942085832
29.89640970632898
29.959066888495574
29.973216508362462
30.07501836731568
30.10834777824222
30.197209542442234
30.241485423556604
30.319737586745447
30.37761694655858
30.420024155317314
30.48459303814183
30.585345861781448
30.6245714314828
30.71999393875673
30.819823328756485
30.880137107260374
30.933722053951303
31.01007102060563
31.077834201061954
31.111939740779523
31.174109213148668
31.22821764229292
31.326682775273447
31.401887168135506
31.519003541227043
31.708599695667917
31.760998929450956
31.885035684520233
31.948467303985783
32.05135413377398
32.11395537621837
32.182820441513435
32.237560857675646
32.26037913272951
32.4465191630891
32.67333465135607
32.822716236651175
32.854933347624005
33.024071249984935
33.200968706768485
34.08017191082086
34.42998103558473
34.70526858932941
36.102713262941855
36.30304824174595
37.01732972776596
