0.8261300867939643
0.8984518517363153
0.9853656329543259
1.0058146753342996
1.1677990975482766
9.175746542892869
9.208584981632848
10.098467690774173
10.258806865625553
10.648645405686622
10.873837897097001
11.352486914537911
11.395676808302277
11.469942284652559
11.672614444495215
11.759583914740803
11.819906421395196
11.951706439604253
12.003330238972985
12.061406373098206
12.22764426638347
12.27049594879254
12.357075572055379
12.393953101288897
12.470527661192868
12.516658403793516
12.560115612161045
12.60714155253883
12.735763628995157
12.747313796007468
12.836349190185024
12.857856698898374
12.897531312427818
12.984087877206726
13.036840764654453
13.092999843917617
13.219588261583437
13.270511685462704
13.32648416467651
13.379417263802399
13.39663745038821
13.439907595220904
13.5128329657608
13.537506913595003
13.57565907555889
13.628736673718109
13.696159756255435
13.822799753008018
13.835863852539703
13.844941289634992
13.893170924104966
13.900882271103228
13.974999948192066
14.009599996098318
14.070102549516516
14.117793018574709
14.123130096820285
14.174716373889604
14.228614600360276
14.272003468063257
14.288458826981893
14.334973039795864
14.370147797701934
14.423625490162614
14.455865115025967
14.456657687703302
14.520955920252508
14.536851768367537
14.619915522159944
14.676736587236638
14.707842628717893
14.739070593003953
14.845908810947522
14.872730487024052
14.886537103781677
14.948951096264025
14.990303580898994
15.006922027589503
15.05164820917022
15.085410408920636
15.156858156482013
15.2178417309273
15.22207366131778
15.289091139619215
15.29507732212196
15.3432179297028
15.426646730227834
15.429641998474024
15.477327414137093
15.479021041005332
15.527660967434478
15.547442204399655
15.57829989134946
15.639299971426523
15.674980678915807
15.70839585413243
15.729245109440104
15.76794852390441
15.826126824567691
15.834983056469559
15.870937511798962
15.926158532864926
15.942800376961037
15.990811793415883
16.046335570987676
16.09765356772653
16.111140254148165
16.138308970815324
16.252853617123172
16.30179588859313
16.304908979871787
16.34897068828649
16.417795211968652
16.43820935246046
16.49708279696851
16.529373227745843
16.537705177133716
16.59511391495794
16.63593439469151
16.679478989290587
16.760154551596482
16.793049904696282
16.836815339683287
16.85040546882834
16.88425832897361
16.906688246066214
16.970050445120634
17.009301563202605
17.02934614712725
17.080666595346337
17.094666684968065
17.11164838561313
17.143376254476234
17.171792207056015
17.24758734615452
17.25251298012793
17.298143783455448
17.32157974423287
17.346057919305082
17.38396088909974
17.421092626471307
17.480858312480702
17.504491981954946
17.529729727251844
17.53778247834696
17.6302342896405
17.662654682818626
17.68621353175482
17.74348030956545
17.781098373819887
17.826646138907268
17.87187941703882
17.95456004992529
17.97511318232191
17.99368288330642
18.020625938583112
18.067818061826923
18.10136450083613
18.128513761792014
18.17942595695442
18.231535460500996
18.255530097070025
18.314411623812457
18.343550708383194
18.374149666806307
18.41105581245892
18.441857191977526
18.464652618470122
18.525435695281946
18.551359530236837
18.62237615436887
18.645517520048077
18.666352836382817
18.693329646430833
18.720057553000427
18.7775831394576
18.791861775434526
18.835968730694155
18.856949112592527
18.87794132536111
18.900030929133695
18.93566942931839
18.98585318729212
19.038560711593565
19.05851557497314
19.078212578896647
19.09115072999751
19.117425803680742
19.187688751767492
19.198319291748803
19.276975225982206
19.28641241796332
19.296650639000404
19.34700036369873
19.385221352634293
19.417538474936148
19.454328976217926
19.479986460575624
19.49592295380845
19.53071589481547
19.585087735672953
19.634210732456655
19.64614104865697
19.651104817749136
19.742820174158158
19.756837074472802
19.78508962247932
19.8529934551919
19.869942003977286
19.910625643965247
19.94872206705742
19.983678662571933
20.027763398285867
20.075450953078732
20.09337085495084
20.115920859427195
20.154633245505405
20.162011640869398
20.227827284048416
20.25589023737803
20.280919228967402
20.33053133643284
20.363877795754753
20.385331527681593
20.440878408947356
20.48435527217802
20.51838031590149
20.54394502800793
20.559208857201902
20.585140090052587
20.668672368808487
20.68601604940328
20.725602691099432
20.745965203421513
20.793201451377318
20.811590085358436
20.876926153589153
20.888577314361
20.92972632680262
20.979005021929257
20.984847213508484
21.044334413128542
21.079858320802423
21.105943611966538
21.139122042678046
21.154493578302322
21.186199458194743
21.218306901273944
21.245157675039327
21.277064922652098
21.301412004395708
21.371307830294057
21.39176231956166
21.413679962725787
21.47646961654243
21.511949681256354
21.56562460628876
21.583608431081995
21.597660194966462
21.683852733924777
21.742068389196984
21.746788246262135
21.786423883196914
21.84897510166182
21.873952590051807
21.939415418887332
21.957215823725523
22.0022063590565
22.033722933028685
22.059028578767986
22.110345373450507
22.12147182117713
22.15579855497627
22.179707001203802
22.249583488827216
22.276734702226307
22.3201543967682
22.33189117101956
22.3732857850685
22.38098024345637
22.44113094091097
22.465183036060978
22.55251186199611
22.61704601359896
22.64168922996618
22.66675295873452
22.7200268569404
22.771189131750845
22.779987826041737
22.83068418000914
22.862769375471746
22.878504892262605
22.94146889727787
22.97574925327045
22.981705325702645
23.025979804643434
23.04186257762433
23.068634713647686
23.114128775670633
23.148986540760013
23.15789970563878
23.200865946248037
23.226167896413042
23.255071014530518
23.295596225264113
23.317683397287272
23.351793137946572
23.38925892625942
23.426801214641667
23.517021318507854
23.552446623614095
23.593476888520676
23.638753225291083
23.66318652685627
23.671747625029493
23.733702880937912
23.783583307666053
23.830969626128628
23.87230065771341
23.945971901559304
24.035160510700386
24.08752259141393
24.117624778979533
24.138119641174256
24.167853061078475
24.226683118110174
24.24575052441071
24.30960869975394
24.33293738606041
24.3663982858952
24.43965838826501
24.466433567301035
24.47706541152235
24.49020584980717
24.574134629321936
24.57836769292561
24.614962924147754
24.637890550219826
24.66474639871231
24.755485096288453
24.79853853679394
24.828423205792166
24.855054932637447
24.974536611823595
24.999187951512138
25.029787581838708
25.09213400336516
25.131717160616915
25.16025306590989
25.193143109567796
25.218455332007224
25.294676477461685
25.353656930570306
25.358401834616004
25.432317020675036
25.456642403568694
25.460837988792758
25.524218739320013
25.552006753390593
25.55513341021556
25.635615481168603
25.656571324329487
25.716467204595585
25.763104971042466
25.840225881128145
25.86838984607119
25.886346230129284
25.959378085188014
25.966633977522903
26.027485388673153
26.05336121482003
26.06180269707107
26.11729338977768
26.203340826587006
26.220146084151192
26.26895740772684
26.297953643438667
26.323390892938413
26.406267251513118
26.419742129165428
26.48522457585513
26.499478108343666
26.567697007727283
26.588939363039685
26.676423992972254
26.73157787566334
26.7429805552354
26.833457516090043
26.852182937900572
26.930232288504
26.934008904874965
26.966253956348716
26.986286651307932
27.057712201628984
27.13868493512453
27.21246853948129
27.26675187993741
27.313545107003716
27.350405145470848
27.372483339375226
27.406316171542215
27.410846650006754
27.473342284068938
27.55213531113104
27.559615744399885
27.597669088378527
27.712976793260182
27.7809346196717
27.819259405052197
27.835761074105143
27.97480344722856
27.985186592550058
28.01397143747424
28.07417761368319
28.11138977475777
28.13263820226097
28.220824539133208
28.249431323557534
28.370531831643195
28.398684032683306
28.43042687943327
28.467895015041876
28.489816568956527
28.537106205806563
28.606522203307403
28.631792804665427
28.705037579172746
28.750931267727626
28.796739676348743
28.831223485078652
28.862681402068617
28.89327985099951
28.918344381946106
29.028373310902705
29.07915038929765
29.20077914800067
29.2377571484295
29.286407558097103
29.35366403479275
29.38949847098366
29.40828362162489
29.464301304154944
29.500460692565397
29.540086172220015
29.580803119660168
29.621495607125485
29.71253428524563
29.721054232403244
29.799462673241642
29.90247140473504
30.033332149209212
30.099345024964414
30.182329121429802
30.208222287928542
30.305522342831804
30.326657371109608
30.430939054218207
30.482461414626698
30.50908194122449
30.618532896424583
30.75245536911715
30.794305819673493
30.872632825754415
30.933858132958193
30.967948373213837
30.976636247238158
31.082830170410315
31.215009851306842
31.28915485351359
31.310496496480607
31.38246108079683
31.41325394257212
31.441785251606436
31.614146641920627
31.799090802498764
31.831233149807538
31.89966781268375
31.976829946448206
32.12290728547894
32.136381192451395
32.215959954166685
32.26476748688508
32.39101291098006
32.431492581280615
32.65620141098065
33.12869872389447
33.347335112552926
33.45985809750712
33.5543358440313
33.632961842052914
33.69728756743739
33.81009755195618
34.21718903935498
34.277798405865425
34.42563253458697
34.54946721049752
34.859085718158795
34.919410684134334
35.99158701004442
0.8261300867939643
0.8984518517363153
0.9853656329543259
1.0058146753342996
1.1677990975482766
9.175746542892869
9.208584981632848
10.098467690774173
10.258806865625553
10.648645405686622
10.873837897097001
11.352486914537911
11.395676808302277
11.469942284652559
11.672614444495215
11.759583914740803
11.819906421395196
11.951706439604253
12.003330238972985
12.061406373098206
12.22764426638347
12.27049594879254
12.357075572055379
12.393953101288897
12.470527661192868
12.516658403793516
12.560115612161045
12.60714155253883
12.735763628995157
12.747313796007468
12.836349190185024
12.857856698898374
12.897531312427818
12.984087877206726
13.036840764654453
13.092999843917617
13.219588261583437
13.270511685462704
13.32648416467651
13.379417263802399
13.39663745038821
13.439907595220904
13.5128329657608
13.537506913595003
13.57565907555889
13.628736673718109
13.696159756255435
13.822799753008018
13.835863852539703
13.844941289634992
13.893170924104966
13.900882271103228
13.974999948192066
14.009599996098318
14.070102549516516
14.117793018574709
14.123130096820285
14.174716373889604
14.228614600360276
14.272003468063257
14.288458826981893
14.334973039795864
14.370147797701934
14.423625490162614
14.455865115025967
14.456657687703302
14.520955920252508
14.536851768367537
14.619915522159944
14.676736587236638
14.707842628717893
14.739070593003953
14.845908810947522
14.872730487024052
14.886537103781677
14.948951096264025
14.990303580898994
15.006922027589503
15.05164820917022
15.085410408920636
15.156858156482013
15.2178417309273
15.22207366131778
15.289091139619215
15.29507732212196
15.3432179297028
15.426646730227834
15.429641998474024
15.477327414137093
15.479021041005332
15.527660967434478
15.547442204399655
15.57829989134946
15.639299971426523
15.674980678915807
15.70839585413243
15.729245109440104
15.76794852390441
15.826126824567691
15.834983056469559
15.870937511798962
15.926158532864926
15.942800376961037
15.990811793415883
16.046335570987676
16.09765356772653
16.111140254148165
16.138308970815324
16.252853617123172
16.30179588859313
16.304908979871787
16.34897068828649
16.417795211968652
16.43820935246046
16.49708279696851
16.529373227745843
16.537705177133716
16.59511391495794
16.63593439469151
16.679478989290587
16.760154551596482
16.793049904696282
16.836815339683287
16.85040546882834
16.88425832897361
16.906688246066214
16.970050445120634
17.009301563202605
17.02934614712725
17.080666595346337
17.094666684968065
17.11164838561313
17.143376254476234
17.171792207056015
17.24758734615452
17.25251298012793
17.298143783455448
17.32157974423287
17.346057919305082
17.38396088909974
17.421092626471307
17.480858312480702
17.504491981954946
17.529729727251844
17.53778247834696
17.6302342896405
17.662654682818626
17.68621353175482
17.74348030956545
17.781098373819887
17.826646138907268
17.87187941703882
17.95456004992529
17.97511318232191
17.99368288330642
18.020625938583112
18.067818061826923
18.10136450083613
18.128513761792014
18.17942595695442
18.231535460500996
18.255530097070025
18.314411623812457
18.343550708383194
18.374149666806307
18.41105581245892
18.441857191977526
18.464652618470122
18.525435695281946
18.551359530236837
18.62237615436887
18.645517520048077
18.666352836382817
18.693329646430833
18.720057553000427
18.7775831394576
18.791861775434526
18.835968730694155
18.856949112592527
18.87794132536111
18.900030929133695
18.93566942931839
18.98585318729212
19.038560711593565
19.05851557497314
19.078212578896647
19.09115072999751
19.117425803680742
19.187688751767492
19.198319291748803
19.276975225982206
19.28641241796332
19.296650639000404
19.34700036369873
19.385221352634293
19.417538474936148
19.454328976217926
19.479986460575624
19.49592295380845
19.53071589481547
19.585087735672953
19.634210732456655
19.64614104865697
19.651104817749136
19.742820174158158
19.756837074472802
19.78508962247932
19.8529934551919
19.869942003977286
19.910625643965247
19.94872206705742
19.983678662571933
20.027763398285867
20.075450953078732
20.09337085495084
20.115920859427195
20.154633245505405
20.162011640869398
20.227827284048416
20.25589023737803
20.280919228967402
20.33053133643284
20.363877795754753
20.385331527681593
20.440878408947356
20.48435527217802
20.51838031590149
20.54394502800793
20.559208857201902
20.585140090052587
20.668672368808487
20.68601604940328
20.725602691099432
20.745965203421513
20.793201451377318
20.811590085358436
20.876926153589153
20.888577314361
20.92972632680262
20.979005021929257
20.984847213508484
21.044334413128542
21.079858320802423
21.105943611966538
21.139122042678046
21.154493578302322
21.186199458194743
21.218306901273944
21.245157675039327
21.277064922652098
21.301412004395708
21.371307830294057
21.39176231956166
21.413679962725787
21.47646961654243
21.511949681256354
21.56562460628876
21.583608431081995
21.597660194966462
21.683852733924777
21.742068389196984
21.746788246262135
21.786423883196914
21.84897510166182
21.873952590051807
21.939415418887332
21.957215823725523
22.0022063590565
22.033722933028685
22.059028578767986
22.110345373450507
22.12147182117713
22.15579855497627
22.179707001203802
22.249583488827216
22.276734702226307
22.3201543967682
22.33189117101956
22.3732857850685
22.38098024345637
22.44113094091097
22.465183036060978
22.55251186199611
22.61704601359896
22.64168922996618
22.66675295873452
22.7200268569404
22.771189131750845
22.779987826041737
22.83068418000914
22.862769375471746
22.878504892262605
22.94146889727787
22.97574925327045
22.981705325702645
23.025979804643434
23.04186257762433
23.068634713647686
23.114128775670633
23.148986540760013
23.15789970563878
23.200865946248037
23.226167896413042
23.255071014530518
23.295596225264113
23.317683397287272
23.351793137946572
23.38925892625942
23.426801214641667
23.517021318507854
23.552446623614095
23.593476888520676
23.638753225291083
23.66318652685627
23.671747625029493
23.733702880937912
23.783583307666053
23.830969626128628
23.87230065771341
23.945971901559304
24.035160510700386
24.08752259141393
24.117624778979533
24.138119641174256
24.167853061078475
24.226683118110174
24.24575052441071
24.30960869975394
24.33293738606041
24.3663982858952
24.43965838826501
24.466433567301035
24.47706541152235
24.49020584980717
24.574134629321936
24.57836769292561
24.614962924147754
24.637890550219826
24.66474639871231
24.755485096288453
24.79853853679394
24.828423205792166
24.855054932637447
24.974536611823595
24.999187951512138
25.029787581838708
25.09213400336516
25.131717160616915
25.16025306590989
25.193143109567796
25.218455332007224
25.294676477461685
25.353656930570306
25.358401834616004
25.432317020675036
25.456642403568694
25.460837988792758
25.524218739320013
25.552006753390593
25.55513341021556
25.635615481168603
25.656571324329487
25.716467204595585
25.763104971042466
25.840225881128145
25.86838984607119
25.886346230129284
25.959378085188014
25.966633977522903
26.027485388673153
26.05336121482003
26.06180269707107
26.11729338977768
26.203340826587006
26.220146084151192
26.26895740772684
26.297953643438667
26.323390892938413
26.406267251513118
26.419742129165428
26.48522457585513
26.499478108343666
26.567697007727283
26.588939363039685
26.676423992972254
26.73157787566334
26.7429805552354
26.833457516090043
26.852182937900572
26.930232288504
26.934008904874965
26.966253956348716
26.986286651307932
27.057712201628984
27.13868493512453
27.21246853948129
27.26675187993741
27.313545107003716
27.350405145470848
27.372483339375226
27.406316171542215
27.410846650006754
27.473342284068938
27.55213531113104
27.559615744399885
27.597669088378527
27.712976793260182
27.7809346196717
27.819259405052197
27.835761074105143
27.97480344722856
27.985186592550058
28.01397143747424
28.07417761368319
28.11138977475777
28.13263820226097
28.220824539133208
28.249431323557534
28.370531831643195
28.398684032683306
28.43042687943327
28.467895015041876
28.489816568956527
28.537106205806563
28.606522203307403
28.631792804665427
28.705037579172746
28.750931267727626
28.796739676348743
28.831223485078652
28.862681402068617
28.89327985099951
28.918344381946106
29.028373310902705
29.07915038929765
29.20077914800067
29.2377571484295
29.286407558097103
29.35366403479275
29.38949847098366
29.40828362162489
29.464301304154944
29.500460692565397
29.540086172220015
29.580803119660168
29.621495607125485
29.71253428524563
29.721054232403244
29.799462673241642
29.90247140473504
30.033332149209212
30.099345024964414
30.182329121429802
30.208222287928542
30.305522342831804
30.326657371109608
30.430939054218207
30.482461414626698
30.50908194122449
30.618532896424583
30.75245536911715
30.794305819673493
30.872632825754415
30.933858132958193
30.967948373213837
30.976636247238158
31.082830170410315
31.215009851306842
31.28915485351359
31.310496496480607
31.38246108079683
31.41325394257212
31.441785251606436
31.614146641920627
31.799090802498764
31.831233149807538
31.89966781268375
31.976829946448206
32.12290728547894
32.136381192451395
32.215959954166685
32.26476748688508
32.39101291098006
32.431492581280615
32.65620141098065
33.12869872389447
33.347335112552926
33.45985809750712
33.5543358440313
33.632961842052914
33.69728756743739
33.81009755195618
34.21718903935498
34.277798405865425
34.42563253458697
34.54946721049752
34.859085718158795
34.919410684134334
35.99158701004442
