0.8267087969045306
0.9134083914250075
0.9953613791695165
1.1333765507693945
1.197344061490183
9.18545000232237
9.73003182015351
10.335023130781815
10.409249623138866
10.62181926948777
10.684276879939015
10.777578728904498
10.864771802621656
10.97313746775142
11.032200688762861
11.104071461614199
11.35998035487329
11.392458442927644
11.43185675527619
11.533677057029985
11.549597691079821
11.855060447237824
11.891081016980255
12.043962065501614
12.147283511094185
12.184378900584962
12.335065020191793
12.37011069432113
12.465077115422652
12.525259717161893
12.5729195327967
12.68958747169888
12.707838569059632
12.71989973076956
12.791002547192488
12.853160857893991
13.03616388178655
13.05920074262527
13.154957432933253
13.158938315391065
13.167831262616051
13.274635976093464
13.301452015574714
13.316445389743224
13.366263172047578
13.445619329805018
13.531616930275819
13.564636359835164
13.65895244930304
13.766568093969566
13.828673300047233
13.880397690053893
13.881575528921983
13.928347799227412
13.96213043019928
13.973306467633641
14.035835173083267
14.090647665417414
14.138363310034894
14.219098901637139
14.268674564170848
14.333751000184712
14.388769601527539
14.396531106950556
14.432150160549606
14.491732766873488
14.578578491884047
14.620035896199168
14.659595842005643
14.666477503317003
14.711339894833888
14.745534952233655
14.796328088203271
14.816140047594358
14.886205690483743
14.908315424502273
14.951237133238578
14.96020740307906
15.028611368099655
15.079137179804341
15.095108297391592
15.131881884168232
15.154114241201716
15.185074890361962
15.226862325131403
15.281012643026038
15.390233613568427
15.398887606289996
15.443311982374995
15.479656543227817
15.510847916550633
15.53497726196714
15.56489323692304
15.61885378338055
15.644179638001445
15.7029351627436
15.743562827997156
15.806109079938748
15.819767029029109
15.863191189871499
15.91336159379127
15.970839266660713
15.990033535234469
16.044098338330002
16.098734817052236
16.10708739016804
16.151604682180018
16.199247699873563
16.248877960819414
16.260474546854866
16.290410164028508
16.325388717550833
16.39385840630377
16.440437252164422
16.45012415813797
16.53615803742996
16.577265595203254
16.604742556684688
16.647797847379273
16.690136165718478
16.74451352857947
16.756640607462465
16.768334333298963
16.82091963677186
16.844622735398872
16.90045856278513
16.943921987558035
16.965115631219113
17.025779376906634
17.073424722552684
17.077982276730083
17.084981880105374
17.131810744865298
17.15762447230033
17.207965313031778
17.22613179869246
17.286237650142226
17.311410181033967
17.373870432288484
17.42948646450338
17.45392037238537
17.501759044536243
17.561678042378936
17.62614969655834
17.642769634730058
17.662550185309755
17.724120588398854
17.747771234985347
17.771129501632362
17.798040531386842
17.869797260772227
17.935018400303516
17.967897401495975
17.981566306621186
17.99361503362668
18.00966776064637
18.0643442681324
18.093191873795476
18.130199252752053
18.159497642710217
18.19886969318248
18.203376019683184
18.23875466496804
18.315036460757053
18.341153537639595
18.367455838572578
18.399693235244136
18.471682074853756
18.479736251496117
18.52387092671311
18.56427170960392
18.611098184061937
18.631643658330237
18.672949628993422
18.681884855217987
18.711973381183952
18.761171287209248
18.79171745667449
18.810078211144923
18.841236264308844
18.893090443481107
18.922857272958417
18.958999079592285
18.97019088792379
19.012585994658657
19.046471810193488
19.092635218025862
19.119394133784073
19.13884868225609
19.158590769494964
19.185252314335237
19.23725995149041
19.30781354752561
19.320362231372798
19.344659739554267
19.365085604601553
19.405046623694567
19.435018912550355
19.48396299768565
19.511465015581702
19.587878180312988
19.59779814419818
19.63825481930612
19.663183596360934
19.684837639623414
19.720107401805926
19.730412371785857
19.796144745273402
19.84193460213537
19.861822482204154
19.88999945362786
19.931586418001523
19.949366973029825
20.001120179721106
20.040321185953893
20.070742169230193
20.08967500416075
20.142019368661305
20.147184679865425
20.192918411661964
20.220784508836985
20.25276157454407
20.283171825803873
20.323126952913913
20.368199492926223
20.398536050715993
20.420467710700738
20.438286118590938
20.517817268636705
20.55886040625008
20.569249307162433
20.598312982759232
20.64486463088996
20.676078485372145
20.703226434042204
20.75861068189023
20.804554548744786
20.834845058748225
20.861429948434537
20.89589457493116
20.97705261444611
21.008402662873497
21.034957528599907
21.046237302235788
21.092859160153257
21.167217489118585
21.204743680002863
21.240196107766277
21.2627488761308
21.26541947657811
21.31970747390079
21.34428903618842
21.370401889277023
21.37795029488299
21.423112287115508
21.434633609618114
21.44598776086266
21.496888862425322
21.55613822133743
21.582695066498843
21.603510825971686
21.671615608181426
21.707175185769447
21.745211395369186
21.761743888836968
21.79738712495991
21.82209364431484
21.86302029668007
21.89409184706689
21.92933970107634
21.943865595972266
22.017699861587637
22.02475958622592
22.07452742663747
22.08673685513021
22.102678210541143
22.13380557008
22.153748376237967
22.2323253262409
22.27226827126374
22.290205437796434
22.35423685178836
22.368517556797205
22.40829770535741
22.44555002472374
22.505953195600785
22.52650615285485
22.57350988071044
22.610709393967014
22.624358268778565
22.636372655308374
22.676390587102706
22.75688622228286
22.779627958295062
22.837310992240596
22.871965391941167
22.919317489045472
22.945488940242146
23.009593883609778
23.04128061511964
23.058693588376045
23.09247942136637
23.134801328370234
23.193680200281673
23.21899792861697
23.23836733082376
23.31804007682253
23.326922729598156
23.3426553512764
23.416703096468368
23.44869667253748
23.50917706352623
23.52772094684487
23.58331032017568
23.60036962514342
23.636488863894336
23.67112476834812
23.705821880683864
23.725399247879416
23.754621649311307
23.78847077476623
23.82501529836303
23.853630778893436
23.93019039347237
23.95316416932232
23.980129917576026
24.019127571192872
24.095155561700647
24.102824533614694
24.15247503862021
24.16490113076752
24.20611347342556
24.238658236866993
24.261832270418857
24.282703791315218
24.299723260172073
24.343650652184273
24.40564010764853
24.438982741988642
24.45612471234982
24.490443384025053
24.5580752716538
24.61881033124128
24.624365652216003
24.692642411670096
24.695819387966868
24.733783829324835
24.77442065185638
24.839641999430313
24.884161861584815
24.94826098379
24.992191259153767
25.03329521793677
25.07119387627172
25.10729823450341
25.119665358833746
25.135174058177064
25.180306571518905
25.244084251699395
25.26182767393129
25.28829032009686
25.319389792318212
25.366366760713788
25.38238089063504
25.41691915398169
25.49107502116811
25.52450723160511
25.54804266509351
25.580356815271738
25.589482691048858
25.639759111595247
25.726106570407882
25.77339386035957
25.789291138829668
25.898319019767257
25.931520308425288
25.949035398016264
26.011762900601912
26.042048253431968
26.103300552252612
26.13917967910635
26.159720860404377
26.19969637872851
26.265924707604153
26.362956472836267
26.369017020079777
26.435661129379827
26.466927902389315
26.533217786389713
26.570302511900753
26.587728336898746
26.6630739914582
26.714513898114987
26.725411350204794
26.781627084579203
26.848511471582647
26.86501478395618
26.889176853613034
26.925495164976617
26.993319018109286
27.079744929305416
27.124802396885826
27.17431235082022
27.257505500065335
27.28215912932848
27.33754504587712
27.381707982073213
27.43160358047948
27.49320509876074
27.58710771809143
27.65068520355633
27.68580713290414
27.722684558421296
27.82327324723367
27.878762136657716
27.90860462721756
27.949375654970687
28.10147088425279
28.137679220051158
28.16881755610204
28.201391189013986
28.214636838272135
28.22854262460065
28.306636701913163
28.377023535664755
28.435959218999848
28.454901273899043
28.496740564665863
28.542045677820095
28.57559060164972
28.609880882091094
28.67146678580922
28.709696034768047
28.72100692123398
28.7727678119701
28.86428220611289
28.927586318327013
28.94106799277897
29.005243885544044
29.00846551374816
29.042566427177952
29.12239454101234
29.18228573810474
29.272880008080353
29.412865142728197
29.430160750198745
29.547444380008976
29.64586814674112
29.674463032702544
29.705860726116473
29.768517846115717
29.86414507536794
29.948156616901652
30.051663872993604
30.095116547453493
30.170588163209057
30.251383455189934
30.305508267605894
30.317308365742814
30.41810094745093
30.484474222899316
30.54058370667952
30.601115296381163
30.696797254805023
30.722378147799173
30.795252714536026
30.92350295782935
31.027680154895805
31.07601148040635
31.146443023741604
31.227470906582383
31.33809614461517
31.548381602752094
31.59431218864332
31.638397351675046
31.697066951549083
31.76998683816949
31.87378756209295
31.90290796351989
32.015771283075644
32.09271864553008
32.187323024239745
32.30574711035324
32.42231429619682
32.47726394324339
32.67562459295572
32.81428907699268
32.97493220858913
33.08032132112669
33.21800958679402
33.22613237944031
33.43790395491759
33.57478016264952
33.908759445491405
34.74286770247289
35.133155654022886
36.51998391563168
36.901516743200304
37.109910566391086
0.8267087969045306
0.9134083914250075
0.9953613791695165
1.1333765507693945
1.197344061490183
9.18545000232237
9.73003182015351
10.335023130781815
10.409249623138866
10.62181926948777
10.684276879939015
10.777578728904498
10.864771802621656
10.97313746775142
11.032200688762861
11.104071461614199
11.35998035487329
11.392458442927644
11.43185675527619
11.533677057029985
11.549597691079821
11.855060447237824
11.891081016980255
12.043962065501614
12.147283511094185
12.184378900584962
12.335065020191793
12.37011069432113
12.465077115422652
12.525259717161893
12.5729195327967
12.68958747169888
12.707838569059632
12.71989973076956
12.791002547192488
12.853160857893991
13.03616388178655
13.05920074262527
13.154957432933253
13.158938315391065
13.167831262616051
13.274635976093464
13.301452015574714
13.316445389743224
13.366263172047578
13.445619329805018
13.531616930275819
13.564636359835164
13.65895244930304
13.766568093969566
13.828673300047233
13.880397690053893
13.881575528921983
13.928347799227412
13.96213043019928
13.973306467633641
14.035835173083267
14.090647665417414
14.138363310034894
14.219098901637139
14.268674564170848
14.333751000184712
14.388769601527539
14.396531106950556
14.432150160549606
14.491732766873488
14.578578491884047
14.620035896199168
14.659595842005643
14.666477503317003
14.711339894833888
14.745534952233655
14.796328088203271
14.816140047594358
14.886205690483743
14.908315424502273
14.951237133238578
14.96020740307906
15.028611368099655
15.079137179804341
15.095108297391592
15.131881884168232
15.154114241201716
15.185074890361962
15.226862325131403
15.281012643026038
15.390233613568427
15.398887606289996
15.443311982374995
15.479656543227817
15.510847916550633
15.53497726196714
15.56489323692304
15.61885378338055
15.644179638001445
15.7029351627436
15.743562827997156
15.806109079938748
15.819767029029109
15.863191189871499
15.91336159379127
15.970839266660713
15.990033535234469
16.044098338330002
16.098734817052236
16.10708739016804
16.151604682180018
16.199247699873563
16.248877960819414
16.260474546854866
16.290410164028508
16.325388717550833
16.39385840630377
16.440437252164422
16.45012415813797
16.53615803742996
16.577265595203254
16.604742556684688
16.647797847379273
16.690136165718478
16.74451352857947
16.756640607462465
16.768334333298963
16.82091963677186
16.844622735398872
16.90045856278513
16.943921987558035
16.965115631219113
17.025779376906634
17.073424722552684
17.077982276730083
17.084981880105374
17.131810744865298
17.15762447230033
17.207965313031778
17.22613179869246
17.286237650142226
17.311410181033967
17.373870432288484
17.42948646450338
17.45392037238537
17.501759044536243
17.561678042378936
17.62614969655834
17.642769634730058
17.662550185309755
17.724120588398854
17.747771234985347
17.771129501632362
17.798040531386842
17.869797260772227
17.935018400303516
17.967897401495975
17.981566306621186
17.99361503362668
18.00966776064637
18.0643442681324
18.093191873795476
18.130199252752053
18.159497642710217
18.19886969318248
18.203376019683184
18.23875466496804
18.315036460757053
18.341153537639595
18.367455838572578
18.399693235244136
18.471682074853756
18.479736251496117
18.52387092671311
18.56427170960392
18.611098184061937
18.631643658330237
18.672949628993422
18.681884855217987
18.711973381183952
18.761171287209248
18.79171745667449
18.810078211144923
18.841236264308844
18.893090443481107
18.922857272958417
18.958999079592285
18.97019088792379
19.012585994658657
19.046471810193488
19.092635218025862
19.119394133784073
19.13884868225609
19.158590769494964
19.185252314335237
19.23725995149041
19.30781354752561
19.320362231372798
19.344659739554267
19.365085604601553
19.405046623694567
19.435018912550355
19.48396299768565
19.511465015581702
19.587878180312988
19.59779814419818
19.63825481930612
19.663183596360934
19.684837639623414
19.720107401805926
19.730412371785857
19.796144745273402
19.84193460213537
19.861822482204154
19.88999945362786
19.931586418001523
19.949366973029825
20.001120179721106
20.040321185953893
20.070742169230193
20.08967500416075
20.142019368661305
20.147184679865425
20.192918411661964
20.220784508836985
20.25276157454407
20.283171825803873
20.323126952913913
20.368199492926223
20.398536050715993
20.420467710700738
20.438286118590938
20.517817268636705
20.55886040625008
20.569249307162433
20.598312982759232
20.64486463088996
20.676078485372145
20.703226434042204
20.75861068189023
20.804554548744786
20.834845058748225
20.861429948434537
20.89589457493116
20.97705261444611
21.008402662873497
21.034957528599907
21.046237302235788
21.092859160153257
21.167217489118585
21.204743680002863
21.240196107766277
21.2627488761308
21.26541947657811
21.31970747390079
21.34428903618842
21.370401889277023
21.37795029488299
21.423112287115508
21.434633609618114
21.44598776086266
21.496888862425322
21.55613822133743
21.582695066498843
21.603510825971686
21.671615608181426
21.707175185769447
21.745211395369186
21.761743888836968
21.79738712495991
21.82209364431484
21.86302029668007
21.89409184706689
21.92933970107634
21.943865595972266
22.017699861587637
22.02475958622592
22.07452742663747
22.08673685513021
22.102678210541143
22.13380557008
22.153748376237967
22.2323253262409
22.27226827126374
22.290205437796434
22.35423685178836
22.368517556797205
22.40829770535741
22.44555002472374
22.505953195600785
22.52650615285485
22.57350988071044
22.610709393967014
22.624358268778565
22.636372655308374
22.676390587102706
22.75688622228286
22.779627958295062
22.837310992240596
22.871965391941167
22.919317489045472
22.945488940242146
23.009593883609778
23.04128061511964
23.058693588376045
23.09247942136637
23.134801328370234
23.193680200281673
23.21899792861697
23.23836733082376
23.31804007682253
23.326922729598156
23.3426553512764
23.416703096468368
23.44869667253748
23.50917706352623
23.52772094684487
23.58331032017568
23.60036962514342
23.636488863894336
23.67112476834812
23.705821880683864
23.725399247879416
23.754621649311307
23.78847077476623
23.82501529836303
23.853630778893436
23.93019039347237
23.95316416932232
23.980129917576026
24.019127571192872
24.095155561700647
24.102824533614694
24.15247503862021
24.16490113076752
24.20611347342556
24.238658236866993
24.261832270418857
24.282703791315218
24.299723260172073
24.343650652184273
24.40564010764853
24.438982741988642
24.45612471234982
24.490443384025053
24.5580752716538
24.61881033124128
24.624365652216003
24.692642411670096
24.695819387966868
24.733783829324835
24.77442065185638
24.839641999430313
24.884161861584815
24.94826098379
24.992191259153767
25.03329521793677
25.07119387627172
25.10729823450341
25.119665358833746
25.135174058177064
25.180306571518905
25.244084251699395
25.26182767393129
25.28829032009686
25.319389792318212
25.366366760713788
25.38238089063504
25.41691915398169
25.49107502116811
25.52450723160511
25.54804266509351
25.580356815271738
25.589482691048858
25.639759111595247
25.726106570407882
25.77339386035957
25.789291138829668
25.898319019767257
25.931520308425288
25.949035398016264
26.011762900601912
26.042048253431968
26.103300552252612
26.13917967910635
26.159720860404377
26.19969637872851
26.265924707604153
26.362956472836267
26.369017020079777
26.435661129379827
26.466927902389315
26.533217786389713
26.570302511900753
26.587728336898746
26.6630739914582
26.714513898114987
26.725411350204794
26.781627084579203
26.848511471582647
26.86501478395618
26.889176853613034
26.925495164976617
26.993319018109286
27.079744929305416
27.124802396885826
27.17431235082022
27.257505500065335
27.28215912932848
27.33754504587712
27.381707982073213
27.43160358047948
27.49320509876074
27.58710771809143
27.65068520355633
27.68580713290414
27.722684558421296
27.82327324723367
27.878762136657716
27.90860462721756
27.949375654970687
28.10147088425279
28.137679220051158
28.16881755610204
28.201391189013986
28.214636838272135
28.22854262460065
28.306636701913163
28.377023535664755
28.435959218999848
28.454901273899043
28.496740564665863
28.542045677820095
28.57559060164972
28.609880882091094
28.67146678580922
28.709696034768047
28.72100692123398
28.7727678119701
28.86428220611289
28.927586318327013
28.94106799277897
29.005243885544044
29.00846551374816
29.042566427177952
29.12239454101234
29.18228573810474
29.272880008080353
29.412865142728197
29.430160750198745
29.547444380008976
29.64586814674112
29.674463032702544
29.705860726116473
29.768517846115717
29.86414507536794
29.948156616901652
30.051663872993604
30.095116547453493
30.170588163209057
30.251383455189934
30.305508267605894
30.317308365742814
30.41810094745093
30.484474222899316
30.54058370667952
30.601115296381163
30.696797254805023
30.722378147799173
30.795252714536026
30.92350295782935
31.027680154895805
31.07601148040635
31.146443023741604
31.227470906582383
31.33809614461517
31.548381602752094
31.59431218864332
31.638397351675046
31.697066951549083
31.76998683816949
31.87378756209295
31.90290796351989
32.015771283075644
32.09271864553008
32.187323024239745
32.30574711035324
32.42231429619682
32.47726394324339
32.67562459295572
32.81428907699268
32.97493220858913
33.08032132112669
33.21800958679402
33.22613237944031
33.43790395491759
33.57478016264952
33.908759445491405
34.74286770247289
35.133155654022886
36.51998391563168
36.901516743200304
37.109910566391086
