0.8026113075232375
0.8440790595754639
0.8509803760966799
0.9072490960355998
1.0073873765364452
9.325677414187542
10.088033376029436
10.193244000019556
10.86753492112244
11.04238658071987
11.30260572751836
11.44798840295364
11.54181196926538
11.648772091529011
11.817697822417644
11.997262510534188
12.078882842714172
12.107792493026182
12.265819227824865
12.33494873885502
12.456494107656159
12.4830910963507
12.571391317553221
12.594476677891508
12.618227747627845
12.634512314727294
12.755178689635942
12.871246544887061
12.917228732328125
12.968001272526058
13.026965290844114
13.067961632387732
13.140622655981572
13.216534264749523
13.272731010710833
13.35766002835351
13.376871015187136
13.444863568207829
13.536682049672066
13.65780497719209
13.696407823261051
13.786683604880519
13.804988406139262
13.87049713461671
13.974603761421374
13.985593908573657
14.021107172070014
14.07813792079775
14.096529291086368
14.143413368987483
14.226739359453013
14.256358963511376
14.359515933038796
14.373227912229808
14.428483777289665
14.440085421660621
14.543151862740878
14.59659099289686
14.6350003181353
14.65416268027999
14.688589063108449
14.81562634762428
14.929672532668969
15.006851864997385
15.057509504145619
15.096004152817484
15.136356545390186
15.155242814894471
15.205642541452537
15.233279515996545
15.292976381805003
15.313765313183037
15.328615239171851
15.37101152574599
15.415713747805366
15.506358316107713
15.519838780752083
15.57749024352871
15.624919534274863
15.670697729664047
15.707583864105953
15.724115311338947
15.759138506087801
15.806036488925532
15.858608495837773
15.875517805196775
15.911556677396772
15.970768480583027
16.007262426095377
16.04083203761932
16.086595534261733
16.15788620329534
16.1638000411856
16.191374465835942
16.283749987384606
16.302342081490544
16.324044998568773
16.375273485231297
16.409838228070253
16.447332163894952
16.495485207123448
16.543464918179478
16.551569636747058
16.56799259270539
16.582420650752486
16.658707129219962
16.69592862366385
16.70170528263553
16.780744422436904
16.792228624246434
16.81970640362974
16.850515869832325
16.882700963483895
16.91885533954444
16.94810053898791
16.96667237826201
17.023046382295068
17.069697651989152
17.093183210426734
17.154220618101128
17.194588651321723
17.207433259310537
17.26799060604299
17.2983845200853
17.31031126991237
17.328914848295863
17.4013446539644
17.45337814021044
17.47716867790264
17.488014356257846
17.511790866275327
17.572468575205797
17.60146891256315
17.637565533245866
17.676171810771166
17.715454028418325
17.736732400424852
17.78432280927634
17.85043211542595
17.868658582503357
17.908382238869176
17.91074395230231
17.924221004344474
17.961528582234703
18.037010169890447
18.074394194327766
18.078214234706547
18.125587332160265
18.1696787928048
18.18966166437848
18.211052169881867
18.267184182740767
18.296424154857345
18.31286251525686
18.335169835123455
18.380675637435836
18.38784992247918
18.407536710709486
18.455787718529933
18.51780846344631
18.55066351062622
18.585819564479582
18.60205601311019
18.623810490076558
18.669408732929817
18.700380038180743
18.762229846163095
18.77472726358442
18.856555033834166
18.862458676054242
18.901607999383007
18.920898254632586
18.934463748676176
18.9864956064632
18.999330937638078
19.072687892794285
19.093144489643077
19.10477877961746
19.163724237800267
19.212272943451044
19.254759525126598
19.262546100782053
19.3248177653283
19.357824062285555
19.3881573715605
19.409942211392565
19.445661842710674
19.47153336532263
19.51954372059337
19.554479487875
19.60928341325158
19.620757430623367
19.66796578129011
19.70010435719334
19.731101483252992
19.753852990090714
19.765237044497933
19.813780606787038
19.81505263852651
19.844693438836725
19.889539969939985
19.931378120975094
19.97316537567721
20.014647615121046
20.049770821472233
20.063773350379794
20.09276712444302
20.120936897627693
20.18327511585886
20.199777409034795
20.216844110976194
20.27052680447596
20.287444347297487
20.318928399298358
20.326463983139202
20.375215232614583
20.41992972310077
20.433459132104307
20.448518558676327
20.48460340793008
20.50128771467908
20.54369939086431
20.597305234807642
20.59896213217399
20.653868130058946
20.66212603996089
20.67159409677742
20.7035117937275
20.730856291423866
20.769748516713918
20.778755231453385
20.82691521628886
20.888310659124798
20.942261452675098
20.949360686355316
20.989861143118514
21.030967107727726
21.046285179353877
21.083204364281332
21.10599294412568
21.193173440141116
21.214636682049484
21.23876351921876
21.307908058519256
21.31660286291128
21.350094671575928
21.392848380507004
21.43729732024065
21.481068346145918
21.512249619657304
21.54957403769555
21.59989272991169
21.640402350146886
21.66390700190573
21.68258245313035
21.693808602029225
21.766820849079785
21.842291394850644
21.876780157335205
21.91258368456367
21.9332688054654
21.968453963657314
21.974571225864306
22.002520008516356
22.015580117475928
22.06473389077682
22.091822822480335
22.127509688363517
22.135462104121817
22.169729472812875
22.195608022558556
22.25549233256974
22.285911424498572
22.303644833004522
22.36357646290199
22.382844461969345
22.40735311112188
22.455723194559926
22.475577284488256
22.521044826553997
22.558499652186804
22.56652149424419
22.6539231407726
22.664475067366165
22.72023454641567
22.756571344594825
22.79588283867147
22.809171995250196
22.852947805837324
22.87124072588155
22.924956975453245
22.971717841054808
22.984115824275218
23.016601835014324
23.0593984964038
23.085798492882486
23.10148471263756
23.178894153827653
23.190528674229533
23.231341861768662
23.24198443016518
23.277316821886707
23.296750463462963
23.309713467467265
23.35986293578966
23.378656044206696
23.401358587125536
23.43485145592564
23.460624965455224
23.50744156073763
23.56715175828462
23.589061691988213
23.637365943889538
23.67703541404763
23.72415316309604
23.750999088893778
23.78612892676521
23.809418133288123
23.856733629264784
23.880839836142204
23.913912210020232
23.921672141278112
23.974221240494582
24.039418373368825
24.056340505935594
24.0869330046763
24.14202105578538
24.197500701017002
24.216273402031906
24.27392238444941
24.322952023610227
24.35692121149157
24.357244473237593
24.433811907816782
24.474052677737333
24.518106156882403
24.555254507638818
24.610780535936712
24.64423083090911
24.670369917966546
24.68378117903976
24.735668027306247
24.749824332972292
24.790519968051964
24.80624747823869
24.81721934732225
24.885564391577322
24.922782567830314
24.959540734422475
25.01160349256574
25.070732687536314
25.092940441521385
25.142489612432428
25.19312916694874
25.199905875580097
25.223634444726184
25.256066658593188
25.26620708721378
25.327645558342013
25.372578118254765
25.384041101598058
25.438457265016567
25.491846804298284
25.507797426667132
25.544272529349584
25.642476584821075
25.72112476644129
25.78635777070623
25.823571822192797
25.826772574621515
25.881569917740933
25.952510193329456
25.96251456754631
26.00718638974724
26.019126732167262
26.060054725272266
26.106174164924333
26.14280434252601
26.20391936863626
26.241999449238907
26.282003473085897
26.286838975162595
26.332075221766658
26.3487996637956
26.454572298019386
26.477867088728154
26.48521976935066
26.592037067139845
26.60289091155603
26.639932782878752
26.663837196202135
26.689161500493313
26.77483518797231
26.8073833534425
26.843495947418436
26.878440886545494
26.934192288254422
26.987106626177432
27.022218791609394
27.098769050147897
27.150072647171665
27.195893846164363
27.20576558174057
27.223950388018253
27.28701992744998
27.37586023152779
27.397760870474634
27.437451906460893
27.50234837510946
27.514752669020226
27.634640060515327
27.68729229383339
27.72151118818561
27.804517265525416
27.812614212795
27.86795568324066
27.943786912415455
27.971656046997577
27.99714966510496
28.02237813796204
28.134542390478178
28.173544477827203
28.1922795095575
28.217947534851636
28.309740225736977
28.337477163609595
28.411654147481222
28.461393730913304
28.488722609824137
28.56916256410176
28.595993248223753
28.662144532277324
28.691435150316327
28.771893611773372
28.788310676438325
28.827925862631446
28.854507296621055
28.916018301905904
28.988046962380135
29.02733843921693
29.084835243411906
29.101040789948044
29.15192655906886
29.16455231712026
29.260405579160015
29.277431844120237
29.376280476846812
29.449560706422837
29.529148761515717
29.554049269812342
29.60771319437152
29.629010670038813
29.700465095132753
29.747824248732638
29.80094210309698
29.864224834750328
29.901419727390625
29.943773289164163
30.004219841215228
30.057289985429048
30.105071390668407
30.22189673917348
30.227609748866577
30.31400655030913
30.3630922056358
30.45739180319857
30.50451152857658
30.55862736114558
30.64247684831666
30.7411069105926
30.755691260031032
30.83254494210729
30.93490396570773
31.0331186458026
31.07233399651812
31.237608514108267
31.274474358213464
31.522241042599106
31.634332982415078
31.730717965951055
31.82093304468633
31.87388148298619
31.957454365490445
32.19249092295963
32.30461336035133
32.41396856714534
32.698575312164124
32.87488913954284
32.9460464472925
32.95848195571641
33.1339846129041
33.19254116426723
33.31969494263708
33.40986353116073
33.447451640534005
34.38792604239939
34.57021844486269
34.899793279494396
35.0289440994368
0.8026113075232375
0.8440790595754639
0.8509803760966799
0.9072490960355998
1.0073873765364452
9.325677414187542
10.088033376029436
10.193244000019556
10.86753492112244
11.04238658071987
11.30260572751836
11.44798840295364
11.54181196926538
11.648772091529011
11.817697822417644
11.997262510534188
12.078882842714172
12.107792493026182
12.265819227824865
12.33494873885502
12.456494107656159
12.4830910963507
12.571391317553221
12.594476677891508
12.618227747627845
12.634512314727294
12.755178689635942
12.871246544887061
12.917228732328125
12.968001272526058
13.026965290844114
13.067961632387732
13.140622655981572
13.216534264749523
13.272731010710833
13.35766002835351
13.376871015187136
13.444863568207829
13.536682049672066
13.65780497719209
13.696407823261051
13.786683604880519
13.804988406139262
13.87049713461671
13.974603761421374
13.985593908573657
14.021107172070014
14.07813792079775
14.096529291086368
14.143413368987483
14.226739359453013
14.256358963511376
14.359515933038796
14.373227912229808
14.428483777289665
14.440085421660621
14.543151862740878
14.59659099289686
14.6350003181353
14.65416268027999
14.688589063108449
14.81562634762428
14.929672532668969
15.006851864997385
15.057509504145619
15.096004152817484
15.136356545390186
15.155242814894471
15.205642541452537
15.233279515996545
15.292976381805003
15.313765313183037
15.328615239171851
15.37101152574599
15.415713747805366
15.506358316107713
15.519838780752083
15.57749024352871
15.624919534274863
15.670697729664047
15.707583864105953
15.724115311338947
15.759138506087801
15.806036488925532
15.858608495837773
15.875517805196775
15.911556677396772
15.970768480583027
16.007262426095377
16.04083203761932
16.086595534261733
16.15788620329534
16.1638000411856
16.191374465835942
16.283749987384606
16.302342081490544
16.324044998568773
16.375273485231297
16.409838228070253
16.447332163894952
16.495485207123448
16.543464918179478
16.551569636747058
16.56799259270539
16.582420650752486
16.658707129219962
16.69592862366385
16.70170528263553
16.780744422436904
16.792228624246434
16.81970640362974
16.850515869832325
16.882700963483895
16.91885533954444
16.94810053898791
16.96667237826201
17.023046382295068
17.069697651989152
17.093183210426734
17.154220618101128
17.194588651321723
17.207433259310537
17.26799060604299
17.2983845200853
17.31031126991237
17.328914848295863
17.4013446539644
17.45337814021044
17.47716867790264
17.488014356257846
17.511790866275327
17.572468575205797
17.60146891256315
17.637565533245866
17.676171810771166
17.715454028418325
17.736732400424852
17.78432280927634
17.85043211542595
17.868658582503357
17.908382238869176
17.91074395230231
17.924221004344474
17.961528582234703
18.037010169890447
18.074394194327766
18.078214234706547
18.125587332160265
18.1696787928048
18.18966166437848
18.211052169881867
18.267184182740767
18.296424154857345
18.31286251525686
18.335169835123455
18.380675637435836
18.38784992247918
18.407536710709486
18.455787718529933
18.51780846344631
18.55066351062622
18.585819564479582
18.60205601311019
18.623810490076558
18.669408732929817
18.700380038180743
18.762229846163095
18.77472726358442
18.856555033834166
18.862458676054242
18.901607999383007
18.920898254632586
18.934463748676176
18.9864956064632
18.999330937638078
19.072687892794285
19.093144489643077
19.10477877961746
19.163724237800267
19.212272943451044
19.254759525126598
19.262546100782053
19.3248177653283
19.357824062285555
19.3881573715605
19.409942211392565
19.445661842710674
19.47153336532263
19.51954372059337
19.554479487875
19.60928341325158
19.620757430623367
19.66796578129011
19.70010435719334
19.731101483252992
19.753852990090714
19.765237044497933
19.813780606787038
19.81505263852651
19.844693438836725
19.889539969939985
19.931378120975094
19.97316537567721
20.014647615121046
20.049770821472233
20.063773350379794
20.09276712444302
20.120936897627693
20.18327511585886
20.199777409034795
20.216844110976194
20.27052680447596
20.287444347297487
20.318928399298358
20.326463983139202
20.375215232614583
20.41992972310077
20.433459132104307
20.448518558676327
20.48460340793008
20.50128771467908
20.54369939086431
20.597305234807642
20.59896213217399
20.653868130058946
20.66212603996089
20.67159409677742
20.7035117937275
20.730856291423866
20.769748516713918
20.778755231453385
20.82691521628886
20.888310659124798
20.942261452675098
20.949360686355316
20.989861143118514
21.030967107727726
21.046285179353877
21.083204364281332
21.10599294412568
21.193173440141116
21.214636682049484
21.23876351921876
21.307908058519256
21.31660286291128
21.350094671575928
21.392848380507004
21.43729732024065
21.481068346145918
21.512249619657304
21.54957403769555
21.59989272991169
21.640402350146886
21.66390700190573
21.68258245313035
21.693808602029225
21.766820849079785
21.842291394850644
21.876780157335205
21.91258368456367
21.9332688054654
21.968453963657314
21.974571225864306
22.002520008516356
22.015580117475928
22.06473389077682
22.091822822480335
22.127509688363517
22.135462104121817
22.169729472812875
22.195608022558556
22.25549233256974
22.285911424498572
22.303644833004522
22.36357646290199
22.382844461969345
22.40735311112188
22.455723194559926
22.475577284488256
22.521044826553997
22.558499652186804
22.56652149424419
22.6539231407726
22.664475067366165
22.72023454641567
22.756571344594825
22.79588283867147
22.809171995250196
22.852947805837324
22.87124072588155
22.924956975453245
22.971717841054808
22.984115824275218
23.016601835014324
23.0593984964038
23.085798492882486
23.10148471263756
23.178894153827653
23.190528674229533
23.231341861768662
23.24198443016518
23.277316821886707
23.296750463462963
23.309713467467265
23.35986293578966
23.378656044206696
23.401358587125536
23.43485145592564
23.460624965455224
23.50744156073763
23.56715175828462
23.589061691988213
23.637365943889538
23.67703541404763
23.72415316309604
23.750999088893778
23.78612892676521
23.809418133288123
23.856733629264784
23.880839836142204
23.913912210020232
23.921672141278112
23.974221240494582
24.039418373368825
24.056340505935594
24.0869330046763
24.14202105578538
24.197500701017002
24.216273402031906
24.27392238444941
24.322952023610227
24.35692121149157
24.357244473237593
24.433811907816782
24.474052677737333
24.518106156882403
24.555254507638818
24.610780535936712
24.64423083090911
24.670369917966546
24.68378117903976
24.735668027306247
24.749824332972292
24.790519968051964
24.80624747823869
24.81721934732225
24.885564391577322
24.922782567830314
24.959540734422475
25.01160349256574
25.070732687536314
25.092940441521385
25.142489612432428
25.19312916694874
25.199905875580097
25.223634444726184
25.256066658593188
25.26620708721378
25.327645558342013
25.372578118254765
25.384041101598058
25.438457265016567
25.491846804298284
25.507797426667132
25.544272529349584
25.642476584821075
25.72112476644129
25.78635777070623
25.823571822192797
25.826772574621515
25.881569917740933
25.952510193329456
25.96251456754631
26.00718638974724
26.019126732167262
26.060054725272266
26.106174164924333
26.14280434252601
26.20391936863626
26.241999449238907
26.282003473085897
26.286838975162595
26.332075221766658
26.3487996637956
26.454572298019386
26.477867088728154
26.48521976935066
26.592037067139845
26.60289091155603
26.639932782878752
26.663837196202135
26.689161500493313
26.77483518797231
26.8073833534425
26.843495947418436
26.878440886545494
26.934192288254422
26.987106626177432
27.022218791609394
27.098769050147897
27.150072647171665
27.195893846164363
27.20576558174057
27.223950388018253
27.28701992744998
27.37586023152779
27.397760870474634
27.437451906460893
27.50234837510946
27.514752669020226
27.634640060515327
27.68729229383339
27.72151118818561
27.804517265525416
27.812614212795
27.86795568324066
27.943786912415455
27.971656046997577
27.99714966510496
28.02237813796204
28.134542390478178
28.173544477827203
28.1922795095575
28.217947534851636
28.309740225736977
28.337477163609595
28.411654147481222
28.461393730913304
28.488722609824137
28.56916256410176
28.595993248223753
28.662144532277324
28.691435150316327
28.771893611773372
28.788310676438325
28.827925862631446
28.854507296621055
28.916018301905904
28.988046962380135
29.02733843921693
29.084835243411906
29.101040789948044
29.15192655906886
29.16455231712026
29.260405579160015
29.277431844120237
29.376280476846812
29.449560706422837
29.529148761515717
29.554049269812342
29.60771319437152
29.629010670038813
29.700465095132753
29.747824248732638
29.80094210309698
29.864224834750328
29.901419727390625
29.943773289164163
30.004219841215228
30.057289985429048
30.105071390668407
30.22189673917348
30.227609748866577
30.31400655030913
30.3630922056358
30.45739180319857
30.50451152857658
30.55862736114558
30.64247684831666
30.7411069105926
30.755691260031032
30.83254494210729
30.93490396570773
31.0331186458026
31.07233399651812
31.237608514108267
31.274474358213464
31.522241042599106
31.634332982415078
31.730717965951055
31.82093304468633
31.87388148298619
31.957454365490445
32.19249092295963
32.30461336035133
32.41396856714534
32.698575312164124
32.87488913954284
32.9460464472925
32.95848195571641
33.1339846129041
33.19254116426723
33.31969494263708
33.40986353116073
33.447451640534005
34.38792604239939
34.57021844486269
34.899793279494396
35.0289440994368
