0.7451824866597789
0.8032853864819736
0.952513971413498
0.9939224099634324
1.104705319187679
9.950515206177444
10.239756256061076
10.5746648037012
10.765120039186748
10.876037120867794
10.941498569693922
11.106458665605212
11.209573755116043
11.336616234558734
11.584648229963356
11.620881529034598
11.992185361392742
12.013849887441184
12.068826530987566
12.100939983692795
12.168274997806385
12.251070825098463
12.291460688520266
12.3851602155445
12.42065168060075
12.556836748858357
12.61372156754939
12.67667484511624
12.759256190166147
12.833931844821366
12.926068624152958
12.981047107522445
13.020095331328772
13.105361784350343
13.233956382545406
13.259029195865844
13.302084305831238
13.369282098062431
13.434100076501368
13.467623056452474
13.50743435988473
13.544445768165316
13.617623733073671
13.653244426976102
13.729966013082485
13.773804534856641
13.793566620004238
13.87324966979737
13.933788878404773
13.943786775432942
13.972736638968701
14.024832442214018
14.091131232500752
14.195895096424259
14.233365728750774
14.301186974855506
14.369007425790661
14.401534558741725
14.440658611103274
14.49945385782999
14.531056047215888
14.552576318385256
14.606721524241687
14.645228537073166
14.675527221053173
14.706648474609969
14.763677319498504
14.822027223199546
14.876178121764225
14.911127715754851
14.935154269808047
14.9477937956686
15.042945337069913
15.062424989173444
15.112556094022803
15.136198280368015
15.190946283883154
15.227828679835303
15.266178815426592
15.305663902228895
15.325610180928722
15.36068836707392
15.395227176353924
15.414824928808875
15.479915332738374
15.487758925019875
15.557380403206734
15.62384829815486
15.632171975365026
15.724623448839715
15.73881520324673
15.851569144626612
15.877299594439817
15.914746936845514
15.950530322179759
15.985954433244416
16.010632757674276
16.044671156231367
16.117724537299054
16.126903335156282
16.17279409032711
16.225892960699987
16.25446190615921
16.28359935687756
16.297976433932586
16.328810687927277
16.351241333535583
16.42175287669321
16.503667469129365
16.510695433388694
16.565045338259363
16.572818215632754
16.67232024539526
16.678835316780123
16.759565127499787
16.760901653866036
16.802060869328162
16.81995764824311
16.84611815288375
16.87558910021365
16.90860968842678
16.97482131960272
16.99809824820888
17.05758280865841
17.09329487648623
17.14009441106827
17.173486846994585
17.259368165498408
17.271907923199098
17.29211253543564
17.351285480438868
17.389562209424685
17.399256363564835
17.426625882630077
17.456444762164985
17.468284095515124
17.549905099319904
17.591346772015758
17.622092472207736
17.64000575777899
17.728023010404087
17.75280635509051
17.788551114363194
17.795233493532795
17.863421019079436
17.88379076473685
17.934497600420638
17.992046711220837
18.0266168869732
18.047136156764697
18.087540802160014
18.12046603691147
18.177843229203276
18.209301450289402
18.22385046203321
18.251873870407177
18.303227663299513
18.326635841344782
18.364236146828553
18.380656316203762
18.42785294616564
18.46765966688183
18.508334460907584
18.52859359623341
18.55469522263868
18.581622478313932
18.59066774179074
18.67688720508928
18.68907776012214
18.72699066427614
18.778921799224506
18.804470925986724
18.868541367505
18.899831677872292
18.909698043910982
18.93761766982758
18.994159924105414
19.04252583134466
19.057348875783834
19.091343235157844
19.111076232934746
19.137892176313805
19.1613853646265
19.222273651690358
19.290812943787117
19.30201180495951
19.349933971791796
19.378766181030038
19.407685501485766
19.45574366428154
19.497108235770696
19.526041526498854
19.557228479168202
19.585496713688972
19.62625905774363
19.662472453626673
19.710729342197485
19.726909065951585
19.739091067142688
19.78576294814078
19.791484751743095
19.83826913769752
19.87605831505132
19.964857922204907
19.996563478663973
20.006401783797777
20.029276746619388
20.074294154819896
20.090358908677697
20.12513949521331
20.133188098419023
20.191277855790478
20.196388670221893
20.209577706068277
20.282032702015034
20.31389029375122
20.34720600669676
20.412238809005828
20.43340176953157
20.44899748435351
20.481236978180384
20.53479619291474
20.545695554378238
20.595031829088416
20.629951011616992
20.648387710975804
20.70254312159007
20.750651157230884
20.7943150160409
20.809693796149233
20.831114342281918
20.84140391283472
20.89897318825471
20.91878379667898
20.9775500770548
21.00306130037689
21.0581160385242
21.09276473862739
21.1165655640215
21.138863256200622
21.168327718365028
21.18723478644659
21.25033887396548
21.28750923023754
21.30631476574456
21.333353073869823
21.373854382313283
21.41184282931772
21.466512839757762
21.52480678907652
21.58219415291312
21.62237646697565
21.64065260683925
21.671969402649886
21.70080932358907
21.712929035995856
21.735708968059136
21.76594992965204
21.790259253165836
21.83345265926625
21.86052207747312
21.8928428095506
21.931202432901205
21.97920244145969
21.99906783480734
22.034873339404403
22.065538054281312
22.102755055051826
22.117320493820248
22.14273848732165
22.242381375131654
22.249467177501312
22.28882008336942
22.323738860707305
22.340157302261062
22.38525905429724
22.3963035446079
22.451270153693425
22.48635714729591
22.524746975547014
22.582621756611193
22.587248917944287
22.612543149828543
22.63334409690553
22.699783503293723
22.72045779982166
22.734680406159306
22.77630001041431
22.789092369588577
22.81890599408459
22.89678910368817
22.955766936494083
22.98531954794141
23.01913628006183
23.064376487409245
23.137739077452316
23.173725907058373
23.210420221122536
23.243236997532108
23.273838031375835
23.29632565753257
23.33337219590963
23.363589671689677
23.397869642632468
23.449372670305504
23.48838504197009
23.51822715309109
23.563828615283082
23.58072071281352
23.657132659184263
23.67085974520455
23.69985629988927
23.705780089914526
23.748214367839893
23.818729700110616
23.8448530347458
23.86201848851896
23.86977400258655
23.955964385820522
23.98005149349443
24.01308822482447
24.059254962715226
24.08542063309908
24.13329278918419
24.138969037889463
24.15109764143378
24.204099390182314
24.23598226196165
24.286955982137002
24.331604222089098
24.36756831896191
24.430257353442823
24.44993252641291
24.463255881230268
24.523921972394167
24.526459912421245
24.653804687299676
24.682996209532906
24.713438995528623
24.766885797149833
24.773367932056722
24.811622990473754
24.85045743966312
24.916203358814236
24.941152107976645
24.970553879318672
25.00796756605161
25.063916739252416
25.07894799223796
25.125675978088438
25.15560366393223
25.205537001431324
25.23845987881807
25.26706003787337
25.291454309107785
25.319140043847852
25.34384486021699
25.380095612409995
25.427881179101067
25.50081728739609
25.55513615690172
25.571134643021097
25.624385799712613
25.671194796718915
25.72580142473162
25.780671390078023
25.815349135439686
25.86340904810286
25.91575799463445
25.97026357929911
25.981589015307687
26.003642505200407
26.08801596155344
26.125331756893015
26.146165063316747
26.189953951338904
26.265313634481437
26.32677957445797
26.366495024991966
26.42923283544356
26.471230789617163
26.53758935180964
26.55723360324211
26.595178609500092
26.66135086302015
26.671404564643773
26.73378943979004
26.754373781215143
26.844339904034225
26.88084412332681
26.900251073777756
26.942377992836825
27.000515848157704
27.036866520411778
27.052432829336542
27.16507020794064
27.174632331410145
27.214522525363666
27.296603392176984
27.33321154255146
27.40200662136476
27.41113037578623
27.468928899547482
27.50679813813768
27.520439066249402
27.61800732895483
27.663215928895173
27.727270434372244
27.79586540945984
27.82920195411851
27.924694107493714
27.962444600785492
28.00606019929601
28.03735634499126
28.070771279772753
28.13651498717134
28.205612236831197
28.23802829880437
28.332975946802886
28.364626697391103
28.39287995689267
28.5038389740637
28.540557678032286
28.56910120070999
28.615164995389122
28.63623943775932
28.71832774618474
28.730585869590563
28.780569246170348
28.802167688856994
28.867045999475632
28.94607148459235
28.973898053571773
29.022689651467783
29.070862468688446
29.167178752945397
29.226387985007488
29.275673455737014
29.301250499907177
29.35240154593993
29.414038076749634
29.46292033703993
29.52761738772705
29.594256252514487
29.704141129708994
29.74549364529787
29.854062567922654
29.90099170772614
29.934375956666276
30.024656649485703
30.089452419801194
30.167683650127817
30.248691329389896
30.29283939575226
30.321917394654665
30.396475109853352
30.451589939699517
30.539830465811264
30.55805818027205
30.66021494302485
30.744598488643145
30.773807112798476
30.875046400577077
30.941893956859456
31.008106702820896
31.175912166870816
31.190609139061824
31.340579139539916
31.40159579653928
31.567218276395053
31.69622395399773
31.830954220392567
31.87040679266329
31.928119804905943
32.09112610405373
32.13150323907626
32.2266682561942
32.27360814324703
32.35339464931859
32.42008940174412
32.546506370111544
32.59889625873191
32.619694114025144
32.678822955046684
32.77491967611584
32.88985626917068
33.21384340717547
33.32224937759276
33.42925324518131
33.506146908625944
33.690680346624724
34.17615817267554
34.306252334796824
34.83947290831864
34.949943001541264
35.10708416621759
36.12183682739318
38.19913238299363
39.15003110530664
0.7451824866597789
0.8032853864819736
0.952513971413498
0.9939224099634324
1.104705319187679
9.950515206177444
10.239756256061076
10.5746648037012
10.765120039186748
10.876037120867794
10.941498569693922
11.106458665605212
11.209573755116043
11.336616234558734
11.584648229963356
11.620881529034598
11.992185361392742
12.013849887441184
12.068826530987566
12.100939983692795
12.168274997806385
12.251070825098463
12.291460688520266
12.3851602155445
12.42065168060075
12.556836748858357
12.61372156754939
12.67667484511624
12.759256190166147
12.833931844821366
12.926068624152958
12.981047107522445
13.020095331328772
13.105361784350343
13.233956382545406
13.259029195865844
13.302084305831238
13.369282098062431
13.434100076501368
13.467623056452474
13.50743435988473
13.544445768165316
13.617623733073671
13.653244426976102
13.729966013082485
13.773804534856641
13.793566620004238
13.87324966979737
13.933788878404773
13.943786775432942
13.972736638968701
14.024832442214018
14.091131232500752
14.195895096424259
14.233365728750774
14.301186974855506
14.369007425790661
14.401534558741725
14.440658611103274
14.49945385782999
14.531056047215888
14.552576318385256
14.606721524241687
14.645228537073166
14.675527221053173
14.706648474609969
14.763677319498504
14.822027223199546
14.876178121764225
14.911127715754851
14.935154269808047
14.9477937956686
15.042945337069913
15.062424989173444
15.112556094022803
15.136198280368015
15.190946283883154
15.227828679835303
15.266178815426592
15.305663902228895
15.325610180928722
15.36068836707392
15.395227176353924
15.414824928808875
15.479915332738374
15.487758925019875
15.557380403206734
15.62384829815486
15.632171975365026
15.724623448839715
15.73881520324673
15.851569144626612
15.877299594439817
15.914746936845514
15.950530322179759
15.985954433244416
16.010632757674276
16.044671156231367
16.117724537299054
16.126903335156282
16.17279409032711
16.225892960699987
16.25446190615921
16.28359935687756
16.297976433932586
16.328810687927277
16.351241333535583
16.42175287669321
16.503667469129365
16.510695433388694
16.565045338259363
16.572818215632754
16.67232024539526
16.678835316780123
16.759565127499787
16.760901653866036
16.802060869328162
16.81995764824311
16.84611815288375
16.87558910021365
16.90860968842678
16.97482131960272
16.99809824820888
17.05758280865841
17.09329487648623
17.14009441106827
17.173486846994585
17.259368165498408
17.271907923199098
17.29211253543564
17.351285480438868
17.389562209424685
17.399256363564835
17.426625882630077
17.456444762164985
17.468284095515124
17.549905099319904
17.591346772015758
17.622092472207736
17.64000575777899
17.728023010404087
17.75280635509051
17.788551114363194
17.795233493532795
17.863421019079436
17.88379076473685
17.934497600420638
17.992046711220837
18.0266168869732
18.047136156764697
18.087540802160014
18.12046603691147
18.177843229203276
18.209301450289402
18.22385046203321
18.251873870407177
18.303227663299513
18.326635841344782
18.364236146828553
18.380656316203762
18.42785294616564
18.46765966688183
18.508334460907584
18.52859359623341
18.55469522263868
18.581622478313932
18.59066774179074
18.67688720508928
18.68907776012214
18.72699066427614
18.778921799224506
18.804470925986724
18.868541367505
18.899831677872292
18.909698043910982
18.93761766982758
18.994159924105414
19.04252583134466
19.057348875783834
19.091343235157844
19.111076232934746
19.137892176313805
19.1613853646265
19.222273651690358
19.290812943787117
19.30201180495951
19.349933971791796
19.378766181030038
19.407685501485766
19.45574366428154
19.497108235770696
19.526041526498854
19.557228479168202
19.585496713688972
19.62625905774363
19.662472453626673
19.710729342197485
19.726909065951585
19.739091067142688
19.78576294814078
19.791484751743095
19.83826913769752
19.87605831505132
19.964857922204907
19.996563478663973
20.006401783797777
20.029276746619388
20.074294154819896
20.090358908677697
20.12513949521331
20.133188098419023
20.191277855790478
20.196388670221893
20.209577706068277
20.282032702015034
20.31389029375122
20.34720600669676
20.412238809005828
20.43340176953157
20.44899748435351
20.481236978180384
20.53479619291474
20.545695554378238
20.595031829088416
20.629951011616992
20.648387710975804
20.70254312159007
20.750651157230884
20.7943150160409
20.809693796149233
20.831114342281918
20.84140391283472
20.89897318825471
20.91878379667898
20.9775500770548
21.00306130037689
21.0581160385242
21.09276473862739
21.1165655640215
21.138863256200622
21.168327718365028
21.18723478644659
21.25033887396548
21.28750923023754
21.30631476574456
21.333353073869823
21.373854382313283
21.41184282931772
21.466512839757762
21.52480678907652
21.58219415291312
21.62237646697565
21.64065260683925
21.671969402649886
21.70080932358907
21.712929035995856
21.735708968059136
21.76594992965204
21.790259253165836
21.83345265926625
21.86052207747312
21.8928428095506
21.931202432901205
21.97920244145969
21.99906783480734
22.034873339404403
22.065538054281312
22.102755055051826
22.117320493820248
22.14273848732165
22.242381375131654
22.249467177501312
22.28882008336942
22.323738860707305
22.340157302261062
22.38525905429724
22.3963035446079
22.451270153693425
22.48635714729591
22.524746975547014
22.582621756611193
22.587248917944287
22.612543149828543
22.63334409690553
22.699783503293723
22.72045779982166
22.734680406159306
22.77630001041431
22.789092369588577
22.81890599408459
22.89678910368817
22.955766936494083
22.98531954794141
23.01913628006183
23.064376487409245
23.137739077452316
23.173725907058373
23.210420221122536
23.243236997532108
23.273838031375835
23.29632565753257
23.33337219590963
23.363589671689677
23.397869642632468
23.449372670305504
23.48838504197009
23.51822715309109
23.563828615283082
23.58072071281352
23.657132659184263
23.67085974520455
23.69985629988927
23.705780089914526
23.748214367839893
23.818729700110616
23.8448530347458
23.86201848851896
23.86977400258655
23.955964385820522
23.98005149349443
24.01308822482447
24.059254962715226
24.08542063309908
24.13329278918419
24.138969037889463
24.15109764143378
24.204099390182314
24.23598226196165
24.286955982137002
24.331604222089098
24.36756831896191
24.430257353442823
24.44993252641291
24.463255881230268
24.523921972394167
24.526459912421245
24.653804687299676
24.682996209532906
24.713438995528623
24.766885797149833
24.773367932056722
24.811622990473754
24.85045743966312
24.916203358814236
24.941152107976645
24.970553879318672
25.00796756605161
25.063916739252416
25.07894799223796
25.125675978088438
25.15560366393223
25.205537001431324
25.23845987881807
25.26706003787337
25.291454309107785
25.319140043847852
25.34384486021699
25.380095612409995
25.427881179101067
25.50081728739609
25.55513615690172
25.571134643021097
25.624385799712613
25.671194796718915
25.72580142473162
25.780671390078023
25.815349135439686
25.86340904810286
25.91575799463445
25.97026357929911
25.981589015307687
26.003642505200407
26.08801596155344
26.125331756893015
26.146165063316747
26.189953951338904
26.265313634481437
26.32677957445797
26.366495024991966
26.42923283544356
26.471230789617163
26.53758935180964
26.55723360324211
26.595178609500092
26.66135086302015
26.671404564643773
26.73378943979004
26.754373781215143
26.844339904034225
26.88084412332681
26.900251073777756
26.942377992836825
27.000515848157704
27.036866520411778
27.052432829336542
27.16507020794064
27.174632331410145
27.214522525363666
27.296603392176984
27.33321154255146
27.40200662136476
27.41113037578623
27.468928899547482
27.50679813813768
27.520439066249402
27.61800732895483
27.663215928895173
27.727270434372244
27.79586540945984
27.82920195411851
27.924694107493714
27.962444600785492
28.00606019929601
28.03735634499126
28.070771279772753
28.13651498717134
28.205612236831197
28.23802829880437
28.332975946802886
28.364626697391103
28.39287995689267
28.5038389740637
28.540557678032286
28.56910120070999
28.615164995389122
28.63623943775932
28.71832774618474
28.730585869590563
28.780569246170348
28.802167688856994
28.867045999475632
28.94607148459235
28.973898053571773
29.022689651467783
29.070862468688446
29.167178752945397
29.226387985007488
29.275673455737014
29.301250499907177
29.35240154593993
29.414038076749634
29.46292033703993
29.52761738772705
29.594256252514487
29.704141129708994
29.74549364529787
29.854062567922654
29.90099170772614
29.934375956666276
30.024656649485703
30.089452419801194
30.167683650127817
30.248691329389896
30.29283939575226
30.321917394654665
30.396475109853352
30.451589939699517
30.539830465811264
30.55805818027205
30.66021494302485
30.744598488643145
30.773807112798476
30.875046400577077
30.941893956859456
31.008106702820896
31.175912166870816
31.190609139061824
31.340579139539916
31.40159579653928
31.567218276395053
31.69622395399773
31.830954220392567
31.87040679266329
31.928119804905943
32.09112610405373
32.13150323907626
32.2266682561942
32.27360814324703
32.35339464931859
32.42008940174412
32.546506370111544
32.59889625873191
32.619694114025144
32.678822955046684
32.77491967611584
32.88985626917068
33.21384340717547
33.32224937759276
33.42925324518131
33.506146908625944
33.690680346624724
34.17615817267554
34.306252334796824
34.83947290831864
34.949943001541264
35.10708416621759
36.12183682739318
38.19913238299363
39.15003110530664
