0.7799650224792191
0.866810970889802
0.9535687892909667
0.9758279113634072
1.0225667260147424
8.39158319125702
10.726223228364494
10.747856975491342
10.772374840599932
11.169348131498584
11.41621354375223
11.57484093373584
11.745963926201163
11.98652519152639
11.997719463613798
12.038653637225364
12.054406092218821
12.151047734390167
12.194567957694822
12.405329254348578
12.450716190349544
12.505098773130713
12.563425189215934
12.57720036511578
12.649513853097472
12.710484566789864
12.714916115437356
12.774865777060942
12.801459931551475
12.870064581018807
12.917263108493055
12.99866079646562
13.064831171067581
13.118670154677377
13.184086990633904
13.216775634838603
13.271937401359526
13.383321615176445
13.42909573045917
13.510704743730123
13.54164534009706
13.578512542457942
13.641030572144368
13.664008982481299
13.707829856713989
13.809243612888164
13.864012039278789
13.882341431905365
13.99284722343492
14.003972655544507
14.064851397116888
14.119050879564732
14.14240634382744
14.146325554871366
14.243382115112205
14.25560150585608
14.31822519473276
14.33511643525708
14.374098000013134
14.402430479977468
14.450391449855163
14.454667214221887
14.515074983233536
14.638022150337214
14.716918068278906
14.722096574404315
14.746790204713008
14.801294561590751
14.854799047876702
14.867865768599923
14.902364552154445
14.919466200886855
14.968488272461483
15.005983183887388
15.049586209507464
15.068169200218922
15.118673855860402
15.151143013684688
15.169528187489126
15.220287846843254
15.314783333173155
15.395894331380541
15.412288358405545
15.447160055928359
15.489123165749378
15.507731629568164
15.567178005548794
15.579965460682057
15.626996814969619
15.675918178497541
15.740880737758372
15.744608273892592
15.800271522943838
15.814714970618317
15.866723683393252
15.882306563131595
15.92937429391595
15.953430338269397
15.997064998368877
16.023527760295824
16.04125583075545
16.069831992599042
16.090790729128003
16.09226417965269
16.171961374870154
16.217695557786122
16.27439721679725
16.312607527446943
16.332392083876595
16.349236615406877
16.40116968783202
16.45266521647474
16.500137154622404
16.514975010491106
16.53627253437309
16.6148096805011
16.643878024886387
16.668758064270488
16.713285254328873
16.760089581322685
16.785694296208337
16.86537232006071
16.875891622761817
16.953435561597427
16.99864028351885
17.007927285854777
17.052462603296156
17.065378736311057
17.11986260660203
17.147217881597225
17.20481727665401
17.238950881557976
17.26218730230462
17.333304565871096
17.382409612693312
17.428321846806515
17.43767367708683
17.48012927280956
17.486116213449286
17.515127702999237
17.566537696218866
17.587024465033604
17.63589354932894
17.68985676907087
17.721804976088325
17.774018010189927
17.824677146832045
17.862322055303117
17.8895129005192
17.92133058586016
17.929127725861207
17.98225784039803
18.03463888247161
18.080619468028658
18.10048172058402
18.1336746470827
18.161735359277788
18.205409742950184
18.22198382773782
18.275584962752266
18.28821770860435
18.308171847222443
18.387782238191566
18.402648505879082
18.43535400639756
18.470209856271165
18.50884124308593
18.52765049918373
18.604556455502728
18.632864456159254
18.658988475663573
18.675827983946068
18.710256349074854
18.727598562786994
18.765247386536718
18.848414312436056
18.87252038239277
18.88577289683636
18.923686627942654
18.956275605258107
18.99612140739672
19.033712423687707
19.042154849071178
19.09517958916177
19.13435628410442
19.142054864226424
19.170474837277276
19.203026867405544
19.276161782333123
19.301808108694047
19.331796088782344
19.35697587798143
19.426742740888397
19.429668633499777
19.480525268071364
19.533838889315607
19.549311884308693
19.6082537690246
19.62364460637889
19.672511898673495
19.688923628541797
19.728542894943235
19.7420121900078
19.7702673313221
19.850003661279132
19.87306054538865
19.89947127141701
19.91368913128391
20.004590261448737
20.03363568943948
20.063838083092676
20.094574819762677
20.14058181229221
20.163219140919747
20.191630440828533
20.226802685139223
20.23749517947784
20.25544313999683
20.308958319980285
20.33034702275589
20.38429147439277
20.41776777084033
20.465693219694337
20.50609443886502
20.539694596755076
20.54669068100087
20.585204296219253
20.608087106121467
20.638880729004057
20.68067688528703
20.710277804476704
20.74106402383956
20.767530552950664
20.800567713007666
20.837677239534436
20.867368025310032
20.895158433420676
20.916055747680897
20.960515380729703
20.99480166848358
21.031861428951096
21.039716848115365
21.107151060062662
21.127586349476196
21.14658223752659
21.189089095118288
21.219143657328175
21.290362517985972
21.319903166507284
21.37152009144984
21.405300831431326
21.44929514118616
21.459102083951393
21.495695673664663
21.54372094721393
21.558311418773567
21.598399035788425
21.670569929323907
21.688641342375217
21.718065723833956
21.755102616405384
21.8105649590732
21.82479902157703
21.868701185308574
21.873863339209315
21.957217775219853
21.968555959116703
22.03432606996111
22.047382009296328
22.128427374857758
22.14478549072327
22.176502431001982
22.19376020959869
22.21828491403966
22.263101763976056
22.296154509381513
22.34159722588476
22.34884447311927
22.419639619184547
22.474665615774576
22.5208166608872
22.526472913115096
22.572020575126306
22.591085074543102
22.623158397353734
22.646235531488056
22.720445681498227
22.74859896033757
22.77347021412875
22.810865399440612
22.837644823456433
22.867343090955178
22.913368947340157
23.000601322918612
23.0097637512082
23.032431811713398
23.055833638567385
23.114344341579443
23.1496223380442
23.182173371763966
23.210578034222625
23.23633456458528
23.317331644701994
23.349541720431287
23.381911353692505
23.44397968941953
23.46242881833152
23.474192029325366
23.541866366080622
23.555582419873016
23.572717217639852
23.615968688129588
23.640347755357464
23.725212632808628
23.751251039242653
23.799408866348887
23.821096772615725
23.844979499743438
23.915701305828016
23.92303142704412
23.96469870435916
23.9944787400012
24.110473532430795
24.137563441941747
24.157901052276173
24.17234761096149
24.200961743203678
24.232502177373355
24.25738433025979
24.29048609604874
24.37794674775333
24.413466694532886
24.417993083790208
24.438012143033195
24.479183570794593
24.52553201838207
24.544009695859376
24.594041819045913
24.62751593743912
24.666061623117375
24.694920527672494
24.706457169547306
24.774516457553414
24.810349573156255
24.851159739268063
24.872262077738416
24.925496342894682
24.96399261723642
25.017058774061766
25.053833509039475
25.08412702699643
25.106343357394827
25.141957902888915
25.15558790352631
25.193232258186534
25.264204197031138
25.29515713762388
25.32487739469512
25.376460853994043
25.433382578641567
25.47186015362531
25.48207185161819
25.563193973181207
25.59131001117914
25.639280782422855
25.698568608372703
25.712193749205092
25.72974147844016
25.858101087780913
25.882984273974618
25.8876843469306
25.925197695660998
25.968907430817758
25.996527529479827
26.078193839576386
26.097888680847014
26.112003610922752
26.186862848786603
26.21461849637422
26.23733976677881
26.325980874204024
26.35981018291409
26.387309336072928
26.43815918806589
26.508761980797455
26.526667229057217
26.558532523943434
26.64393632370768
26.65473007014015
26.72495814448579
26.769514002553006
26.807018499896646
26.83582496624171
26.91650157575689
26.976109374251205
27.045488663011135
27.097033108858177
27.108016068212454
27.11741381025455
27.137946002550702
27.157326435941712
27.199945935233917
27.311850112540597
27.333729222280404
27.38733622349801
27.39492334824141
27.43422776522792
27.447740914929998
27.48453336494011
27.524284499505466
27.55342996341569
27.668785048796682
27.711915016361647
27.72983786872836
27.786660655750214
27.814075312236792
27.87823806161453
27.924331180462172
27.96629788349933
28.045522244039127
28.071982735664214
28.11796002583565
28.154580843920584
28.19334207088281
28.320740584829462
28.337931030683656
28.432223882306637
28.467574920855444
28.52161102001372
28.58508623714759
28.600586217093838
28.64844808605443
28.696172638748365
28.76714520328002
28.79479064415862
28.83240781624917
28.88134445868963
28.942160235879893
29.028363878559723
29.071934271419618
29.173146418135385
29.19614774611836
29.260273348881046
29.28805887453802
29.375270040197368
29.410538148648733
29.466778928430273
29.534947726661894
29.594936992608268
29.606230377933244
29.643455628128706
29.706337456067686
29.835212422189972
29.873971944667105
29.897533874923134
29.945067260338533
30.006236597728357
30.033567923899177
30.085608437381644
30.149775955313274
30.23845808411733
30.29045563004754
30.309516565702307
30.43811819008813
30.478574973588007
30.598221275530783
30.66252331079253
30.684617280546195
30.814477049478846
30.874282642172695
30.9287816098735
31.02234394351762
31.114528635373944
31.136952457578904
31.248492606885105
31.326853602039105
31.390900470669976
31.473495943269487
31.564369633817314
31.60226903004424
31.791667357857175
31.796108231959696
31.99834834677244
32.0495220609628
32.16018302693023
32.30338026864301
32.38219974840339
32.47173996271259
32.53351762547907
32.81209949950813
33.14022860574975
33.1927041795724
33.484618422664674
33.59914546714017
33.669058788784184
33.746666694112065
33.94129051705582
35.55023411132127
35.83509634742959
0.7799650224792191
0.866810970889802
0.9535687892909667
0.9758279113634072
1.0225667260147424
8.39158319125702
10.726223228364494
10.747856975491342
10.772374840599932
11.169348131498584
11.41621354375223
11.57484093373584
11.745963926201163
11.98652519152639
11.997719463613798
12.038653637225364
12.054406092218821
12.151047734390167
12.194567957694822
12.405329254348578
12.450716190349544
12.505098773130713
12.563425189215934
12.57720036511578
12.649513853097472
12.710484566789864
12.714916115437356
12.774865777060942
12.801459931551475
12.870064581018807
12.917263108493055
12.99866079646562
13.064831171067581
13.118670154677377
13.184086990633904
13.216775634838603
13.271937401359526
13.383321615176445
13.42909573045917
13.510704743730123
13.54164534009706
13.578512542457942
13.641030572144368
13.664008982481299
13.707829856713989
13.809243612888164
13.864012039278789
13.882341431905365
13.99284722343492
14.003972655544507
14.064851397116888
14.119050879564732
14.14240634382744
14.146325554871366
14.243382115112205
14.25560150585608
14.31822519473276
14.33511643525708
14.374098000013134
14.402430479977468
14.450391449855163
14.454667214221887
14.515074983233536
14.638022150337214
14.716918068278906
14.722096574404315
14.746790204713008
14.801294561590751
14.854799047876702
14.867865768599923
14.902364552154445
14.919466200886855
14.968488272461483
15.005983183887388
15.049586209507464
15.068169200218922
15.118673855860402
15.151143013684688
15.169528187489126
15.220287846843254
15.314783333173155
15.395894331380541
15.412288358405545
15.447160055928359
15.489123165749378
15.507731629568164
15.567178005548794
15.579965460682057
15.626996814969619
15.675918178497541
15.740880737758372
15.744608273892592
15.800271522943838
15.814714970618317
15.866723683393252
15.882306563131595
15.92937429391595
15.953430338269397
15.997064998368877
16.023527760295824
16.04125583075545
16.069831992599042
16.090790729128003
16.09226417965269
16.171961374870154
16.217695557786122
16.27439721679725
16.312607527446943
16.332392083876595
16.349236615406877
16.40116968783202
16.45266521647474
16.500137154622404
16.514975010491106
16.53627253437309
16.6148096805011
16.643878024886387
16.668758064270488
16.713285254328873
16.760089581322685
16.785694296208337
16.86537232006071
16.875891622761817
16.953435561597427
16.99864028351885
17.007927285854777
17.052462603296156
17.065378736311057
17.11986260660203
17.147217881597225
17.20481727665401
17.238950881557976
17.26218730230462
17.333304565871096
17.382409612693312
17.428321846806515
17.43767367708683
17.48012927280956
17.486116213449286
17.515127702999237
17.566537696218866
17.587024465033604
17.63589354932894
17.68985676907087
17.721804976088325
17.774018010189927
17.824677146832045
17.862322055303117
17.8895129005192
17.92133058586016
17.929127725861207
17.98225784039803
18.03463888247161
18.080619468028658
18.10048172058402
18.1336746470827
18.161735359277788
18.205409742950184
18.22198382773782
18.275584962752266
18.28821770860435
18.308171847222443
18.387782238191566
18.402648505879082
18.43535400639756
18.470209856271165
18.50884124308593
18.52765049918373
18.604556455502728
18.632864456159254
18.658988475663573
18.675827983946068
18.710256349074854
18.727598562786994
18.765247386536718
18.848414312436056
18.87252038239277
18.88577289683636
18.923686627942654
18.956275605258107
18.99612140739672
19.033712423687707
19.042154849071178
19.09517958916177
19.13435628410442
19.142054864226424
19.170474837277276
19.203026867405544
19.276161782333123
19.301808108694047
19.331796088782344
19.35697587798143
19.426742740888397
19.429668633499777
19.480525268071364
19.533838889315607
19.549311884308693
19.6082537690246
19.62364460637889
19.672511898673495
19.688923628541797
19.728542894943235
19.7420121900078
19.7702673313221
19.850003661279132
19.87306054538865
19.89947127141701
19.91368913128391
20.004590261448737
20.03363568943948
20.063838083092676
20.094574819762677
20.14058181229221
20.163219140919747
20.191630440828533
20.226802685139223
20.23749517947784
20.25544313999683
20.308958319980285
20.33034702275589
20.38429147439277
20.41776777084033
20.465693219694337
20.50609443886502
20.539694596755076
20.54669068100087
20.585204296219253
20.608087106121467
20.638880729004057
20.68067688528703
20.710277804476704
20.74106402383956
20.767530552950664
20.800567713007666
20.837677239534436
20.867368025310032
20.895158433420676
20.916055747680897
20.960515380729703
20.99480166848358
21.031861428951096
21.039716848115365
21.107151060062662
21.127586349476196
21.14658223752659
21.189089095118288
21.219143657328175
21.290362517985972
21.319903166507284
21.37152009144984
21.405300831431326
21.44929514118616
21.459102083951393
21.495695673664663
21.54372094721393
21.558311418773567
21.598399035788425
21.670569929323907
21.688641342375217
21.718065723833956
21.755102616405384
21.8105649590732
21.82479902157703
21.868701185308574
21.873863339209315
21.957217775219853
21.968555959116703
22.03432606996111
22.047382009296328
22.128427374857758
22.14478549072327
22.176502431001982
22.19376020959869
22.21828491403966
22.263101763976056
22.296154509381513
22.34159722588476
22.34884447311927
22.419639619184547
22.474665615774576
22.5208166608872
22.526472913115096
22.572020575126306
22.591085074543102
22.623158397353734
22.646235531488056
22.720445681498227
22.74859896033757
22.77347021412875
22.810865399440612
22.837644823456433
22.867343090955178
22.913368947340157
23.000601322918612
23.0097637512082
23.032431811713398
23.055833638567385
23.114344341579443
23.1496223380442
23.182173371763966
23.210578034222625
23.23633456458528
23.317331644701994
23.349541720431287
23.381911353692505
23.44397968941953
23.46242881833152
23.474192029325366
23.541866366080622
23.555582419873016
23.572717217639852
23.615968688129588
23.640347755357464
23.725212632808628
23.751251039242653
23.799408866348887
23.821096772615725
23.844979499743438
23.915701305828016
23.92303142704412
23.96469870435916
23.9944787400012
24.110473532430795
24.137563441941747
24.157901052276173
24.17234761096149
24.200961743203678
24.232502177373355
24.25738433025979
24.29048609604874
24.37794674775333
24.413466694532886
24.417993083790208
24.438012143033195
24.479183570794593
24.52553201838207
24.544009695859376
24.594041819045913
24.62751593743912
24.666061623117375
24.694920527672494
24.706457169547306
24.774516457553414
24.810349573156255
24.851159739268063
24.872262077738416
24.925496342894682
24.96399261723642
25.017058774061766
25.053833509039475
25.08412702699643
25.106343357394827
25.141957902888915
25.15558790352631
25.193232258186534
25.264204197031138
25.29515713762388
25.32487739469512
25.376460853994043
25.433382578641567
25.47186015362531
25.48207185161819
25.563193973181207
25.59131001117914
25.639280782422855
25.698568608372703
25.712193749205092
25.72974147844016
25.858101087780913
25.882984273974618
25.8876843469306
25.925197695660998
25.968907430817758
25.996527529479827
26.078193839576386
26.097888680847014
26.112003610922752
26.186862848786603
26.21461849637422
26.23733976677881
26.325980874204024
26.35981018291409
26.387309336072928
26.43815918806589
26.508761980797455
26.526667229057217
26.558532523943434
26.64393632370768
26.65473007014015
26.72495814448579
26.769514002553006
26.807018499896646
26.83582496624171
26.91650157575689
26.976109374251205
27.045488663011135
27.097033108858177
27.108016068212454
27.11741381025455
27.137946002550702
27.157326435941712
27.199945935233917
27.311850112540597
27.333729222280404
27.38733622349801
27.39492334824141
27.43422776522792
27.447740914929998
27.48453336494011
27.524284499505466
27.55342996341569
27.668785048796682
27.711915016361647
27.72983786872836
27.786660655750214
27.814075312236792
27.87823806161453
27.924331180462172
27.96629788349933
28.045522244039127
28.071982735664214
28.11796002583565
28.154580843920584
28.19334207088281
28.320740584829462
28.337931030683656
28.432223882306637
28.467574920855444
28.52161102001372
28.58508623714759
28.600586217093838
28.64844808605443
28.696172638748365
28.76714520328002
28.79479064415862
28.83240781624917
28.88134445868963
28.942160235879893
29.028363878559723
29.071934271419618
29.173146418135385
29.19614774611836
29.260273348881046
29.28805887453802
29.375270040197368
29.410538148648733
29.466778928430273
29.534947726661894
29.594936992608268
29.606230377933244
29.643455628128706
29.706337456067686
29.835212422189972
29.873971944667105
29.897533874923134
29.945067260338533
30.006236597728357
30.033567923899177
30.085608437381644
30.149775955313274
30.23845808411733
30.29045563004754
30.309516565702307
30.43811819008813
30.478574973588007
30.598221275530783
30.66252331079253
30.684617280546195
30.814477049478846
30.874282642172695
30.9287816098735
31.02234394351762
31.114528635373944
31.136952457578904
31.248492606885105
31.326853602039105
31.390900470669976
31.473495943269487
31.564369633817314
31.60226903004424
31.791667357857175
31.796108231959696
31.99834834677244
32.0495220609628
32.16018302693023
32.30338026864301
32.38219974840339
32.47173996271259
32.53351762547907
32.81209949950813
33.14022860574975
33.1927041795724
33.484618422664674
33.59914546714017
33.669058788784184
33.746666694112065
33.94129051705582
35.55023411132127
35.83509634742959
