0.7299870021596777
0.7655849182518878
0.830169085281467
0.8795328861185866
0.9086225670866779
0.9569958618482708
1.0026856310785928
1.0840584621907077
1.30372062867741
4.419696265695522
4.559363619318612
4.934326034066913
5.061227694663288
5.2407627927405
5.306187211350905
5.47628994863424
5.505215896359948
5.529680697513038
5.587678871047279
5.719158048693988
5.768349071778526
5.981557713149066
6.018053441973492
6.022764494281734
6.050190129701657
6.191848821033753
6.225412094351344
6.365041782806755
6.392179074064526
6.499762067581793
6.545208118823265
6.5873943823562655
6.614685276240412
6.7083245030425465
6.762907702151223
6.772688456905897
6.912570539574574
6.949583333257954
6.975011566982422
7.03742839504394
7.092639154762868
7.1111363385021065
7.165946962820009
7.196890039107639
7.21626237015707
7.276235686962176
7.308863897711906
7.3275794232047
7.355123291172001
7.381444008340902
7.399942340511081
7.441577436170204
7.517976712402032
7.549471485677004
7.633584173021033
7.646295110101098
7.685870215017234
7.751105648225711
7.7844258158038375
7.8223273220676
7.856377612145343
7.891690747236882
7.92855137413453
7.970833362228315
8.003780460832633
8.02293336670844
8.031648786491703
8.12244830679324
8.141196500374987
8.158255759174814
8.177220125290697
8.215926740123482
8.241184142866018
8.275558960840677
8.315774199051033
8.336714009566796
8.34911147734242
8.405464333469718
8.430084986334494
8.468117520356012
8.485522837039245
8.501950857805186
8.527274027015071
8.587565937960303
8.596058793635361
8.627381071511307
8.649906319474
8.698758531684309
8.741203949056409
8.760498754492183
8.787076536153364
8.788764312442838
8.8318785042975
8.878487482332364
8.902246497675717
8.911512569116203
8.9511723482091
8.982512957772641
9.02078335262018
9.038000289236635
9.10756013636789
9.138038973936768
9.15235826569627
9.166813976369731
9.184361243548427
9.197970765299582
9.252603821547602
9.279344767751132
9.309008193654408
9.3363401838866
9.367576721120345
9.393522107229169
9.405625896406494
9.408383498118551
9.454775444290162
9.469352893013262
9.49417916050245
9.544042179657088
9.559547489124963
9.601146204179928
9.625735993219136
9.63695742239133
9.681872334059758
9.737192879659073
9.759108337881017
9.7880113139473
9.82403417510082
9.8341808897247
9.891038221398862
9.918302238491085
9.950227855007876
9.98571626265808
10.00175404448299
10.016363137839123
10.061014298604375
10.08065309147158
10.136709913327957
10.160233639589126
10.19379588453722
10.21936784920009
10.256163967200116
10.273583010316658
10.319439076512579
10.347257468795727
10.358099404162456
10.37853424840122
10.401038630901814
10.428262330807181
10.467233464772661
10.470204080123565
10.49608720176587
10.540494237606927
10.551192872534395
10.57981545411215
10.590032784587903
10.615218293111043
10.660088674836146
10.6730066819936
10.685199762045665
10.724865484905017
10.775683443996774
10.78929183309111
10.816405715879167
10.827399332851067
10.873790127080591
10.878460241660902
10.924897411224336
10.968398503079536
10.976620871347672
11.012689750879481
11.022058282081021
11.072568798202683
11.109723568476767
11.156310806314545
11.176438802069866
11.216040175090916
11.239169443007421
11.271105177504284
11.306293303444095
11.310829063734289
11.343322393754551
11.372292141106847
11.374761315568255
11.419334283514427
11.43622155536719
11.463563825371741
11.508232164732824
11.524016381859642
11.524683376844909
11.557553184103623
11.582858098884653
11.626045246329305
11.635673896497273
11.687773363725194
11.718466789209835
11.751249338782124
11.762131527588378
11.777897166686742
11.803859003913184
11.830593772718277
11.909265156140107
11.940758903414139
11.96080102461545
11.98299052388089
11.996977011250904
12.014049348482956
12.030660594831726
12.082070389134683
12.09904434054715
12.122794239378988
12.157615784804632
12.182023123739791
12.2139682360739
12.259285620251188
12.286934395515793
12.295268618137044
12.308559528894829
12.334801631119173
12.365847207996216
12.379485416555967
12.407845501703294
12.443692216177414
12.473073179977117
12.493033052679662
12.50215400501243
12.54195625666509
12.54958338904597
12.582907989960544
12.61026793105104
12.66927035182987
12.704077629655519
12.720401871027912
12.751148689145039
12.791825154245586
12.859900233404145
12.869879702742935
12.891435374110905
12.909014504120666
12.953325790873192
12.97078029179418
13.000844779553097
13.033197577010831
13.06422805038795
13.075287649929352
13.08876088072862
13.111902137934363
13.141642133225348
13.19597279323677
13.211545024160383
13.22545180109986
13.241974650164881
13.277852713537582
13.310799465409062
13.369205774959967
13.4072028153474
13.426334594443396
13.447480110587916
13.481306953190662
13.536257564669711
13.5487374003187
13.578649092802932
13.588385103116364
13.622993540838461
13.64441250401649
13.678292713103797
13.72382740987101
13.739394816610739
13.767793564126455
13.804354389760853
13.828466779593697
13.844331411959438
13.885697376435257
13.914029052594433
13.938587045497231
13.951195487391495
13.982328203232973
14.01464098317359
14.039228414068285
14.058229614668868
14.102331092202858
14.12206016004809
14.130524658113123
14.168112898002622
14.18729872147064
14.218424554470117
14.241870309813972
14.298869173064965
14.331412601690813
14.342624124665102
14.375191102156505
14.402846520701026
14.431019102345747
14.465965098329685
14.486278586717692
14.536263397011412
14.549089684139293
14.558218077035047
14.578469773206725
14.622547290963194
14.66378932114103
14.693862572274632
14.720043100780284
14.740133050923282
14.748410939136306
14.79975140008718
14.81654871572086
14.845064964790456
14.893695419119233
14.905580133026735
14.943998331010782
14.990679230946517
15.018737664109537
15.03296299613153
15.073451525290867
15.122899042403331
15.15375673564588
15.188840385947332
15.218264112123304
15.24197144653741
15.273689913142453
15.290493651229326
15.348599969141421
15.368685839501586
15.377656513874946
15.40001058108213
15.48242571454028
15.49698942454138
15.530295496214016
15.55181832637959
15.571338437821613
15.622471019875642
15.648978364308627
15.692491439836765
15.703880026827989
15.71506759383317
15.746599222078496
15.803295500558376
15.857792306275659
15.875401895972418
15.921124043084472
15.92653556228313
15.963119624844198
15.976434369388109
16.022146545008844
16.02905089536526
16.0594190046468
16.088774875488298
16.161567915918532
16.184613816645353
16.212305413333688
16.25647169188068
16.308626503304243
16.336827727630467
16.357602966768553
16.400492484473045
16.416140970905097
16.437755095181533
16.479172656189487
16.507939078420485
16.569447243965474
16.579937460097298
16.625723363649044
16.673772578391922
16.702033086768623
16.714784587935153
16.749281873614255
16.780890053922967
16.78465609376866
16.83270419881309
16.874800873015193
16.943949183652094
16.9520905632362
16.980138685708
16.99218639725166
17.013077441795126
17.047426202471
17.11984690673533
17.162043296308664
17.20199897304193
17.23547615613827
17.25703314385164
17.277205889086808
17.29234826312541
17.375894504333406
17.404208683489777
17.426710599311445
17.444835775144302
17.470739437950396
17.519648422188226
17.58816493280631
17.600916032090336
17.636134240557396
17.67315462468228
17.691915312826858
17.73834220948372
17.760325374156764
17.78155879107686
17.84149601334107
17.878319438686564
17.927604846654706
17.96291248280082
17.9991876516961
18.009286658422266
18.069253638894015
18.08653071950771
18.118017029048094
18.203682592733777
18.22255745116481
18.265892997259236
18.27690296643425
18.332012557166085
18.34298626144661
18.391558123259294
18.421641403063678
18.48995800590562
18.495318081265626
18.53199039637488
18.608889898543552
18.632989256850518
18.700537204618296
18.758057983033044
18.788531735733354
18.80542913280389
18.849601633623255
18.88170885373759
18.917355849303345
18.953648713013553
18.96167668532838
19.013388597546943
19.0400097099079
19.128759780292082
19.186442945834223
19.210399626409984
19.218817717399123
19.257409889326336
19.29268170403401
19.3264693950591
19.365918113500072
19.410318639895937
19.492088478437477
19.540070076088096
19.585762578286875
19.614581102274165
19.671161659980246
19.731373631014478
19.767431042224526
19.831605984975376
19.863182663123784
19.902755243080005
19.947707275272673
20.005123860287355
20.03412892464122
20.03804958447474
20.15052057609638
20.176496614313752
20.25616310255291
20.299077375686583
20.32445682946849
20.366506091385492
20.458016493407698
20.466125104008157
20.472490542109313
20.645671690630298
20.72265249743242
20.895511693667956
20.966073245399603
20.98305734324468
21.078629403764946
21.09338034084086
21.195157675392263
21.23730398816843
21.307045735101898
21.330921835694514
21.374612246994054
21.439267866713767
21.595958152853775
21.64585801527996
21.699836335896297
21.801152552384075
21.81029278223269
21.94924423923127
22.085408949630946
22.091072768199925
22.18794848481716
22.320692726939157
22.343864714769282
22.522667227644327
22.63698372130051
22.768515354424345
22.87498071805552
23.003381775381424
23.01373163148095
23.13372682380036
23.170060642933354
23.251596704582592
23.451344794972364
23.662174457737944
23.709273033163598
24.54558855298326
0.7299870021596777
0.7655849182518878
0.830169085281467
0.8795328861185866
0.9086225670866779
0.9569958618482708
1.0026856310785928
1.0840584621907077
1.30372062867741
4.419696265695522
4.559363619318612
4.934326034066913
5.061227694663288
5.2407627927405
5.306187211350905
5.47628994863424
5.505215896359948
5.529680697513038
5.587678871047279
5.719158048693988
5.768349071778526
5.981557713149066
6.018053441973492
6.022764494281734
6.050190129701657
6.191848821033753
6.225412094351344
6.365041782806755
6.392179074064526
6.499762067581793
6.545208118823265
6.5873943823562655
6.614685276240412
6.7083245030425465
6.762907702151223
6.772688456905897
6.912570539574574
6.949583333257954
6.975011566982422
7.03742839504394
7.092639154762868
7.1111363385021065
7.165946962820009
7.196890039107639
7.21626237015707
7.276235686962176
7.308863897711906
7.3275794232047
7.355123291172001
7.381444008340902
7.399942340511081
7.441577436170204
7.517976712402032
7.549471485677004
7.633584173021033
7.646295110101098
7.685870215017234
7.751105648225711
7.7844258158038375
7.8223273220676
7.856377612145343
7.891690747236882
7.92855137413453
7.970833362228315
8.003780460832633
8.02293336670844
8.031648786491703
8.12244830679324
8.141196500374987
8.158255759174814
8.177220125290697
8.215926740123482
8.241184142866018
8.275558960840677
8.315774199051033
8.336714009566796
8.34911147734242
8.405464333469718
8.430084986334494
8.468117520356012
8.485522837039245
8.501950857805186
8.527274027015071
8.587565937960303
8.596058793635361
8.627381071511307
8.649906319474
8.698758531684309
8.741203949056409
8.760498754492183
8.787076536153364
8.788764312442838
8.8318785042975
8.878487482332364
8.902246497675717
8.911512569116203
8.9511723482091
8.982512957772641
9.02078335262018
9.038000289236635
9.10756013636789
9.138038973936768
9.15235826569627
9.166813976369731
9.184361243548427
9.197970765299582
9.252603821547602
9.279344767751132
9.309008193654408
9.3363401838866
9.367576721120345
9.393522107229169
9.405625896406494
9.408383498118551
9.454775444290162
9.469352893013262
9.49417916050245
9.544042179657088
9.559547489124963
9.601146204179928
9.625735993219136
9.63695742239133
9.681872334059758
9.737192879659073
9.759108337881017
9.7880113139473
9.82403417510082
9.8341808897247
9.891038221398862
9.918302238491085
9.950227855007876
9.98571626265808
10.00175404448299
10.016363137839123
10.061014298604375
10.08065309147158
10.136709913327957
10.160233639589126
10.19379588453722
10.21936784920009
10.256163967200116
10.273583010316658
10.319439076512579
10.347257468795727
10.358099404162456
10.37853424840122
10.401038630901814
10.428262330807181
10.467233464772661
10.470204080123565
10.49608720176587
10.540494237606927
10.551192872534395
10.57981545411215
10.590032784587903
10.615218293111043
10.660088674836146
10.6730066819936
10.685199762045665
10.724865484905017
10.775683443996774
10.78929183309111
10.816405715879167
10.827399332851067
10.873790127080591
10.878460241660902
10.924897411224336
10.968398503079536
10.976620871347672
11.012689750879481
11.022058282081021
11.072568798202683
11.109723568476767
11.156310806314545
11.176438802069866
11.216040175090916
11.239169443007421
11.271105177504284
11.306293303444095
11.310829063734289
11.343322393754551
11.372292141106847
11.374761315568255
11.419334283514427
11.43622155536719
11.463563825371741
11.508232164732824
11.524016381859642
11.524683376844909
11.557553184103623
11.582858098884653
11.626045246329305
11.635673896497273
11.687773363725194
11.718466789209835
11.751249338782124
11.762131527588378
11.777897166686742
11.803859003913184
11.830593772718277
11.909265156140107
11.940758903414139
11.96080102461545
11.98299052388089
11.996977011250904
12.014049348482956
12.030660594831726
12.082070389134683
12.09904434054715
12.122794239378988
12.157615784804632
12.182023123739791
12.2139682360739
12.259285620251188
12.286934395515793
12.295268618137044
12.308559528894829
12.334801631119173
12.365847207996216
12.379485416555967
12.407845501703294
12.443692216177414
12.473073179977117
12.493033052679662
12.50215400501243
12.54195625666509
12.54958338904597
12.582907989960544
12.61026793105104
12.66927035182987
12.704077629655519
12.720401871027912
12.751148689145039
12.791825154245586
12.859900233404145
12.869879702742935
12.891435374110905
12.909014504120666
12.953325790873192
12.97078029179418
13.000844779553097
13.033197577010831
13.06422805038795
13.075287649929352
13.08876088072862
13.111902137934363
13.141642133225348
13.19597279323677
13.211545024160383
13.22545180109986
13.241974650164881
13.277852713537582
13.310799465409062
13.369205774959967
13.4072028153474
13.426334594443396
13.447480110587916
13.481306953190662
13.536257564669711
13.5487374003187
13.578649092802932
13.588385103116364
13.622993540838461
13.64441250401649
13.678292713103797
13.72382740987101
13.739394816610739
13.767793564126455
13.804354389760853
13.828466779593697
13.844331411959438
13.885697376435257
13.914029052594433
13.938587045497231
13.951195487391495
13.982328203232973
14.01464098317359
14.039228414068285
14.058229614668868
14.102331092202858
14.12206016004809
14.130524658113123
14.168112898002622
14.18729872147064
14.218424554470117
14.241870309813972
14.298869173064965
14.331412601690813
14.342624124665102
14.375191102156505
14.402846520701026
14.431019102345747
14.465965098329685
14.486278586717692
14.536263397011412
14.549089684139293
14.558218077035047
14.578469773206725
14.622547290963194
14.66378932114103
14.693862572274632
14.720043100780284
14.740133050923282
14.748410939136306
14.79975140008718
14.81654871572086
14.845064964790456
14.893695419119233
14.905580133026735
14.943998331010782
14.990679230946517
15.018737664109537
15.03296299613153
15.073451525290867
15.122899042403331
15.15375673564588
15.188840385947332
15.218264112123304
15.24197144653741
15.273689913142453
15.290493651229326
15.348599969141421
15.368685839501586
15.377656513874946
15.40001058108213
15.48242571454028
15.49698942454138
15.530295496214016
15.55181832637959
15.571338437821613
15.622471019875642
15.648978364308627
15.692491439836765
15.703880026827989
15.71506759383317
15.746599222078496
15.803295500558376
15.857792306275659
15.875401895972418
15.921124043084472
15.92653556228313
15.963119624844198
15.976434369388109
16.022146545008844
16.02905089536526
16.0594190046468
16.088774875488298
16.161567915918532
16.184613816645353
16.212305413333688
16.25647169188068
16.308626503304243
16.336827727630467
16.357602966768553
16.400492484473045
16.416140970905097
16.437755095181533
16.479172656189487
16.507939078420485
16.569447243965474
16.579937460097298
16.625723363649044
16.673772578391922
16.702033086768623
16.714784587935153
16.749281873614255
16.780890053922967
16.78465609376866
16.83270419881309
16.874800873015193
16.943949183652094
16.9520905632362
16.980138685708
16.99218639725166
17.013077441795126
17.047426202471
17.11984690673533
17.162043296308664
17.20199897304193
17.23547615613827
17.25703314385164
17.277205889086808
17.29234826312541
17.375894504333406
17.404208683489777
17.426710599311445
17.444835775144302
17.470739437950396
17.519648422188226
17.58816493280631
17.600916032090336
17.636134240557396
17.67315462468228
17.691915312826858
17.73834220948372
17.760325374156764
17.78155879107686
17.84149601334107
17.878319438686564
17.927604846654706
17.96291248280082
17.9991876516961
18.009286658422266
18.069253638894015
18.08653071950771
18.118017029048094
18.203682592733777
18.22255745116481
18.265892997259236
18.27690296643425
18.332012557166085
18.34298626144661
18.391558123259294
18.421641403063678
18.48995800590562
18.495318081265626
18.53199039637488
18.608889898543552
18.632989256850518
18.700537204618296
18.758057983033044
18.788531735733354
18.80542913280389
18.849601633623255
18.88170885373759
18.917355849303345
18.953648713013553
18.96167668532838
19.013388597546943
19.0400097099079
19.128759780292082
19.186442945834223
19.210399626409984
19.218817717399123
19.257409889326336
19.29268170403401
19.3264693950591
19.365918113500072
19.410318639895937
19.492088478437477
19.540070076088096
19.585762578286875
19.614581102274165
19.671161659980246
19.731373631014478
19.767431042224526
19.831605984975376
19.863182663123784
19.902755243080005
19.947707275272673
20.005123860287355
20.03412892464122
20.03804958447474
20.15052057609638
20.176496614313752
20.25616310255291
20.299077375686583
20.32445682946849
20.366506091385492
20.458016493407698
20.466125104008157
20.472490542109313
20.645671690630298
20.72265249743242
20.895511693667956
20.966073245399603
20.98305734324468
21.078629403764946
21.09338034084086
21.195157675392263
21.23730398816843
21.307045735101898
21.330921835694514
21.374612246994054
21.439267866713767
21.595958152853775
21.64585801527996
21.699836335896297
21.801152552384075
21.81029278223269
21.94924423923127
22.085408949630946
22.091072768199925
22.18794848481716
22.320692726939157
22.343864714769282
22.522667227644327
22.63698372130051
22.768515354424345
22.87498071805552
23.003381775381424
23.01373163148095
23.13372682380036
23.170060642933354
23.251596704582592
23.451344794972364
23.662174457737944
23.709273033163598
24.54558855298326
