0.5611427444202125
0.7155997197176741
0.7522469226633661
0.7922325390540884
0.8687944419593193
0.9240609773797872
1.002597700380207
1.060378248181093
1.1810547609723783
4.604068473074526
4.976261252558619
5.135403097527508
5.34165521950668
5.373497825983191
5.386704803458497
5.808101017691949
5.885928915875076
6.015542444919398
6.0556480038825224
6.172760111183398
6.218970073525999
6.266096458072462
6.304047525410475
6.340976148282196
6.388176784074569
6.499984668670208
6.565351766086306
6.618581777990646
6.624022415556551
6.63681371861859
6.803161934848542
6.8411489734357005
6.856750571616241
6.880214804935594
6.904502529463926
6.921757202724632
6.945553660665596
6.980779317091205
7.072964302357445
7.109264728851145
7.122988374992453
7.1370932259807125
7.19268436459566
7.2053777802937065
7.256992272152406
7.270729601610919
7.306240252221848
7.323799466637702
7.35074681115899
7.4701818974442595
7.501100387704274
7.51304360002545
7.5509953743120315
7.582946742792281
7.620661666041533
7.659665464991583
7.695878257025191
7.710735718736204
7.745855618907222
7.799813105372555
7.82378144815774
7.853375335580419
7.901840442520365
7.913947599194269
7.962510496035195
8.014248574643934
8.039625528441464
8.058752654223957
8.089691831238017
8.128616847619401
8.17400896028873
8.213173507509014
8.269666197881874
8.294405014862155
8.34776604658987
8.398719842564796
8.428551003116217
8.450139268534912
8.477425230344794
8.52513908025484
8.545022895816146
8.579825952114858
8.602054851689045
8.621416108795616
8.654902713574517
8.694852002147588
8.711830398638869
8.755324179455496
8.819218866316561
8.870263335122043
8.886809548940441
8.930760442213204
8.944197205646912
8.99096541442271
8.99296645171805
9.030864604960817
9.039010532846579
9.062295411390268
9.082826563468108
9.124323490320949
9.14525354217217
9.17217124326102
9.21956002317101
9.248347804778046
9.28987921384805
9.330616851318815
9.365640940685955
9.383555587074909
9.428231647986724
9.436579983834097
9.459775736741598
9.487099299589666
9.514259367835308
9.534344744563954
9.571423124805728
9.584972146227154
9.623287940995235
9.650203534694464
9.663548552633541
9.686955376190678
9.717942784810894
9.739806071212536
9.751636182320164
9.782393929939637
9.822905142757277
9.838226772405736
9.879389252125383
9.885959084936871
9.916250228535873
9.952752764250352
9.955163251851502
9.978054796124276
10.03665634876036
10.075537254837592
10.084858123206722
10.11187420468155
10.144542780246182
10.175148356999554
10.221007684844407
10.251303737099725
10.271906627229653
10.318312798671812
10.341564638784323
10.346907453865793
10.36684082104832
10.412347816882356
10.42341801114041
10.433496953875611
10.459093384180242
10.471360725480485
10.501941349438942
10.53139902539183
10.535856561383337
10.562531268918992
10.623651315845075
10.637885139896229
10.683753113435106
10.69173245030829
10.720051134526713
10.741135991010127
10.789401143492974
10.809903117721761
10.833431605422321
10.860878979991789
10.881538475686167
10.902088019572018
10.925358671243231
10.936175067070085
10.984128469328866
11.000857673743553
11.029002937975443
11.035967348190882
11.057361054802808
11.070258074375307
11.10963914195769
11.136951099670865
11.157540254427575
11.181694870346341
11.206269350192924
11.254337713333928
11.289187302957217
11.30107022810967
11.351049645011305
11.379009476124958
11.39668953255921
11.43425643592761
11.461451663753419
11.49245064164951
11.529689018456738
11.546137781927042
11.572829476488897
11.574880790335857
11.605452937596379
11.633244513841456
11.644995972189488
11.66033107231585
11.697400306228579
11.727888225102223
11.740627950122368
11.786110016481416
11.799494601459985
11.843365585961932
11.86131415386632
11.886496722404052
11.930182747315994
11.950421697531878
11.96991857643044
11.993206758575596
12.027231785105945
12.063428226774999
12.088929581581034
12.111776031010264
12.166478364829615
12.184071181454911
12.19285217077326
12.220858863566663
12.261769081559075
12.282423874475175
12.306440545602085
12.321910924316867
12.360078901774784
12.378383575331108
12.438193514509221
12.455072441159425
12.472253549589107
12.500049459220108
12.509321355016025
12.55747766834829
12.588004770133193
12.624374845765301
12.642333093270883
12.665615701946797
12.684476652497917
12.729835824509646
12.749982473489117
12.772529231020554
12.799029015052689
12.825744409001457
12.863308639826252
12.93628898893052
12.936632676752316
12.969256687569983
12.990884301732219
13.009136945383815
13.043001985477131
13.058416042621312
13.083046275801282
13.171002482020215
13.219097859951193
13.233106247745358
13.284976424825796
13.30848309929156
13.321689459466153
13.35329000443575
13.387590314463068
13.40930380386693
13.425492905944754
13.46207011769595
13.489406536136272
13.506317301393866
13.55824091024955
13.581749329767964
13.62070527291994
13.623391917601502
13.638205702153943
13.672250423024655
13.691088012202837
13.72133796262522
13.764740078915997
13.797699589774744
13.811399967694607
13.866266867303073
13.894541809149697
13.91737189426376
13.92889266823173
13.972493641962823
14.003044140587626
14.031406445840673
14.057311106651628
14.10634033013983
14.146453885791347
14.169989523209724
14.193347929966645
14.222148775763017
14.241763337829802
14.260490711500097
14.28907111552083
14.331404615324095
14.352869794535433
14.355912004709952
14.392946196665218
14.414853090018859
14.452153836805039
14.476467485345939
14.516507218911633
14.542763697209882
14.56669037895064
14.59769387863477
14.631951843930144
14.650444906377025
14.665502883972156
14.71550619245932
14.727970916857604
14.794142107444992
14.810119132227026
14.819434259130452
14.857468045675143
14.8882671508857
14.933024842427388
14.967172709513509
15.008133504330191
15.035617974412444
15.054335979418562
15.103088299530784
15.124453119635628
15.143412981419965
15.16616303630099
15.22638457578388
15.241588160467996
15.257955779700065
15.265502294553993
15.27571390861595
15.349578255441173
15.367811074919189
15.433744327666941
15.451228625628215
15.467744734717037
15.486252229913934
15.52388546302948
15.575192881263229
15.615796252851643
15.667431048714072
15.699640498106795
15.73255765493814
15.747208362000471
15.78347876357975
15.817696482022495
15.841786715640739
15.84673547697483
15.875191403842992
15.914012738882207
15.971016346763102
16.009068013363787
16.03848431221489
16.05869441039424
16.08566204118705
16.103436018290324
16.167025077085743
16.207841984651925
16.22864215624867
16.263029829533785
16.323103771178225
16.330403278809673
16.368898191209617
16.429174927548676
16.44508269683665
16.47899964607934
16.516746860826647
16.581285878458846
16.62184063381039
16.642137389462725
16.668134919621018
16.691373219852146
16.74743402886582
16.76258451047129
16.76604516772991
16.826746845398944
16.860442628589258
16.900169221626626
16.918458949331942
16.9390422885129
16.97381550718592
17.04755196885966
17.071578834205273
17.099932259180896
17.13592457468406
17.151558388855424
17.16981751474187
17.19954345903103
17.260854772930195
17.273592878124436
17.298249416755922
17.386714892042797
17.424534796620932
17.438959589013418
17.46715614520925
17.483064591075976
17.527272603337952
17.55570384049094
17.616265095793537
17.67662539869696
17.704251356278053
17.717018373003558
17.766390136474183
17.805233229292075
17.84204325057795
17.89244184567495
17.912237389862437
17.926937319292126
17.940349711566753
17.996556875006654
18.031879633479726
18.036689312219085
18.090677857820406
18.12081477901279
18.166092354220815
18.22622984757326
18.25027584751504
18.27673207610481
18.306926250046214
18.386920845310406
18.441231160546472
18.501636433778245
18.524135193875242
18.554726748007965
18.562313739223523
18.60210552876169
18.686073917716392
18.708449226159143
18.73099778691096
18.773299400356166
18.810527972993775
18.878327809723345
18.912575469787555
18.97080665072539
19.068048102121555
19.083263477602426
19.090914969156
19.180603480877924
19.206844015499122
19.224533667554663
19.2557841321347
19.288152630397434
19.30973968383772
19.35118702270416
19.42100039783745
19.432893431103206
19.459495108832474
19.490280491204743
19.507669475927337
19.596428810577116
19.68779739864947
19.69971042782681
19.71695845819844
19.75862027084806
19.844492528110123
19.851652987602368
19.963257083639895
20.034175746879598
20.06372231766966
20.109462811829424
20.142090128827654
20.239704055967827
20.31730901767324
20.349862847223715
20.39349933290971
20.44278363633538
20.461053698094393
20.511040260677266
20.55572466696826
20.596672959257024
20.652034545769236
20.6751348447796
20.746497042903584
20.772790578320564
20.81323154470432
20.877730932523626
20.902231422202988
21.028804669607922
21.070863605790077
21.124436452015903
21.24278430017604
21.319436444380486
21.35121371519593
21.35913198457351
21.390860753266722
21.483091829536296
21.543852147402465
21.650459329036366
21.953341297699488
22.18799002407412
22.25420535923195
22.30692335711681
22.40902261098141
22.494688275927658
22.531772913111137
22.725939530933214
22.774586611168314
22.781112372976395
22.939468810912196
23.1671664196411
23.281550693042647
23.390067873785878
23.868071381431676
24.17958293595381
24.6729844884338
25.031827754488614
25.573579584048563
26.58673223382984
0.5611427444202125
0.7155997197176741
0.7522469226633661
0.7922325390540884
0.8687944419593193
0.9240609773797872
1.002597700380207
1.060378248181093
1.1810547609723783
4.604068473074526
4.976261252558619
5.135403097527508
5.34165521950668
5.373497825983191
5.386704803458497
5.808101017691949
5.885928915875076
6.015542444919398
6.0556480038825224
6.172760111183398
6.218970073525999
6.266096458072462
6.304047525410475
6.340976148282196
6.388176784074569
6.499984668670208
6.565351766086306
6.618581777990646
6.624022415556551
6.63681371861859
6.803161934848542
6.8411489734357005
6.856750571616241
6.880214804935594
6.904502529463926
6.921757202724632
6.945553660665596
6.980779317091205
7.072964302357445
7.109264728851145
7.122988374992453
7.1370932259807125
7.19268436459566
7.2053777802937065
7.256992272152406
7.270729601610919
7.306240252221848
7.323799466637702
7.35074681115899
7.4701818974442595
7.501100387704274
7.51304360002545
7.5509953743120315
7.582946742792281
7.620661666041533
7.659665464991583
7.695878257025191
7.710735718736204
7.745855618907222
7.799813105372555
7.82378144815774
7.853375335580419
7.901840442520365
7.913947599194269
7.962510496035195
8.014248574643934
8.039625528441464
8.058752654223957
8.089691831238017
8.128616847619401
8.17400896028873
8.213173507509014
8.269666197881874
8.294405014862155
8.34776604658987
8.398719842564796
8.428551003116217
8.450139268534912
8.477425230344794
8.52513908025484
8.545022895816146
8.579825952114858
8.602054851689045
8.621416108795616
8.654902713574517
8.694852002147588
8.711830398638869
8.755324179455496
8.819218866316561
8.870263335122043
8.886809548940441
8.930760442213204
8.944197205646912
8.99096541442271
8.99296645171805
9.030864604960817
9.039010532846579
9.062295411390268
9.082826563468108
9.124323490320949
9.14525354217217
9.17217124326102
9.21956002317101
9.248347804778046
9.28987921384805
9.330616851318815
9.365640940685955
9.383555587074909
9.428231647986724
9.436579983834097
9.459775736741598
9.487099299589666
9.514259367835308
9.534344744563954
9.571423124805728
9.584972146227154
9.623287940995235
9.650203534694464
9.663548552633541
9.686955376190678
9.717942784810894
9.739806071212536
9.751636182320164
9.782393929939637
9.822905142757277
9.838226772405736
9.879389252125383
9.885959084936871
9.916250228535873
9.952752764250352
9.955163251851502
9.978054796124276
10.03665634876036
10.075537254837592
10.084858123206722
10.11187420468155
10.144542780246182
10.175148356999554
10.221007684844407
10.251303737099725
10.271906627229653
10.318312798671812
10.341564638784323
10.346907453865793
10.36684082104832
10.412347816882356
10.42341801114041
10.433496953875611
10.459093384180242
10.471360725480485
10.501941349438942
10.53139902539183
10.535856561383337
10.562531268918992
10.623651315845075
10.637885139896229
10.683753113435106
10.69173245030829
10.720051134526713
10.741135991010127
10.789401143492974
10.809903117721761
10.833431605422321
10.860878979991789
10.881538475686167
10.902088019572018
10.925358671243231
10.936175067070085
10.984128469328866
11.000857673743553
11.029002937975443
11.035967348190882
11.057361054802808
11.070258074375307
11.10963914195769
11.136951099670865
11.157540254427575
11.181694870346341
11.206269350192924
11.254337713333928
11.289187302957217
11.30107022810967
11.351049645011305
11.379009476124958
11.39668953255921
11.43425643592761
11.461451663753419
11.49245064164951
11.529689018456738
11.546137781927042
11.572829476488897
11.574880790335857
11.605452937596379
11.633244513841456
11.644995972189488
11.66033107231585
11.697400306228579
11.727888225102223
11.740627950122368
11.786110016481416
11.799494601459985
11.843365585961932
11.86131415386632
11.886496722404052
11.930182747315994
11.950421697531878
11.96991857643044
11.993206758575596
12.027231785105945
12.063428226774999
12.088929581581034
12.111776031010264
12.166478364829615
12.184071181454911
12.19285217077326
12.220858863566663
12.261769081559075
12.282423874475175
12.306440545602085
12.321910924316867
12.360078901774784
12.378383575331108
12.438193514509221
12.455072441159425
12.472253549589107
12.500049459220108
12.509321355016025
12.55747766834829
12.588004770133193
12.624374845765301
12.642333093270883
12.665615701946797
12.684476652497917
12.729835824509646
12.749982473489117
12.772529231020554
12.799029015052689
12.825744409001457
12.863308639826252
12.93628898893052
12.936632676752316
12.969256687569983
12.990884301732219
13.009136945383815
13.043001985477131
13.058416042621312
13.083046275801282
13.171002482020215
13.219097859951193
13.233106247745358
13.284976424825796
13.30848309929156
13.321689459466153
13.35329000443575
13.387590314463068
13.40930380386693
13.425492905944754
13.46207011769595
13.489406536136272
13.506317301393866
13.55824091024955
13.581749329767964
13.62070527291994
13.623391917601502
13.638205702153943
13.672250423024655
13.691088012202837
13.72133796262522
13.764740078915997
13.797699589774744
13.811399967694607
13.866266867303073
13.894541809149697
13.91737189426376
13.92889266823173
13.972493641962823
14.003044140587626
14.031406445840673
14.057311106651628
14.10634033013983
14.146453885791347
14.169989523209724
14.193347929966645
14.222148775763017
14.241763337829802
14.260490711500097
14.28907111552083
14.331404615324095
14.352869794535433
14.355912004709952
14.392946196665218
14.414853090018859
14.452153836805039
14.476467485345939
14.516507218911633
14.542763697209882
14.56669037895064
14.59769387863477
14.631951843930144
14.650444906377025
14.665502883972156
14.71550619245932
14.727970916857604
14.794142107444992
14.810119132227026
14.819434259130452
14.857468045675143
14.8882671508857
14.933024842427388
14.967172709513509
15.008133504330191
15.035617974412444
15.054335979418562
15.103088299530784
15.124453119635628
15.143412981419965
15.16616303630099
15.22638457578388
15.241588160467996
15.257955779700065
15.265502294553993
15.27571390861595
15.349578255441173
15.367811074919189
15.433744327666941
15.451228625628215
15.467744734717037
15.486252229913934
15.52388546302948
15.575192881263229
15.615796252851643
15.667431048714072
15.699640498106795
15.73255765493814
15.747208362000471
15.78347876357975
15.817696482022495
15.841786715640739
15.84673547697483
15.875191403842992
15.914012738882207
15.971016346763102
16.009068013363787
16.03848431221489
16.05869441039424
16.08566204118705
16.103436018290324
16.167025077085743
16.207841984651925
16.22864215624867
16.263029829533785
16.323103771178225
16.330403278809673
16.368898191209617
16.429174927548676
16.44508269683665
16.47899964607934
16.516746860826647
16.581285878458846
16.62184063381039
16.642137389462725
16.668134919621018
16.691373219852146
16.74743402886582
16.76258451047129
16.76604516772991
16.826746845398944
16.860442628589258
16.900169221626626
16.918458949331942
16.9390422885129
16.97381550718592
17.04755196885966
17.071578834205273
17.099932259180896
17.13592457468406
17.151558388855424
17.16981751474187
17.19954345903103
17.260854772930195
17.273592878124436
17.298249416755922
17.386714892042797
17.424534796620932
17.438959589013418
17.46715614520925
17.483064591075976
17.527272603337952
17.55570384049094
17.616265095793537
17.67662539869696
17.704251356278053
17.717018373003558
17.766390136474183
17.805233229292075
17.84204325057795
17.89244184567495
17.912237389862437
17.926937319292126
17.940349711566753
17.996556875006654
18.031879633479726
18.036689312219085
18.090677857820406
18.12081477901279
18.166092354220815
18.22622984757326
18.25027584751504
18.27673207610481
18.306926250046214
18.386920845310406
18.441231160546472
18.501636433778245
18.524135193875242
18.554726748007965
18.562313739223523
18.60210552876169
18.686073917716392
18.708449226159143
18.73099778691096
18.773299400356166
18.810527972993775
18.878327809723345
18.912575469787555
18.97080665072539
19.068048102121555
19.083263477602426
19.090914969156
19.180603480877924
19.206844015499122
19.224533667554663
19.2557841321347
19.288152630397434
19.30973968383772
19.35118702270416
19.42100039783745
19.432893431103206
19.459495108832474
19.490280491204743
19.507669475927337
19.596428810577116
19.68779739864947
19.69971042782681
19.71695845819844
19.75862027084806
19.844492528110123
19.851652987602368
19.963257083639895
20.034175746879598
20.06372231766966
20.109462811829424
20.142090128827654
20.239704055967827
20.31730901767324
20.349862847223715
20.39349933290971
20.44278363633538
20.461053698094393
20.511040260677266
20.55572466696826
20.596672959257024
20.652034545769236
20.6751348447796
20.746497042903584
20.772790578320564
20.81323154470432
20.877730932523626
20.902231422202988
21.028804669607922
21.070863605790077
21.124436452015903
21.24278430017604
21.319436444380486
21.35121371519593
21.35913198457351
21.390860753266722
21.483091829536296
21.543852147402465
21.650459329036366
21.953341297699488
22.18799002407412
22.25420535923195
22.30692335711681
22.40902261098141
22.494688275927658
22.531772913111137
22.725939530933214
22.774586611168314
22.781112372976395
22.939468810912196
23.1671664196411
23.281550693042647
23.390067873785878
23.868071381431676
24.17958293595381
24.6729844884338
25.031827754488614
25.573579584048563
26.58673223382984
