0.6147486736360673
0.6779174950110415
0.7693398520778594
0.8742058189431479
0.9093166539715303
0.9196224299821131
0.9413700695514531
0.983540542374362
1.0975750400144884
4.394451114680028
5.003369927671304
5.123351239806507
5.136824436536607
5.440663434372042
5.575976152802949
5.665450908707976
5.738353074959875
5.80493984938462
5.864479305997134
5.907640556024053
5.968201659645054
6.009878982544717
6.014425892905018
6.124274547904794
6.132480755707492
6.167203456084853
6.206670125648442
6.297109353863355
6.314465406025489
6.355535185998418
6.371304116725772
6.394854421378439
6.415620762078912
6.5650298582834585
6.6384145043696865
6.702825559756186
6.759748537346174
6.77072865271139
6.862399597925086
6.91770975123303
7.030539842839564
7.072145716013696
7.113526094331174
7.1519989813286875
7.191828585768946
7.220983894045112
7.289841023014067
7.324952377537347
7.3550402441142975
7.4024783829034595
7.460152776764388
7.531998643910141
7.596678411973894
7.63263309837394
7.659385609933199
7.714816172744458
7.782606318285594
7.793490739225165
7.848180192843101
7.863738627857605
7.9316667551442395
7.9516155820437175
8.004808845171517
8.060868533175602
8.084246873944968
8.117531078875073
8.141488336227514
8.181887203392499
8.202422453552169
8.210164260625143
8.250326382551064
8.268479620927637
8.29744767720514
8.34124655331183
8.362435090789837
8.394615056340024
8.425537130811643
8.46695587540004
8.500271178736925
8.559097365822222
8.599524060633229
8.628221372688426
8.635670422564235
8.683969389110834
8.69591166039294
8.753118487112058
8.777967526108744
8.812715681425328
8.844346757902153
8.860495914166842
8.931847412863712
8.958575345327539
8.961371750136381
8.97649382434388
9.030140254935796
9.060417608137769
9.101730465555285
9.137157376421564
9.155811046046209
9.184197505197414
9.192833745704137
9.20994127341481
9.231199953722383
9.250690258883374
9.294207303451456
9.31761115505597
9.356468937633368
9.373660825985937
9.39804743055949
9.420159067789392
9.435864466486713
9.48259186734344
9.497879024019948
9.528648529984732
9.5511555540059
9.569274453796899
9.592264031394409
9.656606682184423
9.692831039945645
9.725764407326832
9.762289628868432
9.765129297652573
9.790767879129282
9.80999470133846
9.842820748056846
9.844745998966292
9.871075523075438
9.906292284669405
9.920339341846462
9.934918722009703
9.964820621413224
10.003671574135138
10.02920195740435
10.03019505519869
10.038913081623107
10.085402126692111
10.105299543301536
10.132835801454986
10.149444977590806
10.186582910096611
10.224158241359499
10.241847304320883
10.279698188819093
10.313182059899027
10.346510247138442
10.363501520363288
10.39847626591359
10.41174020390087
10.453182623093165
10.489058844901619
10.538384651830984
10.581324700342154
10.593996732800322
10.607182376260441
10.650554816781398
10.687316926558951
10.727856739707963
10.743283169750878
10.774839228475248
10.813617302350247
10.843856811781324
10.875940618735429
10.89331094274405
10.926313856133921
10.937553560778014
10.953160006964435
11.024256990168956
11.04097153976719
11.075054347060536
11.132049725471056
11.141104972369517
11.168641371841789
11.177774688041996
11.214314931655597
11.242078051754614
11.26547541497589
11.339842205760077
11.377183997099724
11.40521704104543
11.438578936567517
11.460609372002105
11.500318729242203
11.562992834584364
11.581799321811454
11.609760300031237
11.653782327651742
11.659738180972335
11.663436687264635
11.692598759784604
11.70402204738759
11.74703566865355
11.768910331906802
11.791884560857456
11.865669279459134
11.894718394919494
11.898877743210981
11.922466447765183
11.92503037619063
11.944741855664622
11.975922302230916
11.99930404938492
12.040655420571367
12.063122498397355
12.083084101360551
12.110018533651154
12.11649289539824
12.1681910227686
12.205257096294867
12.225078289664001
12.268766826226448
12.293845970022174
12.317706980991417
12.347372241259253
12.38118888929589
12.417294457922218
12.439813696589592
12.447466215360752
12.482796040734783
12.529169262827429
12.53839545253432
12.556822420537022
12.59756269343528
12.600012381463484
12.649531626292653
12.664037122439382
12.688032178041722
12.728959784547158
12.75914090678599
12.774747009944322
12.782899939021894
12.797772224258443
12.8346085760952
12.843317549544155
12.865561103202259
12.921926782874143
12.93726084163171
12.969977861643503
12.97447802544591
13.026049768619952
13.05262498569824
13.083983953264509
13.105821888160019
13.140048878169793
13.180110142851786
13.204692075430405
13.219816442331288
13.238820437238617
13.274106318417736
13.28479546649382
13.329383959466817
13.350416189392517
13.389514377971121
13.404570552955889
13.441309566510729
13.48378838871679
13.518467476118468
13.53673206736011
13.546765614209457
13.604192582091125
13.66334064363992
13.702733833507628
13.72118208496272
13.739168729880058
13.770055061385094
13.778161398441435
13.811635832783375
13.855195913886359
13.876180717686095
13.907969605410539
13.939517253107423
13.965042548704629
14.008898309933555
14.026654611538897
14.090285191445599
14.103812652030447
14.10716372098665
14.150176132695288
14.158352585594452
14.188339666423902
14.200046593740499
14.247558110659925
14.289061516696734
14.292427773420723
14.345736675105936
14.360842680672214
14.38751354217297
14.40800779450884
14.437131408828154
14.456462596905178
14.517502799877873
14.573015411958398
14.58507765360508
14.632811727836572
14.637594794773262
14.669035641168527
14.695687339495427
14.729383923555297
14.751738104912603
14.78393671529918
14.812871214443382
14.84715006324535
14.868258533964271
14.914882784647126
14.958536458940682
14.97495706142409
14.99243807436786
15.020459750312506
15.026726892380076
15.054564667836944
15.068842915496381
15.125266423110707
15.135753990289356
15.14022570167632
15.191260537893601
15.247244484003865
15.274436608004457
15.292260514419365
15.306664407769526
15.34004030761984
15.389505944462
15.400878303641342
15.421807273525905
15.444188330152283
15.461427613337873
15.491506558791306
15.510192403279072
15.519600288391779
15.531505442350987
15.577049101457524
15.605911062088483
15.65422703972714
15.666981188874828
15.697369210605252
15.789145131724892
15.824361304869186
15.85912358223195
15.889258596225648
15.919579420401975
15.940526509381487
15.991179424585878
16.000970902352837
16.025646702765318
16.042412353669715
16.09486737578426
16.120444843709123
16.146263436000144
16.16662578234791
16.206837865026397
16.22074802196777
16.25897930564646
16.31895516545378
16.36265800972633
16.397738113599292
16.430389901614447
16.46673428339694
16.491219255457185
16.502327150549256
16.55054016257887
16.591364273100755
16.597370789324486
16.656343300358152
16.73226691048523
16.794081086880585
16.82730684726344
16.845593088306558
16.918337254164584
16.958196266866544
16.980575398998877
16.99401177390448
17.06335549197145
17.106558474004473
17.131308439843327
17.17707939248137
17.196362835962674
17.234830867274546
17.2615675288932
17.309922713045378
17.361962454605763
17.39197727674978
17.426228380059516
17.459768865170105
17.486274068356078
17.525459243257366
17.578863638410002
17.61372121233274
17.686085263892963
17.692486535065225
17.742883012937725
17.768556538423258
17.786916231630514
17.85437892212508
17.88790932917612
17.918525223304286
17.961657423375307
18.012110547721306
18.025220567347624
18.061093084035118
18.08560467536247
18.105993892708554
18.146471376373274
18.161330646389487
18.24128905888603
18.277584570330266
18.28965365090037
18.314732695801897
18.362893316547577
18.408622683435315
18.447849323449784
18.50657989396877
18.55120530628326
18.55909655125577
18.618693058333843
18.65415513119387
18.67802244960609
18.71924338390606
18.77819920676185
18.816887402036137
18.820750234609136
18.87375218819136
18.897832121579917
18.95072089518908
18.98655907078558
19.028937472030023
19.05527738575157
19.132032989362944
19.16468375950347
19.22155808508324
19.27104028530102
19.321017934042267
19.392971589567928
19.42453394545314
19.486245558606875
19.490263574172968
19.56094002657541
19.57063526597149
19.644142503614972
19.71892466615691
19.76805601140477
19.80515902334709
19.89241522479424
19.92125484478076
19.96144922728772
20.00733279311155
20.076185122107887
20.138092459894708
20.20425743289832
20.23028014722981
20.287672230537485
20.298046208608284
20.342797813315613
20.41358890267752
20.472506787897576
20.50085373497288
20.517338252667635
20.580891024968917
20.621799973482528
20.658946011356196
20.73121871075242
20.784835293159546
20.799949422871933
20.888446204851682
20.95436312107733
20.982369346429778
21.056969673458983
21.142689801839914
21.20506025138272
21.293710646665833
21.378210152821453
21.425636567197817
21.502944833249398
21.532883828971855
21.603524612780465
21.67105649035554
21.69145783762628
21.79874357945752
21.876817258302616
21.9555485624174
22.03108192939914
22.062691618657976
22.09541824596277
22.188592135208278
22.29301694771398
22.416231784130634
22.465094617117366
22.60273822778918
22.643058362079223
22.78175993893111
22.838575583292076
22.902132232483208
23.19339110090112
23.465192441602586
23.601222738091458
23.751116951917915
24.189967927456763
24.2498953508475
24.278146341375614
24.78060926375101
24.83671167579881
26.116935019872756
0.6147486736360673
0.6779174950110415
0.7693398520778594
0.8742058189431479
0.9093166539715303
0.9196224299821131
0.9413700695514531
0.983540542374362
1.0975750400144884
4.394451114680028
5.003369927671304
5.123351239806507
5.136824436536607
5.440663434372042
5.575976152802949
5.665450908707976
5.738353074959875
5.80493984938462
5.864479305997134
5.907640556024053
5.968201659645054
6.009878982544717
6.014425892905018
6.124274547904794
6.132480755707492
6.167203456084853
6.206670125648442
6.297109353863355
6.314465406025489
6.355535185998418
6.371304116725772
6.394854421378439
6.415620762078912
6.5650298582834585
6.6384145043696865
6.702825559756186
6.759748537346174
6.77072865271139
6.862399597925086
6.91770975123303
7.030539842839564
7.072145716013696
7.113526094331174
7.1519989813286875
7.191828585768946
7.220983894045112
7.289841023014067
7.324952377537347
7.3550402441142975
7.4024783829034595
7.460152776764388
7.531998643910141
7.596678411973894
7.63263309837394
7.659385609933199
7.714816172744458
7.782606318285594
7.793490739225165
7.848180192843101
7.863738627857605
7.9316667551442395
7.9516155820437175
8.004808845171517
8.060868533175602
8.084246873944968
8.117531078875073
8.141488336227514
8.181887203392499
8.202422453552169
8.210164260625143
8.250326382551064
8.268479620927637
8.29744767720514
8.34124655331183
8.362435090789837
8.394615056340024
8.425537130811643
8.46695587540004
8.500271178736925
8.559097365822222
8.599524060633229
8.628221372688426
8.635670422564235
8.683969389110834
8.69591166039294
8.753118487112058
8.777967526108744
8.812715681425328
8.844346757902153
8.860495914166842
8.931847412863712
8.958575345327539
8.961371750136381
8.97649382434388
9.030140254935796
9.060417608137769
9.101730465555285
9.137157376421564
9.155811046046209
9.184197505197414
9.192833745704137
9.20994127341481
9.231199953722383
9.250690258883374
9.294207303451456
9.31761115505597
9.356468937633368
9.373660825985937
9.39804743055949
9.420159067789392
9.435864466486713
9.48259186734344
9.497879024019948
9.528648529984732
9.5511555540059
9.569274453796899
9.592264031394409
9.656606682184423
9.692831039945645
9.725764407326832
9.762289628868432
9.765129297652573
9.790767879129282
9.80999470133846
9.842820748056846
9.844745998966292
9.871075523075438
9.906292284669405
9.920339341846462
9.934918722009703
9.964820621413224
10.003671574135138
10.02920195740435
10.03019505519869
10.038913081623107
10.085402126692111
10.105299543301536
10.132835801454986
10.149444977590806
10.186582910096611
10.224158241359499
10.241847304320883
10.279698188819093
10.313182059899027
10.346510247138442
10.363501520363288
10.39847626591359
10.41174020390087
10.453182623093165
10.489058844901619
10.538384651830984
10.581324700342154
10.593996732800322
10.607182376260441
10.650554816781398
10.687316926558951
10.727856739707963
10.743283169750878
10.774839228475248
10.813617302350247
10.843856811781324
10.875940618735429
10.89331094274405
10.926313856133921
10.937553560778014
10.953160006964435
11.024256990168956
11.04097153976719
11.075054347060536
11.132049725471056
11.141104972369517
11.168641371841789
11.177774688041996
11.214314931655597
11.242078051754614
11.26547541497589
11.339842205760077
11.377183997099724
11.40521704104543
11.438578936567517
11.460609372002105
11.500318729242203
11.562992834584364
11.581799321811454
11.609760300031237
11.653782327651742
11.659738180972335
11.663436687264635
11.692598759784604
11.70402204738759
11.74703566865355
11.768910331906802
11.791884560857456
11.865669279459134
11.894718394919494
11.898877743210981
11.922466447765183
11.92503037619063
11.944741855664622
11.975922302230916
11.99930404938492
12.040655420571367
12.063122498397355
12.083084101360551
12.110018533651154
12.11649289539824
12.1681910227686
12.205257096294867
12.225078289664001
12.268766826226448
12.293845970022174
12.317706980991417
12.347372241259253
12.38118888929589
12.417294457922218
12.439813696589592
12.447466215360752
12.482796040734783
12.529169262827429
12.53839545253432
12.556822420537022
12.59756269343528
12.600012381463484
12.649531626292653
12.664037122439382
12.688032178041722
12.728959784547158
12.75914090678599
12.774747009944322
12.782899939021894
12.797772224258443
12.8346085760952
12.843317549544155
12.865561103202259
12.921926782874143
12.93726084163171
12.969977861643503
12.97447802544591
13.026049768619952
13.05262498569824
13.083983953264509
13.105821888160019
13.140048878169793
13.180110142851786
13.204692075430405
13.219816442331288
13.238820437238617
13.274106318417736
13.28479546649382
13.329383959466817
13.350416189392517
13.389514377971121
13.404570552955889
13.441309566510729
13.48378838871679
13.518467476118468
13.53673206736011
13.546765614209457
13.604192582091125
13.66334064363992
13.702733833507628
13.72118208496272
13.739168729880058
13.770055061385094
13.778161398441435
13.811635832783375
13.855195913886359
13.876180717686095
13.907969605410539
13.939517253107423
13.965042548704629
14.008898309933555
14.026654611538897
14.090285191445599
14.103812652030447
14.10716372098665
14.150176132695288
14.158352585594452
14.188339666423902
14.200046593740499
14.247558110659925
14.289061516696734
14.292427773420723
14.345736675105936
14.360842680672214
14.38751354217297
14.40800779450884
14.437131408828154
14.456462596905178
14.517502799877873
14.573015411958398
14.58507765360508
14.632811727836572
14.637594794773262
14.669035641168527
14.695687339495427
14.729383923555297
14.751738104912603
14.78393671529918
14.812871214443382
14.84715006324535
14.868258533964271
14.914882784647126
14.958536458940682
14.97495706142409
14.99243807436786
15.020459750312506
15.026726892380076
15.054564667836944
15.068842915496381
15.125266423110707
15.135753990289356
15.14022570167632
15.191260537893601
15.247244484003865
15.274436608004457
15.292260514419365
15.306664407769526
15.34004030761984
15.389505944462
15.400878303641342
15.421807273525905
15.444188330152283
15.461427613337873
15.491506558791306
15.510192403279072
15.519600288391779
15.531505442350987
15.577049101457524
15.605911062088483
15.65422703972714
15.666981188874828
15.697369210605252
15.789145131724892
15.824361304869186
15.85912358223195
15.889258596225648
15.919579420401975
15.940526509381487
15.991179424585878
16.000970902352837
16.025646702765318
16.042412353669715
16.09486737578426
16.120444843709123
16.146263436000144
16.16662578234791
16.206837865026397
16.22074802196777
16.25897930564646
16.31895516545378
16.36265800972633
16.397738113599292
16.430389901614447
16.46673428339694
16.491219255457185
16.502327150549256
16.55054016257887
16.591364273100755
16.597370789324486
16.656343300358152
16.73226691048523
16.794081086880585
16.82730684726344
16.845593088306558
16.918337254164584
16.958196266866544
16.980575398998877
16.99401177390448
17.06335549197145
17.106558474004473
17.131308439843327
17.17707939248137
17.196362835962674
17.234830867274546
17.2615675288932
17.309922713045378
17.361962454605763
17.39197727674978
17.426228380059516
17.459768865170105
17.486274068356078
17.525459243257366
17.578863638410002
17.61372121233274
17.686085263892963
17.692486535065225
17.742883012937725
17.768556538423258
17.786916231630514
17.85437892212508
17.88790932917612
17.918525223304286
17.961657423375307
18.012110547721306
18.025220567347624
18.061093084035118
18.08560467536247
18.105993892708554
18.146471376373274
18.161330646389487
18.24128905888603
18.277584570330266
18.28965365090037
18.314732695801897
18.362893316547577
18.408622683435315
18.447849323449784
18.50657989396877
18.55120530628326
18.55909655125577
18.618693058333843
18.65415513119387
18.67802244960609
18.71924338390606
18.77819920676185
18.816887402036137
18.820750234609136
18.87375218819136
18.897832121579917
18.95072089518908
18.98655907078558
19.028937472030023
19.05527738575157
19.132032989362944
19.16468375950347
19.22155808508324
19.27104028530102
19.321017934042267
19.392971589567928
19.42453394545314
19.486245558606875
19.490263574172968
19.56094002657541
19.57063526597149
19.644142503614972
19.71892466615691
19.76805601140477
19.80515902334709
19.89241522479424
19.92125484478076
19.96144922728772
20.00733279311155
20.076185122107887
20.138092459894708
20.20425743289832
20.23028014722981
20.287672230537485
20.298046208608284
20.342797813315613
20.41358890267752
20.472506787897576
20.50085373497288
20.517338252667635
20.580891024968917
20.621799973482528
20.658946011356196
20.73121871075242
20.784835293159546
20.799949422871933
20.888446204851682
20.95436312107733
20.982369346429778
21.056969673458983
21.142689801839914
21.20506025138272
21.293710646665833
21.378210152821453
21.425636567197817
21.502944833249398
21.532883828971855
21.603524612780465
21.67105649035554
21.69145783762628
21.79874357945752
21.876817258302616
21.9555485624174
22.03108192939914
22.062691618657976
22.09541824596277
22.188592135208278
22.29301694771398
22.416231784130634
22.465094617117366
22.60273822778918
22.643058362079223
22.78175993893111
22.838575583292076
22.902132232483208
23.19339110090112
23.465192441602586
23.601222738091458
23.751116951917915
24.189967927456763
24.2498953508475
24.278146341375614
24.78060926375101
24.83671167579881
26.116935019872756
