0.7204606378293782
0.7553180716260304
0.7757270534784244
0.8260929247446342
0.9144673771910876
0.974897281158268
0.9844434779305014
1.0619226948729208
1.232985757628134
4.363036659417627
4.375201405698884
5.071445711170204
5.362341820541458
5.430950036159757
5.726076187063376
5.766804534007915
5.792220862233917
5.99973224394455
6.0395172305338845
6.096234135386041
6.167079879661091
6.282556942746801
6.288558755368764
6.379171466460621
6.406216223018799
6.506353723754465
6.527711406184027
6.532649981934865
6.718951626199968
6.818898210652445
6.820518883518868
6.852068771078344
6.864366448231816
6.889820652798783
6.922287386343939
6.970974657018395
7.036905080631629
7.077418538032921
7.126267529418568
7.168148664683113
7.1850131241266535
7.204519999393179
7.216753872549552
7.280056999856657
7.3115216503998095
7.357349232976332
7.370468986575772
7.397984303994361
7.4437768274218135
7.509468598660292
7.540563035192846
7.5801486200511095
7.604683185398658
7.651159553812159
7.6839509042519
7.705619905255504
7.718192033710792
7.768317979173954
7.819590177691738
7.835785287762091
7.8694086093426465
7.88631999173071
7.916948958281801
7.923238410883754
7.972712044863643
8.00588484822793
8.029774057946215
8.059234166382039
8.09101249725487
8.09952001825086
8.134571269182878
8.17456738362607
8.210919538471142
8.261032345343118
8.337404262911308
8.350850472489967
8.395154372070234
8.431245902292703
8.46788149112624
8.508068925504396
8.526433808437453
8.530225089911918
8.562979617092042
8.573634540916752
8.61552426988864
8.622505945989579
8.656020538777868
8.678329001205636
8.73569153097249
8.75401719338707
8.778561572963177
8.81261715425793
8.823676248197568
8.854661671677656
8.902614882072726
8.913680064291432
8.932962796215683
8.951387367212444
8.964342048697308
9.011911980363509
9.048992648175517
9.061628548372736
9.076006524131643
9.149619312334872
9.184326565851178
9.209884023074874
9.259225841359966
9.276804013013127
9.324128031448977
9.342573840792062
9.371446311389752
9.40642608909625
9.456944450544702
9.49185945756749
9.50548015585902
9.519534208413875
9.562587580435181
9.589519720264933
9.613556274607602
9.635124588417797
9.675794324472136
9.706886272420846
9.724991013118844
9.751925088916172
9.775828196527033
9.788689957837692
9.848532404287507
9.878962598640653
9.898329588870716
9.929738535982288
9.945907345796433
9.984224148185474
9.991990226660144
10.008361632523691
10.021479569374865
10.046553402236407
10.094515563254701
10.143989550497624
10.170804653469649
10.198516403694155
10.218704218532249
10.233968639842207
10.273380756922952
10.293475596808943
10.376448191685196
10.378661689303938
10.391633185226283
10.420421566018565
10.451376634190419
10.498738380340138
10.529617604839908
10.56316630433707
10.576087589388836
10.625153718212074
10.642229585908527
10.668992246783512
10.70190153168565
10.713021631288063
10.72542241775681
10.76144075618128
10.790803402355074
10.806803265690434
10.828831861766677
10.861704798086643
10.884507886906144
10.888575944672494
10.937088791657493
10.94904759258861
10.993047298249355
11.037561527247211
11.06270935227429
11.08085665097358
11.097073848292586
11.140205833693397
11.177381218524783
11.21336264275149
11.232852031622565
11.25490267681731
11.283847574355756
11.326073857875162
11.390774297854135
11.41369362766201
11.428039184957813
11.448936754586486
11.483888861475055
11.492048140021382
11.522088872721115
11.555257300867902
11.604374697637763
11.62175351873895
11.642072893650795
11.698168419437831
11.710733790365593
11.746350869346672
11.803244897205271
11.815391959743168
11.828941262772528
11.848732945028473
11.889988457328233
11.914498835263608
11.937477040808899
11.962555632661642
11.998371936178412
12.033670340600821
12.049257932395632
12.054916926509545
12.086920360059274
12.104827539186406
12.121433304828233
12.146617887683126
12.157077419759037
12.194859158961135
12.240896751288052
12.263691257565496
12.290332014794194
12.307799265979849
12.318264384418258
12.34184673955343
12.35790096829947
12.422383717326998
12.438640616514556
12.47285266446504
12.476401155588198
12.49035083378965
12.5418872838576
12.556962418230738
12.586481429993983
12.64013742564786
12.657946126830176
12.681090038182925
12.688055535568434
12.730209981751573
12.743377569176813
12.809523484908617
12.821576808353342
12.839765207475013
12.875568888702416
12.893683673592493
12.915230408517017
12.959481011445845
12.985929873584192
13.03204644582306
13.044723813930837
13.064944527289146
13.103735513832294
13.12395112122459
13.13598091088068
13.195809531348171
13.233861374296925
13.246435961452914
13.291040626235585
13.31700616075899
13.321754124990788
13.364382675389171
13.372573929433829
13.430767461299569
13.451034429661098
13.489967459375649
13.503180634638055
13.523023136140166
13.532158414965117
13.56308513748787
13.584618342235393
13.613380212619774
13.65677808621172
13.673683608895654
13.693577205298487
13.75390872251323
13.764008818124129
13.786140906355353
13.82652540492398
13.847643396650207
13.857825694367765
13.904176150559431
13.925421779551415
13.930627463911541
13.983274681255942
14.00070942050469
14.05682894963767
14.076967726562188
14.080405336730573
14.11416038271958
14.140810261320485
14.16898502595078
14.185539243387044
14.227262869903866
14.25250895585201
14.288720409210997
14.302907535944017
14.334278587462945
14.39603693234296
14.429511132561899
14.496809445418958
14.514150086424328
14.5577760715168
14.574684089691461
14.586223070828677
14.62726790254414
14.659430517036888
14.674558155982245
14.709374271603709
14.729666461201667
14.770389187950677
14.807249363581953
14.843389668352609
14.85051608493941
14.898110805547036
14.903320271499767
14.961065993705631
14.994887537212792
15.012788308988776
15.026928921015509
15.048046032857307
15.095960071678334
15.114163739959762
15.130265465303259
15.148270099372896
15.167218036895767
15.231824978758826
15.292429263301985
15.312521084391408
15.323409023423206
15.359550274929969
15.38471684953635
15.426177830594863
15.486358940083695
15.517269062571108
15.573697800763371
15.587443522839143
15.647217298126433
15.69795227566725
15.729445242554897
15.745082016054841
15.767016326155941
15.791116667690424
15.811561908044363
15.83724331770041
15.849606255597264
15.88356088581487
15.903962521800153
15.957323448358029
15.985255385712735
16.005550206158016
16.02754068117051
16.064097673115548
16.09293439587835
16.115699721527193
16.157861230873984
16.201002000123147
16.215778183785865
16.2245493025279
16.268100986337227
16.312677115014075
16.324857636089163
16.34059781998594
16.381787057052044
16.391169614853048
16.464663728300795
16.484913257751618
16.510058275380302
16.543462318846363
16.561672655138228
16.576071398662627
16.605653658301012
16.643666206182655
16.66246816014949
16.695101180913007
16.706646045761282
16.781871846391613
16.803845562394102
16.89213395522292
16.90838407104153
16.957615089116043
16.98455769747449
16.99267679038226
17.0077104537188
17.049622598781767
17.154792135982966
17.172048827104028
17.19818612558423
17.244156534711017
17.294561621673317
17.310726140725354
17.34862544131648
17.378598779255306
17.442282514113817
17.48427627550722
17.497135939037456
17.537538974041713
17.56759326528004
17.59338702264735
17.66486554514293
17.672102334200154
17.708347568150554
17.734397085590878
17.7569798942909
17.79101278674821
17.820875113849954
17.85906119646421
17.891375212085702
17.93084379439457
17.965478048623122
18.00029886739435
18.069468260543204
18.1041021907725
18.133816453788256
18.17366744587488
18.187197781456394
18.21532310756399
18.21922126517419
18.26462539430678
18.32101856851881
18.37311920910526
18.382747153029957
18.387099480009237
18.42071361839241
18.454797183252325
18.48051057487826
18.514963819667667
18.6175703934592
18.64439306936037
18.66532243188514
18.69045707042312
18.760073333702277
18.840319897651277
18.883488630942903
18.99238870161536
19.02880572044368
19.080672883942952
19.143857471558817
19.174709721173482
19.20650979956788
19.251482707749524
19.327065658242145
19.349565728344338
19.355501923223073
19.411851963015586
19.42960759509555
19.5133411326326
19.557430159253645
19.578821384953706
19.654573086852093
19.673555621571357
19.68017489222026
19.733003239377435
19.77778791466575
19.822547333252853
19.887862968577988
19.959525092595463
19.966030845515018
20.08840974525414
20.113578456615915
20.173993311092644
20.265695151381003
20.31935849501558
20.33083668842045
20.386454596141053
20.412246363081376
20.42190745422117
20.49364714304353
20.585228214973988
20.594395889068636
20.64469464913888
20.700571721928295
20.762300469583785
20.79427606062434
20.83583475459177
20.90735249145127
20.943258618805007
20.97822530032911
21.046118226717592
21.089376299493743
21.16911539765836
21.207732731897483
21.23583327406685
21.33806506630994
21.477475012662197
21.545704345241944
21.59343939833434
21.64343769192174
21.710541940669508
21.85274791764983
21.965015509078818
22.043752869145123
22.123730130443636
22.169624271947836
22.39458229855414
22.419856654874724
22.676291470376604
22.920317329418715
23.07265346427504
23.287770749406988
23.41938786011596
23.5884422145466
24.111091538051628
24.163963641919256
24.421941368966312
24.94529448474804
25.317003631033497
0.7204606378293782
0.7553180716260304
0.7757270534784244
0.8260929247446342
0.9144673771910876
0.974897281158268
0.9844434779305014
1.0619226948729208
1.232985757628134
4.363036659417627
4.375201405698884
5.071445711170204
5.362341820541458
5.430950036159757
5.726076187063376
5.766804534007915
5.792220862233917
5.99973224394455
6.0395172305338845
6.096234135386041
6.167079879661091
6.282556942746801
6.288558755368764
6.379171466460621
6.406216223018799
6.506353723754465
6.527711406184027
6.532649981934865
6.718951626199968
6.818898210652445
6.820518883518868
6.852068771078344
6.864366448231816
6.889820652798783
6.922287386343939
6.970974657018395
7.036905080631629
7.077418538032921
7.126267529418568
7.168148664683113
7.1850131241266535
7.204519999393179
7.216753872549552
7.280056999856657
7.3115216503998095
7.357349232976332
7.370468986575772
7.397984303994361
7.4437768274218135
7.509468598660292
7.540563035192846
7.5801486200511095
7.604683185398658
7.651159553812159
7.6839509042519
7.705619905255504
7.718192033710792
7.768317979173954
7.819590177691738
7.835785287762091
7.8694086093426465
7.88631999173071
7.916948958281801
7.923238410883754
7.972712044863643
8.00588484822793
8.029774057946215
8.059234166382039
8.09101249725487
8.09952001825086
8.134571269182878
8.17456738362607
8.210919538471142
8.261032345343118
8.337404262911308
8.350850472489967
8.395154372070234
8.431245902292703
8.46788149112624
8.508068925504396
8.526433808437453
8.530225089911918
8.562979617092042
8.573634540916752
8.61552426988864
8.622505945989579
8.656020538777868
8.678329001205636
8.73569153097249
8.75401719338707
8.778561572963177
8.81261715425793
8.823676248197568
8.854661671677656
8.902614882072726
8.913680064291432
8.932962796215683
8.951387367212444
8.964342048697308
9.011911980363509
9.048992648175517
9.061628548372736
9.076006524131643
9.149619312334872
9.184326565851178
9.209884023074874
9.259225841359966
9.276804013013127
9.324128031448977
9.342573840792062
9.371446311389752
9.40642608909625
9.456944450544702
9.49185945756749
9.50548015585902
9.519534208413875
9.562587580435181
9.589519720264933
9.613556274607602
9.635124588417797
9.675794324472136
9.706886272420846
9.724991013118844
9.751925088916172
9.775828196527033
9.788689957837692
9.848532404287507
9.878962598640653
9.898329588870716
9.929738535982288
9.945907345796433
9.984224148185474
9.991990226660144
10.008361632523691
10.021479569374865
10.046553402236407
10.094515563254701
10.143989550497624
10.170804653469649
10.198516403694155
10.218704218532249
10.233968639842207
10.273380756922952
10.293475596808943
10.376448191685196
10.378661689303938
10.391633185226283
10.420421566018565
10.451376634190419
10.498738380340138
10.529617604839908
10.56316630433707
10.576087589388836
10.625153718212074
10.642229585908527
10.668992246783512
10.70190153168565
10.713021631288063
10.72542241775681
10.76144075618128
10.790803402355074
10.806803265690434
10.828831861766677
10.861704798086643
10.884507886906144
10.888575944672494
10.937088791657493
10.94904759258861
10.993047298249355
11.037561527247211
11.06270935227429
11.08085665097358
11.097073848292586
11.140205833693397
11.177381218524783
11.21336264275149
11.232852031622565
11.25490267681731
11.283847574355756
11.326073857875162
11.390774297854135
11.41369362766201
11.428039184957813
11.448936754586486
11.483888861475055
11.492048140021382
11.522088872721115
11.555257300867902
11.604374697637763
11.62175351873895
11.642072893650795
11.698168419437831
11.710733790365593
11.746350869346672
11.803244897205271
11.815391959743168
11.828941262772528
11.848732945028473
11.889988457328233
11.914498835263608
11.937477040808899
11.962555632661642
11.998371936178412
12.033670340600821
12.049257932395632
12.054916926509545
12.086920360059274
12.104827539186406
12.121433304828233
12.146617887683126
12.157077419759037
12.194859158961135
12.240896751288052
12.263691257565496
12.290332014794194
12.307799265979849
12.318264384418258
12.34184673955343
12.35790096829947
12.422383717326998
12.438640616514556
12.47285266446504
12.476401155588198
12.49035083378965
12.5418872838576
12.556962418230738
12.586481429993983
12.64013742564786
12.657946126830176
12.681090038182925
12.688055535568434
12.730209981751573
12.743377569176813
12.809523484908617
12.821576808353342
12.839765207475013
12.875568888702416
12.893683673592493
12.915230408517017
12.959481011445845
12.985929873584192
13.03204644582306
13.044723813930837
13.064944527289146
13.103735513832294
13.12395112122459
13.13598091088068
13.195809531348171
13.233861374296925
13.246435961452914
13.291040626235585
13.31700616075899
13.321754124990788
13.364382675389171
13.372573929433829
13.430767461299569
13.451034429661098
13.489967459375649
13.503180634638055
13.523023136140166
13.532158414965117
13.56308513748787
13.584618342235393
13.613380212619774
13.65677808621172
13.673683608895654
13.693577205298487
13.75390872251323
13.764008818124129
13.786140906355353
13.82652540492398
13.847643396650207
13.857825694367765
13.904176150559431
13.925421779551415
13.930627463911541
13.983274681255942
14.00070942050469
14.05682894963767
14.076967726562188
14.080405336730573
14.11416038271958
14.140810261320485
14.16898502595078
14.185539243387044
14.227262869903866
14.25250895585201
14.288720409210997
14.302907535944017
14.334278587462945
14.39603693234296
14.429511132561899
14.496809445418958
14.514150086424328
14.5577760715168
14.574684089691461
14.586223070828677
14.62726790254414
14.659430517036888
14.674558155982245
14.709374271603709
14.729666461201667
14.770389187950677
14.807249363581953
14.843389668352609
14.85051608493941
14.898110805547036
14.903320271499767
14.961065993705631
14.994887537212792
15.012788308988776
15.026928921015509
15.048046032857307
15.095960071678334
15.114163739959762
15.130265465303259
15.148270099372896
15.167218036895767
15.231824978758826
15.292429263301985
15.312521084391408
15.323409023423206
15.359550274929969
15.38471684953635
15.426177830594863
15.486358940083695
15.517269062571108
15.573697800763371
15.587443522839143
15.647217298126433
15.69795227566725
15.729445242554897
15.745082016054841
15.767016326155941
15.791116667690424
15.811561908044363
15.83724331770041
15.849606255597264
15.88356088581487
15.903962521800153
15.957323448358029
15.985255385712735
16.005550206158016
16.02754068117051
16.064097673115548
16.09293439587835
16.115699721527193
16.157861230873984
16.201002000123147
16.215778183785865
16.2245493025279
16.268100986337227
16.312677115014075
16.324857636089163
16.34059781998594
16.381787057052044
16.391169614853048
16.464663728300795
16.484913257751618
16.510058275380302
16.543462318846363
16.561672655138228
16.576071398662627
16.605653658301012
16.643666206182655
16.66246816014949
16.695101180913007
16.706646045761282
16.781871846391613
16.803845562394102
16.89213395522292
16.90838407104153
16.957615089116043
16.98455769747449
16.99267679038226
17.0077104537188
17.049622598781767
17.154792135982966
17.172048827104028
17.19818612558423
17.244156534711017
17.294561621673317
17.310726140725354
17.34862544131648
17.378598779255306
17.442282514113817
17.48427627550722
17.497135939037456
17.537538974041713
17.56759326528004
17.59338702264735
17.66486554514293
17.672102334200154
17.708347568150554
17.734397085590878
17.7569798942909
17.79101278674821
17.820875113849954
17.85906119646421
17.891375212085702
17.93084379439457
17.965478048623122
18.00029886739435
18.069468260543204
18.1041021907725
18.133816453788256
18.17366744587488
18.187197781456394
18.21532310756399
18.21922126517419
18.26462539430678
18.32101856851881
18.37311920910526
18.382747153029957
18.387099480009237
18.42071361839241
18.454797183252325
18.48051057487826
18.514963819667667
18.6175703934592
18.64439306936037
18.66532243188514
18.69045707042312
18.760073333702277
18.840319897651277
18.883488630942903
18.99238870161536
19.02880572044368
19.080672883942952
19.143857471558817
19.174709721173482
19.20650979956788
19.251482707749524
19.327065658242145
19.349565728344338
19.355501923223073
19.411851963015586
19.42960759509555
19.5133411326326
19.557430159253645
19.578821384953706
19.654573086852093
19.673555621571357
19.68017489222026
19.733003239377435
19.77778791466575
19.822547333252853
19.887862968577988
19.959525092595463
19.966030845515018
20.08840974525414
20.113578456615915
20.173993311092644
20.265695151381003
20.31935849501558
20.33083668842045
20.386454596141053
20.412246363081376
20.42190745422117
20.49364714304353
20.585228214973988
20.594395889068636
20.64469464913888
20.700571721928295
20.762300469583785
20.79427606062434
20.83583475459177
20.90735249145127
20.943258618805007
20.97822530032911
21.046118226717592
21.089376299493743
21.16911539765836
21.207732731897483
21.23583327406685
21.33806506630994
21.477475012662197
21.545704345241944
21.59343939833434
21.64343769192174
21.710541940669508
21.85274791764983
21.965015509078818
22.043752869145123
22.123730130443636
22.169624271947836
22.39458229855414
22.419856654874724
22.676291470376604
22.920317329418715
23.07265346427504
23.287770749406988
23.41938786011596
23.5884422145466
24.111091538051628
24.163963641919256
24.421941368966312
24.94529448474804
25.317003631033497
