0.6853179413897222
0.7383193735856046
0.8454162131383869
0.9032532467915801
1.063353908971237
8.86337145618243
10.076960801238286
10.591562975040977
10.673174960632789
10.776544097778043
10.91621963743438
11.178419435061045
11.294588802412651
11.451993512663272
11.48108607492004
11.681322811477619
11.7470455233569
11.820154165672005
11.878805851023982
11.932768414424622
12.0099981228164
12.076713492139776
12.135246971087211
12.239438121435093
12.258253089853508
12.352575582187272
12.405440416812844
12.454246194346243
12.490214048639087
12.504566745721434
12.616913640216856
12.665652887703649
12.733047961922788
12.845631256785639
12.893325561840015
12.928444066033162
12.969534654590275
13.005039922973259
13.103690312292212
13.112159016011974
13.206888242497662
13.238149297431939
13.260227308724124
13.314600315349221
13.342475643377673
13.35462769919185
13.400924532088196
13.489793616522165
13.540992410418358
13.568118678046673
13.591660868963826
13.640805526119053
13.664187435001294
13.699648758501823
13.712655960189002
13.746287030686146
13.784555862865586
13.809160856307436
13.825346015576796
13.853923857781618
13.927323078970435
13.978568815370192
13.997564494573083
14.011324341765617
14.05720956124008
14.126837786310148
14.144203495432365
14.178995905158118
14.23966608086197
14.275921332300896
14.293465773678298
14.31304335743258
14.358886158413272
14.391947607451721
14.43059540801182
14.489331970078199
14.540131386178729
14.613538025217155
14.649549669722331
14.690289763658363
14.710753848434875
14.761940944232103
14.822536709804075
14.867510294509456
14.914099089348566
14.954645541419284
15.018582336153793
15.047454927044376
15.112247874885556
15.136213312523749
15.167246581284813
15.189097670609534
15.26385743320517
15.310168232142253
15.330776318149383
15.405921400227
15.45080807150346
15.474407593061514
15.516394756722157
15.535010191713948
15.579856968893875
15.588040818501815
15.61678355828366
15.64024433247016
15.666604915640615
15.732986042555613
15.772306996062726
15.811317629388915
15.870481266238583
15.878562967368332
15.938004984265618
15.942677779687035
15.96623452376506
16.000478949036296
16.07749670342124
16.08014283681926
16.13213616076187
16.173220044100574
16.212577866816314
16.25966572698425
16.274839243483004
16.30275903080669
16.345445840548894
16.374547183955944
16.411326280383513
16.424091435213104
16.444960797089514
16.458715195078497
16.513158399599476
16.544876163009476
16.57028902932803
16.600559709405605
16.63495836010231
16.661270704079026
16.70026126920153
16.73479270388191
16.758951859823995
16.769125757322932
16.870117569228
16.897288434081354
16.9232242081329
16.964823887689185
16.98593593366312
17.0292155700934
17.070049496974985
17.073061762785482
17.091456675284363
17.15575479047466
17.1814988883831
17.22016421893622
17.247422810817415
17.287025629900633
17.313126574661418
17.33946936874763
17.341405041558822
17.378641526144364
17.41792180228873
17.442690763897236
17.46112326246515
17.549746561282006
17.582892029907818
17.611595372304535
17.652604783973302
17.66799144966107
17.71912515962119
17.736013127891425
17.761538416288246
17.813722564034535
17.848232857196077
17.87891115605068
17.897376130365377
17.923191342109636
17.944464679574498
18.02074686806308
18.047381967405524
18.09111122263048
18.14890736514808
18.198369465521388
18.219902350483743
18.251583591275853
18.272071116121573
18.303730516045537
18.334440591358234
18.37249124211198
18.408961023800362
18.463231914776927
18.524220742521685
18.57114184036602
18.616697235235332
18.62687582135722
18.67725740470089
18.682199637289855
18.707161734058882
18.758245839835695
18.778696767479317
18.79677883319205
18.837217219587107
18.913921417970194
18.940955662520686
18.960100657270353
19.00822777515976
19.051562809813746
19.079618684656857
19.14175690788665
19.151651129107332
19.1597074844556
19.21256191101493
19.231264407230533
19.24707417198925
19.283074275546515
19.314316622909924
19.346039502926168
19.358222451367833
19.40069702163615
19.40392633652674
19.46462790307476
19.506029628596938
19.536651011982382
19.545041118933767
19.562416935662778
19.587378869402198
19.623616657210977
19.65392235251312
19.745516170523395
19.7869243906602
19.801185651420088
19.805844311739683
19.8742007214065
19.914016586020498
19.97683464979052
20.01426801654789
20.044001079466344
20.091574930800512
20.12768119420322
20.164003500478277
20.18196234591719
20.195529524602982
20.243250979737304
20.28331858180059
20.30909142357653
20.32202467935145
20.36994680320976
20.410593679260774
20.446578299006646
20.484231641753553
20.512107369666364
20.539077408717805
20.558219719039993
20.58317203094768
20.609164848693165
20.65438068901425
20.666582596439255
20.695879047559714
20.714596494734025
20.781575239333858
20.83979549025644
20.852202262605264
20.872899133775633
20.923648209888984
20.974188273050295
21.02441810169221
21.063917500154787
21.10016134602703
21.12500307802222
21.171633018809157
21.19835520615806
21.2421309674828
21.274643092062274
21.314575911804987
21.32357767628223
21.37420275969747
21.399262137750444
21.420140349114682
21.507946430278857
21.54450956094115
21.567662720651278
21.589615649975716
21.616401268464926
21.626547778747522
21.6491371049078
21.699929619600535
21.746347911315198
21.767862905292567
21.80392158013707
21.822191270897587
21.831704773434893
21.892825455182724
21.953808703059092
21.971916328541223
22.010727332623045
22.071816124372443
22.08208989561761
22.14768307042301
22.158539189615357
22.176169801109506
22.199097859972188
22.248781862513194
22.282838859698128
22.316172578713783
22.352525706022444
22.378881886217428
22.419550461926786
22.505193603149717
22.52320602372945
22.549955309046158
22.57413350094447
22.612553737909888
22.651841504700737
22.679416382777063
22.711497605915476
22.73515090274459
22.75546874736045
22.798061220892855
22.837198665594073
22.86857412144523
22.93621617810187
22.971885139475592
22.99132128495738
23.025558785980422
23.07397229134785
23.098665821388987
23.101944272356803
23.144700681479737
23.162343248696942
23.188848536067823
23.277192992487162
23.30423793076378
23.321344278623304
23.350802117158125
23.420755849501713
23.473985117706537
23.514445081169104
23.53627784224389
23.616223948706622
23.621316598334722
23.64726730503431
23.69038899308782
23.770180145820333
23.810875501943926
23.845061780491452
23.87912596134624
23.948348886907773
23.96279200467964
24.013126538391976
24.057705894349585
24.086692056983974
24.13988403355551
24.181140647557395
24.220864302464786
24.258603829827273
24.27252207252095
24.313272984670167
24.35901046943496
24.371620108314218
24.402972800740514
24.444857628087156
24.51434628248846
24.545890836729708
24.591304458022076
24.605562684720017
24.619097712672513
24.671412684434415
24.706502579812646
24.758350866113844
24.805090088261156
24.867440766044187
24.91507821392047
24.92158374768412
24.95018124928054
25.012450044901165
25.067761101636954
25.12584720445969
25.14655357338407
25.184783211018775
25.218904942098774
25.272895396098825
25.30072781264396
25.352387209528345
25.392267086494797
25.42561251816649
25.45777128887739
25.522847911247432
25.575794398775408
25.61838146273011
25.673048104822843
25.699942142930777
25.715247763832743
25.79144750551673
25.84174990377873
25.85124843323236
25.885145862942498
25.905924428605225
25.97557579318107
26.050378595558378
26.098108279804666
26.12234180944298
26.14051063013118
26.210324793015825
26.282980024398142
26.298475352393858
26.332350277486746
26.38653724346919
26.426029176219586
26.48733496640412
26.55079692634801
26.568934483426236
26.640101950359778
26.682479078743874
26.700396743640642
26.751386284990183
26.828692842351014
26.84634917086005
26.907869711836707
26.94974891719179
26.9809531089445
27.047503942477977
27.06024520276747
27.11806925920983
27.149404529494756
27.25761897553873
27.3046212835656
27.328835318359197
27.390012843020898
27.493364584986367
27.585047154181744
27.621479975137714
27.701348418561995
27.74422799304858
27.762385281900645
27.805278920215834
27.85732626007851
27.895429930244397
27.950472235428258
27.973506958495943
28.02966389309268
28.07618736981445
28.080917525954295
28.168598642978147
28.20917986614112
28.279998870946276
28.32235131600433
28.340272050993807
28.396078544875685
28.442185488006345
28.464665058634033
28.52984554263916
28.58767909258632
28.635941773110407
28.761528224785117
28.86321936480373
28.913752090366184
29.050070103902982
29.111923413233786
29.194767142002533
29.218486102404132
29.261401485335778
29.32885404193796
29.38218207990827
29.46444747851947
29.506097337437186
29.539539128752295
29.658189127459007
29.762107788221027
29.831187649154167
29.861660714198308
29.924540799157217
29.939521994849276
29.99915834454241
30.09912254662706
30.146489800842758
30.30465866420963
30.358928207932806
30.543375676295696
30.579585011517494
30.605753934215624
30.695334118475834
30.75346930191521
30.874244358701745
30.944750465450724
31.104564502276993
31.134309211475422
31.198289665726914
31.299576319797147
31.38935271396766
31.477385287894062
31.694847425491158
31.745799302766688
31.905072791819872
32.01976631743109
32.19276655247322
32.296886917246
32.61985780155871
32.71356710175352
32.88613446493481
33.0067700303907
33.24106451842078
33.60566314099185
33.81952147564792
37.10131192028298
0.6853179413897222
0.7383193735856046
0.8454162131383869
0.9032532467915801
1.063353908971237
8.86337145618243
10.076960801238286
10.591562975040977
10.673174960632789
10.776544097778043
10.91621963743438
11.178419435061045
11.294588802412651
11.451993512663272
11.48108607492004
11.681322811477619
11.7470455233569
11.820154165672005
11.878805851023982
11.932768414424622
12.0099981228164
12.076713492139776
12.135246971087211
12.239438121435093
12.258253089853508
12.352575582187272
12.405440416812844
12.454246194346243
12.490214048639087
12.504566745721434
12.616913640216856
12.665652887703649
12.733047961922788
12.845631256785639
12.893325561840015
12.928444066033162
12.969534654590275
13.005039922973259
13.103690312292212
13.112159016011974
13.206888242497662
13.238149297431939
13.260227308724124
13.314600315349221
13.342475643377673
13.35462769919185
13.400924532088196
13.489793616522165
13.540992410418358
13.568118678046673
13.591660868963826
13.640805526119053
13.664187435001294
13.699648758501823
13.712655960189002
13.746287030686146
13.784555862865586
13.809160856307436
13.825346015576796
13.853923857781618
13.927323078970435
13.978568815370192
13.997564494573083
14.011324341765617
14.05720956124008
14.126837786310148
14.144203495432365
14.178995905158118
14.23966608086197
14.275921332300896
14.293465773678298
14.31304335743258
14.358886158413272
14.391947607451721
14.43059540801182
14.489331970078199
14.540131386178729
14.613538025217155
14.649549669722331
14.690289763658363
14.710753848434875
14.761940944232103
14.822536709804075
14.867510294509456
14.914099089348566
14.954645541419284
15.018582336153793
15.047454927044376
15.112247874885556
15.136213312523749
15.167246581284813
15.189097670609534
15.26385743320517
15.310168232142253
15.330776318149383
15.405921400227
15.45080807150346
15.474407593061514
15.516394756722157
15.535010191713948
15.579856968893875
15.588040818501815
15.61678355828366
15.64024433247016
15.666604915640615
15.732986042555613
15.772306996062726
15.811317629388915
15.870481266238583
15.878562967368332
15.938004984265618
15.942677779687035
15.96623452376506
16.000478949036296
16.07749670342124
16.08014283681926
16.13213616076187
16.173220044100574
16.212577866816314
16.25966572698425
16.274839243483004
16.30275903080669
16.345445840548894
16.374547183955944
16.411326280383513
16.424091435213104
16.444960797089514
16.458715195078497
16.513158399599476
16.544876163009476
16.57028902932803
16.600559709405605
16.63495836010231
16.661270704079026
16.70026126920153
16.73479270388191
16.758951859823995
16.769125757322932
16.870117569228
16.897288434081354
16.9232242081329
16.964823887689185
16.98593593366312
17.0292155700934
17.070049496974985
17.073061762785482
17.091456675284363
17.15575479047466
17.1814988883831
17.22016421893622
17.247422810817415
17.287025629900633
17.313126574661418
17.33946936874763
17.341405041558822
17.378641526144364
17.41792180228873
17.442690763897236
17.46112326246515
17.549746561282006
17.582892029907818
17.611595372304535
17.652604783973302
17.66799144966107
17.71912515962119
17.736013127891425
17.761538416288246
17.813722564034535
17.848232857196077
17.87891115605068
17.897376130365377
17.923191342109636
17.944464679574498
18.02074686806308
18.047381967405524
18.09111122263048
18.14890736514808
18.198369465521388
18.219902350483743
18.251583591275853
18.272071116121573
18.303730516045537
18.334440591358234
18.37249124211198
18.408961023800362
18.463231914776927
18.524220742521685
18.57114184036602
18.616697235235332
18.62687582135722
18.67725740470089
18.682199637289855
18.707161734058882
18.758245839835695
18.778696767479317
18.79677883319205
18.837217219587107
18.913921417970194
18.940955662520686
18.960100657270353
19.00822777515976
19.051562809813746
19.079618684656857
19.14175690788665
19.151651129107332
19.1597074844556
19.21256191101493
19.231264407230533
19.24707417198925
19.283074275546515
19.314316622909924
19.346039502926168
19.358222451367833
19.40069702163615
19.40392633652674
19.46462790307476
19.506029628596938
19.536651011982382
19.545041118933767
19.562416935662778
19.587378869402198
19.623616657210977
19.65392235251312
19.745516170523395
19.7869243906602
19.801185651420088
19.805844311739683
19.8742007214065
19.914016586020498
19.97683464979052
20.01426801654789
20.044001079466344
20.091574930800512
20.12768119420322
20.164003500478277
20.18196234591719
20.195529524602982
20.243250979737304
20.28331858180059
20.30909142357653
20.32202467935145
20.36994680320976
20.410593679260774
20.446578299006646
20.484231641753553
20.512107369666364
20.539077408717805
20.558219719039993
20.58317203094768
20.609164848693165
20.65438068901425
20.666582596439255
20.695879047559714
20.714596494734025
20.781575239333858
20.83979549025644
20.852202262605264
20.872899133775633
20.923648209888984
20.974188273050295
21.02441810169221
21.063917500154787
21.10016134602703
21.12500307802222
21.171633018809157
21.19835520615806
21.2421309674828
21.274643092062274
21.314575911804987
21.32357767628223
21.37420275969747
21.399262137750444
21.420140349114682
21.507946430278857
21.54450956094115
21.567662720651278
21.589615649975716
21.616401268464926
21.626547778747522
21.6491371049078
21.699929619600535
21.746347911315198
21.767862905292567
21.80392158013707
21.822191270897587
21.831704773434893
21.892825455182724
21.953808703059092
21.971916328541223
22.010727332623045
22.071816124372443
22.08208989561761
22.14768307042301
22.158539189615357
22.176169801109506
22.199097859972188
22.248781862513194
22.282838859698128
22.316172578713783
22.352525706022444
22.378881886217428
22.419550461926786
22.505193603149717
22.52320602372945
22.549955309046158
22.57413350094447
22.612553737909888
22.651841504700737
22.679416382777063
22.711497605915476
22.73515090274459
22.75546874736045
22.798061220892855
22.837198665594073
22.86857412144523
22.93621617810187
22.971885139475592
22.99132128495738
23.025558785980422
23.07397229134785
23.098665821388987
23.101944272356803
23.144700681479737
23.162343248696942
23.188848536067823
23.277192992487162
23.30423793076378
23.321344278623304
23.350802117158125
23.420755849501713
23.473985117706537
23.514445081169104
23.53627784224389
23.616223948706622
23.621316598334722
23.64726730503431
23.69038899308782
23.770180145820333
23.810875501943926
23.845061780491452
23.87912596134624
23.948348886907773
23.96279200467964
24.013126538391976
24.057705894349585
24.086692056983974
24.13988403355551
24.181140647557395
24.220864302464786
24.258603829827273
24.27252207252095
24.313272984670167
24.35901046943496
24.371620108314218
24.402972800740514
24.444857628087156
24.51434628248846
24.545890836729708
24.591304458022076
24.605562684720017
24.619097712672513
24.671412684434415
24.706502579812646
24.758350866113844
24.805090088261156
24.867440766044187
24.91507821392047
24.92158374768412
24.95018124928054
25.012450044901165
25.067761101636954
25.12584720445969
25.14655357338407
25.184783211018775
25.218904942098774
25.272895396098825
25.30072781264396
25.352387209528345
25.392267086494797
25.42561251816649
25.45777128887739
25.522847911247432
25.575794398775408
25.61838146273011
25.673048104822843
25.699942142930777
25.715247763832743
25.79144750551673
25.84174990377873
25.85124843323236
25.885145862942498
25.905924428605225
25.97557579318107
26.050378595558378
26.098108279804666
26.12234180944298
26.14051063013118
26.210324793015825
26.282980024398142
26.298475352393858
26.332350277486746
26.38653724346919
26.426029176219586
26.48733496640412
26.55079692634801
26.568934483426236
26.640101950359778
26.682479078743874
26.700396743640642
26.751386284990183
26.828692842351014
26.84634917086005
26.907869711836707
26.94974891719179
26.9809531089445
27.047503942477977
27.06024520276747
27.11806925920983
27.149404529494756
27.25761897553873
27.3046212835656
27.328835318359197
27.390012843020898
27.493364584986367
27.585047154181744
27.621479975137714
27.701348418561995
27.74422799304858
27.762385281900645
27.805278920215834
27.85732626007851
27.895429930244397
27.950472235428258
27.973506958495943
28.02966389309268
28.07618736981445
28.080917525954295
28.168598642978147
28.20917986614112
28.279998870946276
28.32235131600433
28.340272050993807
28.396078544875685
28.442185488006345
28.464665058634033
28.52984554263916
28.58767909258632
28.635941773110407
28.761528224785117
28.86321936480373
28.913752090366184
29.050070103902982
29.111923413233786
29.194767142002533
29.218486102404132
29.261401485335778
29.32885404193796
29.38218207990827
29.46444747851947
29.506097337437186
29.539539128752295
29.658189127459007
29.762107788221027
29.831187649154167
29.861660714198308
29.924540799157217
29.939521994849276
29.99915834454241
30.09912254662706
30.146489800842758
30.30465866420963
30.358928207932806
30.543375676295696
30.579585011517494
30.605753934215624
30.695334118475834
30.75346930191521
30.874244358701745
30.944750465450724
31.104564502276993
31.134309211475422
31.198289665726914
31.299576319797147
31.38935271396766
31.477385287894062
31.694847425491158
31.745799302766688
31.905072791819872
32.01976631743109
32.19276655247322
32.296886917246
32.61985780155871
32.71356710175352
32.88613446493481
33.0067700303907
33.24106451842078
33.60566314099185
33.81952147564792
37.10131192028298
