0.8079644882101503
0.8366482492845501
0.8627408154744466
1.056001156874327
1.112122286063244
6.4500402548663605
9.112310528461586
9.288826758664058
9.348530192567525
10.516175577268951
10.78889106253504
10.931605833621601
10.965060031160105
11.351397557175519
11.43245098167131
11.570882870629639
11.5735447147459
11.604405900873436
11.669283534940947
11.794044307150589
11.85786456397428
11.968446142412217
12.233031729713245
12.281946639642138
12.329291274170263
12.459758073106066
12.50090986086311
12.527973333233135
12.607415549160763
12.632503456040936
12.697226939863064
12.735179225168123
12.915829807101264
12.942606272384877
13.006389543860923
13.01967136206951
13.072211604368787
13.104247578603815
13.129093271170522
13.255169264429982
13.28345382849478
13.358622957753806
13.379850931228386
13.42753544599296
13.48214750239298
13.523156926261215
13.572169626048726
13.640766299630569
13.726946415551113
13.763429189301897
13.790942623807382
13.846160118591976
13.903417083353297
13.944152347708727
13.98694678313854
14.013934999232939
14.138603036545991
14.186102762958855
14.228102324577012
14.260616670597638
14.308654874144231
14.329310704603195
14.359827209591577
14.39118777544061
14.514929733755666
14.526664948566195
14.557398182269502
14.592767841110128
14.640735224503425
14.67344600952806
14.724056737571937
14.755334599006876
14.80288147876991
14.808020461701954
14.8330487280797
14.853976238449293
14.8799668655583
14.929954839861416
14.97709874464595
15.036889811935428
15.06998537724931
15.119490570711767
15.17828230915104
15.191043144760927
15.24009342146568
15.277159274491197
15.31409160484621
15.347090959928291
15.389028078671751
15.42522535621739
15.445358707261652
15.486279611185536
15.521110152731131
15.596954920999208
15.63348756360377
15.686814171912248
15.704026327758081
15.834161781716046
15.845303005987125
15.904319290249338
15.969380589743045
16.012200776574243
16.01533293358464
16.076318372099795
16.09072840503529
16.14117913215074
16.181556345190657
16.208354939194606
16.239648527021664
16.27030852749337
16.31400550260832
16.35691640622128
16.3843307980734
16.414544638806625
16.462762651694042
16.4745809631397
16.526817497134545
16.535200173570864
16.619189705267054
16.640241150665045
16.6823709195841
16.719787812757986
16.74731931079386
16.78745613305852
16.801525042899094
16.897646228726035
16.93536755476662
16.957760183098156
16.991621675329952
17.013823847929302
17.040178247566974
17.05199846781135
17.11816838494411
17.159466644316243
17.18472857610967
17.209412659024018
17.315899548300532
17.35242364130142
17.37438621736171
17.4168975550382
17.429250705635482
17.46078738957081
17.491124972476854
17.527705063769197
17.543551365613883
17.598649630016844
17.650883219038434
17.67666022179297
17.740029704854937
17.749606971204788
17.811596243227072
17.83394106474817
17.85069014188626
17.85173810050936
17.918330018547657
17.930738015874844
17.998710297181614
18.020603365519772
18.04644775714917
18.106237017364347
18.128385686890336
18.180280907240245
18.210017849480803
18.277569442965483
18.295865328317344
18.329456178843916
18.332126925800058
18.368407630924846
18.384257141341163
18.43431417161609
18.526721959143977
18.55444944276258
18.588772895851672
18.61574823825383
18.662625998746456
18.701824901015303
18.731829822065944
18.757778495185054
18.80760767921539
18.828364565406602
18.835098826444316
18.896112723086695
18.932874635585286
18.98275589873697
18.985900756820392
19.016620388251436
19.098266453515862
19.13880157456041
19.160674193785628
19.17481933942056
19.201852620177057
19.260658328470512
19.310686275053886
19.32316336328285
19.35210457520884
19.397341006553717
19.41075606137073
19.44668415050339
19.47529061306575
19.491408833761017
19.52564177424579
19.528993378100672
19.57682777140215
19.593313830447702
19.62009412222987
19.653300564597657
19.69619114622423
19.709423526791877
19.775236910021263
19.80439027155623
19.82290512160044
19.874555059516062
19.888571418646485
19.909979224990888
19.927802579241124
19.967807519941328
19.98729113729502
20.033733342078715
20.077255291585345
20.108746480978553
20.13847453426343
20.175829023571694
20.189916316814422
20.199941357343985
20.262687108768546
20.276673286091363
20.282010807688106
20.333440221775003
20.355969904645175
20.375004003131593
20.389280417984654
20.454725079664694
20.505697033967408
20.515919499614157
20.578351205943648
20.618318767104352
20.669573136833595
20.731379622381212
20.758494129495343
20.789835015511756
20.813283792793968
20.843257442837835
20.87207348237081
20.915354624524515
20.92794595595609
20.949317324611084
20.999688324537548
21.018895073183884
21.06495647628894
21.09520123564447
21.1477886388913
21.16095733917141
21.198867756965964
21.22984855111207
21.28033053937595
21.300163785049005
21.343314836077713
21.369524629969064
21.37838919620349
21.41672458951354
21.481916667797908
21.52077930720451
21.54982727038858
21.59177234842711
21.601566261561366
21.631882624628336
21.66564164255659
21.70611902444071
21.754256731040257
21.783086568725043
21.832080617424356
21.8516901714332
21.87442665160334
21.924405633768696
21.958119933257763
21.96930014311676
22.01308463895833
22.044784978430222
22.07211435322242
22.151936312271584
22.17517322530161
22.264910800474382
22.27699316661954
22.286016019746516
22.341256733271436
22.36314758333076
22.41085680149407
22.43948818860567
22.471249778230458
22.499238253878556
22.523884350281836
22.559605416472746
22.60661215228464
22.648035295049464
22.66094311429792
22.709313066451543
22.72189992531564
22.73824139143901
22.78412952291738
22.80742033175447
22.87995003493726
22.888823658521293
22.944601934983062
22.965218592605773
22.988461322265962
23.08659488600816
23.107676704899003
23.127075465090865
23.185593976597172
23.215497208682034
23.23398206971068
23.28828542038838
23.33075777203816
23.377164829416092
23.41890017615471
23.429393734231294
23.465248326143836
23.495677303397088
23.526777640976416
23.583766278548676
23.610707643554218
23.625187517991773
23.644621643077613
23.688128070684463
23.723559450580193
23.752839535293866
23.798922226134852
23.818904853270727
23.86808529099271
23.917064851792652
23.970259800597795
23.9937500804755
24.01926452091194
24.032113338866445
24.09155932819994
24.110705977797412
24.162257968257478
24.195919033901884
24.207651622705434
24.282431882181548
24.305000053377075
24.357083893692916
24.40609883803739
24.469975069295575
24.49767620238846
24.559840968434283
24.572271059478954
24.595741418295766
24.6263195667534
24.69207704748928
24.718520811369416
24.77161225125785
24.811798647016392
24.825032949333032
24.875177513344298
24.93724967535459
25.025855196007154
25.04896540286134
25.092843835645464
25.11212388512177
25.144710535438175
25.1538594581844
25.19439106310022
25.22465469056143
25.274660216328364
25.320891675349287
25.35908973773276
25.41252540588969
25.505174898034312
25.53485897168968
25.569352266465433
25.628513870269217
25.652915565358402
25.68532647298883
25.69000382337964
25.73932123003749
25.798585102813863
25.84898968751501
25.87913652898446
25.90589160214184
25.974349078626727
26.024351759590996
26.052791570384912
26.07013230519587
26.133065051563946
26.16061396378072
26.199587610319462
26.237108798175118
26.254249795512933
26.323649537748956
26.370492891783748
26.402305886142933
26.47762426224548
26.49910175649501
26.53088136773133
26.55793853975649
26.614292089216782
26.650495091483783
26.661925441540166
26.739151306770136
26.787032481678153
26.821299061451988
26.855084358845314
26.910375385106274
26.933229229481388
26.960487531527246
27.002774340741734
27.08722629329589
27.107799169917467
27.151051298439473
27.196622939223293
27.22895590515448
27.30790538111883
27.373588979665197
27.420835333385877
27.45599564488419
27.469251954065893
27.563968702547307
27.606030788927153
27.641685423424512
27.725926199080003
27.776282384384395
27.84092524939162
27.891411445382214
28.026133629853387
28.04405646611268
28.053564797695117
28.101766630999894
28.178943859001837
28.20920682478551
28.29479672722935
28.374358852619174
28.40553134463021
28.476884291353105
28.50936183421517
28.52575470193125
28.5768058589196
28.6363974712281
28.694234670778567
28.75141467530688
28.81423609538297
28.836610239775666
28.88289186923311
29.05930767538692
29.081506125125326
29.103399435726672
29.220854755927707
29.33112482380773
29.358426276210338
29.415726960721532
29.459347677831953
29.47292640507246
29.52834582358823
29.55820811312905
29.626440688458537
29.696229136952088
29.74808701110199
29.87718934691809
29.948326117978926
30.035210763940484
30.049146859167184
30.066432404728143
30.128831971180404
30.183748985234146
30.30962745723973
30.332695891122345
30.410839074266512
30.451352539561615
30.490617693153823
30.58308431721189
30.686912526358263
30.838375169421415
30.89247431054201
30.97724505161469
31.070662447587676
31.21065444542283
31.28691854760281
31.470643756981367
31.518018577996106
31.588437623407593
31.702918181822035
31.803689105051582
31.876302042524607
32.07725322655332
32.1743847753352
32.31890350587025
32.601965279601615
32.77282771736051
32.788541395797616
32.90742695127558
33.112542378146756
33.21582527355369
33.55407701579189
33.64768896036084
33.75278247200773
34.527124687166555
35.023631940861826
35.18786565219644
37.240296691058184
0.8079644882101503
0.8366482492845501
0.8627408154744466
1.056001156874327
1.112122286063244
6.4500402548663605
9.112310528461586
9.288826758664058
9.348530192567525
10.516175577268951
10.78889106253504
10.931605833621601
10.965060031160105
11.351397557175519
11.43245098167131
11.570882870629639
11.5735447147459
11.604405900873436
11.669283534940947
11.794044307150589
11.85786456397428
11.968446142412217
12.233031729713245
12.281946639642138
12.329291274170263
12.459758073106066
12.50090986086311
12.527973333233135
12.607415549160763
12.632503456040936
12.697226939863064
12.735179225168123
12.915829807101264
12.942606272384877
13.006389543860923
13.01967136206951
13.072211604368787
13.104247578603815
13.129093271170522
13.255169264429982
13.28345382849478
13.358622957753806
13.379850931228386
13.42753544599296
13.48214750239298
13.523156926261215
13.572169626048726
13.640766299630569
13.726946415551113
13.763429189301897
13.790942623807382
13.846160118591976
13.903417083353297
13.944152347708727
13.98694678313854
14.013934999232939
14.138603036545991
14.186102762958855
14.228102324577012
14.260616670597638
14.308654874144231
14.329310704603195
14.359827209591577
14.39118777544061
14.514929733755666
14.526664948566195
14.557398182269502
14.592767841110128
14.640735224503425
14.67344600952806
14.724056737571937
14.755334599006876
14.80288147876991
14.808020461701954
14.8330487280797
14.853976238449293
14.8799668655583
14.929954839861416
14.97709874464595
15.036889811935428
15.06998537724931
15.119490570711767
15.17828230915104
15.191043144760927
15.24009342146568
15.277159274491197
15.31409160484621
15.347090959928291
15.389028078671751
15.42522535621739
15.445358707261652
15.486279611185536
15.521110152731131
15.596954920999208
15.63348756360377
15.686814171912248
15.704026327758081
15.834161781716046
15.845303005987125
15.904319290249338
15.969380589743045
16.012200776574243
16.01533293358464
16.076318372099795
16.09072840503529
16.14117913215074
16.181556345190657
16.208354939194606
16.239648527021664
16.27030852749337
16.31400550260832
16.35691640622128
16.3843307980734
16.414544638806625
16.462762651694042
16.4745809631397
16.526817497134545
16.535200173570864
16.619189705267054
16.640241150665045
16.6823709195841
16.719787812757986
16.74731931079386
16.78745613305852
16.801525042899094
16.897646228726035
16.93536755476662
16.957760183098156
16.991621675329952
17.013823847929302
17.040178247566974
17.05199846781135
17.11816838494411
17.159466644316243
17.18472857610967
17.209412659024018
17.315899548300532
17.35242364130142
17.37438621736171
17.4168975550382
17.429250705635482
17.46078738957081
17.491124972476854
17.527705063769197
17.543551365613883
17.598649630016844
17.650883219038434
17.67666022179297
17.740029704854937
17.749606971204788
17.811596243227072
17.83394106474817
17.85069014188626
17.85173810050936
17.918330018547657
17.930738015874844
17.998710297181614
18.020603365519772
18.04644775714917
18.106237017364347
18.128385686890336
18.180280907240245
18.210017849480803
18.277569442965483
18.295865328317344
18.329456178843916
18.332126925800058
18.368407630924846
18.384257141341163
18.43431417161609
18.526721959143977
18.55444944276258
18.588772895851672
18.61574823825383
18.662625998746456
18.701824901015303
18.731829822065944
18.757778495185054
18.80760767921539
18.828364565406602
18.835098826444316
18.896112723086695
18.932874635585286
18.98275589873697
18.985900756820392
19.016620388251436
19.098266453515862
19.13880157456041
19.160674193785628
19.17481933942056
19.201852620177057
19.260658328470512
19.310686275053886
19.32316336328285
19.35210457520884
19.397341006553717
19.41075606137073
19.44668415050339
19.47529061306575
19.491408833761017
19.52564177424579
19.528993378100672
19.57682777140215
19.593313830447702
19.62009412222987
19.653300564597657
19.69619114622423
19.709423526791877
19.775236910021263
19.80439027155623
19.82290512160044
19.874555059516062
19.888571418646485
19.909979224990888
19.927802579241124
19.967807519941328
19.98729113729502
20.033733342078715
20.077255291585345
20.108746480978553
20.13847453426343
20.175829023571694
20.189916316814422
20.199941357343985
20.262687108768546
20.276673286091363
20.282010807688106
20.333440221775003
20.355969904645175
20.375004003131593
20.389280417984654
20.454725079664694
20.505697033967408
20.515919499614157
20.578351205943648
20.618318767104352
20.669573136833595
20.731379622381212
20.758494129495343
20.789835015511756
20.813283792793968
20.843257442837835
20.87207348237081
20.915354624524515
20.92794595595609
20.949317324611084
20.999688324537548
21.018895073183884
21.06495647628894
21.09520123564447
21.1477886388913
21.16095733917141
21.198867756965964
21.22984855111207
21.28033053937595
21.300163785049005
21.343314836077713
21.369524629969064
21.37838919620349
21.41672458951354
21.481916667797908
21.52077930720451
21.54982727038858
21.59177234842711
21.601566261561366
21.631882624628336
21.66564164255659
21.70611902444071
21.754256731040257
21.783086568725043
21.832080617424356
21.8516901714332
21.87442665160334
21.924405633768696
21.958119933257763
21.96930014311676
22.01308463895833
22.044784978430222
22.07211435322242
22.151936312271584
22.17517322530161
22.264910800474382
22.27699316661954
22.286016019746516
22.341256733271436
22.36314758333076
22.41085680149407
22.43948818860567
22.471249778230458
22.499238253878556
22.523884350281836
22.559605416472746
22.60661215228464
22.648035295049464
22.66094311429792
22.709313066451543
22.72189992531564
22.73824139143901
22.78412952291738
22.80742033175447
22.87995003493726
22.888823658521293
22.944601934983062
22.965218592605773
22.988461322265962
23.08659488600816
23.107676704899003
23.127075465090865
23.185593976597172
23.215497208682034
23.23398206971068
23.28828542038838
23.33075777203816
23.377164829416092
23.41890017615471
23.429393734231294
23.465248326143836
23.495677303397088
23.526777640976416
23.583766278548676
23.610707643554218
23.625187517991773
23.644621643077613
23.688128070684463
23.723559450580193
23.752839535293866
23.798922226134852
23.818904853270727
23.86808529099271
23.917064851792652
23.970259800597795
23.9937500804755
24.01926452091194
24.032113338866445
24.09155932819994
24.110705977797412
24.162257968257478
24.195919033901884
24.207651622705434
24.282431882181548
24.305000053377075
24.357083893692916
24.40609883803739
24.469975069295575
24.49767620238846
24.559840968434283
24.572271059478954
24.595741418295766
24.6263195667534
24.69207704748928
24.718520811369416
24.77161225125785
24.811798647016392
24.825032949333032
24.875177513344298
24.93724967535459
25.025855196007154
25.04896540286134
25.092843835645464
25.11212388512177
25.144710535438175
25.1538594581844
25.19439106310022
25.22465469056143
25.274660216328364
25.320891675349287
25.35908973773276
25.41252540588969
25.505174898034312
25.53485897168968
25.569352266465433
25.628513870269217
25.652915565358402
25.68532647298883
25.69000382337964
25.73932123003749
25.798585102813863
25.84898968751501
25.87913652898446
25.90589160214184
25.974349078626727
26.024351759590996
26.052791570384912
26.07013230519587
26.133065051563946
26.16061396378072
26.199587610319462
26.237108798175118
26.254249795512933
26.323649537748956
26.370492891783748
26.402305886142933
26.47762426224548
26.49910175649501
26.53088136773133
26.55793853975649
26.614292089216782
26.650495091483783
26.661925441540166
26.739151306770136
26.787032481678153
26.821299061451988
26.855084358845314
26.910375385106274
26.933229229481388
26.960487531527246
27.002774340741734
27.08722629329589
27.107799169917467
27.151051298439473
27.196622939223293
27.22895590515448
27.30790538111883
27.373588979665197
27.420835333385877
27.45599564488419
27.469251954065893
27.563968702547307
27.606030788927153
27.641685423424512
27.725926199080003
27.776282384384395
27.84092524939162
27.891411445382214
28.026133629853387
28.04405646611268
28.053564797695117
28.101766630999894
28.178943859001837
28.20920682478551
28.29479672722935
28.374358852619174
28.40553134463021
28.476884291353105
28.50936183421517
28.52575470193125
28.5768058589196
28.6363974712281
28.694234670778567
28.75141467530688
28.81423609538297
28.836610239775666
28.88289186923311
29.05930767538692
29.081506125125326
29.103399435726672
29.220854755927707
29.33112482380773
29.358426276210338
29.415726960721532
29.459347677831953
29.47292640507246
29.52834582358823
29.55820811312905
29.626440688458537
29.696229136952088
29.74808701110199
29.87718934691809
29.948326117978926
30.035210763940484
30.049146859167184
30.066432404728143
30.128831971180404
30.183748985234146
30.30962745723973
30.332695891122345
30.410839074266512
30.451352539561615
30.490617693153823
30.58308431721189
30.686912526358263
30.838375169421415
30.89247431054201
30.97724505161469
31.070662447587676
31.21065444542283
31.28691854760281
31.470643756981367
31.518018577996106
31.588437623407593
31.702918181822035
31.803689105051582
31.876302042524607
32.07725322655332
32.1743847753352
32.31890350587025
32.601965279601615
32.77282771736051
32.788541395797616
32.90742695127558
33.112542378146756
33.21582527355369
33.55407701579189
33.64768896036084
33.75278247200773
34.527124687166555
35.023631940861826
35.18786565219644
37.240296691058184
