0.7447148654501043
0.8591327562813044
0.932994068351875
0.9969509654718118
1.0885242638902806
10.39395593223821
10.473447950677034
10.631653361353656
10.710600501075664
11.066211129028266
11.178997249046006
11.301945743689856
11.338671508407693
11.62545147321512
11.694146448830896
11.71861071339402
11.884362035723619
11.951939030084706
11.980058875014983
12.069411587643312
12.122946508460654
12.168368406966152
12.192357666814875
12.286418635152073
12.307897790563656
12.362272071105492
12.463049140049671
12.47840252265905
12.512776944338428
12.558902570109002
12.59261106461816
12.671684821418674
12.70033342466657
12.739040885781357
12.754364304185314
12.80423691671865
12.908166444084461
12.978152978246563
13.061187447717275
13.139608399306862
13.173130331460023
13.236359588999578
13.311541481159512
13.330887239574507
13.397118979425866
13.42178671454414
13.455776530288164
13.524816713100918
13.600999137619137
13.605031527022645
13.628838019180892
13.676690162486238
13.73629254804179
13.828367382828342
13.87608429558522
13.955891662556239
13.981292096751659
14.001006314249182
14.041305666981476
14.058910042328385
14.112694681477485
14.145977709127113
14.173820020330716
14.224850707675785
14.278680635968767
14.331003991316381
14.364484920542127
14.407582939573315
14.416692787682416
14.519111200804716
14.523613065831668
14.532019238929706
14.58896109875456
14.667931218623227
14.690149011495738
14.724279126348831
14.781917780918011
14.82584061319217
14.837857131201817
14.864509421384371
14.933395050696742
14.96024262499796
14.974146472049954
15.007756141370486
15.083240232264295
15.129668514659354
15.137280641592968
15.178151679740823
15.2686713229247
15.28460009314866
15.316988923829282
15.34389396457068
15.392892003379155
15.517039587183996
15.549547346185191
15.599888886313249
15.661047717898649
15.708055378128815
15.780022532312666
15.791337649011195
15.847490331700861
15.866738564395925
15.947635963995062
15.978148784942348
15.984573229183965
16.02498483727418
16.054179969649994
16.071023564358715
16.133716565048765
16.169335757517096
16.174177903390923
16.21172905399317
16.272856703799793
16.292508307525043
16.369933677633515
16.416230849463776
16.441701738568067
16.49234481168327
16.530670814356476
16.54236295790602
16.597309549805573
16.65550928782261
16.68770629655715
16.75232383811741
16.787386738865354
16.797697794958538
16.840664547775372
16.872787242781772
16.907778000818833
16.92614020259013
16.945535272329053
17.002678007412037
17.026513861563945
17.054441332640426
17.091162696791503
17.13428188480279
17.168671494441877
17.206047569458963
17.24706194893306
17.30439024942904
17.315178022374024
17.361198884720707
17.407457388529664
17.443298846809782
17.467844911254446
17.49520358084424
17.54035635882565
17.550388829529986
17.61209440029962
17.657534048551785
17.71178477016988
17.730651223613055
17.74154045243091
17.8067440373191
17.826923256733636
17.853147509907533
17.895024455995582
17.912125997556252
17.930192891643273
17.970442272173972
18.006923037630557
18.027900428750858
18.062460091930348
18.101593614124166
18.13468680937658
18.156728401807158
18.183506448579937
18.258215645213514
18.317867452074566
18.327777176819573
18.38332796394667
18.419962280117687
18.445420638004354
18.453719027797757
18.479699931880635
18.54462921348179
18.60011449511553
18.616633826080644
18.655656989647063
18.683184379380513
18.71326970869101
18.75991301014662
18.790103139237647
18.820822610667282
18.848029843002994
18.89740797660733
18.949591638437955
18.955313827931352
18.98679135199576
18.993546329965078
19.038317374806216
19.088503925274175
19.151142852670848
19.172034142812038
19.207418429616265
19.242329554320033
19.27568204811579
19.290445654590545
19.32904648639885
19.350041734389187
19.396859481923318
19.42171405584614
19.477826890614544
19.500264649343464
19.52447568558756
19.592601698267785
19.616269981425845
19.654424700986095
19.683099815036467
19.697993681495443
19.74889197444815
19.759059559912156
19.785476880414638
19.849646329227983
19.879248152655652
19.903661146822202
19.91210531300978
19.98178193133538
20.011018095452254
20.049765442057033
20.093060193583053
20.16510993531032
20.186390046083304
20.193782797224234
20.233722843341326
20.23563208673013
20.258027654408334
20.319861852936175
20.357552180708673
20.37324522085386
20.42609673331083
20.465522455160517
20.500089780486114
20.52857610457382
20.569482154083158
20.598414686581926
20.634684625040013
20.661188385911895
20.692243287062183
20.714722236749733
20.763085769329358
20.774078474181348
20.816717845193907
20.823618433071402
20.853739518420866
20.92035415197808
20.94923832360066
20.99637833124459
21.028894771046385
21.045788993414085
21.05365130393059
21.13968416527964
21.14955782835085
21.20077524100908
21.220983999118765
21.24217576122311
21.2641184225196
21.291400170309025
21.329290465775845
21.37399524569526
21.401510965324533
21.441387359826063
21.449288815740058
21.496335907611854
21.537140760180183
21.569489587393623
21.61214176792944
21.629255601961855
21.639109298402367
21.71536305165101
21.774570407736526
21.79346427001675
21.802770205453143
21.838805404555803
21.887719059301677
21.936718139394035
21.97964771178865
21.99106416342961
22.00747061245406
22.031616212179102
22.078189840454915
22.113584141550206
22.127907741485327
22.183517861699713
22.19774412906246
22.2642912129265
22.30112421807276
22.311348388198624
22.325306453924735
22.37728712613157
22.414661814555625
22.430096802273496
22.487891224124642
22.53001743668379
22.559110487012724
22.591565459570415
22.61799381311324
22.651691782288225
22.69227578932523
22.72684520976733
22.77645713165169
22.79131034349728
22.820874348333426
22.86319186610348
22.89533257835981
22.94349718742192
23.002513346169845
23.044948066603897
23.076788634716994
23.105938583303047
23.143206635794222
23.19206910459091
23.223654209224154
23.23588581227508
23.263063806156858
23.301087513667394
23.351273282504728
23.378095099868435
23.42967688125747
23.481242834482874
23.52116157152454
23.573841732537833
23.638740477676485
23.652516347425447
23.700794391322887
23.75333540817927
23.77203417288082
23.7922808697583
23.825818406275776
23.889974721738813
23.91697810492299
23.948563355070007
24.016719944864978
24.021788156549423
24.038374212481838
24.107382550276267
24.147805660873587
24.18038172594565
24.199213314894745
24.215015748624936
24.23769515471271
24.327239624399503
24.34419945037295
24.386628706721908
24.407597151925234
24.45079084147197
24.47380849024793
24.494422875666352
24.57415914800605
24.61925234155584
24.630532209268594
24.669886410796973
24.696728509804743
24.748200566562744
24.783680299102578
24.818604725907914
24.83574566759199
24.879974480246748
24.934482598952343
24.94455108635338
25.037405186397216
25.062709440036055
25.082068235123938
25.11525117606242
25.17286220308956
25.24135669217607
25.261418121708157
25.31335866690866
25.356181965962197
25.39231332240352
25.453340487829117
25.519029774694925
25.54287767193455
25.601707417834543
25.614672259800766
25.626788270288372
25.692785986050428
25.74372871975272
25.799105599842754
25.82802287278931
25.857133220055616
25.88276636932533
25.91365745342417
25.93419984292849
25.95990870120059
26.030363943076708
26.06900625701127
26.13534441442092
26.16399455540582
26.21192721995497
26.238096828209272
26.27437797193917
26.311186004760366
26.320529284165115
26.357985343840163
26.437367799650193
26.457930768231115
26.502066768150353
26.53368464537172
26.571029459993376
26.60557038339313
26.687227495394634
26.727229656660743
26.75989856912199
26.794361372927945
26.83578847071491
26.894565520050925
26.94586501607687
26.989422372597783
27.03261503248374
27.0523792148419
27.123468350988684
27.141371969105766
27.182485437901757
27.22811836160058
27.314971869887366
27.351596974362923
27.365157762244586
27.399535154369996
27.41457270969648
27.43834971425104
27.501434347189313
27.548942437113435
27.591296077660722
27.60760551058206
27.6312090268687
27.707055439649682
27.739018200966196
27.788760809769894
27.845023129569153
27.855691875096635
27.95181344483805
27.99423405275235
28.050569241914392
28.177734954939208
28.216467822508797
28.26654563837174
28.287122092052446
28.349295586792813
28.437092251825696
28.490488134621476
28.581566924347893
28.596960892554115
28.630959348663175
28.764956677530186
28.816011142183267
28.884624985803445
28.912276481310744
28.92340483160233
29.00191998247228
29.06192115379378
29.17926292192928
29.225811079493337
29.25142921534347
29.305590266685172
29.366960065947705
29.47741670785512
29.541217161442137
29.60513447173016
29.62626797773421
29.695666080501876
29.731046767879867
29.777345938609574
29.963058669962823
30.02758517362634
30.078959784653932
30.181234257953996
30.220563491864404
30.25804106122606
30.32609611623132
30.41182237628253
30.507641072992705
30.5294683585585
30.65822441922925
30.684251013438537
30.80014941726742
30.870709299465968
30.92872183530729
31.039555363565324
31.122285355757132
31.164654106808335
31.295879880628263
31.402288939271877
31.460831600317412
31.482465023315285
31.580718818053022
31.674867365371675
31.742718248142573
31.856575473549718
32.03622029664148
32.300933662046575
32.45726899360808
32.54204434317077
32.93999030458048
33.04079358914763
33.58864644495691
34.41129049565099
34.72573158370984
37.19516989349918
0.7447148654501043
0.8591327562813044
0.932994068351875
0.9969509654718118
1.0885242638902806
10.39395593223821
10.473447950677034
10.631653361353656
10.710600501075664
11.066211129028266
11.178997249046006
11.301945743689856
11.338671508407693
11.62545147321512
11.694146448830896
11.71861071339402
11.884362035723619
11.951939030084706
11.980058875014983
12.069411587643312
12.122946508460654
12.168368406966152
12.192357666814875
12.286418635152073
12.307897790563656
12.362272071105492
12.463049140049671
12.47840252265905
12.512776944338428
12.558902570109002
12.59261106461816
12.671684821418674
12.70033342466657
12.739040885781357
12.754364304185314
12.80423691671865
12.908166444084461
12.978152978246563
13.061187447717275
13.139608399306862
13.173130331460023
13.236359588999578
13.311541481159512
13.330887239574507
13.397118979425866
13.42178671454414
13.455776530288164
13.524816713100918
13.600999137619137
13.605031527022645
13.628838019180892
13.676690162486238
13.73629254804179
13.828367382828342
13.87608429558522
13.955891662556239
13.981292096751659
14.001006314249182
14.041305666981476
14.058910042328385
14.112694681477485
14.145977709127113
14.173820020330716
14.224850707675785
14.278680635968767
14.331003991316381
14.364484920542127
14.407582939573315
14.416692787682416
14.519111200804716
14.523613065831668
14.532019238929706
14.58896109875456
14.667931218623227
14.690149011495738
14.724279126348831
14.781917780918011
14.82584061319217
14.837857131201817
14.864509421384371
14.933395050696742
14.96024262499796
14.974146472049954
15.007756141370486
15.083240232264295
15.129668514659354
15.137280641592968
15.178151679740823
15.2686713229247
15.28460009314866
15.316988923829282
15.34389396457068
15.392892003379155
15.517039587183996
15.549547346185191
15.599888886313249
15.661047717898649
15.708055378128815
15.780022532312666
15.791337649011195
15.847490331700861
15.866738564395925
15.947635963995062
15.978148784942348
15.984573229183965
16.02498483727418
16.054179969649994
16.071023564358715
16.133716565048765
16.169335757517096
16.174177903390923
16.21172905399317
16.272856703799793
16.292508307525043
16.369933677633515
16.416230849463776
16.441701738568067
16.49234481168327
16.530670814356476
16.54236295790602
16.597309549805573
16.65550928782261
16.68770629655715
16.75232383811741
16.787386738865354
16.797697794958538
16.840664547775372
16.872787242781772
16.907778000818833
16.92614020259013
16.945535272329053
17.002678007412037
17.026513861563945
17.054441332640426
17.091162696791503
17.13428188480279
17.168671494441877
17.206047569458963
17.24706194893306
17.30439024942904
17.315178022374024
17.361198884720707
17.407457388529664
17.443298846809782
17.467844911254446
17.49520358084424
17.54035635882565
17.550388829529986
17.61209440029962
17.657534048551785
17.71178477016988
17.730651223613055
17.74154045243091
17.8067440373191
17.826923256733636
17.853147509907533
17.895024455995582
17.912125997556252
17.930192891643273
17.970442272173972
18.006923037630557
18.027900428750858
18.062460091930348
18.101593614124166
18.13468680937658
18.156728401807158
18.183506448579937
18.258215645213514
18.317867452074566
18.327777176819573
18.38332796394667
18.419962280117687
18.445420638004354
18.453719027797757
18.479699931880635
18.54462921348179
18.60011449511553
18.616633826080644
18.655656989647063
18.683184379380513
18.71326970869101
18.75991301014662
18.790103139237647
18.820822610667282
18.848029843002994
18.89740797660733
18.949591638437955
18.955313827931352
18.98679135199576
18.993546329965078
19.038317374806216
19.088503925274175
19.151142852670848
19.172034142812038
19.207418429616265
19.242329554320033
19.27568204811579
19.290445654590545
19.32904648639885
19.350041734389187
19.396859481923318
19.42171405584614
19.477826890614544
19.500264649343464
19.52447568558756
19.592601698267785
19.616269981425845
19.654424700986095
19.683099815036467
19.697993681495443
19.74889197444815
19.759059559912156
19.785476880414638
19.849646329227983
19.879248152655652
19.903661146822202
19.91210531300978
19.98178193133538
20.011018095452254
20.049765442057033
20.093060193583053
20.16510993531032
20.186390046083304
20.193782797224234
20.233722843341326
20.23563208673013
20.258027654408334
20.319861852936175
20.357552180708673
20.37324522085386
20.42609673331083
20.465522455160517
20.500089780486114
20.52857610457382
20.569482154083158
20.598414686581926
20.634684625040013
20.661188385911895
20.692243287062183
20.714722236749733
20.763085769329358
20.774078474181348
20.816717845193907
20.823618433071402
20.853739518420866
20.92035415197808
20.94923832360066
20.99637833124459
21.028894771046385
21.045788993414085
21.05365130393059
21.13968416527964
21.14955782835085
21.20077524100908
21.220983999118765
21.24217576122311
21.2641184225196
21.291400170309025
21.329290465775845
21.37399524569526
21.401510965324533
21.441387359826063
21.449288815740058
21.496335907611854
21.537140760180183
21.569489587393623
21.61214176792944
21.629255601961855
21.639109298402367
21.71536305165101
21.774570407736526
21.79346427001675
21.802770205453143
21.838805404555803
21.887719059301677
21.936718139394035
21.97964771178865
21.99106416342961
22.00747061245406
22.031616212179102
22.078189840454915
22.113584141550206
22.127907741485327
22.183517861699713
22.19774412906246
22.2642912129265
22.30112421807276
22.311348388198624
22.325306453924735
22.37728712613157
22.414661814555625
22.430096802273496
22.487891224124642
22.53001743668379
22.559110487012724
22.591565459570415
22.61799381311324
22.651691782288225
22.69227578932523
22.72684520976733
22.77645713165169
22.79131034349728
22.820874348333426
22.86319186610348
22.89533257835981
22.94349718742192
23.002513346169845
23.044948066603897
23.076788634716994
23.105938583303047
23.143206635794222
23.19206910459091
23.223654209224154
23.23588581227508
23.263063806156858
23.301087513667394
23.351273282504728
23.378095099868435
23.42967688125747
23.481242834482874
23.52116157152454
23.573841732537833
23.638740477676485
23.652516347425447
23.700794391322887
23.75333540817927
23.77203417288082
23.7922808697583
23.825818406275776
23.889974721738813
23.91697810492299
23.948563355070007
24.016719944864978
24.021788156549423
24.038374212481838
24.107382550276267
24.147805660873587
24.18038172594565
24.199213314894745
24.215015748624936
24.23769515471271
24.327239624399503
24.34419945037295
24.386628706721908
24.407597151925234
24.45079084147197
24.47380849024793
24.494422875666352
24.57415914800605
24.61925234155584
24.630532209268594
24.669886410796973
24.696728509804743
24.748200566562744
24.783680299102578
24.818604725907914
24.83574566759199
24.879974480246748
24.934482598952343
24.94455108635338
25.037405186397216
25.062709440036055
25.082068235123938
25.11525117606242
25.17286220308956
25.24135669217607
25.261418121708157
25.31335866690866
25.356181965962197
25.39231332240352
25.453340487829117
25.519029774694925
25.54287767193455
25.601707417834543
25.614672259800766
25.626788270288372
25.692785986050428
25.74372871975272
25.799105599842754
25.82802287278931
25.857133220055616
25.88276636932533
25.91365745342417
25.93419984292849
25.95990870120059
26.030363943076708
26.06900625701127
26.13534441442092
26.16399455540582
26.21192721995497
26.238096828209272
26.27437797193917
26.311186004760366
26.320529284165115
26.357985343840163
26.437367799650193
26.457930768231115
26.502066768150353
26.53368464537172
26.571029459993376
26.60557038339313
26.687227495394634
26.727229656660743
26.75989856912199
26.794361372927945
26.83578847071491
26.894565520050925
26.94586501607687
26.989422372597783
27.03261503248374
27.0523792148419
27.123468350988684
27.141371969105766
27.182485437901757
27.22811836160058
27.314971869887366
27.351596974362923
27.365157762244586
27.399535154369996
27.41457270969648
27.43834971425104
27.501434347189313
27.548942437113435
27.591296077660722
27.60760551058206
27.6312090268687
27.707055439649682
27.739018200966196
27.788760809769894
27.845023129569153
27.855691875096635
27.95181344483805
27.99423405275235
28.050569241914392
28.177734954939208
28.216467822508797
28.26654563837174
28.287122092052446
28.349295586792813
28.437092251825696
28.490488134621476
28.581566924347893
28.596960892554115
28.630959348663175
28.764956677530186
28.816011142183267
28.884624985803445
28.912276481310744
28.92340483160233
29.00191998247228
29.06192115379378
29.17926292192928
29.225811079493337
29.25142921534347
29.305590266685172
29.366960065947705
29.47741670785512
29.541217161442137
29.60513447173016
29.62626797773421
29.695666080501876
29.731046767879867
29.777345938609574
29.963058669962823
30.02758517362634
30.078959784653932
30.181234257953996
30.220563491864404
30.25804106122606
30.32609611623132
30.41182237628253
30.507641072992705
30.5294683585585
30.65822441922925
30.684251013438537
30.80014941726742
30.870709299465968
30.92872183530729
31.039555363565324
31.122285355757132
31.164654106808335
31.295879880628263
31.402288939271877
31.460831600317412
31.482465023315285
31.580718818053022
31.674867365371675
31.742718248142573
31.856575473549718
32.03622029664148
32.300933662046575
32.45726899360808
32.54204434317077
32.93999030458048
33.04079358914763
33.58864644495691
34.41129049565099
34.72573158370984
37.19516989349918
