0.5272453668826235
0.542978451308691
0.5666553346587972
0.6127978270795782
0.6609514019966924
0.7656532917892059
0.8587669343148034
0.9157731697714058
1.001101158305257
4.213410722010148
4.435721005138072
5.088191243493133
5.102515194004087
5.155403304743219
5.394949017774813
5.410776612210225
5.5155850105624955
5.540578737597551
5.578675755459074
5.610103782479048
5.79240232494167
5.842175997953133
5.933127870835899
6.011329761264304
6.031748829165674
6.059676849440684
6.1086001988582845
6.169591503212572
6.217821475046668
6.276118593589346
6.29105301398963
6.319179356422487
6.326362193351512
6.3984833607034135
6.424890811204359
6.42798736380632
6.482758797921597
6.5488727921327765
6.579363425415273
6.596942457516251
6.626084734345736
6.680180043796898
6.73574790712493
6.746418531995525
6.804544440256238
6.8531256427130405
6.891129109158308
6.939153937269918
6.994811134644869
7.059313129209181
7.093245524011951
7.112505715207311
7.1396847904422325
7.193609643813184
7.2060688529294925
7.228392328891631
7.2478322953942245
7.304817344003046
7.350348579347798
7.386534577335902
7.431317435686337
7.443897690265201
7.45583304117552
7.471628443769851
7.524794575326026
7.542941030921552
7.576430587518357
7.588001052356233
7.619835947386816
7.646020830205328
7.667298364050599
7.724864357271732
7.7443940756669205
7.783983940942837
7.807144583533879
7.815803690834397
7.843304319697984
7.875475859192033
7.90486364789144
7.927797190790521
7.938819478095862
8.000133732847441
8.023645494134243
8.077765539707709
8.083346834804876
8.105348627998207
8.126703607236845
8.13661993345576
8.177997915296993
8.201654608050506
8.235411802842776
8.287761678811817
8.299262228797541
8.321391559474291
8.35079784309167
8.396984311173156
8.433505950937867
8.44686786976208
8.451928311257394
8.471629124493768
8.520464827818676
8.547401086268223
8.579182541534525
8.598805369978354
8.613616779508881
8.618746695673176
8.671746497462953
8.695945451745777
8.710696841089742
8.722130649838698
8.74796741634731
8.802991135091796
8.811712688677508
8.818813964824004
8.867892699255707
8.892262914061522
8.92656927971108
8.947542608781342
8.959059721847076
8.984795335842026
9.024266084255284
9.039942599444693
9.076915889899803
9.138290677565202
9.166560239109309
9.206559411839836
9.231005340219605
9.261439706060468
9.290031809413312
9.312707093195046
9.335925852946588
9.348265201864091
9.38532338632647
9.428576913475242
9.440673624263844
9.51830746090642
9.538635536707114
9.548261322572138
9.561135496996387
9.579634354867864
9.620007114443412
9.627232152097363
9.675096204426557
9.721625268391666
9.745420705086737
9.774086415896193
9.788159354556877
9.816249460643007
9.83971849961078
9.849851522959264
9.893875104209535
9.92162553879527
9.9306526374283
9.945287199635024
9.97912261513479
9.98467076737802
10.01769866597848
10.040629137986317
10.082029177611597
10.114568226354944
10.143040715785437
10.18504575600043
10.202735157757802
10.214521713939801
10.272977634030177
10.32440234090957
10.356465185398486
10.364288323167905
10.3757090665218
10.418287135593312
10.428909771924536
10.46111728189208
10.465160786854383
10.49810789723548
10.540273728781857
10.571264889794131
10.627960904393579
10.640216695948109
10.686631898480746
10.694756186867417
10.716830549329938
10.72284223822836
10.758542504311855
10.77801021351712
10.821924714301524
10.857359388037981
10.906784181951183
10.915218568056764
10.988458474112434
11.036223653907284
11.057069636655536
11.083295302661673
11.110725376574493
11.1331487541077
11.161972458323582
11.181938766627445
11.22337492636972
11.240829807678253
11.259684922555444
11.272686136196787
11.290254454419903
11.301140698621232
11.317037313532053
11.334442521215424
11.379313746405597
11.392932280698426
11.413327907001689
11.439654547680695
11.454943445775783
11.491471570913177
11.513333986307908
11.519786764592315
11.557112905481016
11.568413212502128
11.593698908918379
11.616225167414528
11.643633914785795
11.687037327716855
11.708838501703449
11.746472445142203
11.763473331233586
11.791228857666102
11.810989705017416
11.819638387832653
11.851855657703034
11.918005904751764
11.93806593765505
11.951297268168416
11.9839269673694
11.99441284050733
12.020185945313338
12.030437421196208
12.077314385634066
12.111242401819965
12.137874493595275
12.1574846598519
12.169884630841848
12.202557966151781
12.21258433230914
12.252311402333918
12.277613569125894
12.308710310749506
12.321642318173584
12.372124642995786
12.39357080602227
12.420466872176023
12.43009330722419
12.489643666921397
12.495484686946682
12.531641020841064
12.567771259913828
12.60688317258376
12.651726114695538
12.692583196233386
12.707550523870864
12.72751869562826
12.765713205996041
12.790539507468006
12.805404258500486
12.86374983237579
12.906218432178376
12.9188746465347
12.928856280653921
12.964022287091655
12.98590663384207
13.019729192095022
13.037230293326825
13.076678505915972
13.084884820311988
13.117788918418515
13.128581046882436
13.158143674890864
13.199287318237602
13.205249460278301
13.232316308355154
13.280624126372967
13.300372183192241
13.316758050705383
13.335269240815018
13.375386836514918
13.426119667224864
13.430408816782037
13.464243446612283
13.472473200238369
13.504413982892356
13.52210908773599
13.559597043472987
13.576421167726558
13.609354820717389
13.647407926603275
13.701350619379882
13.721350009291855
13.765478405336236
13.790221766697464
13.817414793567968
13.872903470987477
13.882386221248229
13.920816634412837
13.943307365373773
13.959723181355049
13.970079144659936
14.014359649945758
14.058883994741043
14.084989443697722
14.107020496388088
14.130707102069593
14.162416689088607
14.189025290592545
14.221057367674605
14.24116476489718
14.254325808766852
14.290702974165749
14.308246662962594
14.339778909981469
14.360260831219154
14.427247012415926
14.469698910440647
14.47428696121064
14.529300249379656
14.575332119928444
14.587245689100863
14.597113765354939
14.641775868139781
14.656912142454233
14.67388692674347
14.725563270003864
14.732269639180313
14.782718488274712
14.794975765525225
14.815947723744278
14.833550196067034
14.846142779311798
14.888742728948014
14.940026253947906
14.962463243064033
14.973360620414466
15.004862217850214
15.024575663419416
15.05217647073303
15.094252666153757
15.119595464724455
15.134006970263474
15.152140063167561
15.221773831560792
15.235313598967616
15.254910282821394
15.271077832316644
15.292684084891848
15.329482586311517
15.353653414287066
15.445901477932445
15.456320279354383
15.52816013172577
15.538444819341498
15.571113114734466
15.59936479094248
15.648639981355725
15.677500817812335
15.696059227884147
15.708068806919153
15.761046933751905
15.808768458259303
15.820349632514459
15.848446822685109
15.908512249130562
15.930461457435799
15.975521927884026
15.976972681386961
16.00026437465496
16.043472505697732
16.06930739635096
16.13466640980665
16.181013094337736
16.188340738568943
16.21355617540523
16.233075301733013
16.26032449315975
16.276944055552395
16.319475513345637
16.341850340287444
16.358411476871797
16.39667260937585
16.448004524685196
16.48449693679005
16.519610513075328
16.54212680454357
16.571521422195044
16.612224355557476
16.635136786649646
16.66712561298942
16.692887709280217
16.706488862358185
16.7568930552986
16.80154775216328
16.908193544807695
16.916107362239266
16.952548949434416
16.99483002549341
17.045311680318434
17.133498068963895
17.167938706514338
17.197933569737163
17.2024553985765
17.30137268219304
17.343161297131328
17.37247624681434
17.403944456417204
17.446267115201206
17.456210597103468
17.48659827498207
17.51214188018531
17.567671683829406
17.586197121398328
17.61725415428204
17.636333821665886
17.718228899086355
17.778258071626176
17.797212172215673
17.81937414286924
17.836769790834097
17.88245330420162
17.906484802793237
17.95276922683852
17.96204378559291
17.995292185649138
18.02988558662362
18.057159615210736
18.096737057202244
18.130220159513378
18.149989747272187
18.21738022040887
18.260316380790908
18.303436656395505
18.395652157807795
18.460367993347212
18.470441116788518
18.501809738512787
18.5505649983512
18.599159730365006
18.647133976442845
18.707288415171394
18.862274587012482
18.8696813845784
18.915348332092957
19.01090626309419
19.054556247456926
19.115645047100475
19.152278386925047
19.253367163327123
19.29627249838223
19.380019432770148
19.40054455254609
19.475469947063644
19.514936876839283
19.658107720616606
19.711281729322867
19.7331470597696
19.824143448142163
19.868712219305525
19.89559349760518
19.969485707223576
19.972602414218976
20.023497948508204
20.062913918605407
20.09597971354048
20.14048465654684
20.20533536619417
20.28417983026432
20.368789953442793
20.486476936620512
20.533448108543638
20.583171342920217
20.622955494581717
20.707318406873355
20.732789909032213
20.808358351184538
20.82360689391446
20.84764574852887
20.90284277287363
20.98142549437958
21.07685905094241
21.118735162160853
21.156495406724815
21.247434657214402
21.467428957425224
21.496148696444937
21.885250944012974
22.0853281585585
22.135523963676857
22.24091703090097
22.26569333532539
22.547150951578566
22.591275955467797
22.71685119036149
22.87104093123761
23.06153233865703
23.094849441771455
23.195491323102424
23.594110941349353
0.5272453668826235
0.542978451308691
0.5666553346587972
0.6127978270795782
0.6609514019966924
0.7656532917892059
0.8587669343148034
0.9157731697714058
1.001101158305257
4.213410722010148
4.435721005138072
5.088191243493133
5.102515194004087
5.155403304743219
5.394949017774813
5.410776612210225
5.5155850105624955
5.540578737597551
5.578675755459074
5.610103782479048
5.79240232494167
5.842175997953133
5.933127870835899
6.011329761264304
6.031748829165674
6.059676849440684
6.1086001988582845
6.169591503212572
6.217821475046668
6.276118593589346
6.29105301398963
6.319179356422487
6.326362193351512
6.3984833607034135
6.424890811204359
6.42798736380632
6.482758797921597
6.5488727921327765
6.579363425415273
6.596942457516251
6.626084734345736
6.680180043796898
6.73574790712493
6.746418531995525
6.804544440256238
6.8531256427130405
6.891129109158308
6.939153937269918
6.994811134644869
7.059313129209181
7.093245524011951
7.112505715207311
7.1396847904422325
7.193609643813184
7.2060688529294925
7.228392328891631
7.2478322953942245
7.304817344003046
7.350348579347798
7.386534577335902
7.431317435686337
7.443897690265201
7.45583304117552
7.471628443769851
7.524794575326026
7.542941030921552
7.576430587518357
7.588001052356233
7.619835947386816
7.646020830205328
7.667298364050599
7.724864357271732
7.7443940756669205
7.783983940942837
7.807144583533879
7.815803690834397
7.843304319697984
7.875475859192033
7.90486364789144
7.927797190790521
7.938819478095862
8.000133732847441
8.023645494134243
8.077765539707709
8.083346834804876
8.105348627998207
8.126703607236845
8.13661993345576
8.177997915296993
8.201654608050506
8.235411802842776
8.287761678811817
8.299262228797541
8.321391559474291
8.35079784309167
8.396984311173156
8.433505950937867
8.44686786976208
8.451928311257394
8.471629124493768
8.520464827818676
8.547401086268223
8.579182541534525
8.598805369978354
8.613616779508881
8.618746695673176
8.671746497462953
8.695945451745777
8.710696841089742
8.722130649838698
8.74796741634731
8.802991135091796
8.811712688677508
8.818813964824004
8.867892699255707
8.892262914061522
8.92656927971108
8.947542608781342
8.959059721847076
8.984795335842026
9.024266084255284
9.039942599444693
9.076915889899803
9.138290677565202
9.166560239109309
9.206559411839836
9.231005340219605
9.261439706060468
9.290031809413312
9.312707093195046
9.335925852946588
9.348265201864091
9.38532338632647
9.428576913475242
9.440673624263844
9.51830746090642
9.538635536707114
9.548261322572138
9.561135496996387
9.579634354867864
9.620007114443412
9.627232152097363
9.675096204426557
9.721625268391666
9.745420705086737
9.774086415896193
9.788159354556877
9.816249460643007
9.83971849961078
9.849851522959264
9.893875104209535
9.92162553879527
9.9306526374283
9.945287199635024
9.97912261513479
9.98467076737802
10.01769866597848
10.040629137986317
10.082029177611597
10.114568226354944
10.143040715785437
10.18504575600043
10.202735157757802
10.214521713939801
10.272977634030177
10.32440234090957
10.356465185398486
10.364288323167905
10.3757090665218
10.418287135593312
10.428909771924536
10.46111728189208
10.465160786854383
10.49810789723548
10.540273728781857
10.571264889794131
10.627960904393579
10.640216695948109
10.686631898480746
10.694756186867417
10.716830549329938
10.72284223822836
10.758542504311855
10.77801021351712
10.821924714301524
10.857359388037981
10.906784181951183
10.915218568056764
10.988458474112434
11.036223653907284
11.057069636655536
11.083295302661673
11.110725376574493
11.1331487541077
11.161972458323582
11.181938766627445
11.22337492636972
11.240829807678253
11.259684922555444
11.272686136196787
11.290254454419903
11.301140698621232
11.317037313532053
11.334442521215424
11.379313746405597
11.392932280698426
11.413327907001689
11.439654547680695
11.454943445775783
11.491471570913177
11.513333986307908
11.519786764592315
11.557112905481016
11.568413212502128
11.593698908918379
11.616225167414528
11.643633914785795
11.687037327716855
11.708838501703449
11.746472445142203
11.763473331233586
11.791228857666102
11.810989705017416
11.819638387832653
11.851855657703034
11.918005904751764
11.93806593765505
11.951297268168416
11.9839269673694
11.99441284050733
12.020185945313338
12.030437421196208
12.077314385634066
12.111242401819965
12.137874493595275
12.1574846598519
12.169884630841848
12.202557966151781
12.21258433230914
12.252311402333918
12.277613569125894
12.308710310749506
12.321642318173584
12.372124642995786
12.39357080602227
12.420466872176023
12.43009330722419
12.489643666921397
12.495484686946682
12.531641020841064
12.567771259913828
12.60688317258376
12.651726114695538
12.692583196233386
12.707550523870864
12.72751869562826
12.765713205996041
12.790539507468006
12.805404258500486
12.86374983237579
12.906218432178376
12.9188746465347
12.928856280653921
12.964022287091655
12.98590663384207
13.019729192095022
13.037230293326825
13.076678505915972
13.084884820311988
13.117788918418515
13.128581046882436
13.158143674890864
13.199287318237602
13.205249460278301
13.232316308355154
13.280624126372967
13.300372183192241
13.316758050705383
13.335269240815018
13.375386836514918
13.426119667224864
13.430408816782037
13.464243446612283
13.472473200238369
13.504413982892356
13.52210908773599
13.559597043472987
13.576421167726558
13.609354820717389
13.647407926603275
13.701350619379882
13.721350009291855
13.765478405336236
13.790221766697464
13.817414793567968
13.872903470987477
13.882386221248229
13.920816634412837
13.943307365373773
13.959723181355049
13.970079144659936
14.014359649945758
14.058883994741043
14.084989443697722
14.107020496388088
14.130707102069593
14.162416689088607
14.189025290592545
14.221057367674605
14.24116476489718
14.254325808766852
14.290702974165749
14.308246662962594
14.339778909981469
14.360260831219154
14.427247012415926
14.469698910440647
14.47428696121064
14.529300249379656
14.575332119928444
14.587245689100863
14.597113765354939
14.641775868139781
14.656912142454233
14.67388692674347
14.725563270003864
14.732269639180313
14.782718488274712
14.794975765525225
14.815947723744278
14.833550196067034
14.846142779311798
14.888742728948014
14.940026253947906
14.962463243064033
14.973360620414466
15.004862217850214
15.024575663419416
15.05217647073303
15.094252666153757
15.119595464724455
15.134006970263474
15.152140063167561
15.221773831560792
15.235313598967616
15.254910282821394
15.271077832316644
15.292684084891848
15.329482586311517
15.353653414287066
15.445901477932445
15.456320279354383
15.52816013172577
15.538444819341498
15.571113114734466
15.59936479094248
15.648639981355725
15.677500817812335
15.696059227884147
15.708068806919153
15.761046933751905
15.808768458259303
15.820349632514459
15.848446822685109
15.908512249130562
15.930461457435799
15.975521927884026
15.976972681386961
16.00026437465496
16.043472505697732
16.06930739635096
16.13466640980665
16.181013094337736
16.188340738568943
16.21355617540523
16.233075301733013
16.26032449315975
16.276944055552395
16.319475513345637
16.341850340287444
16.358411476871797
16.39667260937585
16.448004524685196
16.48449693679005
16.519610513075328
16.54212680454357
16.571521422195044
16.612224355557476
16.635136786649646
16.66712561298942
16.692887709280217
16.706488862358185
16.7568930552986
16.80154775216328
16.908193544807695
16.916107362239266
16.952548949434416
16.99483002549341
17.045311680318434
17.133498068963895
17.167938706514338
17.197933569737163
17.2024553985765
17.30137268219304
17.343161297131328
17.37247624681434
17.403944456417204
17.446267115201206
17.456210597103468
17.48659827498207
17.51214188018531
17.567671683829406
17.586197121398328
17.61725415428204
17.636333821665886
17.718228899086355
17.778258071626176
17.797212172215673
17.81937414286924
17.836769790834097
17.88245330420162
17.906484802793237
17.95276922683852
17.96204378559291
17.995292185649138
18.02988558662362
18.057159615210736
18.096737057202244
18.130220159513378
18.149989747272187
18.21738022040887
18.260316380790908
18.303436656395505
18.395652157807795
18.460367993347212
18.470441116788518
18.501809738512787
18.5505649983512
18.599159730365006
18.647133976442845
18.707288415171394
18.862274587012482
18.8696813845784
18.915348332092957
19.01090626309419
19.054556247456926
19.115645047100475
19.152278386925047
19.253367163327123
19.29627249838223
19.380019432770148
19.40054455254609
19.475469947063644
19.514936876839283
19.658107720616606
19.711281729322867
19.7331470597696
19.824143448142163
19.868712219305525
19.89559349760518
19.969485707223576
19.972602414218976
20.023497948508204
20.062913918605407
20.09597971354048
20.14048465654684
20.20533536619417
20.28417983026432
20.368789953442793
20.486476936620512
20.533448108543638
20.583171342920217
20.622955494581717
20.707318406873355
20.732789909032213
20.808358351184538
20.82360689391446
20.84764574852887
20.90284277287363
20.98142549437958
21.07685905094241
21.118735162160853
21.156495406724815
21.247434657214402
21.467428957425224
21.496148696444937
21.885250944012974
22.0853281585585
22.135523963676857
22.24091703090097
22.26569333532539
22.547150951578566
22.591275955467797
22.71685119036149
22.87104093123761
23.06153233865703
23.094849441771455
23.195491323102424
23.594110941349353
