0.5622474810631369
0.6469617586550362
0.6815770939544505
0.6959723955410262
0.802512347062061
0.8473957564717965
0.858828409487164
0.9943224443357752
1.160706923826373
3.670061208639404
4.455154136572563
5.0448933774851055
5.855255148518978
5.865082637941496
5.887814694861253
6.061776624586636
6.088653055137252
6.162699354175106
6.187552163957116
6.194657975255605
6.227127589941061
6.337108036747791
6.426383088895736
6.49758286838523
6.6111929355268755
6.638472344881287
6.677787107350737
6.693669501861736
6.820088318925629
6.846345448983814
6.899534532119582
6.92542399084579
6.955364649486041
6.965478875425499
7.059243966606166
7.083895535138681
7.143794892182894
7.18861961228921
7.219814802050915
7.241042398721186
7.263599296526529
7.275281942521913
7.323585861445095
7.35210707934244
7.364485015881518
7.463112230283353
7.515408494871285
7.532476073280267
7.5867305200604305
7.613872974384969
7.652169987335092
7.685378211975932
7.699074204277704
7.736212814671868
7.777032951770117
7.811367429278741
7.8160143846043635
7.8315209199453735
7.855760955509696
7.907710047725006
7.924774079230967
7.9698508625169735
8.00192509324496
8.033671477789332
8.052744568462286
8.07795937200775
8.094220512260417
8.131131796168157
8.132804518367424
8.167141957051825
8.189861367332012
8.234203800759708
8.24023989125324
8.269810309153225
8.322229390652447
8.37038788225485
8.389374579268834
8.406476542995208
8.447755200179278
8.449114129869585
8.484040488003512
8.499930845093148
8.549190215319447
8.580405600830598
8.5929817592838
8.610402514686603
8.649671798890518
8.674711627041807
8.7126104990035
8.75454070143772
8.784719210597427
8.807507510475457
8.825534866334506
8.86154750389617
8.885156600177533
8.94617843704873
9.00600936270838
9.020874400527378
9.0379201837259
9.056795927364472
9.06868775880759
9.10598672761926
9.124183000576103
9.147971053889803
9.192041639292553
9.231392702478159
9.248416839297212
9.281931716129804
9.31100912164799
9.37508495509899
9.387802216549328
9.424774837097623
9.46477661119818
9.482156655651758
9.512795054231107
9.54695340711597
9.570067515879318
9.598127636583838
9.617136824410535
9.63118453183754
9.65861020294064
9.682281749890107
9.690962393875772
9.728791745643361
9.749066782114514
9.758617440912072
9.777332888840109
9.816769621765365
9.827534298221774
9.847315397258539
9.91241395331281
9.933528798326774
9.986405053155792
10.011367711560233
10.034529886473576
10.048525961533015
10.076532175568886
10.105481348166052
10.130049183568612
10.146919227976607
10.159111332158362
10.183063100419181
10.1920798297521
10.213202899218711
10.230875031281
10.278088013576959
10.292980780197201
10.326116219354807
10.354361661447616
10.372430837010693
10.398849806634045
10.402997878997743
10.43178116854583
10.450863279259945
10.474768434382252
10.506117110046128
10.543369659077918
10.567547183249694
10.614818215617364
10.646445926447688
10.663761487407136
10.692869742505158
10.70100506454186
10.730162863554101
10.762666517909464
10.780862790712193
10.785852725061487
10.812354893451243
10.869003120682889
10.883552438509437
10.891925435039061
10.91741311117018
10.96018163794163
10.995388448575909
11.027104433855007
11.065289058340193
11.06908261551053
11.100509372524566
11.15242237122741
11.167339873954312
11.194688926605291
11.224737193455795
11.23266563916838
11.262356661632001
11.303890393506947
11.321569310631325
11.357076179729441
11.37776013414465
11.411557724176342
11.420372857251273
11.445195212053827
11.473727504257766
11.50551159490129
11.529818378592655
11.570640394003464
11.591614759399167
11.649792407175493
11.680473079171449
11.686864972575762
11.716196514968173
11.735329026778865
11.763209030736936
11.795358083688159
11.839081743856646
11.860728774452186
11.868900513233068
11.900535851485127
11.936693890061383
11.941503287027714
11.97092089105239
11.988624931541274
12.026052050073005
12.036726598124828
12.073523662678708
12.102535643672727
12.127334512677102
12.139856545485355
12.17108136380897
12.192578645630691
12.210763456720793
12.213955295930587
12.251892250029405
12.27467730111062
12.323376341913168
12.349707388610756
12.360609558868106
12.402521578224254
12.417614588656129
12.50265558174059
12.50621411125984
12.52698944050799
12.551401343021446
12.56811778804386
12.605963832089511
12.626587866589874
12.641186166771368
12.664271456543906
12.69825869618424
12.741665732102168
12.76621882958952
12.7825708447432
12.807465670999115
12.83470025398909
12.862950857001929
12.90562439878324
12.926752557259643
12.960786841266444
12.978483830700682
13.03113650931236
13.070005725088158
13.077524934603863
13.091757581950652
13.107747170686109
13.146364833287956
13.155151663608237
13.183975459405467
13.236849971974038
13.252788922076983
13.274508394353047
13.324366960221555
13.349709330997143
13.35444055734239
13.411614694757688
13.434147004677948
13.483818904873754
13.507481124556476
13.52355013447962
13.544674630181126
13.557842399479162
13.628177621955134
13.657289487896806
13.660682974926937
13.716544623365293
13.734347535408837
13.753380181420097
13.781556981376681
13.847807572080999
13.890406896137057
13.92625566690496
13.929554510945644
13.940887182390147
13.97770179628579
14.029009502754958
14.054869611578225
14.066450909839268
14.091850966552979
14.119340008165375
14.152932117015274
14.201646714358356
14.228952143178365
14.265527357027466
14.275310463151811
14.321401022053685
14.361640728274573
14.389431474321258
14.414307656339599
14.417346427662663
14.461928905410877
14.49858858831912
14.523471032980304
14.546022711355985
14.586559317888492
14.613261985155885
14.672968931592122
14.700520184444882
14.723792371442523
14.73155916331895
14.757805522047057
14.795187000577844
14.819028120194139
14.829608536607095
14.878528147732009
14.90963618084773
14.924634681664049
14.95001449396033
14.971834217025169
14.994118047503438
15.052409602188812
15.084847137190582
15.112104285267003
15.127741864382294
15.159334242586157
15.210556854542022
15.245886232321212
15.265657521438758
15.289542888777977
15.347918496575158
15.37650040609592
15.387118186875574
15.409613993788103
15.458693250352614
15.464608019532077
15.495693422068394
15.5348240921598
15.569161163283654
15.585098973121404
15.63554173712753
15.651902288341805
15.688712238733102
15.703492093970691
15.744862692389113
15.780654270169679
15.799453861443611
15.823396564347497
15.886337057247527
15.913520759730845
15.924134775743024
15.971992287138223
16.00026766918842
16.058367612753315
16.072243546049798
16.117089926087132
16.13241042364206
16.19119273834613
16.197868568484672
16.246730444131714
16.312157051888953
16.333872782272568
16.38742271480536
16.42191592628257
16.426498089328607
16.452614306543396
16.470232747859974
16.51217786792346
16.5358188791693
16.559747318293716
16.59391125197456
16.637893572007002
16.6509664831992
16.721384531510544
16.72382213616667
16.75958145964513
16.77144461276741
16.84175918751172
16.894171520604424
16.910820103628623
16.936558077534524
16.962602749719416
16.987934680535304
17.02421760550169
17.043874610254292
17.122037458540895
17.199280091680322
17.225086300750263
17.267097712652195
17.292532673626667
17.30687391907192
17.345442655476777
17.36009368363109
17.40428226577349
17.43471521997862
17.45697641512304
17.49992742510102
17.561254528411688
17.58412571432493
17.60053321300277
17.657871572664952
17.673166661278287
17.718182399273203
17.76884951554123
17.800474735717202
17.824487620150432
17.851784151834323
17.888363106612207
17.94823536718523
17.967196870968355
17.983577030796162
18.050309272453003
18.076856095299483
18.137589379492542
18.173197966087628
18.19257031516288
18.229990619737126
18.242701401422075
18.290669862740497
18.293641557275837
18.367119875287546
18.389676014119324
18.41145753715236
18.46398381006585
18.47255968613473
18.538046416538815
18.58151681106075
18.603812807038846
18.66707552714032
18.685903884453545
18.698769263789654
18.746386260784867
18.80094289127248
18.844748601942452
18.897166533601297
18.93081713162209
18.998664412737305
19.043670041526635
19.077860725996064
19.11816472685961
19.152516584855945
19.184304894085926
19.232314640823688
19.282553994395204
19.357591941799807
19.40215830847072
19.430295998894017
19.458089529982576
19.523430400963406
19.53315424937831
19.55017880155812
19.604373750257185
19.671143893056065
19.713125043410546
19.77364260404468
19.792331590596813
19.828791800342067
19.868784908896867
20.001233527780258
20.029568539416623
20.11880157719945
20.189209041385794
20.219014755772925
20.266017797082178
20.373197166963333
20.43086005370173
20.515928386465685
20.615606758838773
20.680808920152394
20.725321915273163
20.813088173673766
20.939995814698914
20.95408783611527
21.017914635725134
21.06326403956681
21.2067903471375
21.30942454018988
21.37525869895971
21.432293543721748
21.57655643109454
21.659608621037247
21.685996771850206
21.713781223808034
21.831749538675
21.88083629677104
21.913190947509353
21.988507319019803
22.065025187127585
22.102501437135338
22.176873470748767
22.293099311925413
22.531682646633488
22.843898057663967
22.87829903077848
23.188403153847034
23.437835286789067
23.776926550617507
24.254638744631944
24.294477712251933
24.333751585402183
24.52375695553251
24.87702347022585
25.236169868220507
0.5622474810631369
0.6469617586550362
0.6815770939544505
0.6959723955410262
0.802512347062061
0.8473957564717965
0.858828409487164
0.9943224443357752
1.160706923826373
3.670061208639404
4.455154136572563
5.0448933774851055
5.855255148518978
5.865082637941496
5.887814694861253
6.061776624586636
6.088653055137252
6.162699354175106
6.187552163957116
6.194657975255605
6.227127589941061
6.337108036747791
6.426383088895736
6.49758286838523
6.6111929355268755
6.638472344881287
6.677787107350737
6.693669501861736
6.820088318925629
6.846345448983814
6.899534532119582
6.92542399084579
6.955364649486041
6.965478875425499
7.059243966606166
7.083895535138681
7.143794892182894
7.18861961228921
7.219814802050915
7.241042398721186
7.263599296526529
7.275281942521913
7.323585861445095
7.35210707934244
7.364485015881518
7.463112230283353
7.515408494871285
7.532476073280267
7.5867305200604305
7.613872974384969
7.652169987335092
7.685378211975932
7.699074204277704
7.736212814671868
7.777032951770117
7.811367429278741
7.8160143846043635
7.8315209199453735
7.855760955509696
7.907710047725006
7.924774079230967
7.9698508625169735
8.00192509324496
8.033671477789332
8.052744568462286
8.07795937200775
8.094220512260417
8.131131796168157
8.132804518367424
8.167141957051825
8.189861367332012
8.234203800759708
8.24023989125324
8.269810309153225
8.322229390652447
8.37038788225485
8.389374579268834
8.406476542995208
8.447755200179278
8.449114129869585
8.484040488003512
8.499930845093148
8.549190215319447
8.580405600830598
8.5929817592838
8.610402514686603
8.649671798890518
8.674711627041807
8.7126104990035
8.75454070143772
8.784719210597427
8.807507510475457
8.825534866334506
8.86154750389617
8.885156600177533
8.94617843704873
9.00600936270838
9.020874400527378
9.0379201837259
9.056795927364472
9.06868775880759
9.10598672761926
9.124183000576103
9.147971053889803
9.192041639292553
9.231392702478159
9.248416839297212
9.281931716129804
9.31100912164799
9.37508495509899
9.387802216549328
9.424774837097623
9.46477661119818
9.482156655651758
9.512795054231107
9.54695340711597
9.570067515879318
9.598127636583838
9.617136824410535
9.63118453183754
9.65861020294064
9.682281749890107
9.690962393875772
9.728791745643361
9.749066782114514
9.758617440912072
9.777332888840109
9.816769621765365
9.827534298221774
9.847315397258539
9.91241395331281
9.933528798326774
9.986405053155792
10.011367711560233
10.034529886473576
10.048525961533015
10.076532175568886
10.105481348166052
10.130049183568612
10.146919227976607
10.159111332158362
10.183063100419181
10.1920798297521
10.213202899218711
10.230875031281
10.278088013576959
10.292980780197201
10.326116219354807
10.354361661447616
10.372430837010693
10.398849806634045
10.402997878997743
10.43178116854583
10.450863279259945
10.474768434382252
10.506117110046128
10.543369659077918
10.567547183249694
10.614818215617364
10.646445926447688
10.663761487407136
10.692869742505158
10.70100506454186
10.730162863554101
10.762666517909464
10.780862790712193
10.785852725061487
10.812354893451243
10.869003120682889
10.883552438509437
10.891925435039061
10.91741311117018
10.96018163794163
10.995388448575909
11.027104433855007
11.065289058340193
11.06908261551053
11.100509372524566
11.15242237122741
11.167339873954312
11.194688926605291
11.224737193455795
11.23266563916838
11.262356661632001
11.303890393506947
11.321569310631325
11.357076179729441
11.37776013414465
11.411557724176342
11.420372857251273
11.445195212053827
11.473727504257766
11.50551159490129
11.529818378592655
11.570640394003464
11.591614759399167
11.649792407175493
11.680473079171449
11.686864972575762
11.716196514968173
11.735329026778865
11.763209030736936
11.795358083688159
11.839081743856646
11.860728774452186
11.868900513233068
11.900535851485127
11.936693890061383
11.941503287027714
11.97092089105239
11.988624931541274
12.026052050073005
12.036726598124828
12.073523662678708
12.102535643672727
12.127334512677102
12.139856545485355
12.17108136380897
12.192578645630691
12.210763456720793
12.213955295930587
12.251892250029405
12.27467730111062
12.323376341913168
12.349707388610756
12.360609558868106
12.402521578224254
12.417614588656129
12.50265558174059
12.50621411125984
12.52698944050799
12.551401343021446
12.56811778804386
12.605963832089511
12.626587866589874
12.641186166771368
12.664271456543906
12.69825869618424
12.741665732102168
12.76621882958952
12.7825708447432
12.807465670999115
12.83470025398909
12.862950857001929
12.90562439878324
12.926752557259643
12.960786841266444
12.978483830700682
13.03113650931236
13.070005725088158
13.077524934603863
13.091757581950652
13.107747170686109
13.146364833287956
13.155151663608237
13.183975459405467
13.236849971974038
13.252788922076983
13.274508394353047
13.324366960221555
13.349709330997143
13.35444055734239
13.411614694757688
13.434147004677948
13.483818904873754
13.507481124556476
13.52355013447962
13.544674630181126
13.557842399479162
13.628177621955134
13.657289487896806
13.660682974926937
13.716544623365293
13.734347535408837
13.753380181420097
13.781556981376681
13.847807572080999
13.890406896137057
13.92625566690496
13.929554510945644
13.940887182390147
13.97770179628579
14.029009502754958
14.054869611578225
14.066450909839268
14.091850966552979
14.119340008165375
14.152932117015274
14.201646714358356
14.228952143178365
14.265527357027466
14.275310463151811
14.321401022053685
14.361640728274573
14.389431474321258
14.414307656339599
14.417346427662663
14.461928905410877
14.49858858831912
14.523471032980304
14.546022711355985
14.586559317888492
14.613261985155885
14.672968931592122
14.700520184444882
14.723792371442523
14.73155916331895
14.757805522047057
14.795187000577844
14.819028120194139
14.829608536607095
14.878528147732009
14.90963618084773
14.924634681664049
14.95001449396033
14.971834217025169
14.994118047503438
15.052409602188812
15.084847137190582
15.112104285267003
15.127741864382294
15.159334242586157
15.210556854542022
15.245886232321212
15.265657521438758
15.289542888777977
15.347918496575158
15.37650040609592
15.387118186875574
15.409613993788103
15.458693250352614
15.464608019532077
15.495693422068394
15.5348240921598
15.569161163283654
15.585098973121404
15.63554173712753
15.651902288341805
15.688712238733102
15.703492093970691
15.744862692389113
15.780654270169679
15.799453861443611
15.823396564347497
15.886337057247527
15.913520759730845
15.924134775743024
15.971992287138223
16.00026766918842
16.058367612753315
16.072243546049798
16.117089926087132
16.13241042364206
16.19119273834613
16.197868568484672
16.246730444131714
16.312157051888953
16.333872782272568
16.38742271480536
16.42191592628257
16.426498089328607
16.452614306543396
16.470232747859974
16.51217786792346
16.5358188791693
16.559747318293716
16.59391125197456
16.637893572007002
16.6509664831992
16.721384531510544
16.72382213616667
16.75958145964513
16.77144461276741
16.84175918751172
16.894171520604424
16.910820103628623
16.936558077534524
16.962602749719416
16.987934680535304
17.02421760550169
17.043874610254292
17.122037458540895
17.199280091680322
17.225086300750263
17.267097712652195
17.292532673626667
17.30687391907192
17.345442655476777
17.36009368363109
17.40428226577349
17.43471521997862
17.45697641512304
17.49992742510102
17.561254528411688
17.58412571432493
17.60053321300277
17.657871572664952
17.673166661278287
17.718182399273203
17.76884951554123
17.800474735717202
17.824487620150432
17.851784151834323
17.888363106612207
17.94823536718523
17.967196870968355
17.983577030796162
18.050309272453003
18.076856095299483
18.137589379492542
18.173197966087628
18.19257031516288
18.229990619737126
18.242701401422075
18.290669862740497
18.293641557275837
18.367119875287546
18.389676014119324
18.41145753715236
18.46398381006585
18.47255968613473
18.538046416538815
18.58151681106075
18.603812807038846
18.66707552714032
18.685903884453545
18.698769263789654
18.746386260784867
18.80094289127248
18.844748601942452
18.897166533601297
18.93081713162209
18.998664412737305
19.043670041526635
19.077860725996064
19.11816472685961
19.152516584855945
19.184304894085926
19.232314640823688
19.282553994395204
19.357591941799807
19.40215830847072
19.430295998894017
19.458089529982576
19.523430400963406
19.53315424937831
19.55017880155812
19.604373750257185
19.671143893056065
19.713125043410546
19.77364260404468
19.792331590596813
19.828791800342067
19.868784908896867
20.001233527780258
20.029568539416623
20.11880157719945
20.189209041385794
20.219014755772925
20.266017797082178
20.373197166963333
20.43086005370173
20.515928386465685
20.615606758838773
20.680808920152394
20.725321915273163
20.813088173673766
20.939995814698914
20.95408783611527
21.017914635725134
21.06326403956681
21.2067903471375
21.30942454018988
21.37525869895971
21.432293543721748
21.57655643109454
21.659608621037247
21.685996771850206
21.713781223808034
21.831749538675
21.88083629677104
21.913190947509353
21.988507319019803
22.065025187127585
22.102501437135338
22.176873470748767
22.293099311925413
22.531682646633488
22.843898057663967
22.87829903077848
23.188403153847034
23.437835286789067
23.776926550617507
24.254638744631944
24.294477712251933
24.333751585402183
24.52375695553251
24.87702347022585
25.236169868220507
