0.5750346781529833
0.6552716582208843
0.6785180463621003
0.7693747449772013
0.8191322965083263
0.8411087450423005
0.9361964293759382
0.9843057125897496
1.1842023325765034
3.64522339687116
4.611230914206192
4.61810389435616
4.974040634403124
5.1108016040490645
5.236488595097782
5.383708655424347
5.4900073950856365
5.653415825128267
5.898197831107786
5.960126549872467
5.987116366101322
6.0175147465029815
6.046309906786332
6.0698082442608845
6.0852946575810005
6.127308288701344
6.256246180794879
6.326212471222063
6.3873452674619005
6.491971588309339
6.506150770355999
6.552593529394981
6.589904821375922
6.640841416595985
6.726421015402392
6.75160693114434
6.78829153552514
6.823177944246925
6.85392526574266
6.9164447093517065
6.953738692563123
6.9710409010472505
6.978488694292422
7.066797662763269
7.080249055510587
7.097330382066718
7.1448429551901524
7.171415510975673
7.193632905966
7.23596728407518
7.2505025603155575
7.301494676857447
7.310501805342703
7.37105854367965
7.39140316306139
7.412412712623992
7.443411777559098
7.476903174105395
7.4933613139885
7.525202433526219
7.54118909253876
7.584057284220472
7.638085371043655
7.644924321560024
7.665626155394366
7.722895927896874
7.7491903163670175
7.79103703607855
7.8369607699148744
7.863053886804386
7.907539849562155
7.923153402547176
7.975565157792571
8.004201623341995
8.019665154008925
8.024229823283697
8.035462882784305
8.103645853971896
8.116512017708462
8.131775917707548
8.193871164843124
8.246974794743844
8.267283484815271
8.3109599349059
8.343972318653007
8.378263266227203
8.396586733754614
8.413819783985902
8.449254918597495
8.472897680687593
8.5280349334148
8.537950702759021
8.570918213130824
8.601704613240084
8.61451397197721
8.63719010812602
8.665101239758787
8.685780320452308
8.758177440151565
8.771558441040735
8.782480799827404
8.819635906752
8.828926578986469
8.869169115725425
8.88957220400848
8.944690750483481
8.962984470255272
9.00147168972768
9.00758459765181
9.040658741053337
9.079804366776262
9.085417824100354
9.138592225305997
9.16686574110338
9.201846127347896
9.220866527529187
9.25231247440539
9.284690686761383
9.298558631897247
9.363469976689359
9.404990660029016
9.437995911856465
9.488276665906392
9.493918769785818
9.518056244583311
9.525489752784114
9.556039435484541
9.583345445435242
9.608685583861256
9.635254049070479
9.66154877589649
9.713473811155927
9.735437260198017
9.75328807244996
9.777768941720378
9.816870982772194
9.874228766905201
9.888777702304465
9.904504816709723
9.961045048688343
9.978610565113208
9.992887072082661
10.012236988018763
10.039064722247554
10.078002868987577
10.125048422935713
10.127865619778602
10.157451299660867
10.178533933686712
10.207041625224248
10.265085199611743
10.26703662296612
10.29750305714191
10.340668488276151
10.378702524809972
10.385913673345234
10.421948562723706
10.441734265666565
10.45050055780719
10.490282342148626
10.533413242738343
10.552011675928876
10.595190694246316
10.621513848986266
10.67219868662866
10.680769696144203
10.708475920612283
10.727968906259742
10.75022141834773
10.779762881292081
10.826477584249492
10.846889027607938
10.870780561449468
10.898346283376371
10.923778667662413
10.943521752845092
10.978052547359127
11.001618451309959
11.047218631996685
11.059434975134756
11.10735557858872
11.134254203344346
11.169004724131103
11.18348201758989
11.23290077888874
11.256661003848295
11.272376316573975
11.294992030216209
11.343734238504043
11.36971930683282
11.401131479909797
11.426327111006742
11.480089136470877
11.499963227006296
11.526133378497772
11.539560929547985
11.577014951640376
11.605845005668879
11.625396487821488
11.630514396126111
11.669354840900768
11.689894512468113
11.71869613645049
11.765060491718426
11.803546084602061
11.824073214127994
11.836264101277713
11.858104311384524
11.895676267308534
11.917712521288987
11.942916683784437
11.971950208680525
11.983734390814364
12.03527474271822
12.068330726523337
12.099547901900209
12.104735837470601
12.141842331251489
12.155672182343832
12.206636973707162
12.258086803858705
12.272634609065964
12.294268459610475
12.308433504467908
12.325781690853868
12.339031777646738
12.361128432092048
12.39256831835828
12.464216087691117
12.475057229561411
12.48663817186518
12.519542535806986
12.533305342930323
12.565994110322533
12.580307102694697
12.60858979472828
12.692716108386161
12.705024135502887
12.73907814790085
12.767022346702493
12.776883271330636
12.785891047960648
12.816215311274831
12.8473593362424
12.863522180213861
12.905747190061545
12.94148624457116
12.961366325528216
12.984798425446604
12.996769369515341
13.018498739131884
13.055156201608492
13.067725278292302
13.11566009785118
13.12388594704859
13.158745353193376
13.220370449847735
13.243665375110504
13.262246889956707
13.285760815969436
13.329025640392329
13.370148767956977
13.381779033735766
13.407038591869448
13.463970700287861
13.491556485116542
13.531384121955412
13.560572270524307
13.561825745974716
13.573743767706342
13.611842129668542
13.65017769054117
13.690150480871086
13.707107783287176
13.726957593330523
13.745716071976638
13.765052975771885
13.81621316511002
13.859979095115635
13.875158057661924
13.885841673921512
13.914267088825984
13.978075422883636
14.046887482239637
14.066754234156924
14.094386160800092
14.116006762931203
14.131629904916938
14.187264004156026
14.218397469566368
14.232463247110632
14.26627752005531
14.288356320396023
14.309603213337256
14.329498924197575
14.35592191388114
14.3741429374541
14.451192789814382
14.4781967985312
14.504636658484879
14.52533986917988
14.54668841776347
14.583266424676228
14.58999133760277
14.62897945135709
14.636810768720817
14.641601742635915
14.694119802280257
14.736243680790931
14.75429185438023
14.799838175625093
14.8285764041164
14.884321093150959
14.902228091663536
14.929398845982723
14.952356156179082
14.991566983967449
15.035647532546532
15.039566285131471
15.06917756340799
15.0878520089757
15.119213304374984
15.162035407848961
15.192406887580677
15.21120447212768
15.274253316900039
15.290472412727825
15.31625543970905
15.337248246817776
15.353731269779171
15.396066280689345
15.416434247167953
15.43211686522217
15.464236351008935
15.52657048613041
15.552849731467848
15.611284270553993
15.649140327727316
15.66563746065969
15.685470802398411
15.713714450674178
15.766743875273372
15.76935851238646
15.79423319171873
15.809177482053368
15.850280912844227
15.929076041093964
15.971980456617825
15.97757716507699
15.985726582532687
16.034690193202785
16.08478337363867
16.157762273452942
16.190377648427955
16.294182971951884
16.341018191382364
16.352016347573482
16.367307582664086
16.408724715414557
16.419237412657694
16.454579255778864
16.49610488585921
16.546779749844013
16.553765679073585
16.571743780707614
16.631103447775967
16.67243928990264
16.712622854899447
16.741020927846577
16.76465028831538
16.83147625964024
16.843847038878376
16.87308357476306
16.910460305982124
16.972171613982542
17.024026791783818
17.063189269809428
17.08058477599003
17.128742297819613
17.15787854644507
17.167536303012014
17.19222048432534
17.2069744651168
17.26600770542301
17.310937522545483
17.322914040475787
17.367355397502646
17.40852661725101
17.44138286962591
17.491655534073317
17.50397543521663
17.57113220624244
17.650341295524104
17.675025867040063
17.718116189649326
17.752758258698226
17.795615365755584
17.81496162473744
17.829475902908943
17.872756651896715
17.90661069111012
17.952227439767565
17.999612228111815
18.031551780777452
18.077770711040273
18.103563783948484
18.12016333055883
18.144727124737813
18.184886050913885
18.193213911252393
18.23993205103063
18.263556427052595
18.302073379687936
18.34116504864762
18.394650333728364
18.41760772527867
18.450310850340735
18.48735368253563
18.551836852323664
18.577974701586157
18.658728227087394
18.71857099428775
18.739552526832338
18.809782240405166
18.862934994058968
18.91604609483833
18.949553020773596
18.99056293901189
19.01239347450818
19.09078139077368
19.116882443637316
19.1712066945391
19.198554400709234
19.228788286533867
19.355759605063454
19.36666397521508
19.417101976936962
19.433626517404374
19.51068183683511
19.522839467567692
19.56207775292699
19.58440195679888
19.64269639967131
19.722394215830388
19.733249844730267
19.797638106937118
19.82420410526238
19.868641404948292
19.944111903671065
19.99577170142126
20.009736515244388
20.029500926571966
20.073717068299104
20.125776513393124
20.157996736154185
20.231200321834603
20.27069426915315
20.303994910655348
20.412155184961577
20.508820187107386
20.54555312332595
20.63086766298329
20.673166629700294
20.784773058564607
20.873819638185857
20.91189409872422
21.013002940193036
21.02005072527268
21.030210312349702
21.128530364416964
21.17449655208181
21.206595210818048
21.277581834975226
21.436212541132182
21.47455008654406
21.570111887610853
21.67624569340593
21.69247350408101
21.786746584748318
21.82859933047937
21.94147158702105
22.01364755116598
22.146180041796303
22.165579604659065
22.48942611414628
22.580915102470875
22.74137987905019
22.79607041380824
22.98160267533243
23.038902054973306
23.087059178462795
23.23527191292798
23.271837634445316
23.347188923126087
23.67018735113883
23.93376934252202
24.491105096989152
24.89317013480177
26.676236829145058
0.5750346781529833
0.6552716582208843
0.6785180463621003
0.7693747449772013
0.8191322965083263
0.8411087450423005
0.9361964293759382
0.9843057125897496
1.1842023325765034
3.64522339687116
4.611230914206192
4.61810389435616
4.974040634403124
5.1108016040490645
5.236488595097782
5.383708655424347
5.4900073950856365
5.653415825128267
5.898197831107786
5.960126549872467
5.987116366101322
6.0175147465029815
6.046309906786332
6.0698082442608845
6.0852946575810005
6.127308288701344
6.256246180794879
6.326212471222063
6.3873452674619005
6.491971588309339
6.506150770355999
6.552593529394981
6.589904821375922
6.640841416595985
6.726421015402392
6.75160693114434
6.78829153552514
6.823177944246925
6.85392526574266
6.9164447093517065
6.953738692563123
6.9710409010472505
6.978488694292422
7.066797662763269
7.080249055510587
7.097330382066718
7.1448429551901524
7.171415510975673
7.193632905966
7.23596728407518
7.2505025603155575
7.301494676857447
7.310501805342703
7.37105854367965
7.39140316306139
7.412412712623992
7.443411777559098
7.476903174105395
7.4933613139885
7.525202433526219
7.54118909253876
7.584057284220472
7.638085371043655
7.644924321560024
7.665626155394366
7.722895927896874
7.7491903163670175
7.79103703607855
7.8369607699148744
7.863053886804386
7.907539849562155
7.923153402547176
7.975565157792571
8.004201623341995
8.019665154008925
8.024229823283697
8.035462882784305
8.103645853971896
8.116512017708462
8.131775917707548
8.193871164843124
8.246974794743844
8.267283484815271
8.3109599349059
8.343972318653007
8.378263266227203
8.396586733754614
8.413819783985902
8.449254918597495
8.472897680687593
8.5280349334148
8.537950702759021
8.570918213130824
8.601704613240084
8.61451397197721
8.63719010812602
8.665101239758787
8.685780320452308
8.758177440151565
8.771558441040735
8.782480799827404
8.819635906752
8.828926578986469
8.869169115725425
8.88957220400848
8.944690750483481
8.962984470255272
9.00147168972768
9.00758459765181
9.040658741053337
9.079804366776262
9.085417824100354
9.138592225305997
9.16686574110338
9.201846127347896
9.220866527529187
9.25231247440539
9.284690686761383
9.298558631897247
9.363469976689359
9.404990660029016
9.437995911856465
9.488276665906392
9.493918769785818
9.518056244583311
9.525489752784114
9.556039435484541
9.583345445435242
9.608685583861256
9.635254049070479
9.66154877589649
9.713473811155927
9.735437260198017
9.75328807244996
9.777768941720378
9.816870982772194
9.874228766905201
9.888777702304465
9.904504816709723
9.961045048688343
9.978610565113208
9.992887072082661
10.012236988018763
10.039064722247554
10.078002868987577
10.125048422935713
10.127865619778602
10.157451299660867
10.178533933686712
10.207041625224248
10.265085199611743
10.26703662296612
10.29750305714191
10.340668488276151
10.378702524809972
10.385913673345234
10.421948562723706
10.441734265666565
10.45050055780719
10.490282342148626
10.533413242738343
10.552011675928876
10.595190694246316
10.621513848986266
10.67219868662866
10.680769696144203
10.708475920612283
10.727968906259742
10.75022141834773
10.779762881292081
10.826477584249492
10.846889027607938
10.870780561449468
10.898346283376371
10.923778667662413
10.943521752845092
10.978052547359127
11.001618451309959
11.047218631996685
11.059434975134756
11.10735557858872
11.134254203344346
11.169004724131103
11.18348201758989
11.23290077888874
11.256661003848295
11.272376316573975
11.294992030216209
11.343734238504043
11.36971930683282
11.401131479909797
11.426327111006742
11.480089136470877
11.499963227006296
11.526133378497772
11.539560929547985
11.577014951640376
11.605845005668879
11.625396487821488
11.630514396126111
11.669354840900768
11.689894512468113
11.71869613645049
11.765060491718426
11.803546084602061
11.824073214127994
11.836264101277713
11.858104311384524
11.895676267308534
11.917712521288987
11.942916683784437
11.971950208680525
11.983734390814364
12.03527474271822
12.068330726523337
12.099547901900209
12.104735837470601
12.141842331251489
12.155672182343832
12.206636973707162
12.258086803858705
12.272634609065964
12.294268459610475
12.308433504467908
12.325781690853868
12.339031777646738
12.361128432092048
12.39256831835828
12.464216087691117
12.475057229561411
12.48663817186518
12.519542535806986
12.533305342930323
12.565994110322533
12.580307102694697
12.60858979472828
12.692716108386161
12.705024135502887
12.73907814790085
12.767022346702493
12.776883271330636
12.785891047960648
12.816215311274831
12.8473593362424
12.863522180213861
12.905747190061545
12.94148624457116
12.961366325528216
12.984798425446604
12.996769369515341
13.018498739131884
13.055156201608492
13.067725278292302
13.11566009785118
13.12388594704859
13.158745353193376
13.220370449847735
13.243665375110504
13.262246889956707
13.285760815969436
13.329025640392329
13.370148767956977
13.381779033735766
13.407038591869448
13.463970700287861
13.491556485116542
13.531384121955412
13.560572270524307
13.561825745974716
13.573743767706342
13.611842129668542
13.65017769054117
13.690150480871086
13.707107783287176
13.726957593330523
13.745716071976638
13.765052975771885
13.81621316511002
13.859979095115635
13.875158057661924
13.885841673921512
13.914267088825984
13.978075422883636
14.046887482239637
14.066754234156924
14.094386160800092
14.116006762931203
14.131629904916938
14.187264004156026
14.218397469566368
14.232463247110632
14.26627752005531
14.288356320396023
14.309603213337256
14.329498924197575
14.35592191388114
14.3741429374541
14.451192789814382
14.4781967985312
14.504636658484879
14.52533986917988
14.54668841776347
14.583266424676228
14.58999133760277
14.62897945135709
14.636810768720817
14.641601742635915
14.694119802280257
14.736243680790931
14.75429185438023
14.799838175625093
14.8285764041164
14.884321093150959
14.902228091663536
14.929398845982723
14.952356156179082
14.991566983967449
15.035647532546532
15.039566285131471
15.06917756340799
15.0878520089757
15.119213304374984
15.162035407848961
15.192406887580677
15.21120447212768
15.274253316900039
15.290472412727825
15.31625543970905
15.337248246817776
15.353731269779171
15.396066280689345
15.416434247167953
15.43211686522217
15.464236351008935
15.52657048613041
15.552849731467848
15.611284270553993
15.649140327727316
15.66563746065969
15.685470802398411
15.713714450674178
15.766743875273372
15.76935851238646
15.79423319171873
15.809177482053368
15.850280912844227
15.929076041093964
15.971980456617825
15.97757716507699
15.985726582532687
16.034690193202785
16.08478337363867
16.157762273452942
16.190377648427955
16.294182971951884
16.341018191382364
16.352016347573482
16.367307582664086
16.408724715414557
16.419237412657694
16.454579255778864
16.49610488585921
16.546779749844013
16.553765679073585
16.571743780707614
16.631103447775967
16.67243928990264
16.712622854899447
16.741020927846577
16.76465028831538
16.83147625964024
16.843847038878376
16.87308357476306
16.910460305982124
16.972171613982542
17.024026791783818
17.063189269809428
17.08058477599003
17.128742297819613
17.15787854644507
17.167536303012014
17.19222048432534
17.2069744651168
17.26600770542301
17.310937522545483
17.322914040475787
17.367355397502646
17.40852661725101
17.44138286962591
17.491655534073317
17.50397543521663
17.57113220624244
17.650341295524104
17.675025867040063
17.718116189649326
17.752758258698226
17.795615365755584
17.81496162473744
17.829475902908943
17.872756651896715
17.90661069111012
17.952227439767565
17.999612228111815
18.031551780777452
18.077770711040273
18.103563783948484
18.12016333055883
18.144727124737813
18.184886050913885
18.193213911252393
18.23993205103063
18.263556427052595
18.302073379687936
18.34116504864762
18.394650333728364
18.41760772527867
18.450310850340735
18.48735368253563
18.551836852323664
18.577974701586157
18.658728227087394
18.71857099428775
18.739552526832338
18.809782240405166
18.862934994058968
18.91604609483833
18.949553020773596
18.99056293901189
19.01239347450818
19.09078139077368
19.116882443637316
19.1712066945391
19.198554400709234
19.228788286533867
19.355759605063454
19.36666397521508
19.417101976936962
19.433626517404374
19.51068183683511
19.522839467567692
19.56207775292699
19.58440195679888
19.64269639967131
19.722394215830388
19.733249844730267
19.797638106937118
19.82420410526238
19.868641404948292
19.944111903671065
19.99577170142126
20.009736515244388
20.029500926571966
20.073717068299104
20.125776513393124
20.157996736154185
20.231200321834603
20.27069426915315
20.303994910655348
20.412155184961577
20.508820187107386
20.54555312332595
20.63086766298329
20.673166629700294
20.784773058564607
20.873819638185857
20.91189409872422
21.013002940193036
21.02005072527268
21.030210312349702
21.128530364416964
21.17449655208181
21.206595210818048
21.277581834975226
21.436212541132182
21.47455008654406
21.570111887610853
21.67624569340593
21.69247350408101
21.786746584748318
21.82859933047937
21.94147158702105
22.01364755116598
22.146180041796303
22.165579604659065
22.48942611414628
22.580915102470875
22.74137987905019
22.79607041380824
22.98160267533243
23.038902054973306
23.087059178462795
23.23527191292798
23.271837634445316
23.347188923126087
23.67018735113883
23.93376934252202
24.491105096989152
24.89317013480177
26.676236829145058
