0.6885723174190729
0.8500622623489947
0.8938047019531774
0.9595272339709078
1.0993573776508903
9.053560679403697
9.967588285457587
9.980413870402998
10.659493417018739
10.686938803581826
10.793930088215152
11.02187749715231
11.047365953652992
11.44473639737708
11.514564260624713
11.80354212665987
11.891721142907206
11.963425699264564
12.10547272027451
12.202285760667431
12.28449657907467
12.292322904745955
12.388157436345674
12.43286110480424
12.482004770106967
12.568814897968661
12.606355585602646
12.638116703007466
12.725588326462487
12.797185711186653
12.892449505110482
12.944755089361546
13.029813933947985
13.074215512832549
13.157228894830133
13.229621620920328
13.247921809329625
13.278788498387167
13.301252228103353
13.328318157964851
13.405470250858471
13.44459019802946
13.533086314704411
13.616107279595406
13.639518213595682
13.70096384952472
13.719942976159748
13.774445452880482
13.799403534834141
13.818352680899372
13.89808819678348
13.928274253207045
14.045930671794553
14.079194868961196
14.107845535946
14.12975069126566
14.18006791588876
14.248591474733812
14.2621054001706
14.325301484523559
14.361314465982913
14.395680954071347
14.409212949928536
14.458456127766235
14.493722843243694
14.536441842961576
14.555685305548915
14.626816218287521
14.646468641664521
14.682930666825667
14.70096097996904
14.730265677157798
14.766895174801041
14.819644877457906
14.84958069694426
14.915252532174595
14.968494080219328
14.980969906367669
15.019885300107157
15.087062550855656
15.096950336099574
15.15961273879833
15.203955435606417
15.21387161310666
15.245303259008377
15.284436202360624
15.305041225224125
15.400982133087622
15.415723026523159
15.426547988697026
15.447008655352922
15.500343749357286
15.532935944767628
15.592670654512919
15.611889367851369
15.646884765030816
15.682712302718887
15.723633643488286
15.73259723056425
15.805513622643307
15.860072199888156
15.886287383256523
15.949520788131153
15.982112106247966
16.019971383983194
16.089356980516534
16.116665817354548
16.148978410828082
16.19553736771338
16.24843548482245
16.266092579528188
16.30759281721581
16.36212794002993
16.382832070129115
16.402640314188083
16.441712671890723
16.465502361361604
16.513068144711713
16.52915050671723
16.565482162576465
16.615652225096124
16.656321884616347
16.666446470375526
16.69651347381619
16.776683705181867
16.793919046422996
16.821423641023998
16.85749595097383
16.895270000347246
16.913795508551715
16.970923935879707
17.006836568632483
17.024172131490964
17.08809433840292
17.106054853749427
17.12394320536233
17.149581177655396
17.17123914383518
17.188482432328676
17.283216338029497
17.305994896823364
17.37218205200896
17.3810558770217
17.394299503434425
17.448153318437164
17.478297499448622
17.53557311318502
17.56879281888281
17.585007286786563
17.625288600567313
17.675369383585075
17.70763676844127
17.748365718331808
17.76618064301794
17.79627822737382
17.816715404487887
17.83588052682846
17.86932434231663
17.87645761878929
17.9220470052913
17.97219047742628
18.041555159227894
18.066681209094597
18.095316898068596
18.143038921243928
18.16313777091379
18.197248963947857
18.22979784545315
18.275608533480472
18.292939560793428
18.314602938211465
18.341401324724117
18.411595831564604
18.4285519316064
18.481278103885973
18.539663433139523
18.546494227147246
18.59530665909997
18.621529772415293
18.65328817941205
18.693728492054813
18.718410491356735
18.73145118842719
18.770474435186948
18.80515811830474
18.8328280181944
18.866608988711626
18.88876926333457
18.90951238096761
18.941494137284746
18.98767686275799
19.0091379096524
19.057962687602068
19.112951588619733
19.128526503947455
19.15239789663625
19.181405260473863
19.202640476770767
19.217357221090325
19.278749584806224
19.30391893549991
19.326955619721407
19.346665360724895
19.352511622209388
19.427845473469272
19.507969950889358
19.559420428579873
19.59412596725616
19.635285850502907
19.648152311686488
19.662602478849838
19.679729934348238
19.734902030698397
19.806451972207267
19.83258756384875
19.855909550994827
19.912199109094672
19.938823413131562
20.021683007540574
20.03764247806895
20.086085924672254
20.110325295033547
20.124478590897944
20.179745389283653
20.196535136149812
20.22904878205986
20.243677617617095
20.266535227854696
20.336266523206806
20.37490127525768
20.400520312373402
20.439647666619063
20.472770912892155
20.506830207082732
20.528586400824146
20.569942728891828
20.596781881194516
20.632251817010665
20.661605679420454
20.71832932434887
20.771211677206367
20.798647017211106
20.822784483718944
20.848054876263973
20.874254591743323
20.90342485310163
20.92936321241455
20.97804727164232
21.009882497120895
21.059069041260024
21.0692788454357
21.099132151368345
21.13210710562832
21.1948338744717
21.231911425260336
21.24351200764115
21.252316458157424
21.282002035690564
21.333267530159745
21.371193325517506
21.395354479286357
21.428669678635245
21.442050336353958
21.49844583083748
21.516326275812272
21.552276226874
21.606567401315935
21.6253785500889
21.639912242746416
21.676669303619928
21.69669253278974
21.738834093471826
21.774438047753822
21.836131444357264
21.87704812212133
21.91204974009218
21.915925104344655
21.97202799331235
22.000949973296645
22.02938542601201
22.10696845460403
22.142880847994743
22.176661959456723
22.219363236008476
22.263963482524726
22.29840419589628
22.319176084662168
22.343366983208497
22.361997707450065
22.40810040166017
22.424274566174848
22.43073643848057
22.5090406447216
22.568393864090012
22.57489574440222
22.627189754009905
22.647784677189236
22.662674010588592
22.734270008206888
22.772641560249582
22.780004465153215
22.817433438379616
22.84411237159558
22.867210584281587
22.925761972162157
22.943735559952863
22.996058428444012
23.015077606532902
23.055796961885154
23.105613940219623
23.127842221488706
23.172433109338
23.17904702896227
23.20103130852594
23.229617949261417
23.254042833614353
23.29709852294225
23.362285712953305
23.403853336364122
23.44662823135958
23.48925276252642
23.540531392384374
23.561887437676553
23.60589963800669
23.648766554218614
23.70920944520034
23.733868091601668
23.792484460230146
23.813418147522675
23.836434010833045
23.852123407735675
23.87982278071882
23.92228138063113
23.973330475357614
24.021543278315473
24.030962110410282
24.061094087062717
24.082191920535575
24.113342304974783
24.167108431609282
24.218822232680825
24.256492249317137
24.302809064441455
24.318919621057088
24.373922850939838
24.468890859746065
24.48386782163472
24.531796868656087
24.549224261507693
24.578074238678646
24.6109069894083
24.64807175627314
24.681426269083975
24.709364192245435
24.749878793996263
24.786285981025394
24.81696555053433
24.85361453672281
24.8940290039862
24.912986609008296
24.977863350591054
24.988350564442293
25.01251697525607
25.082544175535457
25.139450366096032
25.197531068885723
25.214401008543824
25.25062742372186
25.31423563603982
25.331843446112156
25.34946308382941
25.40661409663644
25.481766795086774
25.51334594226354
25.533875031841713
25.56480838202177
25.59245970448704
25.626330264583512
25.675309109618492
25.74707775488977
25.78177376173766
25.8195767722319
25.847193659155025
25.915884922881794
25.99157729782805
26.063130029809436
26.098388347142826
26.159718053015368
26.18084013075498
26.210802620082056
26.266019207289595
26.340502107927254
26.396758868723456
26.425297345394668
26.466555505821415
26.50715285404232
26.56045104724026
26.611783155295107
26.668457815040796
26.73585751008946
26.736778609968738
26.818848089344254
26.86049048369858
26.879227672711355
26.913185990575265
26.984563756005176
27.023998319628664
27.035211226398314
27.09590101766231
27.17006831760911
27.21481365691673
27.281638703061695
27.319518104144457
27.382613464202656
27.463904338729343
27.500590922993972
27.560824638449304
27.58259142717165
27.63359718466113
27.693580343846623
27.769062172807132
27.820786455593133
27.86019894369956
27.92887245417803
27.989553835974373
28.047568905034797
28.086304229482145
28.141550918922693
28.221783319591577
28.25928002331018
28.31275318737786
28.364829969498686
28.447208769236113
28.475601969501913
28.621368021926273
28.652869543839984
28.72671749911503
28.77153787131884
28.816639294876374
28.883629905787362
29.004822963461763
29.036517075759075
29.08689447934071
29.15837102370976
29.23666299152104
29.27744028810354
29.338894654101658
29.401131161549092
29.426111014942336
29.47832814076086
29.54941244008447
29.68555017051622
29.71856659709587
29.782226664061437
29.8411566440068
29.909768767756887
29.957621930593106
30.07808252886495
30.117057904269288
30.227203851323505
30.24141546977084
30.318219708053494
30.395698230632
30.41248573092171
30.49876880386237
30.632006044741594
30.697832852851672
30.856476443011978
31.108575009886152
31.111459387544365
31.275680622242607
31.420086177405558
31.4731436236699
31.536852798510548
31.586125152928044
31.67396727140527
31.70999025884601
31.8206899182871
31.86279350500768
31.952340464245303
32.03272094007289
32.22699982373323
32.32221571590946
32.33082543882266
32.404560189632306
32.54702364765149
32.576910416734584
32.74829134914665
32.778423054655356
32.90071843970679
33.11030414688491
33.16792489490088
33.53960600725307
33.621391221469764
33.664569726468734
33.89618559173055
34.51987796774922
35.55481771759796
36.19648511120444
0.6885723174190729
0.8500622623489947
0.8938047019531774
0.9595272339709078
1.0993573776508903
9.053560679403697
9.967588285457587
9.980413870402998
10.659493417018739
10.686938803581826
10.793930088215152
11.02187749715231
11.047365953652992
11.44473639737708
11.514564260624713
11.80354212665987
11.891721142907206
11.963425699264564
12.10547272027451
12.202285760667431
12.28449657907467
12.292322904745955
12.388157436345674
12.43286110480424
12.482004770106967
12.568814897968661
12.606355585602646
12.638116703007466
12.725588326462487
12.797185711186653
12.892449505110482
12.944755089361546
13.029813933947985
13.074215512832549
13.157228894830133
13.229621620920328
13.247921809329625
13.278788498387167
13.301252228103353
13.328318157964851
13.405470250858471
13.44459019802946
13.533086314704411
13.616107279595406
13.639518213595682
13.70096384952472
13.719942976159748
13.774445452880482
13.799403534834141
13.818352680899372
13.89808819678348
13.928274253207045
14.045930671794553
14.079194868961196
14.107845535946
14.12975069126566
14.18006791588876
14.248591474733812
14.2621054001706
14.325301484523559
14.361314465982913
14.395680954071347
14.409212949928536
14.458456127766235
14.493722843243694
14.536441842961576
14.555685305548915
14.626816218287521
14.646468641664521
14.682930666825667
14.70096097996904
14.730265677157798
14.766895174801041
14.819644877457906
14.84958069694426
14.915252532174595
14.968494080219328
14.980969906367669
15.019885300107157
15.087062550855656
15.096950336099574
15.15961273879833
15.203955435606417
15.21387161310666
15.245303259008377
15.284436202360624
15.305041225224125
15.400982133087622
15.415723026523159
15.426547988697026
15.447008655352922
15.500343749357286
15.532935944767628
15.592670654512919
15.611889367851369
15.646884765030816
15.682712302718887
15.723633643488286
15.73259723056425
15.805513622643307
15.860072199888156
15.886287383256523
15.949520788131153
15.982112106247966
16.019971383983194
16.089356980516534
16.116665817354548
16.148978410828082
16.19553736771338
16.24843548482245
16.266092579528188
16.30759281721581
16.36212794002993
16.382832070129115
16.402640314188083
16.441712671890723
16.465502361361604
16.513068144711713
16.52915050671723
16.565482162576465
16.615652225096124
16.656321884616347
16.666446470375526
16.69651347381619
16.776683705181867
16.793919046422996
16.821423641023998
16.85749595097383
16.895270000347246
16.913795508551715
16.970923935879707
17.006836568632483
17.024172131490964
17.08809433840292
17.106054853749427
17.12394320536233
17.149581177655396
17.17123914383518
17.188482432328676
17.283216338029497
17.305994896823364
17.37218205200896
17.3810558770217
17.394299503434425
17.448153318437164
17.478297499448622
17.53557311318502
17.56879281888281
17.585007286786563
17.625288600567313
17.675369383585075
17.70763676844127
17.748365718331808
17.76618064301794
17.79627822737382
17.816715404487887
17.83588052682846
17.86932434231663
17.87645761878929
17.9220470052913
17.97219047742628
18.041555159227894
18.066681209094597
18.095316898068596
18.143038921243928
18.16313777091379
18.197248963947857
18.22979784545315
18.275608533480472
18.292939560793428
18.314602938211465
18.341401324724117
18.411595831564604
18.4285519316064
18.481278103885973
18.539663433139523
18.546494227147246
18.59530665909997
18.621529772415293
18.65328817941205
18.693728492054813
18.718410491356735
18.73145118842719
18.770474435186948
18.80515811830474
18.8328280181944
18.866608988711626
18.88876926333457
18.90951238096761
18.941494137284746
18.98767686275799
19.0091379096524
19.057962687602068
19.112951588619733
19.128526503947455
19.15239789663625
19.181405260473863
19.202640476770767
19.217357221090325
19.278749584806224
19.30391893549991
19.326955619721407
19.346665360724895
19.352511622209388
19.427845473469272
19.507969950889358
19.559420428579873
19.59412596725616
19.635285850502907
19.648152311686488
19.662602478849838
19.679729934348238
19.734902030698397
19.806451972207267
19.83258756384875
19.855909550994827
19.912199109094672
19.938823413131562
20.021683007540574
20.03764247806895
20.086085924672254
20.110325295033547
20.124478590897944
20.179745389283653
20.196535136149812
20.22904878205986
20.243677617617095
20.266535227854696
20.336266523206806
20.37490127525768
20.400520312373402
20.439647666619063
20.472770912892155
20.506830207082732
20.528586400824146
20.569942728891828
20.596781881194516
20.632251817010665
20.661605679420454
20.71832932434887
20.771211677206367
20.798647017211106
20.822784483718944
20.848054876263973
20.874254591743323
20.90342485310163
20.92936321241455
20.97804727164232
21.009882497120895
21.059069041260024
21.0692788454357
21.099132151368345
21.13210710562832
21.1948338744717
21.231911425260336
21.24351200764115
21.252316458157424
21.282002035690564
21.333267530159745
21.371193325517506
21.395354479286357
21.428669678635245
21.442050336353958
21.49844583083748
21.516326275812272
21.552276226874
21.606567401315935
21.6253785500889
21.639912242746416
21.676669303619928
21.69669253278974
21.738834093471826
21.774438047753822
21.836131444357264
21.87704812212133
21.91204974009218
21.915925104344655
21.97202799331235
22.000949973296645
22.02938542601201
22.10696845460403
22.142880847994743
22.176661959456723
22.219363236008476
22.263963482524726
22.29840419589628
22.319176084662168
22.343366983208497
22.361997707450065
22.40810040166017
22.424274566174848
22.43073643848057
22.5090406447216
22.568393864090012
22.57489574440222
22.627189754009905
22.647784677189236
22.662674010588592
22.734270008206888
22.772641560249582
22.780004465153215
22.817433438379616
22.84411237159558
22.867210584281587
22.925761972162157
22.943735559952863
22.996058428444012
23.015077606532902
23.055796961885154
23.105613940219623
23.127842221488706
23.172433109338
23.17904702896227
23.20103130852594
23.229617949261417
23.254042833614353
23.29709852294225
23.362285712953305
23.403853336364122
23.44662823135958
23.48925276252642
23.540531392384374
23.561887437676553
23.60589963800669
23.648766554218614
23.70920944520034
23.733868091601668
23.792484460230146
23.813418147522675
23.836434010833045
23.852123407735675
23.87982278071882
23.92228138063113
23.973330475357614
24.021543278315473
24.030962110410282
24.061094087062717
24.082191920535575
24.113342304974783
24.167108431609282
24.218822232680825
24.256492249317137
24.302809064441455
24.318919621057088
24.373922850939838
24.468890859746065
24.48386782163472
24.531796868656087
24.549224261507693
24.578074238678646
24.6109069894083
24.64807175627314
24.681426269083975
24.709364192245435
24.749878793996263
24.786285981025394
24.81696555053433
24.85361453672281
24.8940290039862
24.912986609008296
24.977863350591054
24.988350564442293
25.01251697525607
25.082544175535457
25.139450366096032
25.197531068885723
25.214401008543824
25.25062742372186
25.31423563603982
25.331843446112156
25.34946308382941
25.40661409663644
25.481766795086774
25.51334594226354
25.533875031841713
25.56480838202177
25.59245970448704
25.626330264583512
25.675309109618492
25.74707775488977
25.78177376173766
25.8195767722319
25.847193659155025
25.915884922881794
25.99157729782805
26.063130029809436
26.098388347142826
26.159718053015368
26.18084013075498
26.210802620082056
26.266019207289595
26.340502107927254
26.396758868723456
26.425297345394668
26.466555505821415
26.50715285404232
26.56045104724026
26.611783155295107
26.668457815040796
26.73585751008946
26.736778609968738
26.818848089344254
26.86049048369858
26.879227672711355
26.913185990575265
26.984563756005176
27.023998319628664
27.035211226398314
27.09590101766231
27.17006831760911
27.21481365691673
27.281638703061695
27.319518104144457
27.382613464202656
27.463904338729343
27.500590922993972
27.560824638449304
27.58259142717165
27.63359718466113
27.693580343846623
27.769062172807132
27.820786455593133
27.86019894369956
27.92887245417803
27.989553835974373
28.047568905034797
28.086304229482145
28.141550918922693
28.221783319591577
28.25928002331018
28.31275318737786
28.364829969498686
28.447208769236113
28.475601969501913
28.621368021926273
28.652869543839984
28.72671749911503
28.77153787131884
28.816639294876374
28.883629905787362
29.004822963461763
29.036517075759075
29.08689447934071
29.15837102370976
29.23666299152104
29.27744028810354
29.338894654101658
29.401131161549092
29.426111014942336
29.47832814076086
29.54941244008447
29.68555017051622
29.71856659709587
29.782226664061437
29.8411566440068
29.909768767756887
29.957621930593106
30.07808252886495
30.117057904269288
30.227203851323505
30.24141546977084
30.318219708053494
30.395698230632
30.41248573092171
30.49876880386237
30.632006044741594
30.697832852851672
30.856476443011978
31.108575009886152
31.111459387544365
31.275680622242607
31.420086177405558
31.4731436236699
31.536852798510548
31.586125152928044
31.67396727140527
31.70999025884601
31.8206899182871
31.86279350500768
31.952340464245303
32.03272094007289
32.22699982373323
32.32221571590946
32.33082543882266
32.404560189632306
32.54702364765149
32.576910416734584
32.74829134914665
32.778423054655356
32.90071843970679
33.11030414688491
33.16792489490088
33.53960600725307
33.621391221469764
33.664569726468734
33.89618559173055
34.51987796774922
35.55481771759796
36.19648511120444
