0.676971967064184
0.7460033170415235
1.0077342423309794
1.0368100366204238
1.1004225335345426
9.716928022102593
9.883454572868864
10.2107610681538
10.291204647099795
10.57375011543558
11.004003741323434
11.121251628369734
11.165442840482429
11.258319197658485
11.308204687600174
11.361841665888148
11.611212785806531
11.630707058422216
11.892673745781762
12.022440098321342
12.218407035875435
12.25844729072956
12.500158478506734
12.54504107013987
12.585950509761744
12.678110872650155
12.728232249704345
12.79840108612757
12.867186617408665
12.969683714322699
13.122564659063684
13.176166481280857
13.205498395509343
13.237899621775828
13.350881339842667
13.389666116187053
13.39688004658957
13.468548404977676
13.4914133198513
13.51886693752522
13.534564834752967
13.692340447808538
13.808127499197784
13.855203516849441
13.898174588193664
13.930238278998091
14.006783441395914
14.056198937160321
14.096858256500681
14.14491457575428
14.191790582619442
14.22194316768061
14.274243860816842
14.282794904151135
14.311183885846614
14.376339542984848
14.466285770066984
14.484925262727954
14.53741970881568
14.577637592743278
14.617606021716616
14.653346726149733
14.686310717086979
14.77890878593916
14.824227755890533
14.82696675280544
14.840278138889667
14.94622419598515
14.976608304122461
14.986237825985828
15.02703597824011
15.060773147951139
15.081906870307275
15.16120322121173
15.173805076968675
15.22657111733882
15.284752917802386
15.33457011575533
15.392071020315175
15.408301854395262
15.430988214560603
15.447730715610552
15.536415560683812
15.559989070205804
15.611761409811784
15.65063784397005
15.680628471571723
15.695503667955226
15.72367605424395
15.806959456770036
15.825021039129249
15.867027548858369
15.90220876648456
15.938508933681696
15.98711614469493
16.037512904889766
16.111502753396078
16.12239311423424
16.163205555396924
16.232849932989254
16.2870371365076
16.314569669508725
16.354550509104417
16.409612432474933
16.452479470985782
16.489800041043427
16.51686825097
16.542450421957355
16.58957809161879
16.629238807285574
16.65503774355213
16.71066698011967
16.785505735031766
16.830549718247042
16.868489767179305
16.88692790480283
16.911503215000835
16.979491980485243
16.99613201959115
17.037266921695956
17.05064472925473
17.12383528838161
17.137721380487978
17.179635243770157
17.189466145320104
17.211868624170915
17.315965132548634
17.339202877094646
17.379714380521218
17.41994915085197
17.443023234195802
17.463789929900866
17.503629015840367
17.545359773805643
17.57949582768933
17.596989304699683
17.658314722883393
17.69236677234555
17.724407712254102
17.817149493010156
17.818706901535517
17.841593434039172
17.85690698062208
17.92462674895284
17.97319890312994
18.00961276346773
18.033201150736968
18.06151717160685
18.097886044965314
18.118123018834286
18.188940710019565
18.218323882875392
18.277030818278387
18.295320147990644
18.303033652618332
18.35486664076077
18.389544307856532
18.414138150007005
18.48672424603712
18.52287915305044
18.557993410841497
18.580704969707405
18.63623127692989
18.672131985672973
18.678635128825682
18.71922196791358
18.741714886620095
18.778089410633143
18.8268781030406
18.853197354229287
18.86925309050245
18.898152766826463
18.94745697158095
18.996444946294258
19.03608101999385
19.047240726334778
19.081579841348578
19.165948290245826
19.17371028608414
19.20461861723176
19.258654529608418
19.26687532796459
19.29512547988224
19.32516557204362
19.354943599190708
19.372387906885763
19.426715807257654
19.452404575528973
19.509217027869934
19.552096022685486
19.582409238176545
19.605806547778634
19.613379644581805
19.6639096212392
19.701584398670207
19.72440987841884
19.76748204063898
19.81013058262429
19.915095140975147
19.934717477885172
19.945494061867606
20.001511441217545
20.030174030354328
20.044804837237635
20.072957831412833
20.130451535777333
20.202458036731038
20.210968396253826
20.263028333945126
20.301748685391217
20.322610646915475
20.353315600160926
20.414375942676266
20.433070101859506
20.4494582468595
20.45847320828694
20.50720746015441
20.5202760374166
20.574201684055435
20.580818209922327
20.636863518178235
20.66418568846492
20.669393459028534
20.74456495354946
20.7642628046556
20.812436502637645
20.83626962090698
20.861731650116194
20.897924600391327
20.934399996406245
20.96833762850415
20.98372430368354
21.036439947954193
21.080466969777703
21.104082805486037
21.162462844016943
21.168199217185364
21.211105581565146
21.264154890499437
21.305002764856578
21.329103976609236
21.34440187867316
21.38295144261284
21.396303264908465
21.420189917572078
21.451113021616894
21.522087260767776
21.53360867991935
21.578207271380318
21.58403097263885
21.606007229586876
21.648328329616657
21.668713342075378
21.75341756895795
21.79105284548961
21.833829296129423
21.86716217157582
21.88978953794099
21.915306074958693
21.93403119524935
22.023115924976196
22.0278242598687
22.077427256195868
22.10929632733725
22.17289264295231
22.190209413904448
22.21659066126928
22.25893646887195
22.32645139123559
22.367188298399913
22.393573641300765
22.414918795494685
22.453731554273773
22.49898408147689
22.508191459151107
22.550159683269772
22.558947430774882
22.605733620665912
22.623696999062552
22.67132111792562
22.684832897015585
22.72206288387854
22.779169795143734
22.787618359230294
22.842392948291987
22.895004892336843
22.950194507909647
22.981136172999797
23.01160115572803
23.08744114593383
23.109866114092004
23.16830558762528
23.176173203864792
23.22044429273855
23.248202241297058
23.269771743960426
23.300786761920413
23.32045926727343
23.391746622195576
23.44166990308105
23.473804888498904
23.49166244561178
23.541059620719636
23.56226319524696
23.604334008430282
23.628315517605884
23.663312371951406
23.704054714348025
23.740618106767297
23.759192752143814
23.7960713978801
23.803860311470906
23.837261985718232
23.886727704587784
23.917624137595485
23.984265706122354
23.991225487721586
24.02784178951307
24.086211894203142
24.103572742869616
24.146506537137842
24.17708455897156
24.179092723437535
24.222045250059836
24.321129029798
24.3260522679811
24.338850282927357
24.423629913910208
24.45091131283339
24.504270485148954
24.524610554164017
24.563755247413773
24.57737063120248
24.62904510317867
24.699608862734085
24.76189086091361
24.777335768461583
24.81842664701094
24.855845422248585
24.89762247149706
24.930150065317548
24.965684509951885
24.9927985495224
25.007488246763533
25.053160461092613
25.07637054465212
25.11793396209068
25.119021115990083
25.16962233922094
25.257328402585358
25.281037553212478
25.3250711209324
25.361570587509526
25.40299634072089
25.474138187569114
25.508794236504087
25.5387065878024
25.542299626372355
25.560790945515393
25.642702740865662
25.675702123877073
25.726024180863817
25.763618186591746
25.7769749356208
25.845336358463022
25.871373645853797
25.91013246604655
25.950841771165496
25.993508645906296
26.032144449176805
26.111369428813173
26.150835829012184
26.18852285771888
26.23783960053864
26.25903027074787
26.349489176197913
26.38079599864795
26.42701389525878
26.48879223160543
26.511077803774757
26.535693053623476
26.593461185743354
26.61805791073932
26.649155104580288
26.711538356716044
26.73175811409723
26.755607750215006
26.803242649922154
26.837529396603365
26.880325282503442
26.92423764725507
26.9639793773646
27.001560029269417
27.017873170363043
27.076111979510443
27.17220237769944
27.213762635940203
27.23860367802529
27.282405474708423
27.321497868227862
27.354572707898587
27.406438013004628
27.428513505090567
27.473678793076537
27.521425890582815
27.54574236657452
27.569035711944196
27.61173357560609
27.646419047134646
27.699445668820044
27.75432275491987
27.796110019225402
27.826859774936057
27.84734423790643
27.90922916832037
27.954067171129427
28.010081516167816
28.085018579933536
28.100705365454548
28.134956808320595
28.197154985577438
28.22062883947316
28.285877402680814
28.34335768325307
28.378117824406328
28.453609842876503
28.492804178005304
28.534333768163354
28.599628661189396
28.646648890842606
28.697356381962898
28.72780992384322
28.749848987549523
28.79889468124564
28.902513515031963
28.920801279037708
28.978385291989625
28.992718274307478
29.111371191434724
29.15615156634628
29.15885984971933
29.224466864770754
29.255867439412583
29.287758922932014
29.319667845061723
29.414799051848004
29.528147264305797
29.60514005838837
29.616157188744275
29.643433594022024
29.836052272696268
29.84354340017029
29.92774856756457
29.94581198443762
30.00840546456191
30.077189396776305
30.1830297660948
30.208224460555208
30.221425522157496
30.28788482404997
30.36903461232932
30.418330082136336
30.485405495586996
30.580051701063518
30.657667359511738
30.751268760097524
30.784988107249646
30.791727919300573
30.87651131475431
30.943057043145245
31.009744858146558
31.044640097575265
31.226650186465815
31.466257851649768
31.560681674999792
31.65681422862113
31.677598122117097
31.882243266869512
31.896030427404423
31.987054322217332
32.009219743325765
32.192862086463826
32.30596233987353
32.34116639070731
32.416337882633094
32.497781135206644
32.58170798718274
32.679885998443964
32.78617709115246
33.10175294018148
33.15870535434478
33.332645946882785
33.60834644238436
33.915783087602186
34.42337347659476
35.102750797277324
35.599864615889274
36.12797029997764
36.47873232318211
0.676971967064184
0.7460033170415235
1.0077342423309794
1.0368100366204238
1.1004225335345426
9.716928022102593
9.883454572868864
10.2107610681538
10.291204647099795
10.57375011543558
11.004003741323434
11.121251628369734
11.165442840482429
11.258319197658485
11.308204687600174
11.361841665888148
11.611212785806531
11.630707058422216
11.892673745781762
12.022440098321342
12.218407035875435
12.25844729072956
12.500158478506734
12.54504107013987
12.585950509761744
12.678110872650155
12.728232249704345
12.79840108612757
12.867186617408665
12.969683714322699
13.122564659063684
13.176166481280857
13.205498395509343
13.237899621775828
13.350881339842667
13.389666116187053
13.39688004658957
13.468548404977676
13.4914133198513
13.51886693752522
13.534564834752967
13.692340447808538
13.808127499197784
13.855203516849441
13.898174588193664
13.930238278998091
14.006783441395914
14.056198937160321
14.096858256500681
14.14491457575428
14.191790582619442
14.22194316768061
14.274243860816842
14.282794904151135
14.311183885846614
14.376339542984848
14.466285770066984
14.484925262727954
14.53741970881568
14.577637592743278
14.617606021716616
14.653346726149733
14.686310717086979
14.77890878593916
14.824227755890533
14.82696675280544
14.840278138889667
14.94622419598515
14.976608304122461
14.986237825985828
15.02703597824011
15.060773147951139
15.081906870307275
15.16120322121173
15.173805076968675
15.22657111733882
15.284752917802386
15.33457011575533
15.392071020315175
15.408301854395262
15.430988214560603
15.447730715610552
15.536415560683812
15.559989070205804
15.611761409811784
15.65063784397005
15.680628471571723
15.695503667955226
15.72367605424395
15.806959456770036
15.825021039129249
15.867027548858369
15.90220876648456
15.938508933681696
15.98711614469493
16.037512904889766
16.111502753396078
16.12239311423424
16.163205555396924
16.232849932989254
16.2870371365076
16.314569669508725
16.354550509104417
16.409612432474933
16.452479470985782
16.489800041043427
16.51686825097
16.542450421957355
16.58957809161879
16.629238807285574
16.65503774355213
16.71066698011967
16.785505735031766
16.830549718247042
16.868489767179305
16.88692790480283
16.911503215000835
16.979491980485243
16.99613201959115
17.037266921695956
17.05064472925473
17.12383528838161
17.137721380487978
17.179635243770157
17.189466145320104
17.211868624170915
17.315965132548634
17.339202877094646
17.379714380521218
17.41994915085197
17.443023234195802
17.463789929900866
17.503629015840367
17.545359773805643
17.57949582768933
17.596989304699683
17.658314722883393
17.69236677234555
17.724407712254102
17.817149493010156
17.818706901535517
17.841593434039172
17.85690698062208
17.92462674895284
17.97319890312994
18.00961276346773
18.033201150736968
18.06151717160685
18.097886044965314
18.118123018834286
18.188940710019565
18.218323882875392
18.277030818278387
18.295320147990644
18.303033652618332
18.35486664076077
18.389544307856532
18.414138150007005
18.48672424603712
18.52287915305044
18.557993410841497
18.580704969707405
18.63623127692989
18.672131985672973
18.678635128825682
18.71922196791358
18.741714886620095
18.778089410633143
18.8268781030406
18.853197354229287
18.86925309050245
18.898152766826463
18.94745697158095
18.996444946294258
19.03608101999385
19.047240726334778
19.081579841348578
19.165948290245826
19.17371028608414
19.20461861723176
19.258654529608418
19.26687532796459
19.29512547988224
19.32516557204362
19.354943599190708
19.372387906885763
19.426715807257654
19.452404575528973
19.509217027869934
19.552096022685486
19.582409238176545
19.605806547778634
19.613379644581805
19.6639096212392
19.701584398670207
19.72440987841884
19.76748204063898
19.81013058262429
19.915095140975147
19.934717477885172
19.945494061867606
20.001511441217545
20.030174030354328
20.044804837237635
20.072957831412833
20.130451535777333
20.202458036731038
20.210968396253826
20.263028333945126
20.301748685391217
20.322610646915475
20.353315600160926
20.414375942676266
20.433070101859506
20.4494582468595
20.45847320828694
20.50720746015441
20.5202760374166
20.574201684055435
20.580818209922327
20.636863518178235
20.66418568846492
20.669393459028534
20.74456495354946
20.7642628046556
20.812436502637645
20.83626962090698
20.861731650116194
20.897924600391327
20.934399996406245
20.96833762850415
20.98372430368354
21.036439947954193
21.080466969777703
21.104082805486037
21.162462844016943
21.168199217185364
21.211105581565146
21.264154890499437
21.305002764856578
21.329103976609236
21.34440187867316
21.38295144261284
21.396303264908465
21.420189917572078
21.451113021616894
21.522087260767776
21.53360867991935
21.578207271380318
21.58403097263885
21.606007229586876
21.648328329616657
21.668713342075378
21.75341756895795
21.79105284548961
21.833829296129423
21.86716217157582
21.88978953794099
21.915306074958693
21.93403119524935
22.023115924976196
22.0278242598687
22.077427256195868
22.10929632733725
22.17289264295231
22.190209413904448
22.21659066126928
22.25893646887195
22.32645139123559
22.367188298399913
22.393573641300765
22.414918795494685
22.453731554273773
22.49898408147689
22.508191459151107
22.550159683269772
22.558947430774882
22.605733620665912
22.623696999062552
22.67132111792562
22.684832897015585
22.72206288387854
22.779169795143734
22.787618359230294
22.842392948291987
22.895004892336843
22.950194507909647
22.981136172999797
23.01160115572803
23.08744114593383
23.109866114092004
23.16830558762528
23.176173203864792
23.22044429273855
23.248202241297058
23.269771743960426
23.300786761920413
23.32045926727343
23.391746622195576
23.44166990308105
23.473804888498904
23.49166244561178
23.541059620719636
23.56226319524696
23.604334008430282
23.628315517605884
23.663312371951406
23.704054714348025
23.740618106767297
23.759192752143814
23.7960713978801
23.803860311470906
23.837261985718232
23.886727704587784
23.917624137595485
23.984265706122354
23.991225487721586
24.02784178951307
24.086211894203142
24.103572742869616
24.146506537137842
24.17708455897156
24.179092723437535
24.222045250059836
24.321129029798
24.3260522679811
24.338850282927357
24.423629913910208
24.45091131283339
24.504270485148954
24.524610554164017
24.563755247413773
24.57737063120248
24.62904510317867
24.699608862734085
24.76189086091361
24.777335768461583
24.81842664701094
24.855845422248585
24.89762247149706
24.930150065317548
24.965684509951885
24.9927985495224
25.007488246763533
25.053160461092613
25.07637054465212
25.11793396209068
25.119021115990083
25.16962233922094
25.257328402585358
25.281037553212478
25.3250711209324
25.361570587509526
25.40299634072089
25.474138187569114
25.508794236504087
25.5387065878024
25.542299626372355
25.560790945515393
25.642702740865662
25.675702123877073
25.726024180863817
25.763618186591746
25.7769749356208
25.845336358463022
25.871373645853797
25.91013246604655
25.950841771165496
25.993508645906296
26.032144449176805
26.111369428813173
26.150835829012184
26.18852285771888
26.23783960053864
26.25903027074787
26.349489176197913
26.38079599864795
26.42701389525878
26.48879223160543
26.511077803774757
26.535693053623476
26.593461185743354
26.61805791073932
26.649155104580288
26.711538356716044
26.73175811409723
26.755607750215006
26.803242649922154
26.837529396603365
26.880325282503442
26.92423764725507
26.9639793773646
27.001560029269417
27.017873170363043
27.076111979510443
27.17220237769944
27.213762635940203
27.23860367802529
27.282405474708423
27.321497868227862
27.354572707898587
27.406438013004628
27.428513505090567
27.473678793076537
27.521425890582815
27.54574236657452
27.569035711944196
27.61173357560609
27.646419047134646
27.699445668820044
27.75432275491987
27.796110019225402
27.826859774936057
27.84734423790643
27.90922916832037
27.954067171129427
28.010081516167816
28.085018579933536
28.100705365454548
28.134956808320595
28.197154985577438
28.22062883947316
28.285877402680814
28.34335768325307
28.378117824406328
28.453609842876503
28.492804178005304
28.534333768163354
28.599628661189396
28.646648890842606
28.697356381962898
28.72780992384322
28.749848987549523
28.79889468124564
28.902513515031963
28.920801279037708
28.978385291989625
28.992718274307478
29.111371191434724
29.15615156634628
29.15885984971933
29.224466864770754
29.255867439412583
29.287758922932014
29.319667845061723
29.414799051848004
29.528147264305797
29.60514005838837
29.616157188744275
29.643433594022024
29.836052272696268
29.84354340017029
29.92774856756457
29.94581198443762
30.00840546456191
30.077189396776305
30.1830297660948
30.208224460555208
30.221425522157496
30.28788482404997
30.36903461232932
30.418330082136336
30.485405495586996
30.580051701063518
30.657667359511738
30.751268760097524
30.784988107249646
30.791727919300573
30.87651131475431
30.943057043145245
31.009744858146558
31.044640097575265
31.226650186465815
31.466257851649768
31.560681674999792
31.65681422862113
31.677598122117097
31.882243266869512
31.896030427404423
31.987054322217332
32.009219743325765
32.192862086463826
32.30596233987353
32.34116639070731
32.416337882633094
32.497781135206644
32.58170798718274
32.679885998443964
32.78617709115246
33.10175294018148
33.15870535434478
33.332645946882785
33.60834644238436
33.915783087602186
34.42337347659476
35.102750797277324
35.599864615889274
36.12797029997764
36.47873232318211
