0.6006602760563463
0.6730453094855011
0.7451623479314953
0.8171231587718643
0.8850153036201186
0.9013575976602441
0.9216551606590269
0.9687609391242804
1.000404390397079
4.847142308053672
4.927988509562714
5.032237830910015
5.313604942857909
5.342002955379963
5.436572815068428
5.555592201348215
5.607355103092229
5.758812354559737
5.7971155072550555
5.805674840363395
5.880324313113088
5.958760640928415
6.02938769231461
6.074383180935481
6.163680920208366
6.224282795582488
6.279927355966819
6.329456480943337
6.408694009989359
6.413325051930304
6.462773198551591
6.49698733533466
6.504848152956917
6.585649386311997
6.597080429414659
6.64685238418703
6.738318199250197
6.753315503338657
6.802779217214797
6.817266489181389
6.9061092012833365
6.971481250340747
6.994527454725678
7.0104758256893955
7.033347598962728
7.063324804637884
7.079704086594157
7.119504875900688
7.130745942755974
7.185302204724948
7.219343553965056
7.242532676139868
7.258328745843107
7.296196974400169
7.363130660625623
7.385383354729883
7.437365389597603
7.448989054087896
7.511101695653764
7.552905315145997
7.603457611783685
7.639714409608713
7.658159489401705
7.72322716336699
7.766615874348899
7.789471458126438
7.80567079850624
7.831310116841443
7.869665246058685
7.900683408583716
7.946149590122428
7.972406859528935
8.00617609960127
8.024845836013652
8.070760876682312
8.079122218912527
8.114657289756154
8.146459887229328
8.153802547471356
8.190341048602582
8.233157125309438
8.301570853460408
8.335093498628249
8.371189544669644
8.399403926090933
8.433917679261862
8.480849999232912
8.494725484364881
8.505568564582418
8.526990946568434
8.57254175957967
8.590933087901284
8.640654299302039
8.65321769076668
8.683341776707648
8.690508659256034
8.720313298024836
8.744893007210804
8.776588750593868
8.823097566623655
8.834249892593425
8.879831329829253
8.89640568321904
8.909622473436919
8.930833554329386
8.96784070933756
9.028144471338551
9.029120665249641
9.055768462403151
9.076760494538913
9.094567941131187
9.12589357050775
9.131606238201144
9.157793115128928
9.177566483164387
9.19451956292937
9.241066496398876
9.273750684145176
9.281264090412018
9.300135277192913
9.337258734080613
9.354754796461455
9.366426713038217
9.39099137792668
9.421077064644324
9.445072702457066
9.458487485839953
9.48194754485196
9.543779806925672
9.569446539325554
9.6116743224019
9.645028184622818
9.660929234964149
9.701526177411333
9.735703573981626
9.770932593078221
9.781669401119167
9.803957046506532
9.855334093740014
9.87778256252904
9.905144094718203
9.936612445330958
9.942381496701982
9.966842117679523
9.998425880771327
10.051070026863117
10.070072198408635
10.095999809506141
10.113589402667154
10.135351964363538
10.186915278148888
10.212356020828253
10.228273580720597
10.266521668145145
10.29381704317172
10.298497831040885
10.349875707472082
10.364972330087266
10.380008011343607
10.410150436743324
10.457752507984399
10.489101099827048
10.511867342378848
10.518867639457921
10.54232036997326
10.563527693555935
10.600590998218523
10.655484037703365
10.682858015537667
10.683597481488727
10.714531406944115
10.728609925517066
10.756274040234004
10.787039612240823
10.817323256081039
10.82944986754746
10.853769544975535
10.879008516113602
10.905974595694007
10.91602912092177
10.931555183131527
10.946007329962054
10.989759538803042
11.024467531129307
11.045057801395526
11.07154808303356
11.108260290607886
11.128135580428786
11.147072338423174
11.162176573493937
11.181957633754049
11.220257205191867
11.238667492253873
11.268465608184002
11.277094444355338
11.308134734890876
11.351468427844855
11.366702873656255
11.39018230740451
11.4095255877092
11.430301384719892
11.471139994450184
11.489123247073847
11.520467041886649
11.541465920009037
11.547804802978552
11.564986904980259
11.60037306792537
11.618988324064569
11.647145997992808
11.703848172461857
11.732909872454634
11.769792866469437
11.784468047736535
11.817730961079372
11.836845270969919
11.847409898332144
11.879545123211365
11.903317081451249
11.922443517415376
11.978725239014796
12.01529439060664
12.02577763899444
12.041897013468754
12.076585120662186
12.087234812074966
12.126505868718349
12.1581079792936
12.206762803531165
12.2092182227412
12.242915104030173
12.257895243385802
12.28092980450958
12.294070876006646
12.310601207321822
12.369087328338608
12.402982846964923
12.428935003117054
12.472557309145094
12.501279792311786
12.50316042286295
12.531602099587179
12.567317473109
12.594468228611253
12.619129151929343
12.625302331665813
12.661614801861834
12.707041978829904
12.721784480709308
12.734147803003493
12.768244019046639
12.823352510242968
12.865539998781351
12.874153842180464
12.92578242661446
12.950019790677455
12.980043506494725
13.010415249724602
13.024449522663835
13.053891073282902
13.077626317160302
13.1182173800107
13.128138592591151
13.156715011298655
13.19777200525243
13.212587643351426
13.28019946367644
13.305313974455395
13.32554228127507
13.351122245567375
13.390247853723508
13.399581552203953
13.439284881386486
13.470607466902731
13.4840961530388
13.508475857344045
13.552062505790182
13.565952466812464
13.611308143224175
13.640269222694824
13.660061242149672
13.690258890106016
13.69977261018891
13.720686657649535
13.770897191072669
13.806823891746154
13.825222461418088
13.894659104653162
13.919848498809062
13.944069023661738
13.98100943280399
14.004168289364802
14.026469279583752
14.03206847328478
14.059552613661465
14.078771632936244
14.116142441510775
14.136781958340334
14.17314178227758
14.17693840448282
14.231315620869827
14.254969752417193
14.27254372951112
14.294146062806577
14.312181831096005
14.330400736773266
14.343485003749812
14.362090632841252
14.418893439497724
14.442647615431534
14.470364433477647
14.49114059409646
14.54269999317537
14.565628922884356
14.591964757766881
14.609717098030261
14.664811948232943
14.682191456060275
14.732471538069467
14.744258695079958
14.783904390334063
14.816149305811795
14.820653463163495
14.872003276833846
14.90263622496877
14.909824061045084
14.936609005817072
14.953734256476528
14.98302250519557
15.011005721498673
15.049040481270952
15.071289356070988
15.127076348158724
15.133629787012953
15.17111348064125
15.215883196790514
15.223823965841415
15.25251676482833
15.27448454014295
15.315936817069078
15.326530606205859
15.360206043735788
15.395604304895924
15.425322175460856
15.457295156824975
15.498337912943082
15.527216907397817
15.547047958386868
15.600506665060937
15.622906640763139
15.668401567015334
15.678962906552236
15.68688229126742
15.742723789178257
15.771860035652892
15.796212171248955
15.861838229752921
15.893488831856303
15.901424591368041
15.964607439298664
15.977569024931435
16.00062278906842
16.016870292054776
16.06867562550409
16.089326385512862
16.112990614980202
16.138900812778207
16.16948061914618
16.18498208483364
16.23123827371194
16.27246136017366
16.2820349246243
16.31018726883886
16.35419564220187
16.37886586484729
16.426014209508498
16.443037935343096
16.459067300097104
16.49977481156378
16.528868583865815
16.537438849411508
16.607398639653844
16.618538625802888
16.650052622377043
16.762664702574664
16.787424835095983
16.810890819110657
16.825756611230894
16.85638321869536
16.86630578361006
16.890470464968907
16.931017003741452
16.95651850826847
16.983877437214495
17.022365666480027
17.059729052485554
17.07643480753278
17.111111699938046
17.1492249280038
17.163985664872744
17.203326051344416
17.266636092691968
17.289335703125147
17.320614064022998
17.358742202475252
17.38466094635351
17.413942589695065
17.450071659079978
17.47351652342921
17.542284103915385
17.575633157920286
17.642426193126955
17.675715353550935
17.71090490095989
17.744781202761466
17.7766274065271
17.817630227525495
17.861123788008275
17.895583942551337
17.96905691578545
17.99508661935932
18.012231156049705
18.018976008817457
18.035176629477768
18.07827402145289
18.12774510131139
18.14427033592295
18.17919524936751
18.21572306129228
18.30394460427997
18.309059554268234
18.407449541115046
18.42381697319109
18.481398722206364
18.516621552319542
18.5230060247769
18.631804938684024
18.659211038640237
18.67265677764205
18.781430370759008
18.813647159635256
18.860551683554167
18.90773147941817
18.92544544335241
18.99750978444439
19.019220430187858
19.05024163216464
19.13734079747828
19.20471705217754
19.286828784054258
19.334321461935573
19.373466778569828
19.454262748967263
19.490295954292602
19.55831106229425
19.672742275703804
19.73827472036915
19.75879464959989
19.786428682355567
19.834118110151184
19.92016285186714
20.020805612744624
20.05848012372989
20.14466122058123
20.206365754111197
20.290793728386433
20.32480250230248
20.340815884838857
20.407425254479254
20.47933808681357
20.568843234981593
20.675242299838946
20.724825490273627
20.7811577541807
20.886068281023363
20.922953085149782
20.9989465217149
21.041840595287052
21.112694142106225
21.140143860393767
21.310779577820497
21.365045414005838
21.383889541217137
21.504287280749672
21.62563341481463
21.687367383882034
21.768925165427266
21.835075001090953
22.040402302038384
22.089205003458257
22.19212479768509
22.487798737714638
22.821040458749376
22.964053474705505
23.153648025873146
23.335278553442468
23.685688550226573
23.792450848742835
24.048905337003475
0.6006602760563463
0.6730453094855011
0.7451623479314953
0.8171231587718643
0.8850153036201186
0.9013575976602441
0.9216551606590269
0.9687609391242804
1.000404390397079
4.847142308053672
4.927988509562714
5.032237830910015
5.313604942857909
5.342002955379963
5.436572815068428
5.555592201348215
5.607355103092229
5.758812354559737
5.7971155072550555
5.805674840363395
5.880324313113088
5.958760640928415
6.02938769231461
6.074383180935481
6.163680920208366
6.224282795582488
6.279927355966819
6.329456480943337
6.408694009989359
6.413325051930304
6.462773198551591
6.49698733533466
6.504848152956917
6.585649386311997
6.597080429414659
6.64685238418703
6.738318199250197
6.753315503338657
6.802779217214797
6.817266489181389
6.9061092012833365
6.971481250340747
6.994527454725678
7.0104758256893955
7.033347598962728
7.063324804637884
7.079704086594157
7.119504875900688
7.130745942755974
7.185302204724948
7.219343553965056
7.242532676139868
7.258328745843107
7.296196974400169
7.363130660625623
7.385383354729883
7.437365389597603
7.448989054087896
7.511101695653764
7.552905315145997
7.603457611783685
7.639714409608713
7.658159489401705
7.72322716336699
7.766615874348899
7.789471458126438
7.80567079850624
7.831310116841443
7.869665246058685
7.900683408583716
7.946149590122428
7.972406859528935
8.00617609960127
8.024845836013652
8.070760876682312
8.079122218912527
8.114657289756154
8.146459887229328
8.153802547471356
8.190341048602582
8.233157125309438
8.301570853460408
8.335093498628249
8.371189544669644
8.399403926090933
8.433917679261862
8.480849999232912
8.494725484364881
8.505568564582418
8.526990946568434
8.57254175957967
8.590933087901284
8.640654299302039
8.65321769076668
8.683341776707648
8.690508659256034
8.720313298024836
8.744893007210804
8.776588750593868
8.823097566623655
8.834249892593425
8.879831329829253
8.89640568321904
8.909622473436919
8.930833554329386
8.96784070933756
9.028144471338551
9.029120665249641
9.055768462403151
9.076760494538913
9.094567941131187
9.12589357050775
9.131606238201144
9.157793115128928
9.177566483164387
9.19451956292937
9.241066496398876
9.273750684145176
9.281264090412018
9.300135277192913
9.337258734080613
9.354754796461455
9.366426713038217
9.39099137792668
9.421077064644324
9.445072702457066
9.458487485839953
9.48194754485196
9.543779806925672
9.569446539325554
9.6116743224019
9.645028184622818
9.660929234964149
9.701526177411333
9.735703573981626
9.770932593078221
9.781669401119167
9.803957046506532
9.855334093740014
9.87778256252904
9.905144094718203
9.936612445330958
9.942381496701982
9.966842117679523
9.998425880771327
10.051070026863117
10.070072198408635
10.095999809506141
10.113589402667154
10.135351964363538
10.186915278148888
10.212356020828253
10.228273580720597
10.266521668145145
10.29381704317172
10.298497831040885
10.349875707472082
10.364972330087266
10.380008011343607
10.410150436743324
10.457752507984399
10.489101099827048
10.511867342378848
10.518867639457921
10.54232036997326
10.563527693555935
10.600590998218523
10.655484037703365
10.682858015537667
10.683597481488727
10.714531406944115
10.728609925517066
10.756274040234004
10.787039612240823
10.817323256081039
10.82944986754746
10.853769544975535
10.879008516113602
10.905974595694007
10.91602912092177
10.931555183131527
10.946007329962054
10.989759538803042
11.024467531129307
11.045057801395526
11.07154808303356
11.108260290607886
11.128135580428786
11.147072338423174
11.162176573493937
11.181957633754049
11.220257205191867
11.238667492253873
11.268465608184002
11.277094444355338
11.308134734890876
11.351468427844855
11.366702873656255
11.39018230740451
11.4095255877092
11.430301384719892
11.471139994450184
11.489123247073847
11.520467041886649
11.541465920009037
11.547804802978552
11.564986904980259
11.60037306792537
11.618988324064569
11.647145997992808
11.703848172461857
11.732909872454634
11.769792866469437
11.784468047736535
11.817730961079372
11.836845270969919
11.847409898332144
11.879545123211365
11.903317081451249
11.922443517415376
11.978725239014796
12.01529439060664
12.02577763899444
12.041897013468754
12.076585120662186
12.087234812074966
12.126505868718349
12.1581079792936
12.206762803531165
12.2092182227412
12.242915104030173
12.257895243385802
12.28092980450958
12.294070876006646
12.310601207321822
12.369087328338608
12.402982846964923
12.428935003117054
12.472557309145094
12.501279792311786
12.50316042286295
12.531602099587179
12.567317473109
12.594468228611253
12.619129151929343
12.625302331665813
12.661614801861834
12.707041978829904
12.721784480709308
12.734147803003493
12.768244019046639
12.823352510242968
12.865539998781351
12.874153842180464
12.92578242661446
12.950019790677455
12.980043506494725
13.010415249724602
13.024449522663835
13.053891073282902
13.077626317160302
13.1182173800107
13.128138592591151
13.156715011298655
13.19777200525243
13.212587643351426
13.28019946367644
13.305313974455395
13.32554228127507
13.351122245567375
13.390247853723508
13.399581552203953
13.439284881386486
13.470607466902731
13.4840961530388
13.508475857344045
13.552062505790182
13.565952466812464
13.611308143224175
13.640269222694824
13.660061242149672
13.690258890106016
13.69977261018891
13.720686657649535
13.770897191072669
13.806823891746154
13.825222461418088
13.894659104653162
13.919848498809062
13.944069023661738
13.98100943280399
14.004168289364802
14.026469279583752
14.03206847328478
14.059552613661465
14.078771632936244
14.116142441510775
14.136781958340334
14.17314178227758
14.17693840448282
14.231315620869827
14.254969752417193
14.27254372951112
14.294146062806577
14.312181831096005
14.330400736773266
14.343485003749812
14.362090632841252
14.418893439497724
14.442647615431534
14.470364433477647
14.49114059409646
14.54269999317537
14.565628922884356
14.591964757766881
14.609717098030261
14.664811948232943
14.682191456060275
14.732471538069467
14.744258695079958
14.783904390334063
14.816149305811795
14.820653463163495
14.872003276833846
14.90263622496877
14.909824061045084
14.936609005817072
14.953734256476528
14.98302250519557
15.011005721498673
15.049040481270952
15.071289356070988
15.127076348158724
15.133629787012953
15.17111348064125
15.215883196790514
15.223823965841415
15.25251676482833
15.27448454014295
15.315936817069078
15.326530606205859
15.360206043735788
15.395604304895924
15.425322175460856
15.457295156824975
15.498337912943082
15.527216907397817
15.547047958386868
15.600506665060937
15.622906640763139
15.668401567015334
15.678962906552236
15.68688229126742
15.742723789178257
15.771860035652892
15.796212171248955
15.861838229752921
15.893488831856303
15.901424591368041
15.964607439298664
15.977569024931435
16.00062278906842
16.016870292054776
16.06867562550409
16.089326385512862
16.112990614980202
16.138900812778207
16.16948061914618
16.18498208483364
16.23123827371194
16.27246136017366
16.2820349246243
16.31018726883886
16.35419564220187
16.37886586484729
16.426014209508498
16.443037935343096
16.459067300097104
16.49977481156378
16.528868583865815
16.537438849411508
16.607398639653844
16.618538625802888
16.650052622377043
16.762664702574664
16.787424835095983
16.810890819110657
16.825756611230894
16.85638321869536
16.86630578361006
16.890470464968907
16.931017003741452
16.95651850826847
16.983877437214495
17.022365666480027
17.059729052485554
17.07643480753278
17.111111699938046
17.1492249280038
17.163985664872744
17.203326051344416
17.266636092691968
17.289335703125147
17.320614064022998
17.358742202475252
17.38466094635351
17.413942589695065
17.450071659079978
17.47351652342921
17.542284103915385
17.575633157920286
17.642426193126955
17.675715353550935
17.71090490095989
17.744781202761466
17.7766274065271
17.817630227525495
17.861123788008275
17.895583942551337
17.96905691578545
17.99508661935932
18.012231156049705
18.018976008817457
18.035176629477768
18.07827402145289
18.12774510131139
18.14427033592295
18.17919524936751
18.21572306129228
18.30394460427997
18.309059554268234
18.407449541115046
18.42381697319109
18.481398722206364
18.516621552319542
18.5230060247769
18.631804938684024
18.659211038640237
18.67265677764205
18.781430370759008
18.813647159635256
18.860551683554167
18.90773147941817
18.92544544335241
18.99750978444439
19.019220430187858
19.05024163216464
19.13734079747828
19.20471705217754
19.286828784054258
19.334321461935573
19.373466778569828
19.454262748967263
19.490295954292602
19.55831106229425
19.672742275703804
19.73827472036915
19.75879464959989
19.786428682355567
19.834118110151184
19.92016285186714
20.020805612744624
20.05848012372989
20.14466122058123
20.206365754111197
20.290793728386433
20.32480250230248
20.340815884838857
20.407425254479254
20.47933808681357
20.568843234981593
20.675242299838946
20.724825490273627
20.7811577541807
20.886068281023363
20.922953085149782
20.9989465217149
21.041840595287052
21.112694142106225
21.140143860393767
21.310779577820497
21.365045414005838
21.383889541217137
21.504287280749672
21.62563341481463
21.687367383882034
21.768925165427266
21.835075001090953
22.040402302038384
22.089205003458257
22.19212479768509
22.487798737714638
22.821040458749376
22.964053474705505
23.153648025873146
23.335278553442468
23.685688550226573
23.792450848742835
24.048905337003475
