0.515176146223169
0.5512142183620307
0.560472285586793
0.6451837915198206
0.7015544812627353
0.7628659825696409
0.8091136064883729
0.9712507365908873
1.045274310897877
3.708805639004355
4.154607443595567
4.543562044677968
4.986171484249609
5.141903602008264
5.284169305964515
5.385144558220481
5.447609186127386
5.481474838926822
5.561974519045956
5.612536911839436
5.695230695036355
5.719819489467423
5.7448026830727486
5.79778016794626
5.860651642666021
5.980013705552816
5.996288194525746
6.0363368680852405
6.099939014508333
6.154059688403202
6.31237168869384
6.406562153555627
6.444810099919639
6.476850941203628
6.510060138889874
6.577287964528189
6.6087048841146965
6.657221474562895
6.691763867349783
6.732213966827105
6.74275996371856
6.789244437365744
6.842347088361596
6.870585195574532
6.926601390681869
6.938365990270489
6.950323860108824
7.0301550031632285
7.0410542004355605
7.051594231127437
7.111191135798499
7.116504143336165
7.1427283928784915
7.166299522518489
7.1887728826769965
7.206500180042543
7.22969780441071
7.258949575924572
7.319973484902402
7.358149204312783
7.391807783793975
7.401081843502181
7.470283912339238
7.523352766432429
7.573025125428378
7.578573625208591
7.618909007917917
7.697716515377439
7.720193252528872
7.743189624228566
7.77785418032948
7.808689332439208
7.8226424275400355
7.865837647047143
7.900366372987393
7.903911446174036
7.957904498835039
7.978893042553798
8.032721614009601
8.051388911432896
8.070526384653682
8.093284936881979
8.134342853891127
8.157157625138998
8.239780626071713
8.24917954383084
8.27768115877061
8.294194165013824
8.32521432464459
8.358011922167977
8.370012964897745
8.38917372512726
8.434476375441433
8.44353687056
8.502611453670486
8.546016214569452
8.573171938767743
8.609515767197305
8.631868516280091
8.658061523885214
8.684466066346948
8.717157399144513
8.750331947364014
8.778364524047994
8.828645554371917
8.86494120494685
8.931843549621714
8.967450759081638
9.020682323617136
9.035897379517316
9.056360431662842
9.09907079644271
9.124360344308654
9.129099498258052
9.164268456076291
9.197470475363426
9.215014650245587
9.225598521778977
9.270783722112219
9.302577739547887
9.31962526291878
9.350561960170552
9.364074742676687
9.3768668913358
9.3902332137651
9.471280676939863
9.49181380592647
9.53253523852104
9.537187949884595
9.552947937646369
9.608455944313057
9.635133866619494
9.658567951148184
9.677873507217411
9.686992757989692
9.712366130411604
9.757683711301304
9.81548181833105
9.86521728319742
9.875483766368335
9.899345778326433
9.924816967704624
9.950306483736227
9.976767128282907
10.028577744306475
10.060620041467981
10.06268281851809
10.108194922700887
10.114543486332813
10.161827674279936
10.208523581061911
10.221096356821601
10.25633247141616
10.281701335115633
10.326838443494392
10.344232682833233
10.366970583824267
10.395978542990639
10.412136067023999
10.436944256752184
10.451047267208882
10.488410744215392
10.499637973877373
10.534697012762013
10.581328216441342
10.59010857522819
10.612478334904962
10.640850244649725
10.664375717073385
10.6815618306132
10.741186144279965
10.75872587731245
10.773469806081783
10.813516754570687
10.828252140549592
10.870262321344958
10.906240816349747
10.916533656292845
10.966277372557455
11.005423013206297
11.039252816932446
11.067874697052373
11.075000785860597
11.095739858112495
11.127025225337446
11.184038521599037
11.196521221469952
11.227065939776882
11.259638583131931
11.27249848495644
11.30697363058126
11.31265907171603
11.335809585853411
11.344507929996134
11.384379694912404
11.412343333662283
11.439919700646515
11.470328986583304
11.480635921978065
11.538042746303073
11.565386545926529
11.589934858627814
11.616020294024505
11.654983733348086
11.693224166536936
11.712841112192526
11.736878309288326
11.768301119530966
11.776697999880499
11.836726874934556
11.851639373191633
11.899323006208336
11.92089625438128
11.958454820498593
11.998186931791246
12.00643612878156
12.033252042602744
12.071515981985673
12.091535047783553
12.149762388776173
12.154938196884748
12.175738810368184
12.213025383242565
12.271973263876678
12.292534610688476
12.300540757077176
12.321143931876792
12.340317832469283
12.352015832785439
12.381792192310527
12.403517869358264
12.470943015028512
12.49865156955779
12.529088339625144
12.54480140355552
12.572229507355564
12.60367196016015
12.635154862479498
12.664993802518287
12.679664333679689
12.701204404878444
12.725460701265314
12.74581329287699
12.75857592198124
12.795682831246099
12.824316457174648
12.891027099196231
12.908383206475715
12.968837328973164
12.982813347426978
13.048679766065622
13.054883831260494
13.067063352029301
13.099658515423998
13.113660850185182
13.135795328837267
13.16107739557664
13.21408145717046
13.259538345400996
13.27278455873111
13.297988636738504
13.31073638460392
13.37169313908545
13.403834291096155
13.422828698852816
13.444067720716518
13.472735788548576
13.495368586562316
13.507418383690757
13.539984033916213
13.551027721226166
13.572987026778048
13.607570404697576
13.64772047956226
13.666463436288725
13.722693000606757
13.743409311701072
13.75807017409572
13.789202872717617
13.806531876530515
13.825416025902198
13.86766433745299
13.896061019697058
13.968929951185322
14.00843675519317
14.035636599761064
14.063005420644101
14.073555102849795
14.101903703819534
14.116433558562639
14.138258174535581
14.204082077558931
14.20754116395544
14.229291232839074
14.258832803441507
14.270291621763393
14.29905616378059
14.312599414396498
14.375664993841935
14.381438990921177
14.41553163752942
14.437430464871618
14.466618226022625
14.480136597617957
14.531814781247576
14.53637091008526
14.556861376155988
14.636269862545243
14.65802801260232
14.669660627123898
14.721168122940774
14.737348773005106
14.767744683330378
14.79607805430109
14.810239873326648
14.837338471001436
14.887262445257768
14.925695989720877
14.947587453094412
14.983545356193947
15.035052721278129
15.065688124738076
15.116585773555695
15.142192243437746
15.14710339591038
15.207362172407983
15.236196530750837
15.283937028700315
15.297879649099363
15.314376159541162
15.342132908473618
15.381536321769168
15.419358591041265
15.472343704190552
15.483947915222934
15.50073290609748
15.524475680877183
15.584896670390917
15.594246797261325
15.611437284834318
15.633474838090065
15.676461239544459
15.713506548359343
15.758581939953443
15.780271099858787
15.785466635263791
15.841402751279313
15.856647225783744
15.900575868585898
15.922105712475425
15.958656695492493
16.003771118381305
16.023672566425986
16.039116040988958
16.066389795278837
16.160266498468477
16.18087240929351
16.214980618512378
16.265894960805493
16.285870702902887
16.330156812945333
16.34883137595757
16.36504273596458
16.4156776223783
16.437629616516492
16.456070255973657
16.471082470318308
16.5173949377746
16.5346533230385
16.574143299451013
16.589939212493814
16.6196133528128
16.6504897997318
16.663873238022024
16.72441061891809
16.741787814245036
16.766084952495838
16.802209630831697
16.830009640182627
16.865009928733212
16.90506599371331
16.93010188706265
16.95325611953885
17.043182399666346
17.085997929837337
17.13732010174775
17.160047037592175
17.185599355400907
17.23319580975121
17.266913090699166
17.31594757751831
17.319824360089537
17.35882411033682
17.376574163127785
17.38718545420508
17.425220890605928
17.46307163989235
17.503253517556345
17.54982654653138
17.562134079500975
17.631814312664762
17.642703583341653
17.696272722806032
17.72321543400353
17.790473838527138
17.79628200282731
17.879478136035196
17.91009551553324
17.996108619020003
18.009507304943263
18.027801029163207
18.094524872282925
18.130692967369768
18.20126585332291
18.222117098992637
18.2578384882309
18.28145663128358
18.321277685195646
18.350469132395027
18.398672622750745
18.415999624623677
18.42483112009018
18.450257237247744
18.489909871883107
18.53730576039332
18.558255072899406
18.56869746817578
18.65015481867872
18.751755443388127
18.811594545471642
18.871006009656213
18.892853412194874
18.914820217717008
18.942778399124368
18.95198724423529
18.99823880666875
19.048865832123965
19.075133592995506
19.13439676556032
19.1998394174484
19.21483351639124
19.24939405054981
19.37310697891309
19.44028467413512
19.452848343539912
19.472806076098564
19.506430770009523
19.5809453146784
19.589992759894606
19.660677671771438
19.714258508753044
19.74851170089678
19.76530134998229
19.835366518707858
19.85927873612957
19.88769835547631
19.9687536266545
20.02148656801177
20.076382790565404
20.105314094664028
20.18571383306042
20.237938410545034
20.250806868711965
20.32261898825607
20.416774301243137
20.47362770467148
20.489649278121806
20.578736365704227
20.655340418420014
20.75522096647612
20.83354579085819
20.875398446307443
20.92445471239735
20.93958285124173
20.981454091379895
21.039500970557498
21.136361065723456
21.258910931227597
21.38127114261597
21.39318939591714
21.54053536497181
21.617374260801927
21.661856969463607
21.710391888425143
21.738326011928947
21.944211095209944
22.034420138283735
22.135030673160156
22.176184569292765
22.633349456022323
22.7491981005343
22.824484201196253
22.87574323850536
22.947167252247834
23.128541263895826
23.23040322347444
23.463087987887977
25.296157477843995
26.94702195762574
0.515176146223169
0.5512142183620307
0.560472285586793
0.6451837915198206
0.7015544812627353
0.7628659825696409
0.8091136064883729
0.9712507365908873
1.045274310897877
3.708805639004355
4.154607443595567
4.543562044677968
4.986171484249609
5.141903602008264
5.284169305964515
5.385144558220481
5.447609186127386
5.481474838926822
5.561974519045956
5.612536911839436
5.695230695036355
5.719819489467423
5.7448026830727486
5.79778016794626
5.860651642666021
5.980013705552816
5.996288194525746
6.0363368680852405
6.099939014508333
6.154059688403202
6.31237168869384
6.406562153555627
6.444810099919639
6.476850941203628
6.510060138889874
6.577287964528189
6.6087048841146965
6.657221474562895
6.691763867349783
6.732213966827105
6.74275996371856
6.789244437365744
6.842347088361596
6.870585195574532
6.926601390681869
6.938365990270489
6.950323860108824
7.0301550031632285
7.0410542004355605
7.051594231127437
7.111191135798499
7.116504143336165
7.1427283928784915
7.166299522518489
7.1887728826769965
7.206500180042543
7.22969780441071
7.258949575924572
7.319973484902402
7.358149204312783
7.391807783793975
7.401081843502181
7.470283912339238
7.523352766432429
7.573025125428378
7.578573625208591
7.618909007917917
7.697716515377439
7.720193252528872
7.743189624228566
7.77785418032948
7.808689332439208
7.8226424275400355
7.865837647047143
7.900366372987393
7.903911446174036
7.957904498835039
7.978893042553798
8.032721614009601
8.051388911432896
8.070526384653682
8.093284936881979
8.134342853891127
8.157157625138998
8.239780626071713
8.24917954383084
8.27768115877061
8.294194165013824
8.32521432464459
8.358011922167977
8.370012964897745
8.38917372512726
8.434476375441433
8.44353687056
8.502611453670486
8.546016214569452
8.573171938767743
8.609515767197305
8.631868516280091
8.658061523885214
8.684466066346948
8.717157399144513
8.750331947364014
8.778364524047994
8.828645554371917
8.86494120494685
8.931843549621714
8.967450759081638
9.020682323617136
9.035897379517316
9.056360431662842
9.09907079644271
9.124360344308654
9.129099498258052
9.164268456076291
9.197470475363426
9.215014650245587
9.225598521778977
9.270783722112219
9.302577739547887
9.31962526291878
9.350561960170552
9.364074742676687
9.3768668913358
9.3902332137651
9.471280676939863
9.49181380592647
9.53253523852104
9.537187949884595
9.552947937646369
9.608455944313057
9.635133866619494
9.658567951148184
9.677873507217411
9.686992757989692
9.712366130411604
9.757683711301304
9.81548181833105
9.86521728319742
9.875483766368335
9.899345778326433
9.924816967704624
9.950306483736227
9.976767128282907
10.028577744306475
10.060620041467981
10.06268281851809
10.108194922700887
10.114543486332813
10.161827674279936
10.208523581061911
10.221096356821601
10.25633247141616
10.281701335115633
10.326838443494392
10.344232682833233
10.366970583824267
10.395978542990639
10.412136067023999
10.436944256752184
10.451047267208882
10.488410744215392
10.499637973877373
10.534697012762013
10.581328216441342
10.59010857522819
10.612478334904962
10.640850244649725
10.664375717073385
10.6815618306132
10.741186144279965
10.75872587731245
10.773469806081783
10.813516754570687
10.828252140549592
10.870262321344958
10.906240816349747
10.916533656292845
10.966277372557455
11.005423013206297
11.039252816932446
11.067874697052373
11.075000785860597
11.095739858112495
11.127025225337446
11.184038521599037
11.196521221469952
11.227065939776882
11.259638583131931
11.27249848495644
11.30697363058126
11.31265907171603
11.335809585853411
11.344507929996134
11.384379694912404
11.412343333662283
11.439919700646515
11.470328986583304
11.480635921978065
11.538042746303073
11.565386545926529
11.589934858627814
11.616020294024505
11.654983733348086
11.693224166536936
11.712841112192526
11.736878309288326
11.768301119530966
11.776697999880499
11.836726874934556
11.851639373191633
11.899323006208336
11.92089625438128
11.958454820498593
11.998186931791246
12.00643612878156
12.033252042602744
12.071515981985673
12.091535047783553
12.149762388776173
12.154938196884748
12.175738810368184
12.213025383242565
12.271973263876678
12.292534610688476
12.300540757077176
12.321143931876792
12.340317832469283
12.352015832785439
12.381792192310527
12.403517869358264
12.470943015028512
12.49865156955779
12.529088339625144
12.54480140355552
12.572229507355564
12.60367196016015
12.635154862479498
12.664993802518287
12.679664333679689
12.701204404878444
12.725460701265314
12.74581329287699
12.75857592198124
12.795682831246099
12.824316457174648
12.891027099196231
12.908383206475715
12.968837328973164
12.982813347426978
13.048679766065622
13.054883831260494
13.067063352029301
13.099658515423998
13.113660850185182
13.135795328837267
13.16107739557664
13.21408145717046
13.259538345400996
13.27278455873111
13.297988636738504
13.31073638460392
13.37169313908545
13.403834291096155
13.422828698852816
13.444067720716518
13.472735788548576
13.495368586562316
13.507418383690757
13.539984033916213
13.551027721226166
13.572987026778048
13.607570404697576
13.64772047956226
13.666463436288725
13.722693000606757
13.743409311701072
13.75807017409572
13.789202872717617
13.806531876530515
13.825416025902198
13.86766433745299
13.896061019697058
13.968929951185322
14.00843675519317
14.035636599761064
14.063005420644101
14.073555102849795
14.101903703819534
14.116433558562639
14.138258174535581
14.204082077558931
14.20754116395544
14.229291232839074
14.258832803441507
14.270291621763393
14.29905616378059
14.312599414396498
14.375664993841935
14.381438990921177
14.41553163752942
14.437430464871618
14.466618226022625
14.480136597617957
14.531814781247576
14.53637091008526
14.556861376155988
14.636269862545243
14.65802801260232
14.669660627123898
14.721168122940774
14.737348773005106
14.767744683330378
14.79607805430109
14.810239873326648
14.837338471001436
14.887262445257768
14.925695989720877
14.947587453094412
14.983545356193947
15.035052721278129
15.065688124738076
15.116585773555695
15.142192243437746
15.14710339591038
15.207362172407983
15.236196530750837
15.283937028700315
15.297879649099363
15.314376159541162
15.342132908473618
15.381536321769168
15.419358591041265
15.472343704190552
15.483947915222934
15.50073290609748
15.524475680877183
15.584896670390917
15.594246797261325
15.611437284834318
15.633474838090065
15.676461239544459
15.713506548359343
15.758581939953443
15.780271099858787
15.785466635263791
15.841402751279313
15.856647225783744
15.900575868585898
15.922105712475425
15.958656695492493
16.003771118381305
16.023672566425986
16.039116040988958
16.066389795278837
16.160266498468477
16.18087240929351
16.214980618512378
16.265894960805493
16.285870702902887
16.330156812945333
16.34883137595757
16.36504273596458
16.4156776223783
16.437629616516492
16.456070255973657
16.471082470318308
16.5173949377746
16.5346533230385
16.574143299451013
16.589939212493814
16.6196133528128
16.6504897997318
16.663873238022024
16.72441061891809
16.741787814245036
16.766084952495838
16.802209630831697
16.830009640182627
16.865009928733212
16.90506599371331
16.93010188706265
16.95325611953885
17.043182399666346
17.085997929837337
17.13732010174775
17.160047037592175
17.185599355400907
17.23319580975121
17.266913090699166
17.31594757751831
17.319824360089537
17.35882411033682
17.376574163127785
17.38718545420508
17.425220890605928
17.46307163989235
17.503253517556345
17.54982654653138
17.562134079500975
17.631814312664762
17.642703583341653
17.696272722806032
17.72321543400353
17.790473838527138
17.79628200282731
17.879478136035196
17.91009551553324
17.996108619020003
18.009507304943263
18.027801029163207
18.094524872282925
18.130692967369768
18.20126585332291
18.222117098992637
18.2578384882309
18.28145663128358
18.321277685195646
18.350469132395027
18.398672622750745
18.415999624623677
18.42483112009018
18.450257237247744
18.489909871883107
18.53730576039332
18.558255072899406
18.56869746817578
18.65015481867872
18.751755443388127
18.811594545471642
18.871006009656213
18.892853412194874
18.914820217717008
18.942778399124368
18.95198724423529
18.99823880666875
19.048865832123965
19.075133592995506
19.13439676556032
19.1998394174484
19.21483351639124
19.24939405054981
19.37310697891309
19.44028467413512
19.452848343539912
19.472806076098564
19.506430770009523
19.5809453146784
19.589992759894606
19.660677671771438
19.714258508753044
19.74851170089678
19.76530134998229
19.835366518707858
19.85927873612957
19.88769835547631
19.9687536266545
20.02148656801177
20.076382790565404
20.105314094664028
20.18571383306042
20.237938410545034
20.250806868711965
20.32261898825607
20.416774301243137
20.47362770467148
20.489649278121806
20.578736365704227
20.655340418420014
20.75522096647612
20.83354579085819
20.875398446307443
20.92445471239735
20.93958285124173
20.981454091379895
21.039500970557498
21.136361065723456
21.258910931227597
21.38127114261597
21.39318939591714
21.54053536497181
21.617374260801927
21.661856969463607
21.710391888425143
21.738326011928947
21.944211095209944
22.034420138283735
22.135030673160156
22.176184569292765
22.633349456022323
22.7491981005343
22.824484201196253
22.87574323850536
22.947167252247834
23.128541263895826
23.23040322347444
23.463087987887977
25.296157477843995
26.94702195762574
