0.7960936380071022
0.8851582040409005
0.933613566050279
0.9757820754989525
1.1650127101397547
8.430104598057396
10.072244125665504
11.01517089967533
11.363862032900597
11.47369766282782
11.516868109187683
11.686538635643876
11.745962437592256
11.825064091802698
11.926442074621603
12.176227965376153
12.253390238655593
12.354411723062666
12.376074582657942
12.45109029070536
12.485406689277344
12.505888212460484
12.607282107508947
12.679171077856065
12.756700796689296
12.779323151231948
12.828426153818302
12.876739263153773
12.921550202720102
12.973088422690385
13.007671689077084
13.074986416691312
13.108302062740167
13.234202275744348
13.25191508662604
13.350433656563746
13.366397093220026
13.471236180881485
13.533570211583323
13.618225162324135
13.67955101236411
13.724732130512958
13.757128856355267
13.836414182307914
13.865086360120815
13.939149099509413
13.969524515159133
14.019314160803246
14.05748746040868
14.10599839465065
14.15857636278255
14.256486252143127
14.304273791064315
14.347995718612607
14.402660845950427
14.449486543282841
14.490951824063421
14.532142777349604
14.562763445021874
14.602230221511466
14.655252357040396
14.716208562936613
14.744862307548985
14.776020802273216
14.788616099265539
14.843983406401335
14.906798121541284
14.926964408271957
14.968739035915686
14.982599371231505
15.018635069852305
15.114937481227358
15.15139579343831
15.188352748197872
15.212916790991882
15.277972733319729
15.308007190964876
15.356074951309157
15.400975574247894
15.428669497977154
15.465937704885453
15.52989606181418
15.551190635848151
15.617394517500403
15.630509930757826
15.68568179257657
15.722041616841633
15.76973955636676
15.776680923214952
15.845897630334306
15.902763182465216
15.917517255900803
15.961648658709814
15.992522259255157
15.99718654420137
16.057586942891703
16.092243578672985
16.13900979630424
16.16899978676925
16.21986821201092
16.242029908230517
16.309856919924293
16.33451811471019
16.39469478953909
16.454481779029916
16.45957081865507
16.520891444001393
16.55781491345252
16.58590692618435
16.612265532997
16.659410820316623
16.688729971032405
16.7225636428582
16.760471009973838
16.798403595699618
16.8476124178124
16.883483320792646
16.94012573637849
16.948581429010858
16.988819349337703
17.060713030655123
17.108677759392513
17.126212990318226
17.174243576893875
17.186357778122446
17.219963940557356
17.239493788795
17.24664750344191
17.30238631768686
17.326175613887067
17.37479978266355
17.44213847762029
17.485290834829424
17.58452676929236
17.599819673632727
17.611723739586676
17.63484487419235
17.68335689174423
17.708650116078157
17.778402983768974
17.809514375189632
17.82224061161651
17.854598410606208
17.870442031584844
17.948555542033475
17.965714647824186
17.98878997717921
18.047769261912624
18.069787630814304
18.086806585815435
18.101762641996846
18.152374147723442
18.1779290408277
18.187116330184868
18.242544053300044
18.2622069776246
18.33161553199554
18.34655428745841
18.370326822517992
18.429552676188575
18.455685598569918
18.502990704202293
18.54296532174404
18.561393888042545
18.581077122381814
18.610489040496397
18.64012324199024
18.662504476139723
18.690382219297362
18.772894321138974
18.80156820372376
18.83802745950975
18.849075856561427
18.918737576950736
18.95775999739256
18.995487022094284
19.015933979341057
19.08329914513804
19.150674688499798
19.17618898428524
19.205453524207535
19.222825221081628
19.31206891552812
19.33094469529525
19.360229775939953
19.413285565383635
19.428518978503337
19.453621320190113
19.469134977362945
19.506994870168594
19.573704957542706
19.587761051253533
19.639349895351245
19.663557341310486
19.680433858340635
19.709128785953666
19.78533591605015
19.79891460906865
19.843569511166244
19.907888055322594
19.935803670536274
19.95746371215371
20.016122862252015
20.07806049441571
20.09878196867071
20.11315320688042
20.118125123807594
20.151065833113417
20.175908933587674
20.21635311295288
20.243270461790406
20.26220274723063
20.28200423481154
20.30572183603461
20.349747985909723
20.376055958792175
20.403357183414567
20.469213123045865
20.502861105165053
20.54697487668094
20.553016467161484
20.595605633410013
20.625258653086217
20.649709735020473
20.69164965293215
20.71789359859256
20.74290829855602
20.76211369798013
20.80156120767864
20.814983388262025
20.848372187995132
20.898986878283544
20.905180373638007
20.937114574004983
21.004653182241977
21.04512552038214
21.06988824742482
21.10485292443716
21.15025408628652
21.183677650726207
21.23423379779839
21.314616385281727
21.348708830860257
21.36863891993191
21.402091755905136
21.426248873060175
21.439545501349013
21.52864874890659
21.540600275714933
21.593427414977945
21.63242783629074
21.64870084134811
21.70541164157362
21.720894219396566
21.761850795012887
21.826571035459164
21.846457962437267
21.901965939181597
21.94106671321747
21.966069771303207
21.988708262560678
22.016061310397106
22.021876265577394
22.028914941513293
22.05952253812899
22.101950361487752
22.119289856637256
22.13052815161015
22.236457994632964
22.261929834120696
22.294111683115325
22.31090957693488
22.350549406153974
22.378459703591133
22.40793855171392
22.42534834463455
22.49627055697037
22.512310958007976
22.56397976040145
22.579113749651544
22.590342456422533
22.631291633171095
22.67208291345344
22.73878246340626
22.758091051444158
22.80285359751669
22.819667747612367
22.846860756155365
22.87277765311461
22.92547038958837
22.953416817545328
23.020788526130772
23.039810796601294
23.064243241905878
23.08004243979876
23.089957573496783
23.15266827195456
23.190652493670484
23.196719658252242
23.27505461550405
23.299373576006555
23.328057173920854
23.384887626397298
23.442225968104538
23.451981064016685
23.484103969703924
23.4938813010819
23.557615068277624
23.59224217432032
23.6360369377524
23.65913206607718
23.678387597728385
23.738605719307515
23.77674094635073
23.81288884987645
23.861765996263344
23.888952070575733
23.924179270612193
24.020223081361692
24.053599300794282
24.064464285010473
24.097740853170574
24.130521331540567
24.191698759438946
24.2309416876826
24.29739927891391
24.310477256043725
24.345535432489665
24.36978624694199
24.373342890445524
24.478793800047345
24.499862622275234
24.523289170495804
24.559360926990667
24.59208070653845
24.619509411334892
24.622444741704996
24.683273706673155
24.71880209113336
24.7615745331551
24.84181741629042
24.888272166940403
24.91513449232383
24.969312151864152
25.00045592754892
25.055742856955323
25.113402489829202
25.149292404544855
25.16633107726181
25.197879188232726
25.243742986755482
25.28461334470242
25.30394662993803
25.349564603521966
25.4182412216609
25.442728278553677
25.479574301243986
25.530799393260704
25.575822635372173
25.60427484707009
25.62108684658636
25.707555376315938
25.754208548877205
25.79951031506079
25.82464320280604
25.856188211969272
25.9289016977927
25.94224450566212
26.01625353735244
26.03004089904369
26.103857720248012
26.12887114236295
26.178024011972422
26.200654216914828
26.240254078857127
26.256496425693623
26.300430772390328
26.33438770298373
26.36317551985081
26.39620353389692
26.44022340541714
26.44861603322559
26.510111260741283
26.571549471592466
26.63289897951603
26.663385600099343
26.718525175394845
26.783190269138952
26.803899406828368
26.83259189744906
26.870856928259546
26.9055062288785
26.945583758931768
27.015807019151023
27.0703200141153
27.102112696455407
27.16892607104392
27.186579190695667
27.26896731606175
27.2849214916446
27.32978927402594
27.348069219986634
27.40712520646119
27.43691545121495
27.51839364574014
27.58152021159393
27.64360160713864
27.695487327635515
27.71468451642145
27.770059597030293
27.81616188308822
27.920810100801692
27.959971762968188
27.998036389254818
28.055201952085028
28.10767778489905
28.122876280297337
28.239594238428555
28.282970293523626
28.291033427549355
28.348639562413922
28.379347483423484
28.413431978526255
28.44241151270337
28.5464952799382
28.580356698532082
28.66916605430645
28.68879743958975
28.757038614761914
28.83160480765937
28.888719378169352
28.930612144440158
29.003548030818198
29.060396354684286
29.134794559631324
29.220027770157856
29.264349576926136
29.322102150170064
29.351158462569973
29.402858505963792
29.457062744950065
29.50833691281585
29.608419734409456
29.6444269723588
29.700049065015264
29.73320026642411
29.810897861254166
29.86026714566886
29.948988178089394
29.964201585328116
29.99966479879225
30.072842459178574
30.214178634234063
30.250081426838033
30.301918304664813
30.38850148386923
30.443464226588898
30.482496169393045
30.510703175272116
30.580027257847707
30.621764100949925
30.686101850896133
30.73307253184707
30.768512976783533
30.81192264599294
30.95197581961143
31.00309934269181
31.092576715079996
31.231357772824506
31.400200257276534
31.447780810170045
31.56699708227631
31.695027657572606
31.81863393321076
31.90579875659851
32.06683680685238
32.15973774499691
32.245687055741904
32.317956373910675
32.35858686776994
32.42616395600081
32.601670692990645
32.6956762099179
32.827863245495614
32.89702763107717
32.98174712765776
33.09863969673921
33.29388040078408
33.42538133708266
33.65353085828966
33.73917843017721
33.80674498274231
33.97643936851401
34.09905646833429
34.64795686542935
35.11694161257948
35.42834312832203
37.16338813273325
39.02943131462284
0.7960936380071022
0.8851582040409005
0.933613566050279
0.9757820754989525
1.1650127101397547
8.430104598057396
10.072244125665504
11.01517089967533
11.363862032900597
11.47369766282782
11.516868109187683
11.686538635643876
11.745962437592256
11.825064091802698
11.926442074621603
12.176227965376153
12.253390238655593
12.354411723062666
12.376074582657942
12.45109029070536
12.485406689277344
12.505888212460484
12.607282107508947
12.679171077856065
12.756700796689296
12.779323151231948
12.828426153818302
12.876739263153773
12.921550202720102
12.973088422690385
13.007671689077084
13.074986416691312
13.108302062740167
13.234202275744348
13.25191508662604
13.350433656563746
13.366397093220026
13.471236180881485
13.533570211583323
13.618225162324135
13.67955101236411
13.724732130512958
13.757128856355267
13.836414182307914
13.865086360120815
13.939149099509413
13.969524515159133
14.019314160803246
14.05748746040868
14.10599839465065
14.15857636278255
14.256486252143127
14.304273791064315
14.347995718612607
14.402660845950427
14.449486543282841
14.490951824063421
14.532142777349604
14.562763445021874
14.602230221511466
14.655252357040396
14.716208562936613
14.744862307548985
14.776020802273216
14.788616099265539
14.843983406401335
14.906798121541284
14.926964408271957
14.968739035915686
14.982599371231505
15.018635069852305
15.114937481227358
15.15139579343831
15.188352748197872
15.212916790991882
15.277972733319729
15.308007190964876
15.356074951309157
15.400975574247894
15.428669497977154
15.465937704885453
15.52989606181418
15.551190635848151
15.617394517500403
15.630509930757826
15.68568179257657
15.722041616841633
15.76973955636676
15.776680923214952
15.845897630334306
15.902763182465216
15.917517255900803
15.961648658709814
15.992522259255157
15.99718654420137
16.057586942891703
16.092243578672985
16.13900979630424
16.16899978676925
16.21986821201092
16.242029908230517
16.309856919924293
16.33451811471019
16.39469478953909
16.454481779029916
16.45957081865507
16.520891444001393
16.55781491345252
16.58590692618435
16.612265532997
16.659410820316623
16.688729971032405
16.7225636428582
16.760471009973838
16.798403595699618
16.8476124178124
16.883483320792646
16.94012573637849
16.948581429010858
16.988819349337703
17.060713030655123
17.108677759392513
17.126212990318226
17.174243576893875
17.186357778122446
17.219963940557356
17.239493788795
17.24664750344191
17.30238631768686
17.326175613887067
17.37479978266355
17.44213847762029
17.485290834829424
17.58452676929236
17.599819673632727
17.611723739586676
17.63484487419235
17.68335689174423
17.708650116078157
17.778402983768974
17.809514375189632
17.82224061161651
17.854598410606208
17.870442031584844
17.948555542033475
17.965714647824186
17.98878997717921
18.047769261912624
18.069787630814304
18.086806585815435
18.101762641996846
18.152374147723442
18.1779290408277
18.187116330184868
18.242544053300044
18.2622069776246
18.33161553199554
18.34655428745841
18.370326822517992
18.429552676188575
18.455685598569918
18.502990704202293
18.54296532174404
18.561393888042545
18.581077122381814
18.610489040496397
18.64012324199024
18.662504476139723
18.690382219297362
18.772894321138974
18.80156820372376
18.83802745950975
18.849075856561427
18.918737576950736
18.95775999739256
18.995487022094284
19.015933979341057
19.08329914513804
19.150674688499798
19.17618898428524
19.205453524207535
19.222825221081628
19.31206891552812
19.33094469529525
19.360229775939953
19.413285565383635
19.428518978503337
19.453621320190113
19.469134977362945
19.506994870168594
19.573704957542706
19.587761051253533
19.639349895351245
19.663557341310486
19.680433858340635
19.709128785953666
19.78533591605015
19.79891460906865
19.843569511166244
19.907888055322594
19.935803670536274
19.95746371215371
20.016122862252015
20.07806049441571
20.09878196867071
20.11315320688042
20.118125123807594
20.151065833113417
20.175908933587674
20.21635311295288
20.243270461790406
20.26220274723063
20.28200423481154
20.30572183603461
20.349747985909723
20.376055958792175
20.403357183414567
20.469213123045865
20.502861105165053
20.54697487668094
20.553016467161484
20.595605633410013
20.625258653086217
20.649709735020473
20.69164965293215
20.71789359859256
20.74290829855602
20.76211369798013
20.80156120767864
20.814983388262025
20.848372187995132
20.898986878283544
20.905180373638007
20.937114574004983
21.004653182241977
21.04512552038214
21.06988824742482
21.10485292443716
21.15025408628652
21.183677650726207
21.23423379779839
21.314616385281727
21.348708830860257
21.36863891993191
21.402091755905136
21.426248873060175
21.439545501349013
21.52864874890659
21.540600275714933
21.593427414977945
21.63242783629074
21.64870084134811
21.70541164157362
21.720894219396566
21.761850795012887
21.826571035459164
21.846457962437267
21.901965939181597
21.94106671321747
21.966069771303207
21.988708262560678
22.016061310397106
22.021876265577394
22.028914941513293
22.05952253812899
22.101950361487752
22.119289856637256
22.13052815161015
22.236457994632964
22.261929834120696
22.294111683115325
22.31090957693488
22.350549406153974
22.378459703591133
22.40793855171392
22.42534834463455
22.49627055697037
22.512310958007976
22.56397976040145
22.579113749651544
22.590342456422533
22.631291633171095
22.67208291345344
22.73878246340626
22.758091051444158
22.80285359751669
22.819667747612367
22.846860756155365
22.87277765311461
22.92547038958837
22.953416817545328
23.020788526130772
23.039810796601294
23.064243241905878
23.08004243979876
23.089957573496783
23.15266827195456
23.190652493670484
23.196719658252242
23.27505461550405
23.299373576006555
23.328057173920854
23.384887626397298
23.442225968104538
23.451981064016685
23.484103969703924
23.4938813010819
23.557615068277624
23.59224217432032
23.6360369377524
23.65913206607718
23.678387597728385
23.738605719307515
23.77674094635073
23.81288884987645
23.861765996263344
23.888952070575733
23.924179270612193
24.020223081361692
24.053599300794282
24.064464285010473
24.097740853170574
24.130521331540567
24.191698759438946
24.2309416876826
24.29739927891391
24.310477256043725
24.345535432489665
24.36978624694199
24.373342890445524
24.478793800047345
24.499862622275234
24.523289170495804
24.559360926990667
24.59208070653845
24.619509411334892
24.622444741704996
24.683273706673155
24.71880209113336
24.7615745331551
24.84181741629042
24.888272166940403
24.91513449232383
24.969312151864152
25.00045592754892
25.055742856955323
25.113402489829202
25.149292404544855
25.16633107726181
25.197879188232726
25.243742986755482
25.28461334470242
25.30394662993803
25.349564603521966
25.4182412216609
25.442728278553677
25.479574301243986
25.530799393260704
25.575822635372173
25.60427484707009
25.62108684658636
25.707555376315938
25.754208548877205
25.79951031506079
25.82464320280604
25.856188211969272
25.9289016977927
25.94224450566212
26.01625353735244
26.03004089904369
26.103857720248012
26.12887114236295
26.178024011972422
26.200654216914828
26.240254078857127
26.256496425693623
26.300430772390328
26.33438770298373
26.36317551985081
26.39620353389692
26.44022340541714
26.44861603322559
26.510111260741283
26.571549471592466
26.63289897951603
26.663385600099343
26.718525175394845
26.783190269138952
26.803899406828368
26.83259189744906
26.870856928259546
26.9055062288785
26.945583758931768
27.015807019151023
27.0703200141153
27.102112696455407
27.16892607104392
27.186579190695667
27.26896731606175
27.2849214916446
27.32978927402594
27.348069219986634
27.40712520646119
27.43691545121495
27.51839364574014
27.58152021159393
27.64360160713864
27.695487327635515
27.71468451642145
27.770059597030293
27.81616188308822
27.920810100801692
27.959971762968188
27.998036389254818
28.055201952085028
28.10767778489905
28.122876280297337
28.239594238428555
28.282970293523626
28.291033427549355
28.348639562413922
28.379347483423484
28.413431978526255
28.44241151270337
28.5464952799382
28.580356698532082
28.66916605430645
28.68879743958975
28.757038614761914
28.83160480765937
28.888719378169352
28.930612144440158
29.003548030818198
29.060396354684286
29.134794559631324
29.220027770157856
29.264349576926136
29.322102150170064
29.351158462569973
29.402858505963792
29.457062744950065
29.50833691281585
29.608419734409456
29.6444269723588
29.700049065015264
29.73320026642411
29.810897861254166
29.86026714566886
29.948988178089394
29.964201585328116
29.99966479879225
30.072842459178574
30.214178634234063
30.250081426838033
30.301918304664813
30.38850148386923
30.443464226588898
30.482496169393045
30.510703175272116
30.580027257847707
30.621764100949925
30.686101850896133
30.73307253184707
30.768512976783533
30.81192264599294
30.95197581961143
31.00309934269181
31.092576715079996
31.231357772824506
31.400200257276534
31.447780810170045
31.56699708227631
31.695027657572606
31.81863393321076
31.90579875659851
32.06683680685238
32.15973774499691
32.245687055741904
32.317956373910675
32.35858686776994
32.42616395600081
32.601670692990645
32.6956762099179
32.827863245495614
32.89702763107717
32.98174712765776
33.09863969673921
33.29388040078408
33.42538133708266
33.65353085828966
33.73917843017721
33.80674498274231
33.97643936851401
34.09905646833429
34.64795686542935
35.11694161257948
35.42834312832203
37.16338813273325
39.02943131462284
