0.5655463975567928
0.5927965985280348
0.7075796027056742
0.753449795411487
0.8252693451778141
0.914371318139038
0.9359278785245424
0.9695418593787426
1.0604913154253544
1.903450934179896
2.786422276560048
3.6467533708441366
4.511675578406294
4.579812714304129
5.116580252278981
5.126397233890803
5.194829108686264
5.262060008005327
5.393208843998499
5.583212652731851
5.687832125704184
5.7440006875233305
5.958194480505394
6.044511997313161
6.152665703858925
6.2310231342561035
6.24816680031513
6.3573781632633395
6.489152097058936
6.524030138337618
6.560611167275168
6.594485541094284
6.614337305427297
6.6246231683345576
6.708010635096116
6.7748535879385425
6.80705536607092
6.867817970180971
6.899115787530103
6.942008031861977
6.976991836846189
6.994326445649637
7.0037773494389075
7.0716055951492525
7.109876451264217
7.128218026575723
7.204939252921462
7.224498009426718
7.28460444152208
7.332141350068215
7.383626646296788
7.4196519079804775
7.458192566716181
7.475468670490623
7.4881452116336185
7.515829230449194
7.5594712771832695
7.561122836745918
7.582341452759209
7.601834948858751
7.629425033263721
7.642918252051081
7.670169355450561
7.7503055144690585
7.76552914138179
7.803445075214207
7.8677369288866545
7.906208979195381
7.961110604209624
7.984308741917648
8.031374775000263
8.06034489061098
8.094058376959815
8.112668810652686
8.124600273756432
8.139525062086017
8.161534747309195
8.202712408593417
8.23179969440675
8.283099113039874
8.300515505449233
8.31433046560093
8.379206427879534
8.38289088255835
8.414581598302558
8.461480639983824
8.488869094621222
8.51818308786122
8.538563124620744
8.578200775965461
8.618956434340827
8.658795752254763
8.708287949345866
8.735215200591647
8.746200305143308
8.79538108782523
8.810719339526356
8.84277855959713
8.863408900446142
8.88866560909846
8.910253243536207
8.962736213304112
8.989311059253657
8.997815587892013
9.034642476673374
9.07752203527924
9.094680498988867
9.119684991364045
9.145266533800372
9.189204473446043
9.204102434627778
9.270422697728174
9.278778543959039
9.3124414038418
9.337432290974998
9.391728808313713
9.398062753705798
9.404712465535848
9.45489043893786
9.462293871052008
9.502571988892615
9.537244100639283
9.576990622448582
9.593053001739824
9.617079390613188
9.664409039091094
9.698606379757981
9.727500319798619
9.742306428847947
9.75379996436589
9.78343231620967
9.815287452829988
9.823264300675755
9.844317941972953
9.88247461755174
9.95051328947551
9.959520604005649
9.96614161579925
9.9976824897542
10.027104027945786
10.041896278833015
10.074208270429052
10.088357858192134
10.125697949005973
10.143575386548736
10.159319578568601
10.179117458769353
10.19308953151163
10.229259866337136
10.261675025382377
10.279415084173712
10.30499969518587
10.324719413307983
10.343536426481005
10.35335713514263
10.394263601810586
10.420468290964696
10.445539655649009
10.476677016157291
10.537982341976317
10.551825328568853
10.58710655804523
10.615745778360514
10.646301075816165
10.70103384713707
10.706368967074223
10.744216838849614
10.757225456198668
10.787093873162348
10.822606578060409
10.844430381644553
10.866664179483795
10.901572686751166
10.912769014397616
10.92019763045126
10.945369960941942
10.965120853727797
10.983870005303089
11.01577871091432
11.076632046181988
11.088907389146236
11.13413301720927
11.158625634996865
11.166982604266769
11.191984526558809
11.23355971146856
11.252264518868541
11.262455231434679
11.304153694732477
11.344928413448063
11.346069590297352
11.368084524947923
11.383954555932466
11.414643601005857
11.44694913972622
11.474753557420762
11.483301569305624
11.521000902165941
11.530832077326734
11.559839918205533
11.582051622938097
11.620366380313346
11.652219303336857
11.67746271651651
11.694423860195858
11.73322425054104
11.762626849724741
11.773729792894695
11.786628424234735
11.840160738262238
11.855697293560585
11.884134561282462
11.916934179161826
11.937609806355612
11.960646590554209
11.984984771952996
12.014769114673893
12.043027103614783
12.055377575671812
12.07562969129543
12.088087126285224
12.104809488284898
12.136866482211701
12.168407701253576
12.205842148902647
12.230630090974076
12.261064839590142
12.295652084911303
12.318290799370203
12.325271920976757
12.349624160077862
12.376670439977092
12.453570001613109
12.463484415110296
12.475194416686707
12.490827831496748
12.533554608415562
12.54385742991005
12.576759316945598
12.594791237170412
12.621946091785786
12.649850197107575
12.714559996392445
12.733260074886052
12.769562516099622
12.813012644700025
12.825327423066282
12.842172716684704
12.91994139125623
12.922013632400475
12.958310386047401
12.97429423790303
13.016624464221799
13.037693986498654
13.086569195287078
13.095865279190454
13.108744464827131
13.149875029554789
13.172714857083736
13.228426853948141
13.245180416207255
13.264189259721206
13.317061213651746
13.340445167864393
13.35974407488179
13.423577057349334
13.450687883823667
13.462883347766164
13.479639070162365
13.486543074417817
13.515635638492165
13.544209813865011
13.570349450838224
13.586033697803488
13.618314340633145
13.639343662294518
13.675597493907963
13.689825369314388
13.712938595702237
13.734020199982329
13.749295814555941
13.796389733535563
13.809781811067227
13.864374131167605
13.876738599436413
13.913728823903167
13.942359312522989
14.004202630489969
14.014561227546581
14.076233333246451
14.08492615567124
14.113781521829596
14.133241534822636
14.17121818437708
14.193127471807026
14.228703973877645
14.239494226196452
14.24256820789965
14.293432393463926
14.327333316405879
14.33091766842072
14.344913219900782
14.379346867843944
14.411184776608435
14.43594693198001
14.455606506977398
14.465591827190934
14.501460998731648
14.51297097911043
14.529083369764264
14.568563991651278
14.615638174419207
14.636602047164267
14.673856199146897
14.704315746003422
14.744356797967917
14.803814393251814
14.82546311472071
14.848924344879405
14.857934272842286
14.894182370693574
14.923748875422408
14.945510358628677
14.982853492223283
15.01347322684546
15.041115673296195
15.053569749372496
15.095795220946687
15.127960083902849
15.160172255079424
15.204448553198814
15.227664445266068
15.24894494483224
15.287204662336004
15.311174091479696
15.341659223273336
15.385187318034218
15.395081361736365
15.443252956397545
15.458733111657185
15.499650460085942
15.516111470513632
15.573351323358619
15.594718369285019
15.614083751500868
15.648138747334297
15.671280119402079
15.696853836264951
15.71353136982737
15.752199941603802
15.773533976837822
15.780395663274158
15.81871008218843
15.851789823111384
15.897023864301412
15.94520071519392
15.968940854345918
16.006480957482975
16.02994846042237
16.072639076343357
16.10868897041509
16.137765264239658
16.1701745576864
16.189752874764622
16.232311327439966
16.244802223293874
16.315267924828596
16.333591163075813
16.33935892830702
16.382362223382472
16.46047222089282
16.47022777377538
16.47400410704676
16.499741361490873
16.54558992095022
16.55388822964288
16.58775341534487
16.64685883048536
16.669669286910953
16.689308464586155
16.73762219258877
16.75886867375748
16.798279795909814
16.824773738976067
16.86643790404725
16.894640888425652
16.896380808526217
16.95986049020983
16.992106628103716
17.040241857483466
17.081045219705995
17.122115225927164
17.143215191477047
17.182576997814355
17.216428725988774
17.284373834519087
17.311372833753254
17.327706568273086
17.37588009346983
17.423499250541475
17.45897372965438
17.49178147452938
17.521054066374308
17.547855105094772
17.596234221067036
17.62435399994965
17.6396879174266
17.659739067143793
17.699372851434596
17.73219449777729
17.753018268770226
17.7796694606698
17.799199236724785
17.876613283506288
17.92387263759079
17.957026524128025
17.993661195871923
18.002693871779268
18.05922586669333
18.07247406198285
18.1150565235541
18.147581532310205
18.22289823672348
18.28813887267543
18.323413134046042
18.350035852674758
18.3996294198495
18.412970348744356
18.43656031447351
18.49339695142323
18.55963766426273
18.574700811629906
18.598360811691716
18.6515183221664
18.71219535835566
18.85704462376464
18.96395614822575
18.987090738269732
19.04628196987393
19.081425129040493
19.114363421245564
19.22545146862677
19.274757145699578
19.30579752241793
19.34143863234184
19.4581333058303
19.483869303292924
19.556169567277767
19.57796269415275
19.618697081817764
19.65971132528736
19.74407462142568
19.752413018635732
19.785030062012726
19.86410509970416
19.87603478127499
19.929495280086815
19.99640597148621
20.01536240080336
20.062720242590707
20.11801851249981
20.132307818419196
20.148524815108416
20.22450526812955
20.237578191356903
20.273126726477795
20.325926341814807
20.341068451720812
20.45202179640825
20.64603092687025
20.678218709120323
20.753616672160504
20.825267990696066
20.849917911577094
20.953625645884294
20.988420754342144
21.021629160504876
21.068086827897933
21.177779118779313
21.30016389482941
21.42191796803814
21.449139637277497
21.534998757444022
21.555076727114006
21.634327121562574
21.667618305611832
21.698736578164457
21.858661271705994
21.901966004494565
22.033276728704873
22.193384685257097
22.304475003065793
22.576432268102163
22.676156703743402
22.96038528898049
23.043867316648146
23.379545859548355
23.975912084468778
23.986624685192695
0.5655463975567928
0.5927965985280348
0.7075796027056742
0.753449795411487
0.8252693451778141
0.914371318139038
0.9359278785245424
0.9695418593787426
1.0604913154253544
1.903450934179896
2.786422276560048
3.6467533708441366
4.511675578406294
4.579812714304129
5.116580252278981
5.126397233890803
5.194829108686264
5.262060008005327
5.393208843998499
5.583212652731851
5.687832125704184
5.7440006875233305
5.958194480505394
6.044511997313161
6.152665703858925
6.2310231342561035
6.24816680031513
6.3573781632633395
6.489152097058936
6.524030138337618
6.560611167275168
6.594485541094284
6.614337305427297
6.6246231683345576
6.708010635096116
6.7748535879385425
6.80705536607092
6.867817970180971
6.899115787530103
6.942008031861977
6.976991836846189
6.994326445649637
7.0037773494389075
7.0716055951492525
7.109876451264217
7.128218026575723
7.204939252921462
7.224498009426718
7.28460444152208
7.332141350068215
7.383626646296788
7.4196519079804775
7.458192566716181
7.475468670490623
7.4881452116336185
7.515829230449194
7.5594712771832695
7.561122836745918
7.582341452759209
7.601834948858751
7.629425033263721
7.642918252051081
7.670169355450561
7.7503055144690585
7.76552914138179
7.803445075214207
7.8677369288866545
7.906208979195381
7.961110604209624
7.984308741917648
8.031374775000263
8.06034489061098
8.094058376959815
8.112668810652686
8.124600273756432
8.139525062086017
8.161534747309195
8.202712408593417
8.23179969440675
8.283099113039874
8.300515505449233
8.31433046560093
8.379206427879534
8.38289088255835
8.414581598302558
8.461480639983824
8.488869094621222
8.51818308786122
8.538563124620744
8.578200775965461
8.618956434340827
8.658795752254763
8.708287949345866
8.735215200591647
8.746200305143308
8.79538108782523
8.810719339526356
8.84277855959713
8.863408900446142
8.88866560909846
8.910253243536207
8.962736213304112
8.989311059253657
8.997815587892013
9.034642476673374
9.07752203527924
9.094680498988867
9.119684991364045
9.145266533800372
9.189204473446043
9.204102434627778
9.270422697728174
9.278778543959039
9.3124414038418
9.337432290974998
9.391728808313713
9.398062753705798
9.404712465535848
9.45489043893786
9.462293871052008
9.502571988892615
9.537244100639283
9.576990622448582
9.593053001739824
9.617079390613188
9.664409039091094
9.698606379757981
9.727500319798619
9.742306428847947
9.75379996436589
9.78343231620967
9.815287452829988
9.823264300675755
9.844317941972953
9.88247461755174
9.95051328947551
9.959520604005649
9.96614161579925
9.9976824897542
10.027104027945786
10.041896278833015
10.074208270429052
10.088357858192134
10.125697949005973
10.143575386548736
10.159319578568601
10.179117458769353
10.19308953151163
10.229259866337136
10.261675025382377
10.279415084173712
10.30499969518587
10.324719413307983
10.343536426481005
10.35335713514263
10.394263601810586
10.420468290964696
10.445539655649009
10.476677016157291
10.537982341976317
10.551825328568853
10.58710655804523
10.615745778360514
10.646301075816165
10.70103384713707
10.706368967074223
10.744216838849614
10.757225456198668
10.787093873162348
10.822606578060409
10.844430381644553
10.866664179483795
10.901572686751166
10.912769014397616
10.92019763045126
10.945369960941942
10.965120853727797
10.983870005303089
11.01577871091432
11.076632046181988
11.088907389146236
11.13413301720927
11.158625634996865
11.166982604266769
11.191984526558809
11.23355971146856
11.252264518868541
11.262455231434679
11.304153694732477
11.344928413448063
11.346069590297352
11.368084524947923
11.383954555932466
11.414643601005857
11.44694913972622
11.474753557420762
11.483301569305624
11.521000902165941
11.530832077326734
11.559839918205533
11.582051622938097
11.620366380313346
11.652219303336857
11.67746271651651
11.694423860195858
11.73322425054104
11.762626849724741
11.773729792894695
11.786628424234735
11.840160738262238
11.855697293560585
11.884134561282462
11.916934179161826
11.937609806355612
11.960646590554209
11.984984771952996
12.014769114673893
12.043027103614783
12.055377575671812
12.07562969129543
12.088087126285224
12.104809488284898
12.136866482211701
12.168407701253576
12.205842148902647
12.230630090974076
12.261064839590142
12.295652084911303
12.318290799370203
12.325271920976757
12.349624160077862
12.376670439977092
12.453570001613109
12.463484415110296
12.475194416686707
12.490827831496748
12.533554608415562
12.54385742991005
12.576759316945598
12.594791237170412
12.621946091785786
12.649850197107575
12.714559996392445
12.733260074886052
12.769562516099622
12.813012644700025
12.825327423066282
12.842172716684704
12.91994139125623
12.922013632400475
12.958310386047401
12.97429423790303
13.016624464221799
13.037693986498654
13.086569195287078
13.095865279190454
13.108744464827131
13.149875029554789
13.172714857083736
13.228426853948141
13.245180416207255
13.264189259721206
13.317061213651746
13.340445167864393
13.35974407488179
13.423577057349334
13.450687883823667
13.462883347766164
13.479639070162365
13.486543074417817
13.515635638492165
13.544209813865011
13.570349450838224
13.586033697803488
13.618314340633145
13.639343662294518
13.675597493907963
13.689825369314388
13.712938595702237
13.734020199982329
13.749295814555941
13.796389733535563
13.809781811067227
13.864374131167605
13.876738599436413
13.913728823903167
13.942359312522989
14.004202630489969
14.014561227546581
14.076233333246451
14.08492615567124
14.113781521829596
14.133241534822636
14.17121818437708
14.193127471807026
14.228703973877645
14.239494226196452
14.24256820789965
14.293432393463926
14.327333316405879
14.33091766842072
14.344913219900782
14.379346867843944
14.411184776608435
14.43594693198001
14.455606506977398
14.465591827190934
14.501460998731648
14.51297097911043
14.529083369764264
14.568563991651278
14.615638174419207
14.636602047164267
14.673856199146897
14.704315746003422
14.744356797967917
14.803814393251814
14.82546311472071
14.848924344879405
14.857934272842286
14.894182370693574
14.923748875422408
14.945510358628677
14.982853492223283
15.01347322684546
15.041115673296195
15.053569749372496
15.095795220946687
15.127960083902849
15.160172255079424
15.204448553198814
15.227664445266068
15.24894494483224
15.287204662336004
15.311174091479696
15.341659223273336
15.385187318034218
15.395081361736365
15.443252956397545
15.458733111657185
15.499650460085942
15.516111470513632
15.573351323358619
15.594718369285019
15.614083751500868
15.648138747334297
15.671280119402079
15.696853836264951
15.71353136982737
15.752199941603802
15.773533976837822
15.780395663274158
15.81871008218843
15.851789823111384
15.897023864301412
15.94520071519392
15.968940854345918
16.006480957482975
16.02994846042237
16.072639076343357
16.10868897041509
16.137765264239658
16.1701745576864
16.189752874764622
16.232311327439966
16.244802223293874
16.315267924828596
16.333591163075813
16.33935892830702
16.382362223382472
16.46047222089282
16.47022777377538
16.47400410704676
16.499741361490873
16.54558992095022
16.55388822964288
16.58775341534487
16.64685883048536
16.669669286910953
16.689308464586155
16.73762219258877
16.75886867375748
16.798279795909814
16.824773738976067
16.86643790404725
16.894640888425652
16.896380808526217
16.95986049020983
16.992106628103716
17.040241857483466
17.081045219705995
17.122115225927164
17.143215191477047
17.182576997814355
17.216428725988774
17.284373834519087
17.311372833753254
17.327706568273086
17.37588009346983
17.423499250541475
17.45897372965438
17.49178147452938
17.521054066374308
17.547855105094772
17.596234221067036
17.62435399994965
17.6396879174266
17.659739067143793
17.699372851434596
17.73219449777729
17.753018268770226
17.7796694606698
17.799199236724785
17.876613283506288
17.92387263759079
17.957026524128025
17.993661195871923
18.002693871779268
18.05922586669333
18.07247406198285
18.1150565235541
18.147581532310205
18.22289823672348
18.28813887267543
18.323413134046042
18.350035852674758
18.3996294198495
18.412970348744356
18.43656031447351
18.49339695142323
18.55963766426273
18.574700811629906
18.598360811691716
18.6515183221664
18.71219535835566
18.85704462376464
18.96395614822575
18.987090738269732
19.04628196987393
19.081425129040493
19.114363421245564
19.22545146862677
19.274757145699578
19.30579752241793
19.34143863234184
19.4581333058303
19.483869303292924
19.556169567277767
19.57796269415275
19.618697081817764
19.65971132528736
19.74407462142568
19.752413018635732
19.785030062012726
19.86410509970416
19.87603478127499
19.929495280086815
19.99640597148621
20.01536240080336
20.062720242590707
20.11801851249981
20.132307818419196
20.148524815108416
20.22450526812955
20.237578191356903
20.273126726477795
20.325926341814807
20.341068451720812
20.45202179640825
20.64603092687025
20.678218709120323
20.753616672160504
20.825267990696066
20.849917911577094
20.953625645884294
20.988420754342144
21.021629160504876
21.068086827897933
21.177779118779313
21.30016389482941
21.42191796803814
21.449139637277497
21.534998757444022
21.555076727114006
21.634327121562574
21.667618305611832
21.698736578164457
21.858661271705994
21.901966004494565
22.033276728704873
22.193384685257097
22.304475003065793
22.576432268102163
22.676156703743402
22.96038528898049
23.043867316648146
23.379545859548355
23.975912084468778
23.986624685192695
