0.7705050682840524
0.810958600592802
0.8450805047980049
0.9460878487216178
1.0342029911704316
10.225723832036211
10.426254157033155
10.476019148988128
10.51053337419962
10.646647232885693
10.73508762465284
11.192309837088676
11.232638582669523
11.49800955275472
11.698943286246264
11.714789251633269
11.767173703285959
11.860856012801529
12.009812166242982
12.248877863861685
12.27051998221687
12.324200380282127
12.378860991795934
12.398818972432599
12.469647177996531
12.552919585472043
12.616271418092657
12.6679765234514
12.702287111319716
12.738805855157638
12.814071715980099
12.889851329521436
12.94403718410443
12.9838063474162
13.010188079065564
13.067165718342132
13.090796107061408
13.12814673577923
13.195490839801266
13.220468301587177
13.294359499671144
13.336542435897092
13.3643516716859
13.405227743749967
13.435663249360097
13.501447950579564
13.510762132048985
13.555834787805365
13.604528127671966
13.671965690456377
13.858362530083443
13.97342051653697
13.985854630096014
14.02040496356699
14.041860671496785
14.08696714794424
14.15813148351846
14.203870727805247
14.260429129001635
14.28070270195329
14.299008538168094
14.340037157266261
14.37111368330117
14.42645760809992
14.49122394688737
14.501732733537628
14.543979501031007
14.565993580969304
14.609615201135746
14.677859070531424
14.702094642144734
14.750623266359236
14.807748034883005
14.843305262840058
14.90047609830302
14.92206986930913
14.981374116442703
14.994092913874978
15.08456130544031
15.142913024590259
15.152549781576267
15.17964562816054
15.229130896020292
15.29479641671191
15.308537652158384
15.355626846524355
15.379711613316694
15.448336988019028
15.464593535849001
15.485093528152605
15.543760163358593
15.555654270332615
15.597181570258458
15.625147647386438
15.66782570570226
15.704700482012308
15.755416419994363
15.801082142141274
15.864759069447699
15.883199634287218
15.911315100865801
15.962522037882943
15.989592944165633
16.006711310468745
16.114615368072386
16.140141386503355
16.17326986215937
16.196957548823313
16.269029795241075
16.27289706011568
16.305893880099152
16.34749011085765
16.369425639647687
16.414192723054985
16.428790922685252
16.5118455137672
16.54263055386715
16.556131549427665
16.60785258614795
16.65416383977102
16.678586131342215
16.704571755496744
16.716445943011315
16.74758851696525
16.798711022261696
16.819371952024525
16.901034637439185
16.920027890340844
16.94726339741066
16.95297370833403
17.006444160242612
17.035594228198647
17.06585294400211
17.12785588397367
17.13823069110886
17.16668343283956
17.202238867455485
17.249932454604657
17.280916010164965
17.31013969453792
17.391888980857647
17.407040307095198
17.42101796934449
17.449788243200576
17.48565869120159
17.51357051144031
17.51823697409492
17.552785903394984
17.619592528193973
17.642393505314143
17.67204673130114
17.68602907857034
17.724895201034535
17.75966591652442
17.811940589570092
17.836062346611175
17.883878837748476
17.90320441062969
17.916243611360798
17.956071908356467
17.981991054948338
18.044271619444046
18.096143822784317
18.15217968510471
18.196562185813203
18.236354991598557
18.255179526784115
18.28482762820617
18.356005347931806
18.37804244065738
18.416738579210104
18.43087335982087
18.517335999846292
18.529245690589207
18.56270429113304
18.59235449211376
18.66096885551756
18.673927961006214
18.691410942469375
18.70860456079225
18.789456252444978
18.835127835187766
18.86242753980596
18.892643886974483
18.922366608341683
18.94744075924984
18.99225249243546
19.02155847296965
19.046983205846136
19.06279425626511
19.084950463045278
19.10771758380805
19.12172531633991
19.154414577545598
19.17769604896387
19.224418222288854
19.247811058104524
19.29363350949633
19.32381695568429
19.349280604612197
19.379040848214874
19.383850091091027
19.427190880221154
19.474476006267
19.491940729352713
19.54419488034297
19.588393179170634
19.644121749458186
19.675658984732916
19.71345530554978
19.73982153649115
19.794478084989656
19.83145634811628
19.85377496289248
19.877379933976567
19.881514994779042
19.942102051174793
19.96419900023322
20.01606935883845
20.047439838076283
20.077028931531697
20.087734754508205
20.138451282396364
20.15567885887863
20.189249639732896
20.239492764629162
20.267344271099052
20.276519966964138
20.315945620872334
20.352587355582152
20.424986355952534
20.455545219346078
20.48941833575588
20.55526545138664
20.56882106584917
20.580092288747075
20.623029588618916
20.663671676460815
20.718375304653073
20.742429260807704
20.772187654463032
20.80593117513137
20.82970759401939
20.853233097520615
20.897486857054147
20.920077014499057
20.958139490853156
20.963435004861513
21.00751687252085
21.035082508628964
21.08491074259459
21.160594358167952
21.174977342082403
21.226133971220353
21.231709415227392
21.286653992572397
21.33336165190424
21.34358606564554
21.415582043007205
21.450300076164375
21.468189426277377
21.47664841210418
21.545681623283482
21.56453686021406
21.63740133470786
21.6617169508158
21.69164884055904
21.740282861314544
21.780538180659942
21.799126529926678
21.83639408369729
21.88152852035772
21.913254394022005
21.92955648659221
21.97915357909149
21.995035422494038
22.045457509090163
22.09748970927339
22.123543845618745
22.1616431228653
22.200933668396242
22.22435875599386
22.234258978200785
22.280164501426135
22.32925041007325
22.399418287624222
22.4189652093208
22.450169160386707
22.485797791773933
22.54059861886177
22.576312046333445
22.592418467979417
22.63254466038619
22.66187197983681
22.689797456252006
22.738863459718893
22.78368499111318
22.807470047891808
22.861125533050252
22.894933518011566
22.92057168773482
22.945336451742016
22.990522158407355
23.034536103804992
23.061230907097016
23.083863459320693
23.10862402790886
23.14375608677446
23.204145112659408
23.2483861099719
23.259471107856292
23.310874727574493
23.358924082050116
23.41141083926502
23.42198499095456
23.442938219322304
23.493577852956694
23.499456776769712
23.54253449129243
23.564185605140537
23.630962432042672
23.670536007341017
23.69709608247167
23.703827315048922
23.763346411224816
23.784550380513654
23.835349358092348
23.85844076616911
23.920542192311217
23.94449810856411
23.98584088683361
24.008280210020686
24.043238525183387
24.064240781563093
24.141860879961566
24.145098656647594
24.16484904978113
24.220801332125788
24.26329780657507
24.273996562181022
24.36583938187163
24.40322318883845
24.446534377792076
24.459511471010437
24.49692644873849
24.584911148810107
24.606778946018512
24.62235403517946
24.65961871483413
24.74542569153568
24.760987380135848
24.77497265894897
24.864250365697263
24.868714503469533
24.916259785642367
24.939622030078745
24.968164431758165
25.01683486300163
25.071522029411806
25.099392604264587
25.129197845511655
25.16973121797241
25.195505405963146
25.231715766936517
25.23439311746155
25.287893047259338
25.304846246403354
25.355947155294068
25.401001352571406
25.427714915766437
25.504772294671007
25.56159372976994
25.61470221445704
25.642791753027172
25.710099053658457
25.774087753599023
25.793706484071947
25.847374547850997
25.868713858198266
25.91598678261885
25.951287127754757
26.001988750397437
26.06415163990736
26.121229220988585
26.14774494573371
26.228225825708158
26.252780022303902
26.28429482633041
26.309136667325493
26.406291835834107
26.489638010704002
26.520444205742876
26.595653417433677
26.599634766757116
26.619221282120836
26.6568607561499
26.711188028377535
26.750224335196318
26.794413524534
26.84638266950236
26.897255639924424
26.952281997732445
26.969327217953303
27.014810825543467
27.0552143588204
27.11352503725835
27.166247194610527
27.239937421141907
27.343154055091308
27.377307133093463
27.429713877050023
27.46732334357598
27.503403079467617
27.564342501637306
27.581054042517476
27.63829116964912
27.699607989923752
27.777885880081946
27.827477375589602
27.862347579841728
27.89012098706647
27.953549295226775
27.98720832913569
28.007175933666506
28.078219066167748
28.130663857042244
28.17361371820018
28.231030884172927
28.25434740648064
28.33607350755232
28.340792666578444
28.470217836071406
28.501202077697844
28.561989873120407
28.61675996419376
28.658398529107487
28.682769028156958
28.761222328895084
28.810575011909993
28.876589792346664
28.924845291330993
28.98915830798518
29.075169779559175
29.10806480405699
29.151848650680762
29.185528637375935
29.243811692736728
29.272907614757266
29.365348351861687
29.393776583810205
29.496401406867903
29.565116270433077
29.589917390726402
29.63978634174809
29.727789428612468
29.846035141645533
29.863919201365185
29.9013507056813
29.970122095994007
30.078341284022546
30.122553924687296
30.177180759589696
30.24467077784697
30.36421552616796
30.446771704942208
30.656800766275403
30.71935007425611
30.76295188111597
30.866478688704785
30.977487664337495
30.98335202540925
31.076928379478666
31.1080659570582
31.109485508896654
31.228134507531546
31.276130525985604
31.317591482528968
31.46635336074784
31.56721533426355
31.706991380896085
31.747723383367674
31.93599115114144
31.981575657129685
32.02181564780662
32.149888888844465
32.60232800943287
32.67043467820338
32.68843897883221
33.03902681107946
33.096906490202066
33.24636163472308
33.50384524244604
33.56856223980209
33.621886825400935
34.060936437288674
34.11529420357038
34.512285996013446
34.801166297344686
36.187818157787795
0.7705050682840524
0.810958600592802
0.8450805047980049
0.9460878487216178
1.0342029911704316
10.225723832036211
10.426254157033155
10.476019148988128
10.51053337419962
10.646647232885693
10.73508762465284
11.192309837088676
11.232638582669523
11.49800955275472
11.698943286246264
11.714789251633269
11.767173703285959
11.860856012801529
12.009812166242982
12.248877863861685
12.27051998221687
12.324200380282127
12.378860991795934
12.398818972432599
12.469647177996531
12.552919585472043
12.616271418092657
12.6679765234514
12.702287111319716
12.738805855157638
12.814071715980099
12.889851329521436
12.94403718410443
12.9838063474162
13.010188079065564
13.067165718342132
13.090796107061408
13.12814673577923
13.195490839801266
13.220468301587177
13.294359499671144
13.336542435897092
13.3643516716859
13.405227743749967
13.435663249360097
13.501447950579564
13.510762132048985
13.555834787805365
13.604528127671966
13.671965690456377
13.858362530083443
13.97342051653697
13.985854630096014
14.02040496356699
14.041860671496785
14.08696714794424
14.15813148351846
14.203870727805247
14.260429129001635
14.28070270195329
14.299008538168094
14.340037157266261
14.37111368330117
14.42645760809992
14.49122394688737
14.501732733537628
14.543979501031007
14.565993580969304
14.609615201135746
14.677859070531424
14.702094642144734
14.750623266359236
14.807748034883005
14.843305262840058
14.90047609830302
14.92206986930913
14.981374116442703
14.994092913874978
15.08456130544031
15.142913024590259
15.152549781576267
15.17964562816054
15.229130896020292
15.29479641671191
15.308537652158384
15.355626846524355
15.379711613316694
15.448336988019028
15.464593535849001
15.485093528152605
15.543760163358593
15.555654270332615
15.597181570258458
15.625147647386438
15.66782570570226
15.704700482012308
15.755416419994363
15.801082142141274
15.864759069447699
15.883199634287218
15.911315100865801
15.962522037882943
15.989592944165633
16.006711310468745
16.114615368072386
16.140141386503355
16.17326986215937
16.196957548823313
16.269029795241075
16.27289706011568
16.305893880099152
16.34749011085765
16.369425639647687
16.414192723054985
16.428790922685252
16.5118455137672
16.54263055386715
16.556131549427665
16.60785258614795
16.65416383977102
16.678586131342215
16.704571755496744
16.716445943011315
16.74758851696525
16.798711022261696
16.819371952024525
16.901034637439185
16.920027890340844
16.94726339741066
16.95297370833403
17.006444160242612
17.035594228198647
17.06585294400211
17.12785588397367
17.13823069110886
17.16668343283956
17.202238867455485
17.249932454604657
17.280916010164965
17.31013969453792
17.391888980857647
17.407040307095198
17.42101796934449
17.449788243200576
17.48565869120159
17.51357051144031
17.51823697409492
17.552785903394984
17.619592528193973
17.642393505314143
17.67204673130114
17.68602907857034
17.724895201034535
17.75966591652442
17.811940589570092
17.836062346611175
17.883878837748476
17.90320441062969
17.916243611360798
17.956071908356467
17.981991054948338
18.044271619444046
18.096143822784317
18.15217968510471
18.196562185813203
18.236354991598557
18.255179526784115
18.28482762820617
18.356005347931806
18.37804244065738
18.416738579210104
18.43087335982087
18.517335999846292
18.529245690589207
18.56270429113304
18.59235449211376
18.66096885551756
18.673927961006214
18.691410942469375
18.70860456079225
18.789456252444978
18.835127835187766
18.86242753980596
18.892643886974483
18.922366608341683
18.94744075924984
18.99225249243546
19.02155847296965
19.046983205846136
19.06279425626511
19.084950463045278
19.10771758380805
19.12172531633991
19.154414577545598
19.17769604896387
19.224418222288854
19.247811058104524
19.29363350949633
19.32381695568429
19.349280604612197
19.379040848214874
19.383850091091027
19.427190880221154
19.474476006267
19.491940729352713
19.54419488034297
19.588393179170634
19.644121749458186
19.675658984732916
19.71345530554978
19.73982153649115
19.794478084989656
19.83145634811628
19.85377496289248
19.877379933976567
19.881514994779042
19.942102051174793
19.96419900023322
20.01606935883845
20.047439838076283
20.077028931531697
20.087734754508205
20.138451282396364
20.15567885887863
20.189249639732896
20.239492764629162
20.267344271099052
20.276519966964138
20.315945620872334
20.352587355582152
20.424986355952534
20.455545219346078
20.48941833575588
20.55526545138664
20.56882106584917
20.580092288747075
20.623029588618916
20.663671676460815
20.718375304653073
20.742429260807704
20.772187654463032
20.80593117513137
20.82970759401939
20.853233097520615
20.897486857054147
20.920077014499057
20.958139490853156
20.963435004861513
21.00751687252085
21.035082508628964
21.08491074259459
21.160594358167952
21.174977342082403
21.226133971220353
21.231709415227392
21.286653992572397
21.33336165190424
21.34358606564554
21.415582043007205
21.450300076164375
21.468189426277377
21.47664841210418
21.545681623283482
21.56453686021406
21.63740133470786
21.6617169508158
21.69164884055904
21.740282861314544
21.780538180659942
21.799126529926678
21.83639408369729
21.88152852035772
21.913254394022005
21.92955648659221
21.97915357909149
21.995035422494038
22.045457509090163
22.09748970927339
22.123543845618745
22.1616431228653
22.200933668396242
22.22435875599386
22.234258978200785
22.280164501426135
22.32925041007325
22.399418287624222
22.4189652093208
22.450169160386707
22.485797791773933
22.54059861886177
22.576312046333445
22.592418467979417
22.63254466038619
22.66187197983681
22.689797456252006
22.738863459718893
22.78368499111318
22.807470047891808
22.861125533050252
22.894933518011566
22.92057168773482
22.945336451742016
22.990522158407355
23.034536103804992
23.061230907097016
23.083863459320693
23.10862402790886
23.14375608677446
23.204145112659408
23.2483861099719
23.259471107856292
23.310874727574493
23.358924082050116
23.41141083926502
23.42198499095456
23.442938219322304
23.493577852956694
23.499456776769712
23.54253449129243
23.564185605140537
23.630962432042672
23.670536007341017
23.69709608247167
23.703827315048922
23.763346411224816
23.784550380513654
23.835349358092348
23.85844076616911
23.920542192311217
23.94449810856411
23.98584088683361
24.008280210020686
24.043238525183387
24.064240781563093
24.141860879961566
24.145098656647594
24.16484904978113
24.220801332125788
24.26329780657507
24.273996562181022
24.36583938187163
24.40322318883845
24.446534377792076
24.459511471010437
24.49692644873849
24.584911148810107
24.606778946018512
24.62235403517946
24.65961871483413
24.74542569153568
24.760987380135848
24.77497265894897
24.864250365697263
24.868714503469533
24.916259785642367
24.939622030078745
24.968164431758165
25.01683486300163
25.071522029411806
25.099392604264587
25.129197845511655
25.16973121797241
25.195505405963146
25.231715766936517
25.23439311746155
25.287893047259338
25.304846246403354
25.355947155294068
25.401001352571406
25.427714915766437
25.504772294671007
25.56159372976994
25.61470221445704
25.642791753027172
25.710099053658457
25.774087753599023
25.793706484071947
25.847374547850997
25.868713858198266
25.91598678261885
25.951287127754757
26.001988750397437
26.06415163990736
26.121229220988585
26.14774494573371
26.228225825708158
26.252780022303902
26.28429482633041
26.309136667325493
26.406291835834107
26.489638010704002
26.520444205742876
26.595653417433677
26.599634766757116
26.619221282120836
26.6568607561499
26.711188028377535
26.750224335196318
26.794413524534
26.84638266950236
26.897255639924424
26.952281997732445
26.969327217953303
27.014810825543467
27.0552143588204
27.11352503725835
27.166247194610527
27.239937421141907
27.343154055091308
27.377307133093463
27.429713877050023
27.46732334357598
27.503403079467617
27.564342501637306
27.581054042517476
27.63829116964912
27.699607989923752
27.777885880081946
27.827477375589602
27.862347579841728
27.89012098706647
27.953549295226775
27.98720832913569
28.007175933666506
28.078219066167748
28.130663857042244
28.17361371820018
28.231030884172927
28.25434740648064
28.33607350755232
28.340792666578444
28.470217836071406
28.501202077697844
28.561989873120407
28.61675996419376
28.658398529107487
28.682769028156958
28.761222328895084
28.810575011909993
28.876589792346664
28.924845291330993
28.98915830798518
29.075169779559175
29.10806480405699
29.151848650680762
29.185528637375935
29.243811692736728
29.272907614757266
29.365348351861687
29.393776583810205
29.496401406867903
29.565116270433077
29.589917390726402
29.63978634174809
29.727789428612468
29.846035141645533
29.863919201365185
29.9013507056813
29.970122095994007
30.078341284022546
30.122553924687296
30.177180759589696
30.24467077784697
30.36421552616796
30.446771704942208
30.656800766275403
30.71935007425611
30.76295188111597
30.866478688704785
30.977487664337495
30.98335202540925
31.076928379478666
31.1080659570582
31.109485508896654
31.228134507531546
31.276130525985604
31.317591482528968
31.46635336074784
31.56721533426355
31.706991380896085
31.747723383367674
31.93599115114144
31.981575657129685
32.02181564780662
32.149888888844465
32.60232800943287
32.67043467820338
32.68843897883221
33.03902681107946
33.096906490202066
33.24636163472308
33.50384524244604
33.56856223980209
33.621886825400935
34.060936437288674
34.11529420357038
34.512285996013446
34.801166297344686
36.187818157787795
