0.6283948023315948
0.6933146721301845
0.7622203358461059
0.849948950278153
0.8961074063167325
0.9699756988782026
1.0247076512734659
1.2439851200787855
1.264016572481105
4.6029443117975735
5.186001040874311
5.214416668039019
5.325142583834761
5.337591357561736
5.473857936805039
5.550387684927388
5.8743242092685
6.000202911060418
6.00572762722848
6.090412193467691
6.109800862544196
6.151126626952813
6.288368317398067
6.345814603340404
6.366975965726875
6.395345534587749
6.4559888807230825
6.483029682616704
6.658467254663517
6.686263581740583
6.73453521762807
6.777329307690524
6.7992444801633045
6.830275327920455
6.853628454279834
6.914746769632374
6.969519698149845
7.044577350715855
7.074628203809554
7.084058343245571
7.138824082469507
7.220158110035704
7.265112126334623
7.340629217536326
7.359338514870928
7.402240228662531
7.428255637137845
7.435162689155145
7.457361646401384
7.4712639812686215
7.531593372232189
7.6121646912761936
7.62093993831799
7.634163839178971
7.643145270713845
7.665681993298169
7.719837490032902
7.745764760148402
7.771152007686092
7.801281381524267
7.821373648274233
7.854327868488761
7.869260123271954
7.890600254383175
7.919211422681056
7.9499640226117485
8.033730014763533
8.04953219689665
8.060044774249576
8.08338184281519
8.116330825342697
8.182048612276734
8.201549929384566
8.233086597152052
8.288727083828462
8.303680350466886
8.366417531431336
8.394543387214098
8.422070063577072
8.515248675326418
8.527620036228388
8.56537994576609
8.600479897302664
8.605719673653345
8.630714152572482
8.654727100161054
8.690599881556194
8.746496507099454
8.775649861404869
8.804437386637332
8.850496184718839
8.870852280182108
8.938693052408848
8.94316863014851
8.974307945527153
9.017494535208243
9.031851875843898
9.08552270819528
9.135655481389145
9.159354750078426
9.170085091668236
9.223021341489346
9.240792422106201
9.273399304655676
9.300999525220266
9.313002664372245
9.360037564631625
9.361080475392122
9.412520249716877
9.425301179760009
9.482460584866498
9.497286964729282
9.549585582289987
9.618209324068285
9.62486482926225
9.68374298572799
9.705435006388111
9.734906099528645
9.746634936463677
9.766187669320349
9.820309239570443
9.838136095315354
9.89098529852828
9.914428216728544
9.924128041698697
9.93656561356537
9.98463926847147
9.991518791648293
10.013784063196463
10.050852280516946
10.070699352378373
10.088195230393548
10.100375127914173
10.153760462969592
10.155379660991644
10.178537057544272
10.217673815673143
10.261470053724501
10.297429027841149
10.323528817897833
10.33973538526173
10.376398672405038
10.422996741167848
10.42707140556367
10.458494293504977
10.497672068857975
10.544802345168375
10.575924094305014
10.585380966164871
10.589387096000554
10.617019309499398
10.631688927655413
10.665671598604979
10.693040563178029
10.714588235975512
10.76218365848229
10.804191224977743
10.841811153363222
10.871901407942836
10.887981707612592
10.923154099019007
10.943408018914855
11.014320515905188
11.02631156611989
11.048820441198375
11.092305443144717
11.128380421394477
11.150489825847933
11.178147272163589
11.215759182398383
11.245395004907602
11.255474398981681
11.260658310301201
11.326722022223596
11.333131113706786
11.363119064504804
11.376187956192576
11.42482963098568
11.428980965137967
11.464504555385787
11.48881890581594
11.502770053930986
11.527183313322029
11.551082316264504
11.590785964161071
11.654224514242374
11.681632358684608
11.691361034776234
11.709325775044714
11.720491042408364
11.750121821107514
11.823973101765707
11.843371143310316
11.867029608418273
11.886086241154887
11.902964902409698
11.922637085570424
11.949258067351542
11.982893617659647
12.029319645845389
12.065601128980713
12.087179493115642
12.103098421773916
12.14044260451863
12.164524655795493
12.17627533736796
12.199286113528457
12.246034383090663
12.25063257194926
12.27681087258814
12.326430094449398
12.350330324567667
12.383067883119708
12.4103953486748
12.434139588359576
12.491631630263782
12.511851831405954
12.53192870652358
12.573194241713793
12.584929578608103
12.599734056758498
12.671229905018624
12.703594013733802
12.728932145354563
12.749301592934007
12.762270344655267
12.797815911062113
12.831303685745052
12.83890854259023
12.862476319300013
12.882168856314548
12.930319740149205
12.953124260633263
12.971937566966085
13.019232321434673
13.043643842077278
13.05486915261471
13.100589251649076
13.116384035761705
13.143141271478521
13.185231631028195
13.204571943767247
13.239182294926948
13.253765440764216
13.283654805343419
13.326397731579318
13.329980970538239
13.373290777417596
13.398071532922323
13.420916787185323
13.444760596765507
13.472862542023483
13.508590708649468
13.535594108358644
13.549806181627407
13.58366910437134
13.614255625943345
13.631218591047972
13.666513937284757
13.696003981648506
13.72321902620285
13.745822994595715
13.76917593703153
13.803519541346713
13.814046151881891
13.856306726750578
13.903948105572649
13.946637594206262
13.966253399289318
14.000420163031285
14.039490226439753
14.045739937026209
14.077791672919481
14.115474629855797
14.136879549682982
14.1617455672792
14.19216597626743
14.213282040763108
14.224883461417768
14.244510049230069
14.256343561763353
14.276607043769088
14.360654163372129
14.370766721627515
14.39796531753478
14.409427625909583
14.440356628443977
14.450850446579636
14.482581908446495
14.51852882483188
14.541662011656005
14.586449863548546
14.615078699272132
14.62105883213974
14.668942339934077
14.674994314026092
14.732198688298649
14.756699940325074
14.766360656164274
14.802003025930192
14.812226872404784
14.87874889649653
14.889082642674378
14.949727605067045
14.962262054682128
14.98970095831342
15.02191360742457
15.06096928945905
15.08370198347124
15.112191102887246
15.13001172139047
15.179409683129789
15.183773486992415
15.194445517160506
15.260959938417548
15.28935816782698
15.311109514324043
15.330528280313224
15.375822414757256
15.410010950124448
15.441840838517281
15.467402194871038
15.498324044586965
15.51972445326777
15.53440480409087
15.581566622241478
15.614321501914118
15.631863989769718
15.650038962498893
15.682648351105684
15.721396356032239
15.731688146128235
15.770471182301106
15.790701200645106
15.850161215438371
15.863352701736797
15.884559114232488
15.905104194393155
15.950933628750333
15.961646625952113
15.988832060169782
16.009735421659048
16.050104489007683
16.05412372518043
16.102864811715293
16.124059613742062
16.18189943982355
16.21980688587878
16.232345210727722
16.258147160921908
16.271963227803884
16.292361516113548
16.31818099187245
16.37066799478918
16.37704256976066
16.441459175597526
16.470088645720434
16.49670502202401
16.516168435515137
16.57273508503342
16.601620856145722
16.639029462461533
16.667003406776644
16.66842103841262
16.765549720905206
16.783080409684977
16.821136827775682
16.849728429142463
16.8623315363508
16.890221198216132
16.93887836198727
16.972299498152104
17.002701389660537
17.059777472573288
17.080419067641518
17.149369416017638
17.16571712293515
17.183284245907558
17.186303564858544
17.250712992054407
17.280644714299704
17.308098932562984
17.320329726494695
17.400379293346596
17.427617942787002
17.47664446148455
17.496952668806156
17.54970625611594
17.59634583259468
17.616878927506107
17.671515864460495
17.68539637571529
17.69906800578938
17.74247002659717
17.757165807002902
17.800269303362743
17.86637623759189
17.877002249878007
17.906510266462277
17.9525530662269
18.01842515551363
18.04576969871477
18.072474419074393
18.124621887381725
18.130927876615253
18.190212321612726
18.211738965418448
18.24587859200838
18.26820240635607
18.283149492961755
18.348552299464746
18.374122039090842
18.436113720884457
18.450303328889948
18.50066310128693
18.517434327107686
18.543193019546248
18.588598066646803
18.633668020303844
18.65468114217738
18.705518873449602
18.73533080191675
18.768696997849457
18.848341317595168
18.86160622613111
18.870155457565744
18.928942421089925
18.96100286030287
18.998127058791837
19.051303826631546
19.099359799379187
19.10360575519047
19.164529700935926
19.203420528660523
19.266975719305467
19.337550620538693
19.36417110066955
19.41930588480427
19.499769040188507
19.53843757688525
19.59876139645604
19.611934887768683
19.66859147699545
19.692026635860767
19.751269127859338
19.7740831540648
19.795579571986753
19.847564627295018
19.85334552789523
19.958659078332957
19.99583481568292
20.06145347939797
20.134294486252664
20.164096294673
20.2283302142686
20.30261653441405
20.361816414249976
20.421865365437313
20.52371613694324
20.603916123379648
20.68834511348538
20.737276528709035
20.79508928108623
20.9126596699607
20.925219570541554
20.956789725721446
21.019003083501367
21.104746067711908
21.17199462684565
21.200136242630688
21.20404235496794
21.306288505649345
21.363213283889188
21.444579874420036
21.448328057668395
21.52282756571269
21.550070901691416
21.648183482009525
21.670584852490833
21.847767946929903
21.86276695409013
21.924860574327674
22.077872943561445
22.11346076518727
22.314280784049956
22.35223962301238
22.381327332927913
22.48401935033338
22.742088345685882
22.784186304770557
23.013525237699195
23.152169208223555
23.39752941581194
23.57466924293783
23.676078670380612
23.810068049020362
24.562181587220287
24.961246473507284
25.557646261296345
0.6283948023315948
0.6933146721301845
0.7622203358461059
0.849948950278153
0.8961074063167325
0.9699756988782026
1.0247076512734659
1.2439851200787855
1.264016572481105
4.6029443117975735
5.186001040874311
5.214416668039019
5.325142583834761
5.337591357561736
5.473857936805039
5.550387684927388
5.8743242092685
6.000202911060418
6.00572762722848
6.090412193467691
6.109800862544196
6.151126626952813
6.288368317398067
6.345814603340404
6.366975965726875
6.395345534587749
6.4559888807230825
6.483029682616704
6.658467254663517
6.686263581740583
6.73453521762807
6.777329307690524
6.7992444801633045
6.830275327920455
6.853628454279834
6.914746769632374
6.969519698149845
7.044577350715855
7.074628203809554
7.084058343245571
7.138824082469507
7.220158110035704
7.265112126334623
7.340629217536326
7.359338514870928
7.402240228662531
7.428255637137845
7.435162689155145
7.457361646401384
7.4712639812686215
7.531593372232189
7.6121646912761936
7.62093993831799
7.634163839178971
7.643145270713845
7.665681993298169
7.719837490032902
7.745764760148402
7.771152007686092
7.801281381524267
7.821373648274233
7.854327868488761
7.869260123271954
7.890600254383175
7.919211422681056
7.9499640226117485
8.033730014763533
8.04953219689665
8.060044774249576
8.08338184281519
8.116330825342697
8.182048612276734
8.201549929384566
8.233086597152052
8.288727083828462
8.303680350466886
8.366417531431336
8.394543387214098
8.422070063577072
8.515248675326418
8.527620036228388
8.56537994576609
8.600479897302664
8.605719673653345
8.630714152572482
8.654727100161054
8.690599881556194
8.746496507099454
8.775649861404869
8.804437386637332
8.850496184718839
8.870852280182108
8.938693052408848
8.94316863014851
8.974307945527153
9.017494535208243
9.031851875843898
9.08552270819528
9.135655481389145
9.159354750078426
9.170085091668236
9.223021341489346
9.240792422106201
9.273399304655676
9.300999525220266
9.313002664372245
9.360037564631625
9.361080475392122
9.412520249716877
9.425301179760009
9.482460584866498
9.497286964729282
9.549585582289987
9.618209324068285
9.62486482926225
9.68374298572799
9.705435006388111
9.734906099528645
9.746634936463677
9.766187669320349
9.820309239570443
9.838136095315354
9.89098529852828
9.914428216728544
9.924128041698697
9.93656561356537
9.98463926847147
9.991518791648293
10.013784063196463
10.050852280516946
10.070699352378373
10.088195230393548
10.100375127914173
10.153760462969592
10.155379660991644
10.178537057544272
10.217673815673143
10.261470053724501
10.297429027841149
10.323528817897833
10.33973538526173
10.376398672405038
10.422996741167848
10.42707140556367
10.458494293504977
10.497672068857975
10.544802345168375
10.575924094305014
10.585380966164871
10.589387096000554
10.617019309499398
10.631688927655413
10.665671598604979
10.693040563178029
10.714588235975512
10.76218365848229
10.804191224977743
10.841811153363222
10.871901407942836
10.887981707612592
10.923154099019007
10.943408018914855
11.014320515905188
11.02631156611989
11.048820441198375
11.092305443144717
11.128380421394477
11.150489825847933
11.178147272163589
11.215759182398383
11.245395004907602
11.255474398981681
11.260658310301201
11.326722022223596
11.333131113706786
11.363119064504804
11.376187956192576
11.42482963098568
11.428980965137967
11.464504555385787
11.48881890581594
11.502770053930986
11.527183313322029
11.551082316264504
11.590785964161071
11.654224514242374
11.681632358684608
11.691361034776234
11.709325775044714
11.720491042408364
11.750121821107514
11.823973101765707
11.843371143310316
11.867029608418273
11.886086241154887
11.902964902409698
11.922637085570424
11.949258067351542
11.982893617659647
12.029319645845389
12.065601128980713
12.087179493115642
12.103098421773916
12.14044260451863
12.164524655795493
12.17627533736796
12.199286113528457
12.246034383090663
12.25063257194926
12.27681087258814
12.326430094449398
12.350330324567667
12.383067883119708
12.4103953486748
12.434139588359576
12.491631630263782
12.511851831405954
12.53192870652358
12.573194241713793
12.584929578608103
12.599734056758498
12.671229905018624
12.703594013733802
12.728932145354563
12.749301592934007
12.762270344655267
12.797815911062113
12.831303685745052
12.83890854259023
12.862476319300013
12.882168856314548
12.930319740149205
12.953124260633263
12.971937566966085
13.019232321434673
13.043643842077278
13.05486915261471
13.100589251649076
13.116384035761705
13.143141271478521
13.185231631028195
13.204571943767247
13.239182294926948
13.253765440764216
13.283654805343419
13.326397731579318
13.329980970538239
13.373290777417596
13.398071532922323
13.420916787185323
13.444760596765507
13.472862542023483
13.508590708649468
13.535594108358644
13.549806181627407
13.58366910437134
13.614255625943345
13.631218591047972
13.666513937284757
13.696003981648506
13.72321902620285
13.745822994595715
13.76917593703153
13.803519541346713
13.814046151881891
13.856306726750578
13.903948105572649
13.946637594206262
13.966253399289318
14.000420163031285
14.039490226439753
14.045739937026209
14.077791672919481
14.115474629855797
14.136879549682982
14.1617455672792
14.19216597626743
14.213282040763108
14.224883461417768
14.244510049230069
14.256343561763353
14.276607043769088
14.360654163372129
14.370766721627515
14.39796531753478
14.409427625909583
14.440356628443977
14.450850446579636
14.482581908446495
14.51852882483188
14.541662011656005
14.586449863548546
14.615078699272132
14.62105883213974
14.668942339934077
14.674994314026092
14.732198688298649
14.756699940325074
14.766360656164274
14.802003025930192
14.812226872404784
14.87874889649653
14.889082642674378
14.949727605067045
14.962262054682128
14.98970095831342
15.02191360742457
15.06096928945905
15.08370198347124
15.112191102887246
15.13001172139047
15.179409683129789
15.183773486992415
15.194445517160506
15.260959938417548
15.28935816782698
15.311109514324043
15.330528280313224
15.375822414757256
15.410010950124448
15.441840838517281
15.467402194871038
15.498324044586965
15.51972445326777
15.53440480409087
15.581566622241478
15.614321501914118
15.631863989769718
15.650038962498893
15.682648351105684
15.721396356032239
15.731688146128235
15.770471182301106
15.790701200645106
15.850161215438371
15.863352701736797
15.884559114232488
15.905104194393155
15.950933628750333
15.961646625952113
15.988832060169782
16.009735421659048
16.050104489007683
16.05412372518043
16.102864811715293
16.124059613742062
16.18189943982355
16.21980688587878
16.232345210727722
16.258147160921908
16.271963227803884
16.292361516113548
16.31818099187245
16.37066799478918
16.37704256976066
16.441459175597526
16.470088645720434
16.49670502202401
16.516168435515137
16.57273508503342
16.601620856145722
16.639029462461533
16.667003406776644
16.66842103841262
16.765549720905206
16.783080409684977
16.821136827775682
16.849728429142463
16.8623315363508
16.890221198216132
16.93887836198727
16.972299498152104
17.002701389660537
17.059777472573288
17.080419067641518
17.149369416017638
17.16571712293515
17.183284245907558
17.186303564858544
17.250712992054407
17.280644714299704
17.308098932562984
17.320329726494695
17.400379293346596
17.427617942787002
17.47664446148455
17.496952668806156
17.54970625611594
17.59634583259468
17.616878927506107
17.671515864460495
17.68539637571529
17.69906800578938
17.74247002659717
17.757165807002902
17.800269303362743
17.86637623759189
17.877002249878007
17.906510266462277
17.9525530662269
18.01842515551363
18.04576969871477
18.072474419074393
18.124621887381725
18.130927876615253
18.190212321612726
18.211738965418448
18.24587859200838
18.26820240635607
18.283149492961755
18.348552299464746
18.374122039090842
18.436113720884457
18.450303328889948
18.50066310128693
18.517434327107686
18.543193019546248
18.588598066646803
18.633668020303844
18.65468114217738
18.705518873449602
18.73533080191675
18.768696997849457
18.848341317595168
18.86160622613111
18.870155457565744
18.928942421089925
18.96100286030287
18.998127058791837
19.051303826631546
19.099359799379187
19.10360575519047
19.164529700935926
19.203420528660523
19.266975719305467
19.337550620538693
19.36417110066955
19.41930588480427
19.499769040188507
19.53843757688525
19.59876139645604
19.611934887768683
19.66859147699545
19.692026635860767
19.751269127859338
19.7740831540648
19.795579571986753
19.847564627295018
19.85334552789523
19.958659078332957
19.99583481568292
20.06145347939797
20.134294486252664
20.164096294673
20.2283302142686
20.30261653441405
20.361816414249976
20.421865365437313
20.52371613694324
20.603916123379648
20.68834511348538
20.737276528709035
20.79508928108623
20.9126596699607
20.925219570541554
20.956789725721446
21.019003083501367
21.104746067711908
21.17199462684565
21.200136242630688
21.20404235496794
21.306288505649345
21.363213283889188
21.444579874420036
21.448328057668395
21.52282756571269
21.550070901691416
21.648183482009525
21.670584852490833
21.847767946929903
21.86276695409013
21.924860574327674
22.077872943561445
22.11346076518727
22.314280784049956
22.35223962301238
22.381327332927913
22.48401935033338
22.742088345685882
22.784186304770557
23.013525237699195
23.152169208223555
23.39752941581194
23.57466924293783
23.676078670380612
23.810068049020362
24.562181587220287
24.961246473507284
25.557646261296345
