0.7390856700905174
0.799775629796426
0.8320534963763541
0.9371532878684824
1.0563090382190012
8.98778190183497
9.892191159679559
10.118083632965988
10.133965751947079
10.551722224823825
10.848894449318456
11.11678978430678
11.182626720990779
11.382422381377575
11.537729381707159
11.758846095851473
11.821160963812913
11.863038330192138
11.964590148337699
12.091291557925574
12.259979207668012
12.327477579154028
12.345070115438164
12.441534430563921
12.508341752807842
12.593180987179732
12.689062755677384
12.715242467561946
12.740192542508387
12.85085052422183
12.953641978204399
12.97257257881507
13.023089385951296
13.064181470207593
13.163961445586812
13.215907463135325
13.23698629177628
13.28518570310299
13.35830274519245
13.378225430216059
13.47490187136839
13.494999074560445
13.540473842096667
13.578413639517455
13.617766291360756
13.666852270403401
13.684472406989425
13.715068484860195
13.824629096005992
13.895552017605699
13.94594731461975
13.95559939912448
14.040861132115186
14.090563240817506
14.139556616376504
14.184998580457224
14.22722753375765
14.284047847789873
14.310219035562872
14.36802157844745
14.443051293923359
14.491039700635467
14.50469014684843
14.54158241300738
14.641600667418576
14.678528599074156
14.699537949985979
14.747690589506988
14.77041535697
14.827087552343391
14.847753991492802
14.912501379439327
14.940210834297924
14.985378875018556
15.046531932642111
15.078758065167959
15.115687325388341
15.135924245468688
15.225199443159157
15.2536252071508
15.296762532570241
15.318942366209082
15.372803017029172
15.395602451168015
15.436259612353611
15.482212502258827
15.53549209378334
15.542921410750058
15.643796665142217
15.70310028581961
15.71954326516335
15.725176360288355
15.771346873655157
15.836815741198825
15.92363008985141
15.961418785612649
15.989440521145825
16.027865209343272
16.042672892287303
16.08827302582453
16.13507391621498
16.152560073538037
16.17193495137251
16.22109504954807
16.26636700278524
16.309601256012705
16.343854771734666
16.371509406802875
16.402742361017268
16.44540954098335
16.482751982127752
16.503639842742796
16.5584017688289
16.591712719495124
16.625201505904688
16.660544222722137
16.706811808973885
16.755760293270082
16.795343493553037
16.810421893278132
16.85510177194392
16.901198540139138
16.946375860384858
16.980647661174146
17.0004895025608
17.019189620056203
17.054676037488935
17.1049612593931
17.120054242078403
17.138163527620055
17.19465760216124
17.208760404267935
17.283109807930657
17.286269084183346
17.335283394321173
17.34918828527429
17.396231817656695
17.453061724313695
17.483840094368706
17.498784298339903
17.557376508819594
17.578448565335762
17.62830992697064
17.63489219810892
17.658308004301965
17.742894904535984
17.780179234703464
17.81841706101335
17.85894785703511
17.92009874161668
17.94781215100611
17.994826121750545
18.011500989128344
18.021984475248928
18.09465939269887
18.106889778785444
18.129925174979395
18.16818833203712
18.195744469455352
18.236826045135942
18.277648503098774
18.288474042901477
18.318671787859397
18.359197978913905
18.385836460563382
18.45320939158531
18.476576941811295
18.488014969565263
18.51722762982146
18.57999062111331
18.62744947747419
18.640587443046346
18.67357321411343
18.71097594973666
18.730797909877666
18.751775082898643
18.81180012532659
18.845204257885737
18.86229830510682
18.8761211570676
18.955369573366944
18.97304433359499
18.99954362686903
19.043629834842715
19.08225721496289
19.100890071954357
19.149544814471753
19.180603685831016
19.198353908682662
19.22012955547125
19.264823109888216
19.309216333555238
19.311885577917717
19.35346329368726
19.395508295502694
19.431457485089556
19.43649281299689
19.466071044463256
19.490852673778463
19.525796609403137
19.56740883161891
19.60538615727877
19.650975041141617
19.683510272873523
19.709058110966417
19.7299191572014
19.784441829792613
19.820224682058328
19.82356566765492
19.86568659790698
19.906578053064518
19.908384808836296
19.98128826808041
20.01252602437483
20.040272821191348
20.098472541234077
20.123182945869576
20.15015227563935
20.196264994207528
20.2238881786692
20.227108219728233
20.27872882035395
20.300006840012585
20.33048316770765
20.341946934965907
20.391559175939822
20.47271382871455
20.48701663262238
20.551137276269387
20.575385092950075
20.6187567928213
20.646700346160124
20.667067758166443
20.69942417644778
20.733811524206047
20.765811457595422
20.802942092524887
20.824619821679928
20.887922819714124
20.90329742549249
20.94345014912695
21.002342587335868
21.025064206539064
21.05132312281237
21.104363093675293
21.127277145702866
21.16119769464804
21.17534348467803
21.26026813550734
21.266550087053883
21.299615702581544
21.350957566466562
21.394900817240853
21.431726915237295
21.436372661349335
21.48619081840634
21.507316221885514
21.553260037529277
21.571531508532768
21.602322921890735
21.628737163215106
21.673580785270058
21.72515473217663
21.7570860466574
21.773845728739918
21.80222999602694
21.808912704882538
21.86858429968766
21.905509852332802
21.93191676789442
21.941900678674262
21.999765110962628
22.026253575112523
22.103128660443744
22.106643547802125
22.15445593271796
22.22031928070509
22.270332380809798
22.30923307273637
22.327996063150746
22.356813811395064
22.39860643265697
22.43208555436565
22.456358279998142
22.491713967783387
22.54537781678975
22.573000432024454
22.580162212535196
22.60696384186176
22.630301404988536
22.686663763326898
22.694844043570523
22.781228202086314
22.803960386654975
22.87388178977906
22.907085845959138
22.946655847679757
22.961380084077575
22.974846165424836
23.00708269294902
23.056608575981382
23.119391954487554
23.15788509667867
23.188128170782374
23.211066783597715
23.246407394795458
23.307221032134613
23.347474621534523
23.382228281374204
23.427695304879236
23.454491184659023
23.489340376718566
23.530328954516545
23.57897077206647
23.620820878969077
23.637606766727114
23.724061313587463
23.738497129032865
23.807187251517778
23.839902365153993
23.856808412158447
23.946407959595017
23.963769901943138
23.99950619564409
24.025865799772653
24.052481102283362
24.10955370714351
24.139486332233073
24.16978056379069
24.184065475718686
24.23298919315919
24.268601437561628
24.355829199909437
24.38559393615193
24.43193095014368
24.447588489490425
24.495295772022196
24.527621349225
24.558831691107336
24.585710345009275
24.622338497162172
24.631759740454836
24.677364417110535
24.71405086945751
24.75321487780699
24.7789914492971
24.79867963423267
24.8357899395462
24.890297832289615
24.900896171447187
24.954056605683945
24.994928324125794
25.039519411617132
25.060476799787597
25.09759179391434
25.131884902819827
25.152221183626324
25.185781106991488
25.213028928377586
25.29566048656038
25.33012821094044
25.361929041114735
25.458788864919725
25.49397863497879
25.519207511164
25.590096996536392
25.59720984142506
25.708598315515857
25.72187343412752
25.76978018380548
25.85174792339001
25.856828711722063
25.904938964076077
25.967710842169506
26.000364448792084
26.02989826825435
26.074392655182237
26.104425915296453
26.126747218568795
26.19788259993151
26.224036440666737
26.25899135162141
26.28661029648723
26.32608248570025
26.35194516118309
26.39331668747509
26.432204697130803
26.487381035704573
26.512384104369144
26.518468545272018
26.551472609599482
26.615300144158642
26.69975398042798
26.740701385053022
26.78241625331435
26.83363524926515
26.872486907854285
26.92536357614993
26.942808654355705
27.007754175281132
27.040089798734208
27.052228518066528
27.111190355694223
27.159733051778918
27.2130571072068
27.245190865092855
27.278744346690562
27.358863044693653
27.38344122998464
27.439646924628413
27.468935836418034
27.538946359484257
27.585970996295437
27.64387900194637
27.678020967629013
27.697750026574536
27.776416837743525
27.792087319178567
27.860365412984464
27.9331434800089
27.98857677749396
28.092111653419675
28.09453431407846
28.185688894437103
28.243523302106354
28.265816033426752
28.337817052309425
28.407477222510952
28.432066256974327
28.51921551971635
28.557014027658763
28.632488303237956
28.643101308803637
28.67598539071447
28.772632224034947
28.859543627867808
28.86575088710958
28.922428232119305
28.98166422994948
29.026854793185873
29.0781680690014
29.121308310943704
29.142630479066938
29.20813573893923
29.27039074933095
29.311709689087497
29.382306674372238
29.404460187718797
29.431949788284257
29.588105839468493
29.661047458018288
29.706860518733023
29.770332198404148
29.85877158117324
29.890977981120614
29.95690517770272
29.979975707693555
30.062113112800784
30.172570003672
30.26912939687173
30.28907823676288
30.322934400684677
30.356964873968444
30.46305812736939
30.562734410212425
30.606406785216517
30.649225025450338
30.774867113021596
30.917083521183653
31.025173906556795
31.12621422077368
31.28582155750957
31.349732549873696
31.431555550733442
31.490428344640883
31.515540334792934
31.69393745097251
31.73609768843655
31.784444323469845
31.884575837750535
31.950773887726363
32.03955253203163
32.06543236224467
32.098887291105804
32.23686781163911
32.31493607432386
32.64864688022464
32.754589038455926
32.937733963128515
32.973198840545315
33.216290178842925
33.41094025476953
33.95570777357771
34.314367750481736
34.36741141215162
34.43952501002831
35.190037221139846
35.26402117542268
35.52963903004678
0.7390856700905174
0.799775629796426
0.8320534963763541
0.9371532878684824
1.0563090382190012
8.98778190183497
9.892191159679559
10.118083632965988
10.133965751947079
10.551722224823825
10.848894449318456
11.11678978430678
11.182626720990779
11.382422381377575
11.537729381707159
11.758846095851473
11.821160963812913
11.863038330192138
11.964590148337699
12.091291557925574
12.259979207668012
12.327477579154028
12.345070115438164
12.441534430563921
12.508341752807842
12.593180987179732
12.689062755677384
12.715242467561946
12.740192542508387
12.85085052422183
12.953641978204399
12.97257257881507
13.023089385951296
13.064181470207593
13.163961445586812
13.215907463135325
13.23698629177628
13.28518570310299
13.35830274519245
13.378225430216059
13.47490187136839
13.494999074560445
13.540473842096667
13.578413639517455
13.617766291360756
13.666852270403401
13.684472406989425
13.715068484860195
13.824629096005992
13.895552017605699
13.94594731461975
13.95559939912448
14.040861132115186
14.090563240817506
14.139556616376504
14.184998580457224
14.22722753375765
14.284047847789873
14.310219035562872
14.36802157844745
14.443051293923359
14.491039700635467
14.50469014684843
14.54158241300738
14.641600667418576
14.678528599074156
14.699537949985979
14.747690589506988
14.77041535697
14.827087552343391
14.847753991492802
14.912501379439327
14.940210834297924
14.985378875018556
15.046531932642111
15.078758065167959
15.115687325388341
15.135924245468688
15.225199443159157
15.2536252071508
15.296762532570241
15.318942366209082
15.372803017029172
15.395602451168015
15.436259612353611
15.482212502258827
15.53549209378334
15.542921410750058
15.643796665142217
15.70310028581961
15.71954326516335
15.725176360288355
15.771346873655157
15.836815741198825
15.92363008985141
15.961418785612649
15.989440521145825
16.027865209343272
16.042672892287303
16.08827302582453
16.13507391621498
16.152560073538037
16.17193495137251
16.22109504954807
16.26636700278524
16.309601256012705
16.343854771734666
16.371509406802875
16.402742361017268
16.44540954098335
16.482751982127752
16.503639842742796
16.5584017688289
16.591712719495124
16.625201505904688
16.660544222722137
16.706811808973885
16.755760293270082
16.795343493553037
16.810421893278132
16.85510177194392
16.901198540139138
16.946375860384858
16.980647661174146
17.0004895025608
17.019189620056203
17.054676037488935
17.1049612593931
17.120054242078403
17.138163527620055
17.19465760216124
17.208760404267935
17.283109807930657
17.286269084183346
17.335283394321173
17.34918828527429
17.396231817656695
17.453061724313695
17.483840094368706
17.498784298339903
17.557376508819594
17.578448565335762
17.62830992697064
17.63489219810892
17.658308004301965
17.742894904535984
17.780179234703464
17.81841706101335
17.85894785703511
17.92009874161668
17.94781215100611
17.994826121750545
18.011500989128344
18.021984475248928
18.09465939269887
18.106889778785444
18.129925174979395
18.16818833203712
18.195744469455352
18.236826045135942
18.277648503098774
18.288474042901477
18.318671787859397
18.359197978913905
18.385836460563382
18.45320939158531
18.476576941811295
18.488014969565263
18.51722762982146
18.57999062111331
18.62744947747419
18.640587443046346
18.67357321411343
18.71097594973666
18.730797909877666
18.751775082898643
18.81180012532659
18.845204257885737
18.86229830510682
18.8761211570676
18.955369573366944
18.97304433359499
18.99954362686903
19.043629834842715
19.08225721496289
19.100890071954357
19.149544814471753
19.180603685831016
19.198353908682662
19.22012955547125
19.264823109888216
19.309216333555238
19.311885577917717
19.35346329368726
19.395508295502694
19.431457485089556
19.43649281299689
19.466071044463256
19.490852673778463
19.525796609403137
19.56740883161891
19.60538615727877
19.650975041141617
19.683510272873523
19.709058110966417
19.7299191572014
19.784441829792613
19.820224682058328
19.82356566765492
19.86568659790698
19.906578053064518
19.908384808836296
19.98128826808041
20.01252602437483
20.040272821191348
20.098472541234077
20.123182945869576
20.15015227563935
20.196264994207528
20.2238881786692
20.227108219728233
20.27872882035395
20.300006840012585
20.33048316770765
20.341946934965907
20.391559175939822
20.47271382871455
20.48701663262238
20.551137276269387
20.575385092950075
20.6187567928213
20.646700346160124
20.667067758166443
20.69942417644778
20.733811524206047
20.765811457595422
20.802942092524887
20.824619821679928
20.887922819714124
20.90329742549249
20.94345014912695
21.002342587335868
21.025064206539064
21.05132312281237
21.104363093675293
21.127277145702866
21.16119769464804
21.17534348467803
21.26026813550734
21.266550087053883
21.299615702581544
21.350957566466562
21.394900817240853
21.431726915237295
21.436372661349335
21.48619081840634
21.507316221885514
21.553260037529277
21.571531508532768
21.602322921890735
21.628737163215106
21.673580785270058
21.72515473217663
21.7570860466574
21.773845728739918
21.80222999602694
21.808912704882538
21.86858429968766
21.905509852332802
21.93191676789442
21.941900678674262
21.999765110962628
22.026253575112523
22.103128660443744
22.106643547802125
22.15445593271796
22.22031928070509
22.270332380809798
22.30923307273637
22.327996063150746
22.356813811395064
22.39860643265697
22.43208555436565
22.456358279998142
22.491713967783387
22.54537781678975
22.573000432024454
22.580162212535196
22.60696384186176
22.630301404988536
22.686663763326898
22.694844043570523
22.781228202086314
22.803960386654975
22.87388178977906
22.907085845959138
22.946655847679757
22.961380084077575
22.974846165424836
23.00708269294902
23.056608575981382
23.119391954487554
23.15788509667867
23.188128170782374
23.211066783597715
23.246407394795458
23.307221032134613
23.347474621534523
23.382228281374204
23.427695304879236
23.454491184659023
23.489340376718566
23.530328954516545
23.57897077206647
23.620820878969077
23.637606766727114
23.724061313587463
23.738497129032865
23.807187251517778
23.839902365153993
23.856808412158447
23.946407959595017
23.963769901943138
23.99950619564409
24.025865799772653
24.052481102283362
24.10955370714351
24.139486332233073
24.16978056379069
24.184065475718686
24.23298919315919
24.268601437561628
24.355829199909437
24.38559393615193
24.43193095014368
24.447588489490425
24.495295772022196
24.527621349225
24.558831691107336
24.585710345009275
24.622338497162172
24.631759740454836
24.677364417110535
24.71405086945751
24.75321487780699
24.7789914492971
24.79867963423267
24.8357899395462
24.890297832289615
24.900896171447187
24.954056605683945
24.994928324125794
25.039519411617132
25.060476799787597
25.09759179391434
25.131884902819827
25.152221183626324
25.185781106991488
25.213028928377586
25.29566048656038
25.33012821094044
25.361929041114735
25.458788864919725
25.49397863497879
25.519207511164
25.590096996536392
25.59720984142506
25.708598315515857
25.72187343412752
25.76978018380548
25.85174792339001
25.856828711722063
25.904938964076077
25.967710842169506
26.000364448792084
26.02989826825435
26.074392655182237
26.104425915296453
26.126747218568795
26.19788259993151
26.224036440666737
26.25899135162141
26.28661029648723
26.32608248570025
26.35194516118309
26.39331668747509
26.432204697130803
26.487381035704573
26.512384104369144
26.518468545272018
26.551472609599482
26.615300144158642
26.69975398042798
26.740701385053022
26.78241625331435
26.83363524926515
26.872486907854285
26.92536357614993
26.942808654355705
27.007754175281132
27.040089798734208
27.052228518066528
27.111190355694223
27.159733051778918
27.2130571072068
27.245190865092855
27.278744346690562
27.358863044693653
27.38344122998464
27.439646924628413
27.468935836418034
27.538946359484257
27.585970996295437
27.64387900194637
27.678020967629013
27.697750026574536
27.776416837743525
27.792087319178567
27.860365412984464
27.9331434800089
27.98857677749396
28.092111653419675
28.09453431407846
28.185688894437103
28.243523302106354
28.265816033426752
28.337817052309425
28.407477222510952
28.432066256974327
28.51921551971635
28.557014027658763
28.632488303237956
28.643101308803637
28.67598539071447
28.772632224034947
28.859543627867808
28.86575088710958
28.922428232119305
28.98166422994948
29.026854793185873
29.0781680690014
29.121308310943704
29.142630479066938
29.20813573893923
29.27039074933095
29.311709689087497
29.382306674372238
29.404460187718797
29.431949788284257
29.588105839468493
29.661047458018288
29.706860518733023
29.770332198404148
29.85877158117324
29.890977981120614
29.95690517770272
29.979975707693555
30.062113112800784
30.172570003672
30.26912939687173
30.28907823676288
30.322934400684677
30.356964873968444
30.46305812736939
30.562734410212425
30.606406785216517
30.649225025450338
30.774867113021596
30.917083521183653
31.025173906556795
31.12621422077368
31.28582155750957
31.349732549873696
31.431555550733442
31.490428344640883
31.515540334792934
31.69393745097251
31.73609768843655
31.784444323469845
31.884575837750535
31.950773887726363
32.03955253203163
32.06543236224467
32.098887291105804
32.23686781163911
32.31493607432386
32.64864688022464
32.754589038455926
32.937733963128515
32.973198840545315
33.216290178842925
33.41094025476953
33.95570777357771
34.314367750481736
34.36741141215162
34.43952501002831
35.190037221139846
35.26402117542268
35.52963903004678
