0.6357386027071483
0.6603043811728372
0.7254217376918783
0.7370730835792126
0.8352331104864938
0.9071030012884197
0.9165519207327847
1.0103365033420635
1.0606676057243876
3.644334611700344
4.303597772599958
4.418190871967445
4.50655473178854
4.709597956893373
5.185488389904406
5.229198790742888
5.347625584139731
5.3712610611409515
5.395809369488468
5.461819961479163
5.500082564810486
5.602360761104914
5.733328987986775
5.906365331741823
5.9626502951261235
6.017608739756063
6.077686486466991
6.0980322667712725
6.126761100874404
6.16510828924925
6.1965292698819265
6.1972974468827
6.246412707216308
6.302897741834587
6.311511004620729
6.389934127390968
6.43200279398881
6.472258861097768
6.529075326296336
6.529216537794505
6.59266435459676
6.634378379515179
6.666346478926151
6.699260370115222
6.73432429226182
6.754423501011569
6.809153386919016
6.835590561829998
6.858672572557882
6.893663853412911
6.950669470105025
7.056740347525678
7.1221003820979
7.166129612608073
7.1860875057676425
7.220487825403632
7.307650063610131
7.324564078095553
7.362884178998238
7.405482005007948
7.4407478933185685
7.453846243719914
7.494126893050371
7.530766833567231
7.5377960178672465
7.556162671515685
7.576884892433304
7.60154142821637
7.640121817378121
7.686980376216961
7.702666121648441
7.734852820365188
7.760838509275413
7.793824235014737
7.838880753378117
7.859477160563712
7.889219173683934
7.913169811892091
7.9197855223507245
7.987391751100269
8.010634041209089
8.017761309451483
8.049030061666583
8.10796458991745
8.118672057855989
8.133736751391153
8.18377327061529
8.205995740053964
8.244423641678877
8.25537742009079
8.301926873772487
8.316522578883697
8.338405279801847
8.358172224694696
8.413347843395075
8.42104179412743
8.480314531492082
8.489886968043258
8.530754962066672
8.545704418429807
8.560718248828197
8.599448029301291
8.614467852099068
8.645742750034634
8.69877606181734
8.714750134251675
8.72617450188534
8.782443070645504
8.797881917791276
8.850771670511108
8.854735675938755
8.90522224493782
8.921070345009364
8.937442277013073
8.95169326650913
8.994704065001391
9.02331775105711
9.054354142422186
9.083713371193703
9.096740478831139
9.143265025397296
9.174818376765232
9.208845354017662
9.230145080239254
9.254531715367586
9.27340776626748
9.312493524440578
9.351368649328052
9.3628638563013
9.390653957904542
9.447301794260092
9.480779002741448
9.510294017454338
9.517525442318389
9.543216367484447
9.562621775881576
9.582333333484298
9.596475515394706
9.631495466449909
9.673713821490228
9.681751234825224
9.73293313065241
9.771612064085382
9.860700798451688
9.878193687226583
9.893315213233095
9.914934983399595
9.938847285927022
9.978552224818085
9.99490765344006
10.016731683116197
10.050922604787857
10.061704621186623
10.075278048320968
10.100512281026298
10.138974151653592
10.155319275070658
10.175987132188286
10.23215804941937
10.237820715379291
10.286181246361576
10.299927319709901
10.320227424054876
10.33313243801012
10.354624162540818
10.4073561472465
10.453947132131493
10.46339330645906
10.494264753258749
10.516740622732858
10.552375653730072
10.5703581789321
10.581413081691815
10.606478968304781
10.612933141555702
10.671872705279469
10.706578099573846
10.724499740083008
10.737118893984142
10.784852356405157
10.801211911869753
10.831551127161024
10.845066497501202
10.891270190938522
10.899866842220632
10.951708434619738
10.958909105117618
10.968902156943598
11.017448353077969
11.07936680429678
11.091347184474445
11.132359148040731
11.18135530926214
11.202096206799606
11.21687127549772
11.268074534390086
11.298697861321774
11.32647848807531
11.35380118324497
11.395216300908787
11.4106614403575
11.486703152703383
11.517594442710296
11.528175171186207
11.556566847028844
11.580120520576648
11.60916370101432
11.625716785086677
11.651342155031422
11.667363493380805
11.692053841591465
11.707708708754787
11.750775741894282
11.774114818730402
11.804294512968157
11.846071629641282
11.858203363003584
11.901184907499127
11.924123512940682
11.951963555510895
11.965196550907065
11.98498596676808
12.035848516017465
12.066017958398115
12.084899037170674
12.101213038048552
12.136171709844398
12.156194848838815
12.159142106303985
12.18624772721118
12.240144833626399
12.29129977718704
12.323141737162755
12.368795415606243
12.381594410497833
12.392110867734306
12.407783744531734
12.477402493365798
12.486740997060611
12.52042347888297
12.582870453392434
12.596500903420838
12.636968311325933
12.652350079351768
12.676987909224993
12.713775869872036
12.719819370942442
12.728806443770079
12.772796070454682
12.819934105562897
12.821465105701128
12.86949634156493
12.87881099272645
12.928383786894809
12.94275867087165
12.957799237312582
12.974953523385027
13.052803411317184
13.080378635068241
13.089529114911215
13.149885378132174
13.161451897023182
13.178659172280819
13.206795710754177
13.234685478075479
13.242542963436675
13.250331433937326
13.30857384348059
13.326329033506353
13.343798469679728
13.3870257724731
13.414330604173495
13.43975851164336
13.461590965681898
13.470867704173058
13.525101406492753
13.54553014253272
13.572033985257228
13.612337047468772
13.621188509114619
13.623814499632838
13.670221467680825
13.687865603836443
13.725369814275824
13.744267512849394
13.768637677064385
13.80214395379598
13.854628973183107
13.876915222838777
13.885693815670473
13.941467160764386
13.946504860793699
13.973246206787232
14.03632220316566
14.051600757264753
14.060515094615447
14.102321086798131
14.109071839259192
14.136706086199196
14.179540038999722
14.21229141740245
14.235636137073259
14.256820140061082
14.271363252070758
14.278805674266893
14.342954762565647
14.356658006393776
14.420961210086562
14.458621836618915
14.476051662325789
14.488716837043224
14.555306721693519
14.583117183123644
14.603174047364956
14.62069005309281
14.65098249001206
14.677178984897285
14.716623949804509
14.743692980575316
14.774379007522283
14.803126873690466
14.832627006661598
14.862841265854607
14.900836684189875
14.903648600971533
14.959474991373328
14.96445297498057
15.002654898622763
15.030238591146572
15.065787218050314
15.098611156608184
15.11094658709082
15.153731372463062
15.176828371264492
15.201289644135963
15.232936337126823
15.258092316207573
15.282158077293968
15.28548495688204
15.330019115124648
15.381586322423503
15.405931840165861
15.443349131152134
15.484248480272678
15.523512631936596
15.567046830690815
15.590454238352137
15.615360602551014
15.652417255879348
15.677320951746108
15.711350234719415
15.755126177355576
15.788503224212374
15.807142028759573
15.8299123715657
15.849489252067878
15.903051999670152
15.921059806510046
15.942476746191584
15.967774383540112
15.992501352829208
16.051239620949865
16.102209321920586
16.1111853861635
16.126068092873922
16.165356843865347
16.185119597565176
16.235595573026245
16.25109571476008
16.29755164168816
16.311348365824216
16.349195484868147
16.41542967213512
16.423815766125735
16.45290345039624
16.51308501686219
16.521400041031367
16.55384565241058
16.593946861601164
16.652755902640035
16.66143514550407
16.671554873065485
16.714202249125726
16.777321677217692
16.81021572066774
16.834878006475332
16.889072583646257
16.930595195813755
16.947080716595277
16.96977880612075
16.99603050805443
17.0091921136244
17.03531774094132
17.05712934490592
17.112183480149625
17.14826148302338
17.174729216620293
17.19906559325122
17.240378661652244
17.276118859354447
17.280900174063756
17.309894833433198
17.35265976730569
17.37513922014478
17.40612201744996
17.433306320132374
17.525908995830957
17.5635448319569
17.579543713443808
17.60092640030274
17.64201630099424
17.67172949421249
17.715623860524218
17.74109984184822
17.81245544508393
17.83163796376169
17.860323143802603
17.942915952268468
17.96024303414193
17.97828697682794
18.044634310715885
18.081260819210154
18.100745083833463
18.119578750499997
18.159783108620992
18.206900669291397
18.24396591431366
18.31946585945027
18.336002518081163
18.369990383484865
18.395679332972144
18.44199892412137
18.50470867376413
18.54259077215088
18.56031421327974
18.60763947137621
18.654809776413263
18.67896810991858
18.713253358890263
18.72904901058899
18.805298718694623
18.888341477230828
18.90784054160613
18.951866818330142
18.99053864350838
19.06793760817704
19.09731028591555
19.116583933982362
19.139953418596193
19.182793747291267
19.320552458176394
19.36611646400575
19.430258928785015
19.486099869148706
19.55102245138483
19.613400915542602
19.6330990513459
19.68761700303675
19.766226257587107
19.80411972154799
19.898480928529782
19.92896960171882
19.94370286862671
20.026872559929775
20.0784505566433
20.09163733019427
20.194787773009423
20.260853490609744
20.268996237876618
20.32498886072222
20.36684564097612
20.376630290007093
20.528590337791726
20.585411754142193
20.649547038700035
20.78071726877337
20.79202982415518
20.870756088389378
20.900107851770425
20.956553257752002
21.072470443395076
21.13782832069442
21.20338175456716
21.232397778488675
21.30623570692479
21.391787351637564
21.547813182067152
21.643547927992007
21.660856153744177
21.732732529511182
21.854271526370002
21.88738699535714
22.018988337386446
22.061250411101064
22.29464718841688
22.44554406885866
22.51519969731022
23.3716319927481
24.07508739411989
0.6357386027071483
0.6603043811728372
0.7254217376918783
0.7370730835792126
0.8352331104864938
0.9071030012884197
0.9165519207327847
1.0103365033420635
1.0606676057243876
3.644334611700344
4.303597772599958
4.418190871967445
4.50655473178854
4.709597956893373
5.185488389904406
5.229198790742888
5.347625584139731
5.3712610611409515
5.395809369488468
5.461819961479163
5.500082564810486
5.602360761104914
5.733328987986775
5.906365331741823
5.9626502951261235
6.017608739756063
6.077686486466991
6.0980322667712725
6.126761100874404
6.16510828924925
6.1965292698819265
6.1972974468827
6.246412707216308
6.302897741834587
6.311511004620729
6.389934127390968
6.43200279398881
6.472258861097768
6.529075326296336
6.529216537794505
6.59266435459676
6.634378379515179
6.666346478926151
6.699260370115222
6.73432429226182
6.754423501011569
6.809153386919016
6.835590561829998
6.858672572557882
6.893663853412911
6.950669470105025
7.056740347525678
7.1221003820979
7.166129612608073
7.1860875057676425
7.220487825403632
7.307650063610131
7.324564078095553
7.362884178998238
7.405482005007948
7.4407478933185685
7.453846243719914
7.494126893050371
7.530766833567231
7.5377960178672465
7.556162671515685
7.576884892433304
7.60154142821637
7.640121817378121
7.686980376216961
7.702666121648441
7.734852820365188
7.760838509275413
7.793824235014737
7.838880753378117
7.859477160563712
7.889219173683934
7.913169811892091
7.9197855223507245
7.987391751100269
8.010634041209089
8.017761309451483
8.049030061666583
8.10796458991745
8.118672057855989
8.133736751391153
8.18377327061529
8.205995740053964
8.244423641678877
8.25537742009079
8.301926873772487
8.316522578883697
8.338405279801847
8.358172224694696
8.413347843395075
8.42104179412743
8.480314531492082
8.489886968043258
8.530754962066672
8.545704418429807
8.560718248828197
8.599448029301291
8.614467852099068
8.645742750034634
8.69877606181734
8.714750134251675
8.72617450188534
8.782443070645504
8.797881917791276
8.850771670511108
8.854735675938755
8.90522224493782
8.921070345009364
8.937442277013073
8.95169326650913
8.994704065001391
9.02331775105711
9.054354142422186
9.083713371193703
9.096740478831139
9.143265025397296
9.174818376765232
9.208845354017662
9.230145080239254
9.254531715367586
9.27340776626748
9.312493524440578
9.351368649328052
9.3628638563013
9.390653957904542
9.447301794260092
9.480779002741448
9.510294017454338
9.517525442318389
9.543216367484447
9.562621775881576
9.582333333484298
9.596475515394706
9.631495466449909
9.673713821490228
9.681751234825224
9.73293313065241
9.771612064085382
9.860700798451688
9.878193687226583
9.893315213233095
9.914934983399595
9.938847285927022
9.978552224818085
9.99490765344006
10.016731683116197
10.050922604787857
10.061704621186623
10.075278048320968
10.100512281026298
10.138974151653592
10.155319275070658
10.175987132188286
10.23215804941937
10.237820715379291
10.286181246361576
10.299927319709901
10.320227424054876
10.33313243801012
10.354624162540818
10.4073561472465
10.453947132131493
10.46339330645906
10.494264753258749
10.516740622732858
10.552375653730072
10.5703581789321
10.581413081691815
10.606478968304781
10.612933141555702
10.671872705279469
10.706578099573846
10.724499740083008
10.737118893984142
10.784852356405157
10.801211911869753
10.831551127161024
10.845066497501202
10.891270190938522
10.899866842220632
10.951708434619738
10.958909105117618
10.968902156943598
11.017448353077969
11.07936680429678
11.091347184474445
11.132359148040731
11.18135530926214
11.202096206799606
11.21687127549772
11.268074534390086
11.298697861321774
11.32647848807531
11.35380118324497
11.395216300908787
11.4106614403575
11.486703152703383
11.517594442710296
11.528175171186207
11.556566847028844
11.580120520576648
11.60916370101432
11.625716785086677
11.651342155031422
11.667363493380805
11.692053841591465
11.707708708754787
11.750775741894282
11.774114818730402
11.804294512968157
11.846071629641282
11.858203363003584
11.901184907499127
11.924123512940682
11.951963555510895
11.965196550907065
11.98498596676808
12.035848516017465
12.066017958398115
12.084899037170674
12.101213038048552
12.136171709844398
12.156194848838815
12.159142106303985
12.18624772721118
12.240144833626399
12.29129977718704
12.323141737162755
12.368795415606243
12.381594410497833
12.392110867734306
12.407783744531734
12.477402493365798
12.486740997060611
12.52042347888297
12.582870453392434
12.596500903420838
12.636968311325933
12.652350079351768
12.676987909224993
12.713775869872036
12.719819370942442
12.728806443770079
12.772796070454682
12.819934105562897
12.821465105701128
12.86949634156493
12.87881099272645
12.928383786894809
12.94275867087165
12.957799237312582
12.974953523385027
13.052803411317184
13.080378635068241
13.089529114911215
13.149885378132174
13.161451897023182
13.178659172280819
13.206795710754177
13.234685478075479
13.242542963436675
13.250331433937326
13.30857384348059
13.326329033506353
13.343798469679728
13.3870257724731
13.414330604173495
13.43975851164336
13.461590965681898
13.470867704173058
13.525101406492753
13.54553014253272
13.572033985257228
13.612337047468772
13.621188509114619
13.623814499632838
13.670221467680825
13.687865603836443
13.725369814275824
13.744267512849394
13.768637677064385
13.80214395379598
13.854628973183107
13.876915222838777
13.885693815670473
13.941467160764386
13.946504860793699
13.973246206787232
14.03632220316566
14.051600757264753
14.060515094615447
14.102321086798131
14.109071839259192
14.136706086199196
14.179540038999722
14.21229141740245
14.235636137073259
14.256820140061082
14.271363252070758
14.278805674266893
14.342954762565647
14.356658006393776
14.420961210086562
14.458621836618915
14.476051662325789
14.488716837043224
14.555306721693519
14.583117183123644
14.603174047364956
14.62069005309281
14.65098249001206
14.677178984897285
14.716623949804509
14.743692980575316
14.774379007522283
14.803126873690466
14.832627006661598
14.862841265854607
14.900836684189875
14.903648600971533
14.959474991373328
14.96445297498057
15.002654898622763
15.030238591146572
15.065787218050314
15.098611156608184
15.11094658709082
15.153731372463062
15.176828371264492
15.201289644135963
15.232936337126823
15.258092316207573
15.282158077293968
15.28548495688204
15.330019115124648
15.381586322423503
15.405931840165861
15.443349131152134
15.484248480272678
15.523512631936596
15.567046830690815
15.590454238352137
15.615360602551014
15.652417255879348
15.677320951746108
15.711350234719415
15.755126177355576
15.788503224212374
15.807142028759573
15.8299123715657
15.849489252067878
15.903051999670152
15.921059806510046
15.942476746191584
15.967774383540112
15.992501352829208
16.051239620949865
16.102209321920586
16.1111853861635
16.126068092873922
16.165356843865347
16.185119597565176
16.235595573026245
16.25109571476008
16.29755164168816
16.311348365824216
16.349195484868147
16.41542967213512
16.423815766125735
16.45290345039624
16.51308501686219
16.521400041031367
16.55384565241058
16.593946861601164
16.652755902640035
16.66143514550407
16.671554873065485
16.714202249125726
16.777321677217692
16.81021572066774
16.834878006475332
16.889072583646257
16.930595195813755
16.947080716595277
16.96977880612075
16.99603050805443
17.0091921136244
17.03531774094132
17.05712934490592
17.112183480149625
17.14826148302338
17.174729216620293
17.19906559325122
17.240378661652244
17.276118859354447
17.280900174063756
17.309894833433198
17.35265976730569
17.37513922014478
17.40612201744996
17.433306320132374
17.525908995830957
17.5635448319569
17.579543713443808
17.60092640030274
17.64201630099424
17.67172949421249
17.715623860524218
17.74109984184822
17.81245544508393
17.83163796376169
17.860323143802603
17.942915952268468
17.96024303414193
17.97828697682794
18.044634310715885
18.081260819210154
18.100745083833463
18.119578750499997
18.159783108620992
18.206900669291397
18.24396591431366
18.31946585945027
18.336002518081163
18.369990383484865
18.395679332972144
18.44199892412137
18.50470867376413
18.54259077215088
18.56031421327974
18.60763947137621
18.654809776413263
18.67896810991858
18.713253358890263
18.72904901058899
18.805298718694623
18.888341477230828
18.90784054160613
18.951866818330142
18.99053864350838
19.06793760817704
19.09731028591555
19.116583933982362
19.139953418596193
19.182793747291267
19.320552458176394
19.36611646400575
19.430258928785015
19.486099869148706
19.55102245138483
19.613400915542602
19.6330990513459
19.68761700303675
19.766226257587107
19.80411972154799
19.898480928529782
19.92896960171882
19.94370286862671
20.026872559929775
20.0784505566433
20.09163733019427
20.194787773009423
20.260853490609744
20.268996237876618
20.32498886072222
20.36684564097612
20.376630290007093
20.528590337791726
20.585411754142193
20.649547038700035
20.78071726877337
20.79202982415518
20.870756088389378
20.900107851770425
20.956553257752002
21.072470443395076
21.13782832069442
21.20338175456716
21.232397778488675
21.30623570692479
21.391787351637564
21.547813182067152
21.643547927992007
21.660856153744177
21.732732529511182
21.854271526370002
21.88738699535714
22.018988337386446
22.061250411101064
22.29464718841688
22.44554406885866
22.51519969731022
23.3716319927481
24.07508739411989
