0.870321764204628
0.9316699112374462
0.9866259511307118
1.054544781589444
1.160159210530985
8.219721295946378
9.395110207480403
10.044793196689085
10.328642242386602
10.599048952514691
10.919899160315442
10.957021047298614
11.003931184193513
11.27345912352743
11.288744646798483
11.46059493671725
11.564244016481572
11.57881502900732
11.682024308113988
11.754339870888463
11.903588715733584
11.94931997960915
11.980076821598354
12.015055539949625
12.063596842440404
12.127445619293162
12.205860996382595
12.348915635649437
12.378264048080606
12.400440140454602
12.453049628736649
12.499039265325722
12.531245564271314
12.536092562323663
12.63039253448964
12.695204298844905
12.721566227789069
12.73625740397778
12.803924875937561
12.872792647598308
12.90172940865775
12.933228637275002
12.964065724247149
13.011220773126762
13.083659551076549
13.094166716294174
13.104308413245489
13.188017131225557
13.230959185642094
13.286000625186034
13.34996141878983
13.404365610885826
13.49376856616387
13.522639362052557
13.555062685925
13.579263100447083
13.643047073646068
13.670994895060202
13.68375919675624
13.784794560836408
13.812303372184706
13.816928321114755
14.006917345651363
14.022774399697083
14.041745206894577
14.109570926099256
14.131255321411343
14.178968807022994
14.222263601791948
14.238233902835486
14.29012409639591
14.311497260489382
14.382193524740206
14.397618049841208
14.461308945149849
14.555610540636224
14.58022845685304
14.669460737299064
14.68875929414723
14.738586196396566
14.772141969681657
14.804989294524365
14.814218262839342
14.91239640686714
14.9298172315726
14.964297115530966
14.999033709042003
15.015770786489345
15.018564728880971
15.086865203272762
15.128968532036005
15.148094734344074
15.168276191374295
15.229594374919289
15.271624707279235
15.312149115942175
15.333217262055154
15.34423470634448
15.362417969660997
15.424224353230802
15.443391424510418
15.452505735272945
15.500051839230672
15.52811707654281
15.54164402936543
15.651267500457408
15.698398178315024
15.730895416367309
15.753623176310505
15.766999706810347
15.807627481588044
15.852345121044236
15.922742666933624
15.963965555994303
16.011335793412368
16.041029756125496
16.08019354047875
16.14576360280449
16.199565912534865
16.20608485852077
16.238331916645627
16.30142650856968
16.331970472494493
16.39426602453964
16.441999872918974
16.489853408148914
16.504998940873417
16.529281910541258
16.60781334091391
16.61873064751458
16.66447841530002
16.691043239166692
16.695532332355345
16.718574968765434
16.758584429937727
16.781323259132023
16.815765811566376
16.85674546330932
16.885514482741062
16.94395972062166
16.968489943629734
17.010120471447763
17.0378067631572
17.06341401559829
17.096865742276165
17.131847827486105
17.221453118932793
17.256449408700274
17.279338043775283
17.334744314222707
17.363242386082753
17.380759773559216
17.42344724018991
17.45089944847502
17.498929287676983
17.50495913388086
17.582085237242996
17.60396462091027
17.62956606394255
17.651039164832675
17.743963816265737
17.78827087455922
17.804390593331885
17.817666710134105
17.862880860503168
17.898040018150375
17.924690047080077
17.963188050917804
17.997718650164316
18.0274418439303
18.045921179120775
18.07531721774434
18.1361761427051
18.168419658016543
18.21175720216319
18.232399384186117
18.260414056379304
18.320745980876048
18.34254947735628
18.380718990426256
18.45193901896821
18.467912225048618
18.506277670046888
18.562259880238663
18.5785987908732
18.600156060345693
18.651810657606674
18.683788069571914
18.71593269957373
18.75163115475876
18.77135462506688
18.79163006329688
18.85218858315127
18.868463961915687
18.893935439106254
18.912548247843688
18.988850588761384
19.02719787844799
19.052032139792768
19.080849448669667
19.153230153690863
19.1744225465062
19.187292141026667
19.236662682143475
19.286015873104894
19.29750720206812
19.321981892981082
19.380874287231148
19.38871584563016
19.39021598016648
19.42594465166013
19.46020554782005
19.514980497385366
19.5323667667008
19.568577594258695
19.594997895430815
19.682501469293502
19.69887430272125
19.77134790224084
19.813982715371857
19.82483651290719
19.852618312983886
19.865918305418507
19.900596189708182
19.940469764063796
19.97308292291044
19.997930245760625
20.009254881663576
20.066879669049516
20.0915152592868
20.12850376488531
20.164226344494203
20.186720276341745
20.215548049675874
20.237635643030757
20.27426549562372
20.284449462532965
20.336621669271068
20.381688523137665
20.397610618657055
20.46255811650979
20.49427943321812
20.524672232293526
20.5663200750471
20.578431933092503
20.596730219964943
20.673445893164857
20.68556879953957
20.716647527481634
20.748173192573635
20.805194092289298
20.81667070770808
20.826066934027118
20.908674542007642
20.921341009128533
20.949505543256773
20.993221109097213
21.016274359282185
21.07340295991274
21.086815432325242
21.133429566869427
21.204318880979322
21.22580646145565
21.27444796418212
21.301228169256753
21.348856691966724
21.388612659975646
21.429233600206707
21.483110715506495
21.49369808998093
21.519462106248213
21.58828374070799
21.630525627667474
21.647298713646908
21.663155080311345
21.70815428472803
21.727568381093747
21.808221479043386
21.823494278766915
21.889438833098357
21.93444106198847
21.947819105521933
21.999095205008235
22.026456386285762
22.077515354451695
22.1029782275977
22.113943309167478
22.14880529415801
22.19947580905099
22.231077053880576
22.283480825875092
22.319387995010146
22.32930561831945
22.36875971747892
22.382929236901127
22.448399195330897
22.49683460356719
22.54250299503509
22.601635762197752
22.618413363734717
22.665976262715983
22.70880003206548
22.759437680988714
22.803604731949072
22.81268922599388
22.865158730757116
22.901970554237693
22.945341998454282
22.97208826827805
23.040500640744945
23.07712032278345
23.08228315978445
23.143798887187884
23.158013896629182
23.21959122945701
23.280623732188463
23.296913720118543
23.329676526092516
23.369878029134647
23.396806972984713
23.436102839893024
23.508755308869677
23.553581687003398
23.58287712274996
23.617487495040034
23.638656115001112
23.685929113812993
23.740047524844364
23.76163179827114
23.784778980900235
23.818211716527777
23.859812807526723
23.872533174364065
23.90335789137424
23.95260245164563
23.982184334662374
24.014604361334484
24.0654450318637
24.08852563118556
24.1271925341793
24.172355859662357
24.233467034580194
24.283798330861284
24.301092912386913
24.31928274692292
24.349613680528787
24.424229144699865
24.437852654176414
24.449229513778988
24.506010205182395
24.57702454825661
24.595261102114225
24.659329902623824
24.67740414978746
24.7310174908966
24.78109140639522
24.796352034729505
24.856211175226488
24.862648889779507
24.942969780297318
24.974288540997037
25.06678624864531
25.081550872837315
25.094522849463633
25.160390337498587
25.166273454790414
25.280895997342924
25.372486874738172
25.418121335336362
25.430656788353353
25.482403692355863
25.494170225516186
25.598239185342205
25.640118733011775
25.661753409174278
25.68967177894287
25.713438985730413
25.775587712924956
25.801945664871887
25.87362430801553
25.89813227185218
25.93125342360316
25.9736527005675
26.00112518932175
26.067347498873925
26.09281090661168
26.14301361638089
26.188553282826145
26.249552144168067
26.287631455804362
26.341074126791387
26.390639829314495
26.4120642580767
26.43911385742718
26.48125324661081
26.541093475470536
26.578080654938823
26.647156068860173
26.693161436941157
26.736158942442884
26.83149377627251
26.892359459730585
26.93682380032858
26.970843310912493
27.028106686039546
27.057603856973916
27.120757575533393
27.189088795597527
27.225445538420168
27.285876233222627
27.323602393547176
27.38583701206647
27.389900419535607
27.471436024590485
27.534921415035022
27.59692019054989
27.609721608437546
27.650633367734603
27.759245056604293
27.768264741211837
27.78778575602019
27.864591004354846
27.98201359221563
28.0355731912362
28.101727440801596
28.1196315675199
28.176233187925423
28.22875330214782
28.33884590603722
28.347825106935893
28.42344942420971
28.49179166927749
28.522076477104765
28.57689257782063
28.631671776134485
28.658207032423526
28.72481030267191
28.786857582736
28.867913239268763
28.897949943003304
28.945164250397106
28.970917147110978
29.089368735895075
29.108006652848104
29.166408455195807
29.234104830671182
29.259418466629242
29.309275368426036
29.3334170802373
29.401386516461592
29.445974219142457
29.53236003522656
29.58412011774667
29.661837294363757
29.716981776564985
29.78887373289665
29.789485276219693
29.879461957834664
29.916182537183744
30.028894303413125
30.250982741697676
30.327976274382987
30.48028822598392
30.528343293909032
30.578877461600896
30.658188657673403
30.737874095407815
30.787272672790692
30.846820815958843
30.888160495087483
30.960266161822876
31.000380511314045
31.01442135650029
31.193593540986175
31.28192333498147
31.493376630787328
31.56241890383053
31.612322705640466
31.71895788230527
31.83351400833141
31.935402948308734
32.05417058642811
32.16954491540106
32.46379105775378
32.574630375991234
32.62488157646643
32.7243874205904
33.17686266699829
33.25456415572921
33.52404372452352
33.69383157195135
33.77190080911005
34.193704809123524
34.64340643758845
34.81206797593376
35.41243436577839
35.442826618457815
35.610251558866715
36.46162938467813
0.870321764204628
0.9316699112374462
0.9866259511307118
1.054544781589444
1.160159210530985
8.219721295946378
9.395110207480403
10.044793196689085
10.328642242386602
10.599048952514691
10.919899160315442
10.957021047298614
11.003931184193513
11.27345912352743
11.288744646798483
11.46059493671725
11.564244016481572
11.57881502900732
11.682024308113988
11.754339870888463
11.903588715733584
11.94931997960915
11.980076821598354
12.015055539949625
12.063596842440404
12.127445619293162
12.205860996382595
12.348915635649437
12.378264048080606
12.400440140454602
12.453049628736649
12.499039265325722
12.531245564271314
12.536092562323663
12.63039253448964
12.695204298844905
12.721566227789069
12.73625740397778
12.803924875937561
12.872792647598308
12.90172940865775
12.933228637275002
12.964065724247149
13.011220773126762
13.083659551076549
13.094166716294174
13.104308413245489
13.188017131225557
13.230959185642094
13.286000625186034
13.34996141878983
13.404365610885826
13.49376856616387
13.522639362052557
13.555062685925
13.579263100447083
13.643047073646068
13.670994895060202
13.68375919675624
13.784794560836408
13.812303372184706
13.816928321114755
14.006917345651363
14.022774399697083
14.041745206894577
14.109570926099256
14.131255321411343
14.178968807022994
14.222263601791948
14.238233902835486
14.29012409639591
14.311497260489382
14.382193524740206
14.397618049841208
14.461308945149849
14.555610540636224
14.58022845685304
14.669460737299064
14.68875929414723
14.738586196396566
14.772141969681657
14.804989294524365
14.814218262839342
14.91239640686714
14.9298172315726
14.964297115530966
14.999033709042003
15.015770786489345
15.018564728880971
15.086865203272762
15.128968532036005
15.148094734344074
15.168276191374295
15.229594374919289
15.271624707279235
15.312149115942175
15.333217262055154
15.34423470634448
15.362417969660997
15.424224353230802
15.443391424510418
15.452505735272945
15.500051839230672
15.52811707654281
15.54164402936543
15.651267500457408
15.698398178315024
15.730895416367309
15.753623176310505
15.766999706810347
15.807627481588044
15.852345121044236
15.922742666933624
15.963965555994303
16.011335793412368
16.041029756125496
16.08019354047875
16.14576360280449
16.199565912534865
16.20608485852077
16.238331916645627
16.30142650856968
16.331970472494493
16.39426602453964
16.441999872918974
16.489853408148914
16.504998940873417
16.529281910541258
16.60781334091391
16.61873064751458
16.66447841530002
16.691043239166692
16.695532332355345
16.718574968765434
16.758584429937727
16.781323259132023
16.815765811566376
16.85674546330932
16.885514482741062
16.94395972062166
16.968489943629734
17.010120471447763
17.0378067631572
17.06341401559829
17.096865742276165
17.131847827486105
17.221453118932793
17.256449408700274
17.279338043775283
17.334744314222707
17.363242386082753
17.380759773559216
17.42344724018991
17.45089944847502
17.498929287676983
17.50495913388086
17.582085237242996
17.60396462091027
17.62956606394255
17.651039164832675
17.743963816265737
17.78827087455922
17.804390593331885
17.817666710134105
17.862880860503168
17.898040018150375
17.924690047080077
17.963188050917804
17.997718650164316
18.0274418439303
18.045921179120775
18.07531721774434
18.1361761427051
18.168419658016543
18.21175720216319
18.232399384186117
18.260414056379304
18.320745980876048
18.34254947735628
18.380718990426256
18.45193901896821
18.467912225048618
18.506277670046888
18.562259880238663
18.5785987908732
18.600156060345693
18.651810657606674
18.683788069571914
18.71593269957373
18.75163115475876
18.77135462506688
18.79163006329688
18.85218858315127
18.868463961915687
18.893935439106254
18.912548247843688
18.988850588761384
19.02719787844799
19.052032139792768
19.080849448669667
19.153230153690863
19.1744225465062
19.187292141026667
19.236662682143475
19.286015873104894
19.29750720206812
19.321981892981082
19.380874287231148
19.38871584563016
19.39021598016648
19.42594465166013
19.46020554782005
19.514980497385366
19.5323667667008
19.568577594258695
19.594997895430815
19.682501469293502
19.69887430272125
19.77134790224084
19.813982715371857
19.82483651290719
19.852618312983886
19.865918305418507
19.900596189708182
19.940469764063796
19.97308292291044
19.997930245760625
20.009254881663576
20.066879669049516
20.0915152592868
20.12850376488531
20.164226344494203
20.186720276341745
20.215548049675874
20.237635643030757
20.27426549562372
20.284449462532965
20.336621669271068
20.381688523137665
20.397610618657055
20.46255811650979
20.49427943321812
20.524672232293526
20.5663200750471
20.578431933092503
20.596730219964943
20.673445893164857
20.68556879953957
20.716647527481634
20.748173192573635
20.805194092289298
20.81667070770808
20.826066934027118
20.908674542007642
20.921341009128533
20.949505543256773
20.993221109097213
21.016274359282185
21.07340295991274
21.086815432325242
21.133429566869427
21.204318880979322
21.22580646145565
21.27444796418212
21.301228169256753
21.348856691966724
21.388612659975646
21.429233600206707
21.483110715506495
21.49369808998093
21.519462106248213
21.58828374070799
21.630525627667474
21.647298713646908
21.663155080311345
21.70815428472803
21.727568381093747
21.808221479043386
21.823494278766915
21.889438833098357
21.93444106198847
21.947819105521933
21.999095205008235
22.026456386285762
22.077515354451695
22.1029782275977
22.113943309167478
22.14880529415801
22.19947580905099
22.231077053880576
22.283480825875092
22.319387995010146
22.32930561831945
22.36875971747892
22.382929236901127
22.448399195330897
22.49683460356719
22.54250299503509
22.601635762197752
22.618413363734717
22.665976262715983
22.70880003206548
22.759437680988714
22.803604731949072
22.81268922599388
22.865158730757116
22.901970554237693
22.945341998454282
22.97208826827805
23.040500640744945
23.07712032278345
23.08228315978445
23.143798887187884
23.158013896629182
23.21959122945701
23.280623732188463
23.296913720118543
23.329676526092516
23.369878029134647
23.396806972984713
23.436102839893024
23.508755308869677
23.553581687003398
23.58287712274996
23.617487495040034
23.638656115001112
23.685929113812993
23.740047524844364
23.76163179827114
23.784778980900235
23.818211716527777
23.859812807526723
23.872533174364065
23.90335789137424
23.95260245164563
23.982184334662374
24.014604361334484
24.0654450318637
24.08852563118556
24.1271925341793
24.172355859662357
24.233467034580194
24.283798330861284
24.301092912386913
24.31928274692292
24.349613680528787
24.424229144699865
24.437852654176414
24.449229513778988
24.506010205182395
24.57702454825661
24.595261102114225
24.659329902623824
24.67740414978746
24.7310174908966
24.78109140639522
24.796352034729505
24.856211175226488
24.862648889779507
24.942969780297318
24.974288540997037
25.06678624864531
25.081550872837315
25.094522849463633
25.160390337498587
25.166273454790414
25.280895997342924
25.372486874738172
25.418121335336362
25.430656788353353
25.482403692355863
25.494170225516186
25.598239185342205
25.640118733011775
25.661753409174278
25.68967177894287
25.713438985730413
25.775587712924956
25.801945664871887
25.87362430801553
25.89813227185218
25.93125342360316
25.9736527005675
26.00112518932175
26.067347498873925
26.09281090661168
26.14301361638089
26.188553282826145
26.249552144168067
26.287631455804362
26.341074126791387
26.390639829314495
26.4120642580767
26.43911385742718
26.48125324661081
26.541093475470536
26.578080654938823
26.647156068860173
26.693161436941157
26.736158942442884
26.83149377627251
26.892359459730585
26.93682380032858
26.970843310912493
27.028106686039546
27.057603856973916
27.120757575533393
27.189088795597527
27.225445538420168
27.285876233222627
27.323602393547176
27.38583701206647
27.389900419535607
27.471436024590485
27.534921415035022
27.59692019054989
27.609721608437546
27.650633367734603
27.759245056604293
27.768264741211837
27.78778575602019
27.864591004354846
27.98201359221563
28.0355731912362
28.101727440801596
28.1196315675199
28.176233187925423
28.22875330214782
28.33884590603722
28.347825106935893
28.42344942420971
28.49179166927749
28.522076477104765
28.57689257782063
28.631671776134485
28.658207032423526
28.72481030267191
28.786857582736
28.867913239268763
28.897949943003304
28.945164250397106
28.970917147110978
29.089368735895075
29.108006652848104
29.166408455195807
29.234104830671182
29.259418466629242
29.309275368426036
29.3334170802373
29.401386516461592
29.445974219142457
29.53236003522656
29.58412011774667
29.661837294363757
29.716981776564985
29.78887373289665
29.789485276219693
29.879461957834664
29.916182537183744
30.028894303413125
30.250982741697676
30.327976274382987
30.48028822598392
30.528343293909032
30.578877461600896
30.658188657673403
30.737874095407815
30.787272672790692
30.846820815958843
30.888160495087483
30.960266161822876
31.000380511314045
31.01442135650029
31.193593540986175
31.28192333498147
31.493376630787328
31.56241890383053
31.612322705640466
31.71895788230527
31.83351400833141
31.935402948308734
32.05417058642811
32.16954491540106
32.46379105775378
32.574630375991234
32.62488157646643
32.7243874205904
33.17686266699829
33.25456415572921
33.52404372452352
33.69383157195135
33.77190080911005
34.193704809123524
34.64340643758845
34.81206797593376
35.41243436577839
35.442826618457815
35.610251558866715
36.46162938467813
