0.5987622572518205
0.6557691715130127
0.71874171632238
0.7313918018283361
0.8100303477882059
0.8556443854311355
0.8948608471319585
1.0170345498920421
1.0517325595887148
4.244429076727127
4.6007845224667525
4.825981363895299
4.87122262362542
5.281605362388656
5.418417135669976
5.435474518606118
5.478466755539578
5.956167618844809
5.9753425319944204
6.002359674270737
6.018059998186143
6.052096064356437
6.084960492562469
6.147840868386057
6.2010047026844655
6.280266238142897
6.330085544091354
6.331629765793188
6.3753162755074255
6.389963739232003
6.396662180837389
6.4229255298761805
6.445128621490033
6.492892324715893
6.5543619269655204
6.673049370103962
6.740841617420999
6.853699133070723
6.894898890416694
6.926544153481648
6.950926609623103
6.996049528205844
7.017871977842134
7.05471591700698
7.066095152015474
7.098395580372433
7.107114919673138
7.178055582475898
7.22866667865646
7.268051148612716
7.276785988248154
7.315590196922046
7.328060336542923
7.374484265059329
7.383732146861849
7.400174959470923
7.446565668110189
7.449512405115192
7.503357934405132
7.529540754291143
7.591226972905629
7.60384941685558
7.615015042748052
7.696754625587978
7.71506289458729
7.736347854587043
7.777374118442674
7.782104909703142
7.818951630791752
7.850811355638768
7.882837766765041
7.901359274980651
7.927055913032167
7.964407552317736
7.994714272980353
8.005798296000322
8.033569701033686
8.05332463146543
8.0663466713068
8.120346739412382
8.140157927368579
8.17764199116419
8.207321737075358
8.221798495655916
8.302660835631219
8.304826438253397
8.320853343756339
8.357622095727141
8.394199592476358
8.407212208072727
8.459778270084424
8.466611373392354
8.489234342832706
8.499518582201498
8.546664760275121
8.57939186236707
8.608324541173069
8.637186864803072
8.642934597916927
8.694470748327028
8.698643642921018
8.714273269097703
8.768553575376478
8.797203250365728
8.82169669243847
8.845588961335716
8.863706126850694
8.889015423326663
8.952958632121739
8.967233008575977
8.977682789081785
9.009983608604875
9.04636315566901
9.069820334619765
9.107144065572335
9.141562447997547
9.163730837215459
9.194343630678022
9.210571341950104
9.290743689228657
9.298954121986709
9.317262707329157
9.355433561988974
9.372674290885051
9.419916312119451
9.457360781205175
9.47765283496846
9.490452552178615
9.530032956265115
9.540121115098092
9.55283509495979
9.576979051610794
9.619599451304898
9.661993905284657
9.709068309861587
9.72818121985566
9.775654014680592
9.795617684680964
9.84381002961257
9.848876677905972
9.867897667567506
9.90363729354123
9.955082533353997
9.962892033984524
9.996529407064994
10.016814118851439
10.0426626429423
10.047052653560137
10.060702605357823
10.094224584427696
10.12539907623549
10.163573953391147
10.168559589760712
10.200984954771263
10.22751108042741
10.234932063636823
10.282621779390364
10.310807034969464
10.336072896205478
10.362889739955948
10.399558497194873
10.420413382372978
10.454162912397193
10.479511348439058
10.51001693496098
10.524014436599435
10.551011932421423
10.599257765671464
10.607490358240064
10.615104199002658
10.667488003237958
10.732864585887766
10.742798465345265
10.775273621826498
10.793033047887796
10.804176659381135
10.850626188608022
10.87555823403883
10.902041982368909
10.938804170226224
10.966134996519152
10.986486251349909
11.008422550421042
11.019827632990934
11.088940142387383
11.112429737484284
11.14805284835196
11.186631637715651
11.209177718852017
11.230523279373013
11.246340158807088
11.258289227362814
11.287452038395587
11.302176340675985
11.32923099369278
11.351204656565194
11.395181712723506
11.404677550710202
11.432643588324474
11.483026342319993
11.499606445657356
11.512520188654412
11.558818389910519
11.60664643174508
11.624255045705622
11.63658477697525
11.678594811924695
11.704043416686
11.749274382470624
11.760415238730632
11.783320231652572
11.801782829936364
11.81202233831187
11.851693229474119
11.861705097853854
11.890637939641229
11.89385639159234
11.94169174520233
11.977740653560497
12.002747260113342
12.035960667757584
12.04093727521752
12.07704523917538
12.114432000342624
12.139030015309949
12.144542970247766
12.163832275416597
12.214341327728945
12.239118130151821
12.274759622231988
12.304296173539493
12.35396600695891
12.368436689985916
12.384551752721311
12.406149176790162
12.422892405169994
12.449710331259483
12.490403968307156
12.51328617296352
12.524222406563094
12.551965734142643
12.58398665032795
12.618128361303103
12.646534216178678
12.650845528613647
12.667750886218313
12.721608785830984
12.765959689128268
12.781869582335196
12.794202933049329
12.818895510015231
12.833379227102771
12.838039647582745
12.874572660188912
12.918585143730956
12.961520413337517
12.973981130626191
12.984165287887993
13.03223189521491
13.057144627301128
13.07204191218144
13.117949973750434
13.134433801334005
13.168611985290376
13.219271516477688
13.234918398162046
13.27983333162671
13.296464400965192
13.315644836863727
13.32314361109275
13.340544844055719
13.37516123336025
13.413670507051382
13.43446119304796
13.518192927635736
13.539448317422039
13.552133621245849
13.5732367289189
13.6085681583837
13.637485446285009
13.654119455437232
13.678366184873815
13.691513140991963
13.730641890323493
13.787344524902558
13.820087730892048
13.847389535545833
13.887777596908574
13.918948178295638
13.936344090709458
13.964647963861005
13.978934174437464
14.05552211550975
14.070365430504129
14.095184566793558
14.117402623857654
14.125292301933065
14.136527675692761
14.185144686492697
14.200983156340216
14.27863786432932
14.301810504387205
14.305931664456601
14.343389860443871
14.41396455562281
14.442632715277766
14.462612511680799
14.486090248637876
14.494446484713043
14.543239635227115
14.555236338664155
14.5953358364109
14.630717585978866
14.66197881126268
14.69618465495159
14.741008504735886
14.764613503316243
14.777881880064621
14.815697851338061
14.860102288095273
14.87745222709713
14.899595081625701
14.909634481902243
14.947767892435694
14.9729695588952
15.002017310585039
15.014809070485269
15.037898164925329
15.118842835591543
15.155044637786778
15.186853142432668
15.204581789245466
15.27441119898887
15.289281069401895
15.309730636116912
15.333731442412923
15.372693641782792
15.396650442940135
15.443736813831848
15.448408485558227
15.472820984574723
15.509079372332854
15.537086449916035
15.588294011362443
15.630196295037745
15.649898282943132
15.673900545863642
15.728829371492601
15.754913456502504
15.776293056344219
15.811512602461523
15.832406284048673
15.87235012575836
15.88046261448062
15.903487129206836
15.919616148681136
15.984785993549272
15.996696494423173
16.012519508828476
16.03813606462336
16.051015493863428
16.115309870180145
16.128768373868763
16.14611380891862
16.176969901636443
16.21361252361826
16.24474929276851
16.252964336025453
16.31146848677494
16.322236197789085
16.336877188116667
16.368561550433032
16.417130845025888
16.441808664596646
16.485822108750618
16.495187502164768
16.51503017620527
16.56948409720281
16.6008430607214
16.636403694993113
16.712724303301343
16.77461771345051
16.792617872321618
16.8151897223418
16.837503030307566
16.89124543379458
16.9233521699096
16.937755611421505
16.9904196873013
17.011815995566767
17.034982962608574
17.062592875813046
17.066158965448523
17.12006231766178
17.204999790246823
17.212916048393094
17.257602572659007
17.302090154030545
17.342846747735113
17.372002233133195
17.43786524576606
17.471262189112
17.520590522784286
17.5415138149602
17.573186910876547
17.607914537403463
17.63749458062064
17.721845195588095
17.76510789963553
17.804949065301518
17.869973591913926
17.930718039618146
17.939861779016063
17.997841748513455
18.009724927833048
18.065550524797086
18.075927534514154
18.140536558573167
18.202151396070295
18.26181544668824
18.305225623905955
18.327033802534935
18.340061912921822
18.396326609870737
18.468982460418474
18.523613715371205
18.534384422854405
18.586524081720807
18.627752929752727
18.7040855424903
18.723097799974653
18.767989312726158
18.813998580980606
18.88602205748315
18.92891140827956
18.976722586359976
19.012189641426975
19.065162769045745
19.074347372811513
19.110625529298513
19.20959613100076
19.24891905203447
19.26929539717344
19.33935980579856
19.39530806538055
19.424007867306575
19.466279238485786
19.51404544209055
19.52152776073497
19.542410334142414
19.648307359435634
19.725169192528735
19.88556605783722
19.892336754281377
19.965848389916466
19.985138857970313
20.036593633486852
20.074408115860905
20.176177403058716
20.22177009503824
20.26146835314478
20.29368526050537
20.346661299836907
20.404382238856794
20.481057973078727
20.58672472042422
20.63121561220467
20.691755142981503
20.74569320412955
20.837645067977444
20.88177340408613
20.941629485942755
20.993727252812725
21.108206819591565
21.136928352830186
21.205615921305114
21.30566904085597
21.34356950703362
21.477330947067262
21.620475132085836
21.703836990585486
21.776285670721027
21.916751687470132
22.011783921605424
22.091837597610194
22.113613998748516
22.19815731160241
22.348870695488454
22.415297869314514
22.481744574695014
22.668309984705918
23.02642187816978
23.20715774669922
23.22504612151062
23.315484751280803
24.218354373907353
24.497509178005767
25.498348058494383
27.781200444236642
0.5987622572518205
0.6557691715130127
0.71874171632238
0.7313918018283361
0.8100303477882059
0.8556443854311355
0.8948608471319585
1.0170345498920421
1.0517325595887148
4.244429076727127
4.6007845224667525
4.825981363895299
4.87122262362542
5.281605362388656
5.418417135669976
5.435474518606118
5.478466755539578
5.956167618844809
5.9753425319944204
6.002359674270737
6.018059998186143
6.052096064356437
6.084960492562469
6.147840868386057
6.2010047026844655
6.280266238142897
6.330085544091354
6.331629765793188
6.3753162755074255
6.389963739232003
6.396662180837389
6.4229255298761805
6.445128621490033
6.492892324715893
6.5543619269655204
6.673049370103962
6.740841617420999
6.853699133070723
6.894898890416694
6.926544153481648
6.950926609623103
6.996049528205844
7.017871977842134
7.05471591700698
7.066095152015474
7.098395580372433
7.107114919673138
7.178055582475898
7.22866667865646
7.268051148612716
7.276785988248154
7.315590196922046
7.328060336542923
7.374484265059329
7.383732146861849
7.400174959470923
7.446565668110189
7.449512405115192
7.503357934405132
7.529540754291143
7.591226972905629
7.60384941685558
7.615015042748052
7.696754625587978
7.71506289458729
7.736347854587043
7.777374118442674
7.782104909703142
7.818951630791752
7.850811355638768
7.882837766765041
7.901359274980651
7.927055913032167
7.964407552317736
7.994714272980353
8.005798296000322
8.033569701033686
8.05332463146543
8.0663466713068
8.120346739412382
8.140157927368579
8.17764199116419
8.207321737075358
8.221798495655916
8.302660835631219
8.304826438253397
8.320853343756339
8.357622095727141
8.394199592476358
8.407212208072727
8.459778270084424
8.466611373392354
8.489234342832706
8.499518582201498
8.546664760275121
8.57939186236707
8.608324541173069
8.637186864803072
8.642934597916927
8.694470748327028
8.698643642921018
8.714273269097703
8.768553575376478
8.797203250365728
8.82169669243847
8.845588961335716
8.863706126850694
8.889015423326663
8.952958632121739
8.967233008575977
8.977682789081785
9.009983608604875
9.04636315566901
9.069820334619765
9.107144065572335
9.141562447997547
9.163730837215459
9.194343630678022
9.210571341950104
9.290743689228657
9.298954121986709
9.317262707329157
9.355433561988974
9.372674290885051
9.419916312119451
9.457360781205175
9.47765283496846
9.490452552178615
9.530032956265115
9.540121115098092
9.55283509495979
9.576979051610794
9.619599451304898
9.661993905284657
9.709068309861587
9.72818121985566
9.775654014680592
9.795617684680964
9.84381002961257
9.848876677905972
9.867897667567506
9.90363729354123
9.955082533353997
9.962892033984524
9.996529407064994
10.016814118851439
10.0426626429423
10.047052653560137
10.060702605357823
10.094224584427696
10.12539907623549
10.163573953391147
10.168559589760712
10.200984954771263
10.22751108042741
10.234932063636823
10.282621779390364
10.310807034969464
10.336072896205478
10.362889739955948
10.399558497194873
10.420413382372978
10.454162912397193
10.479511348439058
10.51001693496098
10.524014436599435
10.551011932421423
10.599257765671464
10.607490358240064
10.615104199002658
10.667488003237958
10.732864585887766
10.742798465345265
10.775273621826498
10.793033047887796
10.804176659381135
10.850626188608022
10.87555823403883
10.902041982368909
10.938804170226224
10.966134996519152
10.986486251349909
11.008422550421042
11.019827632990934
11.088940142387383
11.112429737484284
11.14805284835196
11.186631637715651
11.209177718852017
11.230523279373013
11.246340158807088
11.258289227362814
11.287452038395587
11.302176340675985
11.32923099369278
11.351204656565194
11.395181712723506
11.404677550710202
11.432643588324474
11.483026342319993
11.499606445657356
11.512520188654412
11.558818389910519
11.60664643174508
11.624255045705622
11.63658477697525
11.678594811924695
11.704043416686
11.749274382470624
11.760415238730632
11.783320231652572
11.801782829936364
11.81202233831187
11.851693229474119
11.861705097853854
11.890637939641229
11.89385639159234
11.94169174520233
11.977740653560497
12.002747260113342
12.035960667757584
12.04093727521752
12.07704523917538
12.114432000342624
12.139030015309949
12.144542970247766
12.163832275416597
12.214341327728945
12.239118130151821
12.274759622231988
12.304296173539493
12.35396600695891
12.368436689985916
12.384551752721311
12.406149176790162
12.422892405169994
12.449710331259483
12.490403968307156
12.51328617296352
12.524222406563094
12.551965734142643
12.58398665032795
12.618128361303103
12.646534216178678
12.650845528613647
12.667750886218313
12.721608785830984
12.765959689128268
12.781869582335196
12.794202933049329
12.818895510015231
12.833379227102771
12.838039647582745
12.874572660188912
12.918585143730956
12.961520413337517
12.973981130626191
12.984165287887993
13.03223189521491
13.057144627301128
13.07204191218144
13.117949973750434
13.134433801334005
13.168611985290376
13.219271516477688
13.234918398162046
13.27983333162671
13.296464400965192
13.315644836863727
13.32314361109275
13.340544844055719
13.37516123336025
13.413670507051382
13.43446119304796
13.518192927635736
13.539448317422039
13.552133621245849
13.5732367289189
13.6085681583837
13.637485446285009
13.654119455437232
13.678366184873815
13.691513140991963
13.730641890323493
13.787344524902558
13.820087730892048
13.847389535545833
13.887777596908574
13.918948178295638
13.936344090709458
13.964647963861005
13.978934174437464
14.05552211550975
14.070365430504129
14.095184566793558
14.117402623857654
14.125292301933065
14.136527675692761
14.185144686492697
14.200983156340216
14.27863786432932
14.301810504387205
14.305931664456601
14.343389860443871
14.41396455562281
14.442632715277766
14.462612511680799
14.486090248637876
14.494446484713043
14.543239635227115
14.555236338664155
14.5953358364109
14.630717585978866
14.66197881126268
14.69618465495159
14.741008504735886
14.764613503316243
14.777881880064621
14.815697851338061
14.860102288095273
14.87745222709713
14.899595081625701
14.909634481902243
14.947767892435694
14.9729695588952
15.002017310585039
15.014809070485269
15.037898164925329
15.118842835591543
15.155044637786778
15.186853142432668
15.204581789245466
15.27441119898887
15.289281069401895
15.309730636116912
15.333731442412923
15.372693641782792
15.396650442940135
15.443736813831848
15.448408485558227
15.472820984574723
15.509079372332854
15.537086449916035
15.588294011362443
15.630196295037745
15.649898282943132
15.673900545863642
15.728829371492601
15.754913456502504
15.776293056344219
15.811512602461523
15.832406284048673
15.87235012575836
15.88046261448062
15.903487129206836
15.919616148681136
15.984785993549272
15.996696494423173
16.012519508828476
16.03813606462336
16.051015493863428
16.115309870180145
16.128768373868763
16.14611380891862
16.176969901636443
16.21361252361826
16.24474929276851
16.252964336025453
16.31146848677494
16.322236197789085
16.336877188116667
16.368561550433032
16.417130845025888
16.441808664596646
16.485822108750618
16.495187502164768
16.51503017620527
16.56948409720281
16.6008430607214
16.636403694993113
16.712724303301343
16.77461771345051
16.792617872321618
16.8151897223418
16.837503030307566
16.89124543379458
16.9233521699096
16.937755611421505
16.9904196873013
17.011815995566767
17.034982962608574
17.062592875813046
17.066158965448523
17.12006231766178
17.204999790246823
17.212916048393094
17.257602572659007
17.302090154030545
17.342846747735113
17.372002233133195
17.43786524576606
17.471262189112
17.520590522784286
17.5415138149602
17.573186910876547
17.607914537403463
17.63749458062064
17.721845195588095
17.76510789963553
17.804949065301518
17.869973591913926
17.930718039618146
17.939861779016063
17.997841748513455
18.009724927833048
18.065550524797086
18.075927534514154
18.140536558573167
18.202151396070295
18.26181544668824
18.305225623905955
18.327033802534935
18.340061912921822
18.396326609870737
18.468982460418474
18.523613715371205
18.534384422854405
18.586524081720807
18.627752929752727
18.7040855424903
18.723097799974653
18.767989312726158
18.813998580980606
18.88602205748315
18.92891140827956
18.976722586359976
19.012189641426975
19.065162769045745
19.074347372811513
19.110625529298513
19.20959613100076
19.24891905203447
19.26929539717344
19.33935980579856
19.39530806538055
19.424007867306575
19.466279238485786
19.51404544209055
19.52152776073497
19.542410334142414
19.648307359435634
19.725169192528735
19.88556605783722
19.892336754281377
19.965848389916466
19.985138857970313
20.036593633486852
20.074408115860905
20.176177403058716
20.22177009503824
20.26146835314478
20.29368526050537
20.346661299836907
20.404382238856794
20.481057973078727
20.58672472042422
20.63121561220467
20.691755142981503
20.74569320412955
20.837645067977444
20.88177340408613
20.941629485942755
20.993727252812725
21.108206819591565
21.136928352830186
21.205615921305114
21.30566904085597
21.34356950703362
21.477330947067262
21.620475132085836
21.703836990585486
21.776285670721027
21.916751687470132
22.011783921605424
22.091837597610194
22.113613998748516
22.19815731160241
22.348870695488454
22.415297869314514
22.481744574695014
22.668309984705918
23.02642187816978
23.20715774669922
23.22504612151062
23.315484751280803
24.218354373907353
24.497509178005767
25.498348058494383
27.781200444236642
