0.6999811538549223
0.8036497047644614
0.9468324533096034
0.9882633552823432
1.0342621302649082
10.037693904719637
10.499267763333915
10.96553292971725
10.968364774030697
11.105012373517992
11.245852889710822
11.272444638211782
11.5328862109858
11.570234273214242
11.944363604642524
11.957545868618663
12.053427356004002
12.123006605092128
12.184828513523916
12.236885140762556
12.342395372279586
12.38095088202161
12.497504468115547
12.536881181923096
12.57349118274572
12.595999910949784
12.707583940374382
12.774781497757852
12.836870632099753
12.891331476801241
12.938153302844189
12.969331938604666
13.012177100936162
13.047932408186556
13.121967617748906
13.173354623570514
13.214100375783524
13.236407689584423
13.269035293198943
13.35118043853677
13.376494711442968
13.396151139525427
13.462624855132619
13.52832010951123
13.53729446689865
13.658002586216188
13.694955013542076
13.735341066692708
13.749847102657258
13.82180895171825
13.86404779392035
13.984777832075094
13.997352374948477
14.018537236095941
14.059629749070186
14.110810486858016
14.133374814410633
14.17405153142537
14.208006307530221
14.288836277762705
14.301503711788163
14.342315214914025
14.380657645235884
14.419759157044002
14.481604851976941
14.51203786861588
14.525608831096207
14.566728358899796
14.60284195590971
14.629479889132542
14.682951493249407
14.736918084241733
14.77569107608333
14.79115274069903
14.852594659701497
14.935000826669777
14.972805696707193
15.016853254801402
15.054604845338504
15.083459249677686
15.16046716766498
15.171040712400032
15.20596204193697
15.220492638482442
15.271954695981202
15.30665016432983
15.363407752864896
15.374314145534028
15.482353100930982
15.496995276662412
15.544255426803167
15.587946326211462
15.633831752070314
15.665313800317206
15.767660952369901
15.800944505836178
15.83421205401616
15.854785466778637
15.900420914867988
15.943784334995872
15.970842006557952
15.992029371121927
16.030474126177307
16.050187030481265
16.1087726904616
16.129094280897775
16.148938720434238
16.195875395648734
16.24595350060295
16.306413089324703
16.311534951632662
16.356005850434695
16.428979926919737
16.496152456688936
16.549157385921028
16.57973342813552
16.58266815340411
16.59291760463881
16.646890493256837
16.685314176652657
16.707673054632124
16.796228307480064
16.826890481944616
16.856338305811764
16.88509610934499
16.91248926460183
16.96914295519868
17.008756910329605
17.041313067558313
17.09339186455312
17.106949183361813
17.119652208715994
17.170355037035062
17.197256372430278
17.23595816856118
17.299346443852947
17.316127587747463
17.34392791758219
17.348666198889443
17.402567143842422
17.435951430545348
17.46711167546144
17.510048437725416
17.540072300433575
17.557886791186974
17.62418161887167
17.628102846862962
17.66106359209981
17.729378075676685
17.751129017333277
17.78131638036402
17.806597761822523
17.833572435050357
17.881858988456578
17.93473742912922
17.949015923992473
17.993466241641272
18.00589680949317
18.03934894236565
18.067045149009438
18.068665524179398
18.122928410000377
18.14289738432121
18.20895415167152
18.227472673747236
18.277745625097896
18.29707960523995
18.315716981415846
18.36944114545178
18.423811472634227
18.48512888450963
18.506224517866546
18.565849193866384
18.57986073087433
18.607507683812283
18.65480533739649
18.6657749030384
18.697890230056064
18.738914343590174
18.785292270429714
18.801436628230324
18.854241045791916
18.86548115009655
18.901334667237947
18.94500052411061
18.957317785716704
18.980873048444845
19.0092334950619
19.035859309437615
19.092558202474283
19.10089924830349
19.13784575205291
19.144818115755026
19.18011450256416
19.196494662045414
19.256657001160715
19.27935238452522
19.309758914742947
19.401926707605444
19.481273458117787
19.501647735784328
19.55693433608769
19.569079657777472
19.5879673217561
19.64828207163724
19.68349394413737
19.71871142005452
19.758189870522465
19.78621575180207
19.79555973420908
19.82765658942064
19.86535336625489
19.89907873852719
19.95531340435334
19.975695776331627
19.996069898258
20.029830943265676
20.085950354087345
20.090728223623824
20.150348478946245
20.179425007121502
20.220294859194432
20.273637907810457
20.282567549248686
20.28832112061429
20.34971009087808
20.396750618547493
20.409849903447363
20.427556227337394
20.45738169896994
20.506635150079973
20.5238194016743
20.57074824684657
20.60173859759897
20.623586052084192
20.653063369675053
20.729095246657113
20.737688013677758
20.76638246085735
20.799234674806918
20.8305768901224
20.83318541961564
20.871752580809297
20.88482191860419
20.898703858022184
20.93709774642165
20.961486238603786
20.996201672079504
21.007928130225636
21.04556354364762
21.091183064288717
21.125003401430224
21.16961287811166
21.191128129894484
21.221148587298266
21.281277729238468
21.32448261075152
21.333943539679897
21.40400188709178
21.433675586220115
21.5288046257227
21.55304918800679
21.6020712104672
21.61195731669876
21.672948413853153
21.70018953841044
21.71323543094083
21.756385281066038
21.79939452879784
21.82605544628828
21.880048373219687
21.904690244299303
21.933347328181416
21.960415380796533
22.021159173102973
22.063568317906974
22.08188010804179
22.12442014955066
22.17296001108734
22.200411363654524
22.25518167415465
22.264654578491005
22.279216964648985
22.33767940915472
22.35977407212974
22.42193812904678
22.464907803246913
22.501184767369153
22.523475492565893
22.557890559466195
22.583681176883637
22.607683179498014
22.63906636488109
22.66355426117231
22.708013945566776
22.73941684020153
22.77552152525698
22.814215602545783
22.867578972933057
22.91430135314922
22.935721147250497
22.94839340263049
22.971780603554993
22.999868047840668
23.05097089145673
23.079459273515027
23.09361847435371
23.157688476301747
23.219488668353453
23.27335303039291
23.30252060015946
23.3232959750195
23.357882111929268
23.428030610288346
23.45932325170987
23.49636830409943
23.528933689219702
23.569100710164346
23.601823884167395
23.64831053055829
23.68177173035684
23.753034705573988
23.76265202030287
23.796878867123045
23.81241656594076
23.88592993496868
23.93520480763129
23.970562705842728
24.00019403293727
24.019195626078744
24.08824484846086
24.128351918373394
24.14994024124842
24.153373420962946
24.198303413791095
24.242749983743998
24.266473365369013
24.30134104388783
24.347088334375012
24.380460763246237
24.417493967892355
24.47210779216819
24.492869582705783
24.51934407131278
24.557770005720887
24.621032923012137
24.663534789712678
24.712300603089837
24.738937433874774
24.769261253990777
24.78606520825279
24.835402165265563
24.843069506427106
24.879319828604338
24.89969187539939
25.009959583844182
25.015212790458104
25.090519714387685
25.132948381553376
25.16088619583175
25.229656006353324
25.254285716321544
25.355979459587896
25.382527815132146
25.4491234604028
25.492656542790844
25.551564870361705
25.56615291305354
25.63481747402357
25.67685381018387
25.690487588637342
25.757057951118135
25.774559256328025
25.80856319015148
25.86906328391383
25.88691820659077
25.95146937858955
25.97966594557217
26.024916957345038
26.077728873093545
26.121863148708595
26.18353951821478
26.22504743438823
26.233242458710578
26.254152256732684
26.305457147798432
26.318022895685885
26.407294162470205
26.428107576310637
26.439766069578813
26.464054367534743
26.527374668806193
26.550895429464795
26.59361774339687
26.653153612829552
26.712740689463285
26.765386683282888
26.83998506751994
26.87862736401865
26.920433251627827
26.968839547133424
27.00572086136036
27.05648478003814
27.076718338365406
27.114573295046277
27.205324118290548
27.261763965628536
27.30539404228678
27.368768035757164
27.402655041672908
27.460019247821997
27.48429737577954
27.54712132940836
27.59295817890832
27.65470430614884
27.72557868799276
27.758276690025994
27.83269817785971
27.86197440205535
27.910130501067695
27.94009057129521
28.050251572562097
28.08220299673685
28.108365182754206
28.12927372082986
28.204785709141838
28.221173151730415
28.314225949479667
28.33602800853838
28.377977726513475
28.423070369334546
28.504329586532126
28.583784242198355
28.662273008687347
28.676483301654724
28.714973318612397
28.74711364878208
28.80319164635391
28.922672603611616
28.996959703003117
29.026372658488754
29.070159407489292
29.117019517201694
29.19019141066605
29.289284661409795
29.363187718829746
29.409017612739287
29.46414037264038
29.561695975369478
29.645267540883413
29.762892820756424
29.798778068081205
29.820361351851336
29.840927235623887
29.871041737983525
29.95438871135638
30.08472301791581
30.119238306897874
30.173577594681326
30.23168657700203
30.303872332927114
30.353010555445785
30.4404967423244
30.459067990985055
30.60821489869097
30.69848914433196
30.75496813703704
30.866379465447196
30.936595733362495
30.972164943516756
31.077763812991606
31.133303957868407
31.189228481830913
31.234364547395504
31.24824065306939
31.34715345082666
31.441300967690736
31.528773253892727
31.69812587245718
31.785949354686764
31.79250000667036
31.861668474267304
31.941052516539507
31.967036409445424
32.030735808036354
32.17676499939113
32.40814025533744
32.45257115769956
32.553971534071344
32.85983934378852
33.017031386023724
33.05172169038858
33.20290220065093
33.41267304560766
33.75381031738276
34.4089108397609
34.435478895518614
35.11666228020217
36.99727527125127
0.6999811538549223
0.8036497047644614
0.9468324533096034
0.9882633552823432
1.0342621302649082
10.037693904719637
10.499267763333915
10.96553292971725
10.968364774030697
11.105012373517992
11.245852889710822
11.272444638211782
11.5328862109858
11.570234273214242
11.944363604642524
11.957545868618663
12.053427356004002
12.123006605092128
12.184828513523916
12.236885140762556
12.342395372279586
12.38095088202161
12.497504468115547
12.536881181923096
12.57349118274572
12.595999910949784
12.707583940374382
12.774781497757852
12.836870632099753
12.891331476801241
12.938153302844189
12.969331938604666
13.012177100936162
13.047932408186556
13.121967617748906
13.173354623570514
13.214100375783524
13.236407689584423
13.269035293198943
13.35118043853677
13.376494711442968
13.396151139525427
13.462624855132619
13.52832010951123
13.53729446689865
13.658002586216188
13.694955013542076
13.735341066692708
13.749847102657258
13.82180895171825
13.86404779392035
13.984777832075094
13.997352374948477
14.018537236095941
14.059629749070186
14.110810486858016
14.133374814410633
14.17405153142537
14.208006307530221
14.288836277762705
14.301503711788163
14.342315214914025
14.380657645235884
14.419759157044002
14.481604851976941
14.51203786861588
14.525608831096207
14.566728358899796
14.60284195590971
14.629479889132542
14.682951493249407
14.736918084241733
14.77569107608333
14.79115274069903
14.852594659701497
14.935000826669777
14.972805696707193
15.016853254801402
15.054604845338504
15.083459249677686
15.16046716766498
15.171040712400032
15.20596204193697
15.220492638482442
15.271954695981202
15.30665016432983
15.363407752864896
15.374314145534028
15.482353100930982
15.496995276662412
15.544255426803167
15.587946326211462
15.633831752070314
15.665313800317206
15.767660952369901
15.800944505836178
15.83421205401616
15.854785466778637
15.900420914867988
15.943784334995872
15.970842006557952
15.992029371121927
16.030474126177307
16.050187030481265
16.1087726904616
16.129094280897775
16.148938720434238
16.195875395648734
16.24595350060295
16.306413089324703
16.311534951632662
16.356005850434695
16.428979926919737
16.496152456688936
16.549157385921028
16.57973342813552
16.58266815340411
16.59291760463881
16.646890493256837
16.685314176652657
16.707673054632124
16.796228307480064
16.826890481944616
16.856338305811764
16.88509610934499
16.91248926460183
16.96914295519868
17.008756910329605
17.041313067558313
17.09339186455312
17.106949183361813
17.119652208715994
17.170355037035062
17.197256372430278
17.23595816856118
17.299346443852947
17.316127587747463
17.34392791758219
17.348666198889443
17.402567143842422
17.435951430545348
17.46711167546144
17.510048437725416
17.540072300433575
17.557886791186974
17.62418161887167
17.628102846862962
17.66106359209981
17.729378075676685
17.751129017333277
17.78131638036402
17.806597761822523
17.833572435050357
17.881858988456578
17.93473742912922
17.949015923992473
17.993466241641272
18.00589680949317
18.03934894236565
18.067045149009438
18.068665524179398
18.122928410000377
18.14289738432121
18.20895415167152
18.227472673747236
18.277745625097896
18.29707960523995
18.315716981415846
18.36944114545178
18.423811472634227
18.48512888450963
18.506224517866546
18.565849193866384
18.57986073087433
18.607507683812283
18.65480533739649
18.6657749030384
18.697890230056064
18.738914343590174
18.785292270429714
18.801436628230324
18.854241045791916
18.86548115009655
18.901334667237947
18.94500052411061
18.957317785716704
18.980873048444845
19.0092334950619
19.035859309437615
19.092558202474283
19.10089924830349
19.13784575205291
19.144818115755026
19.18011450256416
19.196494662045414
19.256657001160715
19.27935238452522
19.309758914742947
19.401926707605444
19.481273458117787
19.501647735784328
19.55693433608769
19.569079657777472
19.5879673217561
19.64828207163724
19.68349394413737
19.71871142005452
19.758189870522465
19.78621575180207
19.79555973420908
19.82765658942064
19.86535336625489
19.89907873852719
19.95531340435334
19.975695776331627
19.996069898258
20.029830943265676
20.085950354087345
20.090728223623824
20.150348478946245
20.179425007121502
20.220294859194432
20.273637907810457
20.282567549248686
20.28832112061429
20.34971009087808
20.396750618547493
20.409849903447363
20.427556227337394
20.45738169896994
20.506635150079973
20.5238194016743
20.57074824684657
20.60173859759897
20.623586052084192
20.653063369675053
20.729095246657113
20.737688013677758
20.76638246085735
20.799234674806918
20.8305768901224
20.83318541961564
20.871752580809297
20.88482191860419
20.898703858022184
20.93709774642165
20.961486238603786
20.996201672079504
21.007928130225636
21.04556354364762
21.091183064288717
21.125003401430224
21.16961287811166
21.191128129894484
21.221148587298266
21.281277729238468
21.32448261075152
21.333943539679897
21.40400188709178
21.433675586220115
21.5288046257227
21.55304918800679
21.6020712104672
21.61195731669876
21.672948413853153
21.70018953841044
21.71323543094083
21.756385281066038
21.79939452879784
21.82605544628828
21.880048373219687
21.904690244299303
21.933347328181416
21.960415380796533
22.021159173102973
22.063568317906974
22.08188010804179
22.12442014955066
22.17296001108734
22.200411363654524
22.25518167415465
22.264654578491005
22.279216964648985
22.33767940915472
22.35977407212974
22.42193812904678
22.464907803246913
22.501184767369153
22.523475492565893
22.557890559466195
22.583681176883637
22.607683179498014
22.63906636488109
22.66355426117231
22.708013945566776
22.73941684020153
22.77552152525698
22.814215602545783
22.867578972933057
22.91430135314922
22.935721147250497
22.94839340263049
22.971780603554993
22.999868047840668
23.05097089145673
23.079459273515027
23.09361847435371
23.157688476301747
23.219488668353453
23.27335303039291
23.30252060015946
23.3232959750195
23.357882111929268
23.428030610288346
23.45932325170987
23.49636830409943
23.528933689219702
23.569100710164346
23.601823884167395
23.64831053055829
23.68177173035684
23.753034705573988
23.76265202030287
23.796878867123045
23.81241656594076
23.88592993496868
23.93520480763129
23.970562705842728
24.00019403293727
24.019195626078744
24.08824484846086
24.128351918373394
24.14994024124842
24.153373420962946
24.198303413791095
24.242749983743998
24.266473365369013
24.30134104388783
24.347088334375012
24.380460763246237
24.417493967892355
24.47210779216819
24.492869582705783
24.51934407131278
24.557770005720887
24.621032923012137
24.663534789712678
24.712300603089837
24.738937433874774
24.769261253990777
24.78606520825279
24.835402165265563
24.843069506427106
24.879319828604338
24.89969187539939
25.009959583844182
25.015212790458104
25.090519714387685
25.132948381553376
25.16088619583175
25.229656006353324
25.254285716321544
25.355979459587896
25.382527815132146
25.4491234604028
25.492656542790844
25.551564870361705
25.56615291305354
25.63481747402357
25.67685381018387
25.690487588637342
25.757057951118135
25.774559256328025
25.80856319015148
25.86906328391383
25.88691820659077
25.95146937858955
25.97966594557217
26.024916957345038
26.077728873093545
26.121863148708595
26.18353951821478
26.22504743438823
26.233242458710578
26.254152256732684
26.305457147798432
26.318022895685885
26.407294162470205
26.428107576310637
26.439766069578813
26.464054367534743
26.527374668806193
26.550895429464795
26.59361774339687
26.653153612829552
26.712740689463285
26.765386683282888
26.83998506751994
26.87862736401865
26.920433251627827
26.968839547133424
27.00572086136036
27.05648478003814
27.076718338365406
27.114573295046277
27.205324118290548
27.261763965628536
27.30539404228678
27.368768035757164
27.402655041672908
27.460019247821997
27.48429737577954
27.54712132940836
27.59295817890832
27.65470430614884
27.72557868799276
27.758276690025994
27.83269817785971
27.86197440205535
27.910130501067695
27.94009057129521
28.050251572562097
28.08220299673685
28.108365182754206
28.12927372082986
28.204785709141838
28.221173151730415
28.314225949479667
28.33602800853838
28.377977726513475
28.423070369334546
28.504329586532126
28.583784242198355
28.662273008687347
28.676483301654724
28.714973318612397
28.74711364878208
28.80319164635391
28.922672603611616
28.996959703003117
29.026372658488754
29.070159407489292
29.117019517201694
29.19019141066605
29.289284661409795
29.363187718829746
29.409017612739287
29.46414037264038
29.561695975369478
29.645267540883413
29.762892820756424
29.798778068081205
29.820361351851336
29.840927235623887
29.871041737983525
29.95438871135638
30.08472301791581
30.119238306897874
30.173577594681326
30.23168657700203
30.303872332927114
30.353010555445785
30.4404967423244
30.459067990985055
30.60821489869097
30.69848914433196
30.75496813703704
30.866379465447196
30.936595733362495
30.972164943516756
31.077763812991606
31.133303957868407
31.189228481830913
31.234364547395504
31.24824065306939
31.34715345082666
31.441300967690736
31.528773253892727
31.69812587245718
31.785949354686764
31.79250000667036
31.861668474267304
31.941052516539507
31.967036409445424
32.030735808036354
32.17676499939113
32.40814025533744
32.45257115769956
32.553971534071344
32.85983934378852
33.017031386023724
33.05172169038858
33.20290220065093
33.41267304560766
33.75381031738276
34.4089108397609
34.435478895518614
35.11666228020217
36.99727527125127
