0.8813359756101327
0.9488826510573778
1.0464900487396325
1.0838402848885356
1.1228045419067199
10.072243781389327
10.371292254640649
10.539530403873016
10.646642407864032
11.191475736094489
11.679124206377029
11.70087970443467
11.747714401013878
11.842156868449063
11.909799789749007
11.94645851902402
12.028725677834695
12.096267036793842
12.235145721691621
12.411076638656194
12.457671347613601
12.507581245278818
12.548624120232386
12.604457796078627
12.641989234700606
12.64741935362022
12.676430915411872
12.715885775540206
12.827651838935948
12.895424303294828
12.916957038764863
12.95126957239601
13.029221600612317
13.16615380644174
13.199598064270033
13.255086368052416
13.376634686710332
13.426616915046157
13.459619605964276
13.492424597267831
13.589366506914764
13.622153922316494
13.715120734152812
13.812872234855686
13.930241415132949
13.956250919520684
13.962675105805074
13.99271064937693
14.077953757410823
14.108216298779631
14.196097523455686
14.208630128705765
14.244776643744698
14.277968193343355
14.363512336439241
14.426334918990369
14.46793227759917
14.49718688766116
14.505542885053776
14.529257671685937
14.554302981547456
14.639512617991695
14.773156609176203
14.806766611160636
14.837169677953783
14.883848438067206
14.96015503635055
14.994887613306023
15.017425297162378
15.083527886284331
15.143533301004435
15.182572435336315
15.207189309669278
15.241207607617158
15.367195869625784
15.395087394531341
15.416415135881643
15.478888019599214
15.508474559806118
15.518232818227451
15.574974704012766
15.592748992474206
15.65510308300929
15.707075452005068
15.729885364661863
15.749609992401943
15.855002531214836
15.90574489565901
15.939960750385813
16.00621314832925
16.023286939611076
16.055590971502255
16.135564834035456
16.151043483150225
16.168721749677964
16.19050160706884
16.222990622224504
16.252855793435767
16.303830233467163
16.31418065344562
16.337063139057772
16.379117919992076
16.42493357971339
16.49667860918052
16.527144970706235
16.566724865615353
16.604827680327926
16.64988975761379
16.685572139417943
16.729151024303423
16.761562797776392
16.825791455655533
16.83904608613028
16.869638706145007
16.877034129137066
16.918231456343094
16.938966629840298
16.946210506071004
17.007399765741685
17.075768868067396
17.10295574305886
17.11262332837898
17.18619442820225
17.22119443707251
17.254515415304166
17.26298855408724
17.310791878708592
17.38090098699333
17.42363046799925
17.43796060861993
17.463178556251734
17.485734177423783
17.506846232733142
17.567426864326258
17.5878887407861
17.610888548346452
17.709969538877342
17.72186941664239
17.781545898812443
17.788586130394215
17.81602083674145
17.869308387009294
17.926693041999844
17.972239485929993
17.998714935641953
18.032320197540983
18.053790216831995
18.08895723295236
18.12910044366543
18.162543509969677
18.200344226186658
18.234556722934506
18.289097536613426
18.29392276807095
18.337224719264643
18.372520378703925
18.39399182822161
18.434701787285388
18.486769007469054
18.512859534246868
18.53042073488222
18.5629180276233
18.612684690161277
18.6335196184854
18.67077976489919
18.718257476599565
18.75890946240378
18.784349410084925
18.80360214770647
18.88135088373722
18.91570057645771
18.94796652232661
18.96993717723
19.0348936560619
19.04766762661371
19.05852035805335
19.102697538773928
19.121989600954326
19.142870627386767
19.16196954651714
19.20827828216542
19.226723506586886
19.274493051866628
19.30169492474501
19.344917996768967
19.38855830413992
19.45833930635476
19.466035579187672
19.496242974381907
19.52344456805838
19.539933060067927
19.57942977800819
19.597782668824507
19.608120886388527
19.676587602823187
19.69900163737673
19.726860019709132
19.78190729679509
19.810657034065706
19.867061969353227
19.90666303339221
19.923914207215393
19.964923444817337
19.984717084234656
20.013353492523457
20.04852628476159
20.066804391335506
20.13536104979692
20.139007067960833
20.220092082050144
20.26435621099737
20.293636493151382
20.31234941341718
20.360359509787084
20.39861442538931
20.417839744122578
20.46520557266816
20.479390890983304
20.51409769850183
20.533299836069812
20.545782412319348
20.59461210582362
20.624068818207366
20.68229457751978
20.69995346128563
20.72506766080929
20.757610243921437
20.777801414870193
20.884309624698016
20.918361664076667
20.953638523374483
20.991949855199653
21.044240350942005
21.05786664370119
21.106410201853617
21.12584395958671
21.162131647181116
21.197347922218942
21.261146106655485
21.279934332160558
21.312037386010353
21.314341392961396
21.33513912659205
21.41488455455834
21.444960978028224
21.45802302749709
21.511565915573257
21.53407684503853
21.56351494262773
21.621016424378798
21.64449289702952
21.65890234781113
21.676996950549917
21.705418665978847
21.77109426973804
21.815853492725587
21.84799361840841
21.853756303834484
21.868616338102697
21.890580934870048
21.934197479533744
21.98044313580796
22.014718515145056
22.04578105941284
22.070443016007122
22.093829663573334
22.1280006333145
22.155910106490257
22.16224017985711
22.234870351156367
22.24057897838074
22.282428681241154
22.3323446173671
22.34411513633429
22.35231456163259
22.413197978171247
22.433552569935895
22.456071051085342
22.489290248627594
22.50677809176348
22.569478029992098
22.575182292414258
22.608989587430564
22.64016045075022
22.697766655129968
22.704684350568993
22.72724761141447
22.799148973176965
22.80571467543577
22.895690307536462
22.92672387241813
22.963402122260455
23.00140829824043
23.036640124831226
23.074530416492163
23.120327003673516
23.201780594870378
23.267159212647492
23.294928572642778
23.305881972580522
23.34026733506887
23.38698754110217
23.401104248780623
23.439373031367026
23.46455575050628
23.49564351521094
23.541948840968388
23.579161683921654
23.624246736946212
23.695015722878598
23.701032517807622
23.77569798261843
23.798335892019118
23.837196324722928
23.88208751814899
23.90998243604631
23.9434722043474
23.984513886891612
24.048568545788804
24.08258708897087
24.093559327026515
24.139777388172384
24.17707022316625
24.198495377261448
24.227938721411082
24.26787060982191
24.285477575435042
24.29801450540348
24.36181116290622
24.408983682912798
24.42908376699175
24.51758787170136
24.538826266968073
24.603874442727832
24.611824054323193
24.67085529905869
24.708867156941523
24.715266916400417
24.755697971768715
24.777831185180833
24.828205668910442
24.878493841772492
24.922782087149603
24.96809644623379
25.019451365916723
25.03630502161149
25.062777365747493
25.094231337246917
25.139721237094005
25.16014594013295
25.19760509619419
25.25726052569658
25.284044768024607
25.311802309667698
25.352147634513354
25.37768569804122
25.474409233342385
25.534452554074182
25.54884735696699
25.598680201188454
25.631095480655326
25.66877367413876
25.673015399879183
25.717570061751776
25.780162561562655
25.8713407824746
25.879222622414474
25.93770510198296
25.949961495667516
25.9711688108562
26.026340444311145
26.086317952664587
26.122348002937652
26.188851172027768
26.228281277294794
26.24534136271312
26.26125214156644
26.304382270033162
26.371597076341683
26.398354916581532
26.464251155843023
26.50572159793404
26.53951880609082
26.575052565689987
26.650186633026742
26.682954772720002
26.70590474398497
26.743035165532785
26.830588302707913
26.847904440680356
26.88455411089217
26.955167772442934
27.004998307318594
27.00748351604016
27.07110556196412
27.113775929597445
27.120324461892338
27.184816219125796
27.298896104252787
27.314002909952745
27.325010262382317
27.35223447881771
27.38362479421773
27.39726742177695
27.42524765437358
27.539689157472733
27.591997537670313
27.610852742280123
27.641281083296843
27.712992393961265
27.721687771670073
27.828710369036276
27.89501137966243
27.908562874394672
27.964849032034913
28.003782628548993
28.02107870566097
28.075306700095084
28.08713707589447
28.15212261085145
28.19851493644537
28.265177536212367
28.28495750906838
28.37610498083747
28.43573761448282
28.516314344896898
28.55269925061668
28.592708228720074
28.626540876519197
28.65017629909885
28.67976962866919
28.72304477743219
28.810873583679157
28.88653928132354
28.897159821196215
28.936088494931898
28.981397102130565
29.03559705523331
29.128121244065852
29.17252394806907
29.224770081287506
29.239208654515327
29.335576186397535
29.388921220429882
29.499875243341762
29.53549336054481
29.670089220993738
29.687992261959206
29.785320788213028
29.829529332576943
29.878499130290823
29.90434532998271
29.91941442859399
30.0278559124416
30.040761959509183
30.114688561050016
30.191220466274448
30.209956573962724
30.348563598451882
30.423735385953737
30.45807799867542
30.494328788619693
30.520778355924612
30.626296596811645
30.670527209067505
30.718565303208752
30.862653614362046
30.918146112884372
30.93409446177759
30.950352463665496
31.023241735782342
31.095537082625448
31.148136522314275
31.30808782058584
31.394148125046865
31.518488109981444
31.687511652732656
31.733968716440938
31.892611271730487
32.00016976390357
32.065628490072214
32.18342405990615
32.22244430611872
32.332159562575896
32.4813443935608
32.582420757728876
32.72337401138087
32.74427466420273
32.874206191059294
33.15860949691117
33.32223090502197
33.38970202803853
33.591209612054605
33.7608802200712
33.970818341376166
34.208868437280906
34.26183063338016
34.56723600037264
35.06520296114422
0.8813359756101327
0.9488826510573778
1.0464900487396325
1.0838402848885356
1.1228045419067199
10.072243781389327
10.371292254640649
10.539530403873016
10.646642407864032
11.191475736094489
11.679124206377029
11.70087970443467
11.747714401013878
11.842156868449063
11.909799789749007
11.94645851902402
12.028725677834695
12.096267036793842
12.235145721691621
12.411076638656194
12.457671347613601
12.507581245278818
12.548624120232386
12.604457796078627
12.641989234700606
12.64741935362022
12.676430915411872
12.715885775540206
12.827651838935948
12.895424303294828
12.916957038764863
12.95126957239601
13.029221600612317
13.16615380644174
13.199598064270033
13.255086368052416
13.376634686710332
13.426616915046157
13.459619605964276
13.492424597267831
13.589366506914764
13.622153922316494
13.715120734152812
13.812872234855686
13.930241415132949
13.956250919520684
13.962675105805074
13.99271064937693
14.077953757410823
14.108216298779631
14.196097523455686
14.208630128705765
14.244776643744698
14.277968193343355
14.363512336439241
14.426334918990369
14.46793227759917
14.49718688766116
14.505542885053776
14.529257671685937
14.554302981547456
14.639512617991695
14.773156609176203
14.806766611160636
14.837169677953783
14.883848438067206
14.96015503635055
14.994887613306023
15.017425297162378
15.083527886284331
15.143533301004435
15.182572435336315
15.207189309669278
15.241207607617158
15.367195869625784
15.395087394531341
15.416415135881643
15.478888019599214
15.508474559806118
15.518232818227451
15.574974704012766
15.592748992474206
15.65510308300929
15.707075452005068
15.729885364661863
15.749609992401943
15.855002531214836
15.90574489565901
15.939960750385813
16.00621314832925
16.023286939611076
16.055590971502255
16.135564834035456
16.151043483150225
16.168721749677964
16.19050160706884
16.222990622224504
16.252855793435767
16.303830233467163
16.31418065344562
16.337063139057772
16.379117919992076
16.42493357971339
16.49667860918052
16.527144970706235
16.566724865615353
16.604827680327926
16.64988975761379
16.685572139417943
16.729151024303423
16.761562797776392
16.825791455655533
16.83904608613028
16.869638706145007
16.877034129137066
16.918231456343094
16.938966629840298
16.946210506071004
17.007399765741685
17.075768868067396
17.10295574305886
17.11262332837898
17.18619442820225
17.22119443707251
17.254515415304166
17.26298855408724
17.310791878708592
17.38090098699333
17.42363046799925
17.43796060861993
17.463178556251734
17.485734177423783
17.506846232733142
17.567426864326258
17.5878887407861
17.610888548346452
17.709969538877342
17.72186941664239
17.781545898812443
17.788586130394215
17.81602083674145
17.869308387009294
17.926693041999844
17.972239485929993
17.998714935641953
18.032320197540983
18.053790216831995
18.08895723295236
18.12910044366543
18.162543509969677
18.200344226186658
18.234556722934506
18.289097536613426
18.29392276807095
18.337224719264643
18.372520378703925
18.39399182822161
18.434701787285388
18.486769007469054
18.512859534246868
18.53042073488222
18.5629180276233
18.612684690161277
18.6335196184854
18.67077976489919
18.718257476599565
18.75890946240378
18.784349410084925
18.80360214770647
18.88135088373722
18.91570057645771
18.94796652232661
18.96993717723
19.0348936560619
19.04766762661371
19.05852035805335
19.102697538773928
19.121989600954326
19.142870627386767
19.16196954651714
19.20827828216542
19.226723506586886
19.274493051866628
19.30169492474501
19.344917996768967
19.38855830413992
19.45833930635476
19.466035579187672
19.496242974381907
19.52344456805838
19.539933060067927
19.57942977800819
19.597782668824507
19.608120886388527
19.676587602823187
19.69900163737673
19.726860019709132
19.78190729679509
19.810657034065706
19.867061969353227
19.90666303339221
19.923914207215393
19.964923444817337
19.984717084234656
20.013353492523457
20.04852628476159
20.066804391335506
20.13536104979692
20.139007067960833
20.220092082050144
20.26435621099737
20.293636493151382
20.31234941341718
20.360359509787084
20.39861442538931
20.417839744122578
20.46520557266816
20.479390890983304
20.51409769850183
20.533299836069812
20.545782412319348
20.59461210582362
20.624068818207366
20.68229457751978
20.69995346128563
20.72506766080929
20.757610243921437
20.777801414870193
20.884309624698016
20.918361664076667
20.953638523374483
20.991949855199653
21.044240350942005
21.05786664370119
21.106410201853617
21.12584395958671
21.162131647181116
21.197347922218942
21.261146106655485
21.279934332160558
21.312037386010353
21.314341392961396
21.33513912659205
21.41488455455834
21.444960978028224
21.45802302749709
21.511565915573257
21.53407684503853
21.56351494262773
21.621016424378798
21.64449289702952
21.65890234781113
21.676996950549917
21.705418665978847
21.77109426973804
21.815853492725587
21.84799361840841
21.853756303834484
21.868616338102697
21.890580934870048
21.934197479533744
21.98044313580796
22.014718515145056
22.04578105941284
22.070443016007122
22.093829663573334
22.1280006333145
22.155910106490257
22.16224017985711
22.234870351156367
22.24057897838074
22.282428681241154
22.3323446173671
22.34411513633429
22.35231456163259
22.413197978171247
22.433552569935895
22.456071051085342
22.489290248627594
22.50677809176348
22.569478029992098
22.575182292414258
22.608989587430564
22.64016045075022
22.697766655129968
22.704684350568993
22.72724761141447
22.799148973176965
22.80571467543577
22.895690307536462
22.92672387241813
22.963402122260455
23.00140829824043
23.036640124831226
23.074530416492163
23.120327003673516
23.201780594870378
23.267159212647492
23.294928572642778
23.305881972580522
23.34026733506887
23.38698754110217
23.401104248780623
23.439373031367026
23.46455575050628
23.49564351521094
23.541948840968388
23.579161683921654
23.624246736946212
23.695015722878598
23.701032517807622
23.77569798261843
23.798335892019118
23.837196324722928
23.88208751814899
23.90998243604631
23.9434722043474
23.984513886891612
24.048568545788804
24.08258708897087
24.093559327026515
24.139777388172384
24.17707022316625
24.198495377261448
24.227938721411082
24.26787060982191
24.285477575435042
24.29801450540348
24.36181116290622
24.408983682912798
24.42908376699175
24.51758787170136
24.538826266968073
24.603874442727832
24.611824054323193
24.67085529905869
24.708867156941523
24.715266916400417
24.755697971768715
24.777831185180833
24.828205668910442
24.878493841772492
24.922782087149603
24.96809644623379
25.019451365916723
25.03630502161149
25.062777365747493
25.094231337246917
25.139721237094005
25.16014594013295
25.19760509619419
25.25726052569658
25.284044768024607
25.311802309667698
25.352147634513354
25.37768569804122
25.474409233342385
25.534452554074182
25.54884735696699
25.598680201188454
25.631095480655326
25.66877367413876
25.673015399879183
25.717570061751776
25.780162561562655
25.8713407824746
25.879222622414474
25.93770510198296
25.949961495667516
25.9711688108562
26.026340444311145
26.086317952664587
26.122348002937652
26.188851172027768
26.228281277294794
26.24534136271312
26.26125214156644
26.304382270033162
26.371597076341683
26.398354916581532
26.464251155843023
26.50572159793404
26.53951880609082
26.575052565689987
26.650186633026742
26.682954772720002
26.70590474398497
26.743035165532785
26.830588302707913
26.847904440680356
26.88455411089217
26.955167772442934
27.004998307318594
27.00748351604016
27.07110556196412
27.113775929597445
27.120324461892338
27.184816219125796
27.298896104252787
27.314002909952745
27.325010262382317
27.35223447881771
27.38362479421773
27.39726742177695
27.42524765437358
27.539689157472733
27.591997537670313
27.610852742280123
27.641281083296843
27.712992393961265
27.721687771670073
27.828710369036276
27.89501137966243
27.908562874394672
27.964849032034913
28.003782628548993
28.02107870566097
28.075306700095084
28.08713707589447
28.15212261085145
28.19851493644537
28.265177536212367
28.28495750906838
28.37610498083747
28.43573761448282
28.516314344896898
28.55269925061668
28.592708228720074
28.626540876519197
28.65017629909885
28.67976962866919
28.72304477743219
28.810873583679157
28.88653928132354
28.897159821196215
28.936088494931898
28.981397102130565
29.03559705523331
29.128121244065852
29.17252394806907
29.224770081287506
29.239208654515327
29.335576186397535
29.388921220429882
29.499875243341762
29.53549336054481
29.670089220993738
29.687992261959206
29.785320788213028
29.829529332576943
29.878499130290823
29.90434532998271
29.91941442859399
30.0278559124416
30.040761959509183
30.114688561050016
30.191220466274448
30.209956573962724
30.348563598451882
30.423735385953737
30.45807799867542
30.494328788619693
30.520778355924612
30.626296596811645
30.670527209067505
30.718565303208752
30.862653614362046
30.918146112884372
30.93409446177759
30.950352463665496
31.023241735782342
31.095537082625448
31.148136522314275
31.30808782058584
31.394148125046865
31.518488109981444
31.687511652732656
31.733968716440938
31.892611271730487
32.00016976390357
32.065628490072214
32.18342405990615
32.22244430611872
32.332159562575896
32.4813443935608
32.582420757728876
32.72337401138087
32.74427466420273
32.874206191059294
33.15860949691117
33.32223090502197
33.38970202803853
33.591209612054605
33.7608802200712
33.970818341376166
34.208868437280906
34.26183063338016
34.56723600037264
35.06520296114422
