0.7891650450526955
0.8388232169316455
0.8612789502151379
0.9795115723103479
1.0297339275544328
7.4191201839263465
9.32245692396713
10.8022952580794
10.903085968154043
11.054548925368236
11.14513341794674
11.435344627435933
11.49369497469113
11.556809325682401
11.749601122020024
11.865934005571473
11.99206096417333
12.051745135804111
12.071555172658565
12.271758473376604
12.399129557720272
12.507675358742757
12.585407196508713
12.676574706063223
12.781891175432886
12.875698021279716
12.977612767462315
13.039583358081972
13.08424309966671
13.119311358550982
13.245273210513453
13.350938950444874
13.430198637346873
13.459814370763999
13.484819187794672
13.52425897768699
13.60521410276801
13.691755600376439
13.710366296119236
13.81759309767871
13.856191256628513
13.89595267338602
13.923897677342877
13.955537770914814
14.047548568078634
14.081337447327613
14.136234460630615
14.188893173913447
14.269809191277622
14.288264460668206
14.311107625880334
14.346593131623177
14.36369938979103
14.432277075645564
14.44690645430902
14.509146150133684
14.561062299417882
14.65538800705339
14.753395031996323
14.81856478717177
14.848319372951064
14.894872758332399
14.943840522368967
14.987196802404757
15.065379253945977
15.078052911491678
15.115248139236176
15.17875121730895
15.203399500764537
15.295968670902404
15.31366047015966
15.329518457546628
15.357904051390456
15.367379046429614
15.43734182722633
15.491396154968482
15.527182555569421
15.552155968037486
15.604254597078826
15.67413911888
15.733361269392542
15.774250358319483
15.808339965556945
15.837462434004355
15.86806256338547
15.891119345541778
15.909533799198973
16.018772225988215
16.05551354548951
16.0965486883218
16.13785698162589
16.16793124943416
16.18387652881959
16.22450267746624
16.304330354578713
16.347299807914272
16.35821568893129
16.3842783365602
16.426365280241246
16.47651688202236
16.529562762819218
16.558822054465868
16.56893588778151
16.61910834547084
16.640015703248046
16.660359389624233
16.734848285892507
16.766149564123644
16.773456501144686
16.792178096669332
16.846033767598716
16.87883520079845
16.89295418134448
16.95663784842453
17.019254578080652
17.048409218359815
17.10143990518058
17.128511692910802
17.138322942228974
17.180493742826883
17.238671081384556
17.25672162115816
17.33503770533988
17.352283026811158
17.393527920613142
17.426352168457488
17.476597309114492
17.50574707587349
17.553518414305994
17.6037899686135
17.631400481648264
17.676588993543902
17.722769502718098
17.74147139905071
17.76999232945255
17.793775742578188
17.817509391879096
17.870237877903133
17.904195869717135
17.916123618796302
17.96164764248879
17.96967669333391
18.030628216416808
18.068249590787573
18.11160301756138
18.131686597909415
18.18823235149475
18.234188546270797
18.273306502330552
18.30786474926451
18.349406990062175
18.389576447749867
18.41519398767382
18.471328442169217
18.534013877608594
18.544388713904166
18.582174580928413
18.58841140054755
18.618390333334897
18.674724190049243
18.708234562609743
18.73437392518918
18.764841409848625
18.83860946492674
18.84407303906329
18.893096365092962
18.925915890117203
18.94237916360756
18.954980129819468
19.007377553144313
19.026759617390656
19.076554199321734
19.098005115769595
19.108966748929713
19.140991781212346
19.21672858375758
19.248597765518102
19.262419351193184
19.290496844981224
19.311467995301975
19.365625799144887
19.42198036320746
19.441193035914388
19.447268713944023
19.486198599672864
19.511477790106856
19.530970161298583
19.60444198319948
19.64210340514948
19.661957895267612
19.688178857269662
19.721328611845955
19.765124731031552
19.786349868762706
19.801753959614793
19.834713236395054
19.928543294597358
19.97094877939125
20.00607588794468
20.03702245204125
20.061083207720138
20.094928495411345
20.10682920455649
20.157326371659494
20.207520101216534
20.22497474199237
20.266762265161653
20.284097219297777
20.327188300198433
20.363834602455725
20.386806550327822
20.433929218803144
20.470301915643105
20.48907718002192
20.538429756373297
20.588146555828
20.62320868699362
20.65320163188227
20.66923251079531
20.715615531612336
20.74811947567454
20.785538163960975
20.838184025342112
20.849971445795394
20.90707441678349
20.925035818759337
20.976499004493277
21.03208497090581
21.07138663449961
21.098908878555743
21.122806027701486
21.156793474017466
21.157930996611405
21.22448980664231
21.249075692931743
21.268718774527095
21.314358782233516
21.36378810343128
21.38210257777652
21.392717238231675
21.45075308235746
21.457678003081483
21.488473098950912
21.50795536146332
21.568643265876037
21.575317491439158
21.661894684690395
21.7228844004052
21.758849461183498
21.778183385733
21.835149661208813
21.85354667632173
21.924621620643503
21.943736013861766
21.968023602870588
22.001804451645814
22.045014026493643
22.069810915395703
22.130635791666656
22.139017144477886
22.162389807416083
22.187595471800787
22.20272730679988
22.24193248417868
22.2730820165906
22.32891642391239
22.33997374056591
22.40392709099392
22.419077249148252
22.452512770937
22.465323968338872
22.5070712261654
22.533086711529453
22.544660197974178
22.62384419573386
22.633614124161124
22.707039250264266
22.730826649947318
22.76073109588856
22.7817373360652
22.81931709529227
22.844019195440083
22.89839944658072
22.938208422022
22.953773044715597
22.99081680232969
23.021183877104306
23.050050533396792
23.059199421672897
23.105966482017248
23.143448101379164
23.180069120175865
23.234171109117202
23.268414549666904
23.316316970446298
23.341529604514264
23.34907346149844
23.402801170241656
23.43717232592554
23.45386042346759
23.535177900229442
23.56061743522567
23.600680977599716
23.62343851006784
23.658102604508052
23.68090050966498
23.73430444663853
23.773706497718226
23.79381243296605
23.814247270234052
23.856053043963755
23.90757763814891
23.92265051743775
23.974837637197446
23.99622217484439
24.031740126124944
24.09937420668259
24.13541924541868
24.16248591216085
24.212557643762118
24.231943731011338
24.265209393421316
24.30210992772251
24.32510734188034
24.36192081678734
24.378716768064656
24.395404237489515
24.415307169441135
24.489914574598803
24.535592184421276
24.581270668174483
24.61323444959574
24.66927617059408
24.68540766773057
24.735614316763428
24.773689993150988
24.852191535410096
24.918229581828886
24.935781257178306
24.93700452686397
25.017726857510326
25.06722233083329
25.11623467847375
25.181971648117788
25.189534862997302
25.229744263068394
25.252341864559835
25.310899459113095
25.367436420992124
25.41065986892469
25.4841734855369
25.516133036208807
25.566869696081838
25.592853857788015
25.612754852656042
25.658057117997
25.668912597104427
25.736153707934367
25.80423153420755
25.82448369551535
25.852455212248348
25.924490643956826
25.946464633360584
26.018450863348644
26.0648555708783
26.075771340742964
26.103752279596513
26.128609570639796
26.191697205380212
26.200227687890006
26.24664905440715
26.265438444188113
26.310533054380087
26.32307476352087
26.42165813335628
26.446461492798864
26.489374931039208
26.515954695581705
26.547760467543274
26.571202609468944
26.612883714955764
26.669061767136725
26.754330114376312
26.81249286544051
26.83492692088559
26.842873082636174
26.854522296113053
26.902755683750744
27.01165880949991
27.04857927789743
27.0751353563143
27.123997261394667
27.157587970512576
27.199255371682725
27.219059897256344
27.278621353149493
27.336436474477853
27.366912951282597
27.443729062244152
27.462520140519118
27.499052245320545
27.54666727964065
27.605258957428862
27.663046879589203
27.701394413632478
27.73963638423954
27.76247597597953
27.813582949771973
27.836725254008723
27.85679937089975
27.914890895737344
28.02522565147956
28.031472843966633
28.089618559483437
28.121872936295418
28.143808276652276
28.150147369431515
28.323568560439053
28.37509895225935
28.41382513565548
28.42556307040963
28.46025404073333
28.47408236020051
28.554925091831038
28.61766330236864
28.63459571030189
28.653627521294535
28.71275839962252
28.811400517733844
28.850473173408815
28.903136242184537
28.969417393975597
28.98058269441179
29.034955746820334
29.09879592519633
29.159037860410812
29.180249652227566
29.228798720098382
29.305260189241963
29.367389485865672
29.44842529531793
29.47809165011977
29.526692671240646
29.62815291849142
29.643812970961754
29.711533720373378
29.76551926561054
29.91289168917157
29.981853605718243
30.04894543702092
30.0995806345767
30.116260780454954
30.182992183875317
30.216149155454378
30.25106151040041
30.29019451319675
30.362662915257076
30.38643204794086
30.45035698669065
30.51603606554614
30.555247609022455
30.615332228426528
30.653165508729646
30.72638212245635
30.858874494183524
30.985442381140462
31.041664606807572
31.14952059809409
31.207905586596958
31.24565718611981
31.332728400706937
31.409372931973742
31.42121552834787
31.55275008345534
31.624083279517816
31.77703665510172
31.8221957051501
31.865186800439965
32.05868597548876
32.20507090832754
32.301543538033656
32.31944724399702
32.53718694077629
32.61749277701118
32.738924832283324
32.88995049581977
32.98673517056951
33.076457532825344
33.288077174858394
33.33895859387335
33.48730215262793
33.677608689322284
33.753700767086144
34.0319882798716
34.278411581679464
34.86898833528623
35.21815711344681
36.313849989115134
36.43115231022232
0.7891650450526955
0.8388232169316455
0.8612789502151379
0.9795115723103479
1.0297339275544328
7.4191201839263465
9.32245692396713
10.8022952580794
10.903085968154043
11.054548925368236
11.14513341794674
11.435344627435933
11.49369497469113
11.556809325682401
11.749601122020024
11.865934005571473
11.99206096417333
12.051745135804111
12.071555172658565
12.271758473376604
12.399129557720272
12.507675358742757
12.585407196508713
12.676574706063223
12.781891175432886
12.875698021279716
12.977612767462315
13.039583358081972
13.08424309966671
13.119311358550982
13.245273210513453
13.350938950444874
13.430198637346873
13.459814370763999
13.484819187794672
13.52425897768699
13.60521410276801
13.691755600376439
13.710366296119236
13.81759309767871
13.856191256628513
13.89595267338602
13.923897677342877
13.955537770914814
14.047548568078634
14.081337447327613
14.136234460630615
14.188893173913447
14.269809191277622
14.288264460668206
14.311107625880334
14.346593131623177
14.36369938979103
14.432277075645564
14.44690645430902
14.509146150133684
14.561062299417882
14.65538800705339
14.753395031996323
14.81856478717177
14.848319372951064
14.894872758332399
14.943840522368967
14.987196802404757
15.065379253945977
15.078052911491678
15.115248139236176
15.17875121730895
15.203399500764537
15.295968670902404
15.31366047015966
15.329518457546628
15.357904051390456
15.367379046429614
15.43734182722633
15.491396154968482
15.527182555569421
15.552155968037486
15.604254597078826
15.67413911888
15.733361269392542
15.774250358319483
15.808339965556945
15.837462434004355
15.86806256338547
15.891119345541778
15.909533799198973
16.018772225988215
16.05551354548951
16.0965486883218
16.13785698162589
16.16793124943416
16.18387652881959
16.22450267746624
16.304330354578713
16.347299807914272
16.35821568893129
16.3842783365602
16.426365280241246
16.47651688202236
16.529562762819218
16.558822054465868
16.56893588778151
16.61910834547084
16.640015703248046
16.660359389624233
16.734848285892507
16.766149564123644
16.773456501144686
16.792178096669332
16.846033767598716
16.87883520079845
16.89295418134448
16.95663784842453
17.019254578080652
17.048409218359815
17.10143990518058
17.128511692910802
17.138322942228974
17.180493742826883
17.238671081384556
17.25672162115816
17.33503770533988
17.352283026811158
17.393527920613142
17.426352168457488
17.476597309114492
17.50574707587349
17.553518414305994
17.6037899686135
17.631400481648264
17.676588993543902
17.722769502718098
17.74147139905071
17.76999232945255
17.793775742578188
17.817509391879096
17.870237877903133
17.904195869717135
17.916123618796302
17.96164764248879
17.96967669333391
18.030628216416808
18.068249590787573
18.11160301756138
18.131686597909415
18.18823235149475
18.234188546270797
18.273306502330552
18.30786474926451
18.349406990062175
18.389576447749867
18.41519398767382
18.471328442169217
18.534013877608594
18.544388713904166
18.582174580928413
18.58841140054755
18.618390333334897
18.674724190049243
18.708234562609743
18.73437392518918
18.764841409848625
18.83860946492674
18.84407303906329
18.893096365092962
18.925915890117203
18.94237916360756
18.954980129819468
19.007377553144313
19.026759617390656
19.076554199321734
19.098005115769595
19.108966748929713
19.140991781212346
19.21672858375758
19.248597765518102
19.262419351193184
19.290496844981224
19.311467995301975
19.365625799144887
19.42198036320746
19.441193035914388
19.447268713944023
19.486198599672864
19.511477790106856
19.530970161298583
19.60444198319948
19.64210340514948
19.661957895267612
19.688178857269662
19.721328611845955
19.765124731031552
19.786349868762706
19.801753959614793
19.834713236395054
19.928543294597358
19.97094877939125
20.00607588794468
20.03702245204125
20.061083207720138
20.094928495411345
20.10682920455649
20.157326371659494
20.207520101216534
20.22497474199237
20.266762265161653
20.284097219297777
20.327188300198433
20.363834602455725
20.386806550327822
20.433929218803144
20.470301915643105
20.48907718002192
20.538429756373297
20.588146555828
20.62320868699362
20.65320163188227
20.66923251079531
20.715615531612336
20.74811947567454
20.785538163960975
20.838184025342112
20.849971445795394
20.90707441678349
20.925035818759337
20.976499004493277
21.03208497090581
21.07138663449961
21.098908878555743
21.122806027701486
21.156793474017466
21.157930996611405
21.22448980664231
21.249075692931743
21.268718774527095
21.314358782233516
21.36378810343128
21.38210257777652
21.392717238231675
21.45075308235746
21.457678003081483
21.488473098950912
21.50795536146332
21.568643265876037
21.575317491439158
21.661894684690395
21.7228844004052
21.758849461183498
21.778183385733
21.835149661208813
21.85354667632173
21.924621620643503
21.943736013861766
21.968023602870588
22.001804451645814
22.045014026493643
22.069810915395703
22.130635791666656
22.139017144477886
22.162389807416083
22.187595471800787
22.20272730679988
22.24193248417868
22.2730820165906
22.32891642391239
22.33997374056591
22.40392709099392
22.419077249148252
22.452512770937
22.465323968338872
22.5070712261654
22.533086711529453
22.544660197974178
22.62384419573386
22.633614124161124
22.707039250264266
22.730826649947318
22.76073109588856
22.7817373360652
22.81931709529227
22.844019195440083
22.89839944658072
22.938208422022
22.953773044715597
22.99081680232969
23.021183877104306
23.050050533396792
23.059199421672897
23.105966482017248
23.143448101379164
23.180069120175865
23.234171109117202
23.268414549666904
23.316316970446298
23.341529604514264
23.34907346149844
23.402801170241656
23.43717232592554
23.45386042346759
23.535177900229442
23.56061743522567
23.600680977599716
23.62343851006784
23.658102604508052
23.68090050966498
23.73430444663853
23.773706497718226
23.79381243296605
23.814247270234052
23.856053043963755
23.90757763814891
23.92265051743775
23.974837637197446
23.99622217484439
24.031740126124944
24.09937420668259
24.13541924541868
24.16248591216085
24.212557643762118
24.231943731011338
24.265209393421316
24.30210992772251
24.32510734188034
24.36192081678734
24.378716768064656
24.395404237489515
24.415307169441135
24.489914574598803
24.535592184421276
24.581270668174483
24.61323444959574
24.66927617059408
24.68540766773057
24.735614316763428
24.773689993150988
24.852191535410096
24.918229581828886
24.935781257178306
24.93700452686397
25.017726857510326
25.06722233083329
25.11623467847375
25.181971648117788
25.189534862997302
25.229744263068394
25.252341864559835
25.310899459113095
25.367436420992124
25.41065986892469
25.4841734855369
25.516133036208807
25.566869696081838
25.592853857788015
25.612754852656042
25.658057117997
25.668912597104427
25.736153707934367
25.80423153420755
25.82448369551535
25.852455212248348
25.924490643956826
25.946464633360584
26.018450863348644
26.0648555708783
26.075771340742964
26.103752279596513
26.128609570639796
26.191697205380212
26.200227687890006
26.24664905440715
26.265438444188113
26.310533054380087
26.32307476352087
26.42165813335628
26.446461492798864
26.489374931039208
26.515954695581705
26.547760467543274
26.571202609468944
26.612883714955764
26.669061767136725
26.754330114376312
26.81249286544051
26.83492692088559
26.842873082636174
26.854522296113053
26.902755683750744
27.01165880949991
27.04857927789743
27.0751353563143
27.123997261394667
27.157587970512576
27.199255371682725
27.219059897256344
27.278621353149493
27.336436474477853
27.366912951282597
27.443729062244152
27.462520140519118
27.499052245320545
27.54666727964065
27.605258957428862
27.663046879589203
27.701394413632478
27.73963638423954
27.76247597597953
27.813582949771973
27.836725254008723
27.85679937089975
27.914890895737344
28.02522565147956
28.031472843966633
28.089618559483437
28.121872936295418
28.143808276652276
28.150147369431515
28.323568560439053
28.37509895225935
28.41382513565548
28.42556307040963
28.46025404073333
28.47408236020051
28.554925091831038
28.61766330236864
28.63459571030189
28.653627521294535
28.71275839962252
28.811400517733844
28.850473173408815
28.903136242184537
28.969417393975597
28.98058269441179
29.034955746820334
29.09879592519633
29.159037860410812
29.180249652227566
29.228798720098382
29.305260189241963
29.367389485865672
29.44842529531793
29.47809165011977
29.526692671240646
29.62815291849142
29.643812970961754
29.711533720373378
29.76551926561054
29.91289168917157
29.981853605718243
30.04894543702092
30.0995806345767
30.116260780454954
30.182992183875317
30.216149155454378
30.25106151040041
30.29019451319675
30.362662915257076
30.38643204794086
30.45035698669065
30.51603606554614
30.555247609022455
30.615332228426528
30.653165508729646
30.72638212245635
30.858874494183524
30.985442381140462
31.041664606807572
31.14952059809409
31.207905586596958
31.24565718611981
31.332728400706937
31.409372931973742
31.42121552834787
31.55275008345534
31.624083279517816
31.77703665510172
31.8221957051501
31.865186800439965
32.05868597548876
32.20507090832754
32.301543538033656
32.31944724399702
32.53718694077629
32.61749277701118
32.738924832283324
32.88995049581977
32.98673517056951
33.076457532825344
33.288077174858394
33.33895859387335
33.48730215262793
33.677608689322284
33.753700767086144
34.0319882798716
34.278411581679464
34.86898833528623
35.21815711344681
36.313849989115134
36.43115231022232
