0.6236722828709501
0.7027155018484896
0.7247389961649946
0.7493198402664825
0.7765908938504994
0.8112283491797441
0.8571273715657456
0.9281115009551716
1.0920113040191342
3.6493560538842824
4.5714786536598
4.976191436780595
5.20404593365323
5.72259696819301
5.852057521836
6.0381810287283395
6.072592838055713
6.163713453115438
6.237230921800869
6.273312714786823
6.336818812382504
6.356950051007223
6.383500623493826
6.449522458624459
6.623487772331417
6.690995000357336
6.780860719696977
6.806949947421319
6.823540422421533
6.8822665751767405
6.89226258594644
6.900901286707162
6.925531359056466
7.0100172023318885
7.016986481684195
7.026934243333989
7.057838287038956
7.0881384250992205
7.189540321438419
7.207912090044061
7.237093096108317
7.277762888432251
7.291083817643239
7.320036918179794
7.381249004736765
7.418417826135125
7.450148162912157
7.485051683210188
7.516843277535268
7.598715965075978
7.623288064613049
7.642773724782269
7.672329301522698
7.704394041666377
7.737035109423125
7.749481999976671
7.764929118995098
7.795158752220659
7.840223284041495
7.872703060812255
7.927254273055263
7.944984918435141
7.979727517745491
8.004324990192275
8.043451194375088
8.130397520015663
8.138874424439297
8.155599473406392
8.173843030665072
8.200557131657938
8.205306940969601
8.22356845913009
8.275806622642481
8.292373500022459
8.313291849441708
8.348871540306174
8.39217446487969
8.403129271143326
8.469430915789815
8.483980633600229
8.570125739887738
8.621382396165684
8.634279647774385
8.672128327147101
8.686872773130446
8.709017583839746
8.729653444358062
8.748864254526884
8.780397411063271
8.805585209456321
8.82078073798265
8.8961494573971
8.908086985262823
8.932098476885745
8.948080461268916
8.966264004862591
9.012585901669931
9.048182283763278
9.086752417978374
9.122466197696616
9.132898215305383
9.179121565655743
9.198468095437418
9.222695293850652
9.262112531330972
9.276742008914496
9.283118245862347
9.300369444314262
9.368353529172104
9.378701468145353
9.450558344701552
9.452746717778872
9.462189341805784
9.48109314359509
9.492845975725643
9.532622370489861
9.556958494079739
9.591408245771591
9.60896332681167
9.618556315693452
9.644517051245925
9.67638576662677
9.714054646663845
9.764186119228615
9.783194373503788
9.793385567036452
9.826023578978452
9.860740232299312
9.897795082802318
9.942709516377013
9.957929332264683
9.979253650274233
10.005501547925498
10.030576691757355
10.046508013027262
10.086050097224451
10.090893015176626
10.138311336772517
10.1762005765441
10.227340624601077
10.23648472346896
10.272949483782249
10.299160687770891
10.331266495097905
10.343984781259485
10.380616251916084
10.392909422753473
10.42782897613354
10.43768313237372
10.50297742822392
10.525052001917619
10.548107105744423
10.584723594115031
10.589752060698634
10.635152379494569
10.667197715669877
10.7202999327139
10.724453202394221
10.73928627217279
10.788707304704262
10.821122836789549
10.848157579663225
10.863092565903708
10.881521475653349
10.9121764869771
10.929171959497962
10.946407311328999
10.971459026827947
10.992689346888312
11.05065236947252
11.065383177097877
11.085901155556371
11.091410239932932
11.132567096220235
11.147947763901533
11.172873275042159
11.18771472986303
11.193694130476542
11.21680786959819
11.247561771990036
11.299110615134229
11.320379151733098
11.357872336226691
11.366273799427553
11.392613578993814
11.421036297104736
11.451353063652467
11.47246537253418
11.508051361103542
11.542629487054157
11.562074941091385
11.582688135079378
11.600198063116624
11.610140810593842
11.653844734168043
11.662060041335723
11.707560673475884
11.728074423874242
11.773925195003109
11.805988176406228
11.855953255840873
11.867406753303769
11.893733528064487
11.922505563274632
11.935733062213226
11.980248507741841
12.022324323918134
12.047045389237823
12.078576964331639
12.115041416930234
12.142629828019253
12.158099223645506
12.200913684336227
12.241526820432325
12.242563239868089
12.249787725285799
12.284313026369258
12.301034990746437
12.333843432412866
12.34295960936483
12.376098234147147
12.429345918518644
12.45132380458231
12.46461613237341
12.487061118252083
12.517342143905438
12.541657657110282
12.550466169170173
12.634565129824137
12.667134233631888
12.678593483232474
12.692259863759611
12.709704330830892
12.739915011681552
12.762831651515086
12.795152051902432
12.819179721262193
12.859734402203859
12.88675606752129
12.899099746830137
12.928939944532562
12.977204175053954
12.9925698926989
13.02093861440571
13.034468319674463
13.044452582263142
13.102299117819229
13.121668341594972
13.139654152371698
13.182070786538965
13.205531215159063
13.233010060837985
13.248337328123606
13.282397372181364
13.325065764091002
13.332876849708827
13.340443638254825
13.389653268507754
13.424513247242741
13.442211292389343
13.459168909849502
13.504759037450942
13.521557368337135
13.5516835433173
13.557907329930044
13.59319867950056
13.632513271634062
13.656741448717538
13.664913761710977
13.683395184601359
13.710216886553088
13.711125756762568
13.742551045978912
13.786989347348369
13.799520711473411
13.819161621119802
13.83597215360542
13.857697314831624
13.86749085024968
13.905612504166173
13.934626980937848
13.960332211727971
13.991592891798023
13.99630366177507
14.017689732701662
14.04834409975599
14.100445024651245
14.14727201674896
14.168675345655323
14.183937319703373
14.202341730791495
14.242700345148082
14.250675206612335
14.286461004077985
14.319667769593067
14.375181984529018
14.387950815075357
14.41949681665027
14.444415976044072
14.458068276239551
14.515230508920753
14.536607723991107
14.563115414765141
14.60108890212515
14.62874171673983
14.638180339873434
14.692597973792942
14.714084458644093
14.741301579098936
14.769640993497337
14.810995864571712
14.814890478391758
14.86852350028612
14.893825591839917
14.961193302430255
14.963120111363427
14.97283018917929
15.02333022051246
15.041801986246337
15.062000975752666
15.07254211075617
15.09379149843522
15.112955552868353
15.16911171972161
15.17542600862488
15.211175354437785
15.23906641697112
15.29080583074393
15.307872010563285
15.340647731798208
15.366863134804069
15.383825358805382
15.42243276287676
15.44324120652546
15.467212380487837
15.510449341663024
15.533780769104284
15.575114702547278
15.604659869965586
15.63067983213656
15.67231835572902
15.690158837486255
15.74005191575079
15.748781993679764
15.7962428272172
15.839047591740295
15.88060573114841
15.891009046449195
15.958724394200608
15.975792329426504
16.004028258996296
16.027645207163406
16.06324898464536
16.092913922185218
16.138609545536525
16.214739793836262
16.23502205589795
16.261288142464924
16.279277652446197
16.33648379723124
16.35196462084036
16.3976427082293
16.41313396175138
16.46098177658577
16.5160672072538
16.545830724702196
16.56858516934144
16.578853123141585
16.614580945953097
16.632931482886903
16.677081200777256
16.689709650946867
16.741863041675455
16.786454702683997
16.798140692199052
16.837218018614923
16.86139880249909
16.917684807883024
16.97265025055693
16.999234321817713
17.01392645875376
17.03742777673808
17.07350192216097
17.113809290581653
17.133557736483866
17.146020517482484
17.198980185752713
17.216820393150826
17.253294930441523
17.281090699832475
17.315814264455852
17.372683049541635
17.391960149818512
17.415142564692285
17.4233471010019
17.472723089365058
17.52727415462065
17.548952152866214
17.576691949002313
17.617293333701475
17.651326991047313
17.68692091110292
17.735569432548203
17.742469689660783
17.790852443486596
17.829206638425433
17.8576191944585
17.889253086616453
17.926704762031086
17.96590560255685
18.038743960961856
18.06084149054565
18.083717980744044
18.128875064257734
18.135647394058356
18.186727858142266
18.23941150514397
18.268125305191163
18.308565126320307
18.34292286612857
18.39392633169116
18.427474539948218
18.458376063866528
18.480930200626716
18.486806264461276
18.509102931101086
18.553030765642635
18.59467025720299
18.67098553588266
18.681887404914015
18.723746188628162
18.735075179764618
18.831694296316403
18.84283038199747
18.84697733721677
18.894706595579688
18.918278404772572
18.974522853956348
19.016854118860834
19.081071477287644
19.105034271992277
19.133398528344355
19.170109808205627
19.21201364746016
19.28175496788212
19.330321739311835
19.37970882271278
19.420068918625827
19.470619455624878
19.50921576886748
19.544719138478587
19.65796924824864
19.692415058025652
19.733093972648263
19.76760786679025
19.82776384666852
19.843264162450268
19.875112504250357
19.913575455601308
19.966232217980764
20.011523119104623
20.064917142115522
20.18058055312123
20.210056218605704
20.28845103189819
20.419988791873006
20.433831326272728
20.471014924993206
20.48660464126767
20.544241765914364
20.62377568772419
20.71919799709706
20.82463426999958
20.87779630107636
20.96940291604434
21.028211795046207
21.09507351945401
21.23534956171632
21.34082584373688
21.43906726330586
21.488012040560395
21.509748535645834
21.572209868405363
21.68534703604364
21.772497632054936
21.80520895878403
21.967317436377893
22.211440596279783
22.236072101296568
22.558860323800257
22.799405270821705
22.913164936726243
23.048110472563454
23.25120533868071
23.306358601672788
23.762084641401543
23.794800780773883
24.145697176073952
24.352781304250712
0.6236722828709501
0.7027155018484896
0.7247389961649946
0.7493198402664825
0.7765908938504994
0.8112283491797441
0.8571273715657456
0.9281115009551716
1.0920113040191342
3.6493560538842824
4.5714786536598
4.976191436780595
5.20404593365323
5.72259696819301
5.852057521836
6.0381810287283395
6.072592838055713
6.163713453115438
6.237230921800869
6.273312714786823
6.336818812382504
6.356950051007223
6.383500623493826
6.449522458624459
6.623487772331417
6.690995000357336
6.780860719696977
6.806949947421319
6.823540422421533
6.8822665751767405
6.89226258594644
6.900901286707162
6.925531359056466
7.0100172023318885
7.016986481684195
7.026934243333989
7.057838287038956
7.0881384250992205
7.189540321438419
7.207912090044061
7.237093096108317
7.277762888432251
7.291083817643239
7.320036918179794
7.381249004736765
7.418417826135125
7.450148162912157
7.485051683210188
7.516843277535268
7.598715965075978
7.623288064613049
7.642773724782269
7.672329301522698
7.704394041666377
7.737035109423125
7.749481999976671
7.764929118995098
7.795158752220659
7.840223284041495
7.872703060812255
7.927254273055263
7.944984918435141
7.979727517745491
8.004324990192275
8.043451194375088
8.130397520015663
8.138874424439297
8.155599473406392
8.173843030665072
8.200557131657938
8.205306940969601
8.22356845913009
8.275806622642481
8.292373500022459
8.313291849441708
8.348871540306174
8.39217446487969
8.403129271143326
8.469430915789815
8.483980633600229
8.570125739887738
8.621382396165684
8.634279647774385
8.672128327147101
8.686872773130446
8.709017583839746
8.729653444358062
8.748864254526884
8.780397411063271
8.805585209456321
8.82078073798265
8.8961494573971
8.908086985262823
8.932098476885745
8.948080461268916
8.966264004862591
9.012585901669931
9.048182283763278
9.086752417978374
9.122466197696616
9.132898215305383
9.179121565655743
9.198468095437418
9.222695293850652
9.262112531330972
9.276742008914496
9.283118245862347
9.300369444314262
9.368353529172104
9.378701468145353
9.450558344701552
9.452746717778872
9.462189341805784
9.48109314359509
9.492845975725643
9.532622370489861
9.556958494079739
9.591408245771591
9.60896332681167
9.618556315693452
9.644517051245925
9.67638576662677
9.714054646663845
9.764186119228615
9.783194373503788
9.793385567036452
9.826023578978452
9.860740232299312
9.897795082802318
9.942709516377013
9.957929332264683
9.979253650274233
10.005501547925498
10.030576691757355
10.046508013027262
10.086050097224451
10.090893015176626
10.138311336772517
10.1762005765441
10.227340624601077
10.23648472346896
10.272949483782249
10.299160687770891
10.331266495097905
10.343984781259485
10.380616251916084
10.392909422753473
10.42782897613354
10.43768313237372
10.50297742822392
10.525052001917619
10.548107105744423
10.584723594115031
10.589752060698634
10.635152379494569
10.667197715669877
10.7202999327139
10.724453202394221
10.73928627217279
10.788707304704262
10.821122836789549
10.848157579663225
10.863092565903708
10.881521475653349
10.9121764869771
10.929171959497962
10.946407311328999
10.971459026827947
10.992689346888312
11.05065236947252
11.065383177097877
11.085901155556371
11.091410239932932
11.132567096220235
11.147947763901533
11.172873275042159
11.18771472986303
11.193694130476542
11.21680786959819
11.247561771990036
11.299110615134229
11.320379151733098
11.357872336226691
11.366273799427553
11.392613578993814
11.421036297104736
11.451353063652467
11.47246537253418
11.508051361103542
11.542629487054157
11.562074941091385
11.582688135079378
11.600198063116624
11.610140810593842
11.653844734168043
11.662060041335723
11.707560673475884
11.728074423874242
11.773925195003109
11.805988176406228
11.855953255840873
11.867406753303769
11.893733528064487
11.922505563274632
11.935733062213226
11.980248507741841
12.022324323918134
12.047045389237823
12.078576964331639
12.115041416930234
12.142629828019253
12.158099223645506
12.200913684336227
12.241526820432325
12.242563239868089
12.249787725285799
12.284313026369258
12.301034990746437
12.333843432412866
12.34295960936483
12.376098234147147
12.429345918518644
12.45132380458231
12.46461613237341
12.487061118252083
12.517342143905438
12.541657657110282
12.550466169170173
12.634565129824137
12.667134233631888
12.678593483232474
12.692259863759611
12.709704330830892
12.739915011681552
12.762831651515086
12.795152051902432
12.819179721262193
12.859734402203859
12.88675606752129
12.899099746830137
12.928939944532562
12.977204175053954
12.9925698926989
13.02093861440571
13.034468319674463
13.044452582263142
13.102299117819229
13.121668341594972
13.139654152371698
13.182070786538965
13.205531215159063
13.233010060837985
13.248337328123606
13.282397372181364
13.325065764091002
13.332876849708827
13.340443638254825
13.389653268507754
13.424513247242741
13.442211292389343
13.459168909849502
13.504759037450942
13.521557368337135
13.5516835433173
13.557907329930044
13.59319867950056
13.632513271634062
13.656741448717538
13.664913761710977
13.683395184601359
13.710216886553088
13.711125756762568
13.742551045978912
13.786989347348369
13.799520711473411
13.819161621119802
13.83597215360542
13.857697314831624
13.86749085024968
13.905612504166173
13.934626980937848
13.960332211727971
13.991592891798023
13.99630366177507
14.017689732701662
14.04834409975599
14.100445024651245
14.14727201674896
14.168675345655323
14.183937319703373
14.202341730791495
14.242700345148082
14.250675206612335
14.286461004077985
14.319667769593067
14.375181984529018
14.387950815075357
14.41949681665027
14.444415976044072
14.458068276239551
14.515230508920753
14.536607723991107
14.563115414765141
14.60108890212515
14.62874171673983
14.638180339873434
14.692597973792942
14.714084458644093
14.741301579098936
14.769640993497337
14.810995864571712
14.814890478391758
14.86852350028612
14.893825591839917
14.961193302430255
14.963120111363427
14.97283018917929
15.02333022051246
15.041801986246337
15.062000975752666
15.07254211075617
15.09379149843522
15.112955552868353
15.16911171972161
15.17542600862488
15.211175354437785
15.23906641697112
15.29080583074393
15.307872010563285
15.340647731798208
15.366863134804069
15.383825358805382
15.42243276287676
15.44324120652546
15.467212380487837
15.510449341663024
15.533780769104284
15.575114702547278
15.604659869965586
15.63067983213656
15.67231835572902
15.690158837486255
15.74005191575079
15.748781993679764
15.7962428272172
15.839047591740295
15.88060573114841
15.891009046449195
15.958724394200608
15.975792329426504
16.004028258996296
16.027645207163406
16.06324898464536
16.092913922185218
16.138609545536525
16.214739793836262
16.23502205589795
16.261288142464924
16.279277652446197
16.33648379723124
16.35196462084036
16.3976427082293
16.41313396175138
16.46098177658577
16.5160672072538
16.545830724702196
16.56858516934144
16.578853123141585
16.614580945953097
16.632931482886903
16.677081200777256
16.689709650946867
16.741863041675455
16.786454702683997
16.798140692199052
16.837218018614923
16.86139880249909
16.917684807883024
16.97265025055693
16.999234321817713
17.01392645875376
17.03742777673808
17.07350192216097
17.113809290581653
17.133557736483866
17.146020517482484
17.198980185752713
17.216820393150826
17.253294930441523
17.281090699832475
17.315814264455852
17.372683049541635
17.391960149818512
17.415142564692285
17.4233471010019
17.472723089365058
17.52727415462065
17.548952152866214
17.576691949002313
17.617293333701475
17.651326991047313
17.68692091110292
17.735569432548203
17.742469689660783
17.790852443486596
17.829206638425433
17.8576191944585
17.889253086616453
17.926704762031086
17.96590560255685
18.038743960961856
18.06084149054565
18.083717980744044
18.128875064257734
18.135647394058356
18.186727858142266
18.23941150514397
18.268125305191163
18.308565126320307
18.34292286612857
18.39392633169116
18.427474539948218
18.458376063866528
18.480930200626716
18.486806264461276
18.509102931101086
18.553030765642635
18.59467025720299
18.67098553588266
18.681887404914015
18.723746188628162
18.735075179764618
18.831694296316403
18.84283038199747
18.84697733721677
18.894706595579688
18.918278404772572
18.974522853956348
19.016854118860834
19.081071477287644
19.105034271992277
19.133398528344355
19.170109808205627
19.21201364746016
19.28175496788212
19.330321739311835
19.37970882271278
19.420068918625827
19.470619455624878
19.50921576886748
19.544719138478587
19.65796924824864
19.692415058025652
19.733093972648263
19.76760786679025
19.82776384666852
19.843264162450268
19.875112504250357
19.913575455601308
19.966232217980764
20.011523119104623
20.064917142115522
20.18058055312123
20.210056218605704
20.28845103189819
20.419988791873006
20.433831326272728
20.471014924993206
20.48660464126767
20.544241765914364
20.62377568772419
20.71919799709706
20.82463426999958
20.87779630107636
20.96940291604434
21.028211795046207
21.09507351945401
21.23534956171632
21.34082584373688
21.43906726330586
21.488012040560395
21.509748535645834
21.572209868405363
21.68534703604364
21.772497632054936
21.80520895878403
21.967317436377893
22.211440596279783
22.236072101296568
22.558860323800257
22.799405270821705
22.913164936726243
23.048110472563454
23.25120533868071
23.306358601672788
23.762084641401543
23.794800780773883
24.145697176073952
24.352781304250712
