0 0
1 0
2 0
3 0
4 0
5 0
6 0
7 0
8 0
9 0
10 0.00014422098164657005
11 8.124017074007117e-05
12 0.0002718774176887484
13 0
14 1.3229944202497457e-05
15 4.0631544982572265e-05
16 4.4252524533883175e-05
17 0
18 1.0570805727971866e-05
19 0.00021153757225655934
20 0
21 9.464206059761615e-05
22 1.3126346393388388e-05
23 0
24 4.314630611745862e-05
25 5.8939039564887e-05
26 6.350005358823907e-05
27 0
28 0
29 2.9101048398039175e-05
30 0
31 0.00014219465891496252
32 0
33 3.054481097131134e-05
34 3.1001039301203903e-06
35 3.9702222241144725e-05
36 0
37 0.00011678623464672633
38 2.530002902767503e-05
39 0.00017038061990004572
40 0
41 0
42 2.550610163221112e-05
43 4.932010844971302e-05
44 2.3114980247651573e-06
45 0
46 0.0002787918295276137
47 0
48 0
49 3.7581918784890256e-05
50 0.00016305176177788816
51 0
52 8.353612193467974e-05
53 0
54 4.212967225636355e-06
55 5.461815551166538e-05
56 7.375261782061049e-05
57 0
58 0.00048293157289147626
59 0
60 0.00011998009790492592
61 0
62 5.8725995368380524e-05
63 0
64 5.828499651627794e-05
65 0
66 0
67 5.58098016156805e-06
68 0.00010145720441057104
69 0.00013309581781195678
70 0
71 3.51165153036348e-05
72 0
73 0.0004811016125548795
74 0
75 0
76 0.0001780323124114247
77 0.0003706236582533551
78 0
79 3.574008126361328e-05
80 0
81 0
82 2.5478497723829818e-05
83 7.721376932690038e-05
84 4.020835643425702e-05
85 0
86 0.00014303765340972774
87 0
88 3.054735521135221e-05
89 3.16958174771953e-05
90 0.00026984136714380824
91 0
92 5.8579235534539364e-06
93 2.2325891392283026e-06
94 0
95 5.7830818366189085e-05
96 0
97 4.8467452251732546e-05
98 0.0007613336350080768
99 0
100 0
