0 0
1 0
2 0
3 0
4 0
5 0
6 0
7 0
8 0
9 0
10 0.001360035918843372
11 0
12 0.00033436918450469033
13 0
14 6.185365315491964e-06
15 0.0007830330336388025
16 0
17 0.00051328007005913
18 0
19 3.800242271412291e-05
20 0.003691638878404624
21 0
22 0
23 0.00012842444310112722
24 0.0021931389585255756
25 0
26 0
27 0.0002567972583461531
28 0
29 0.001320206055744566
30 0.0009958113127161994
31 0
32 0
33 0
34 0.0008053600685454798
35 0
36 0.0028375246284054745
37 0
38 0.00043632377564173375
39 0.00021915818658369002
40 0.0002617013102423904
41 0
42 0.0010731305303826044
43 0
44 0.0006265326835195317
45 0
46 0.0007174145811030819
47 0.0010066379590295549
48 0.0015757538691861805
49 0
50 0
51 0.030593079695219516
52 0.0019009718324263236
53 0
54 0
55 0.0014209546424587272
56 0
57 0
58 0
59 0
60 4.167908938379483e-05
61 0.0002618180150766314
62 0
63 0.0001230696671337128
64 0
65 0.0013652376147090806
66 0
67 0.0018660119523928875
68 0
69 0
70 0.0021242992292933582
71 0
72 0.0003402806440648831
73 0
74 0.0005447415806584255
75 0
76 0.00036887440088939627
77 0
78 0.0004973034316985148
79 0
80 3.6699202943468734e-05
81 0.0011995261035723237
82 0
83 0
84 1.6177609407974636e-05
85 0.0003146332341128488
86 0.0013399592488638756
87 0
88 0.0009760577147243099
89 0
90 0
91 0
92 0
93 0.002036374142299069
94 0
95 0
96 0.00039809608778806904
97 0.00016564345843272932
98 0.0003452910091210626
99 0
100 0.0002383101195735371
